barcode,aa_substitutions,prob_escape,prob_escape_uncensored,antibody_count,no-antibody_count
AAAAAAAAAAACAGAG,A253S M268W,nan,nan,0,0
AAAAAAAAACCAATCC,A365Q M478T,0.5594,0.5594,8,2
AAAAAAAAACCCTGAG,L1C N401K,0.1037,0.1037,336,453
AAAAAAAAACCTGCAA,T219Y,0.1706,0.1706,665,545
AAAAAAAAACCTGTTC,N33H,0.0605,0.0605,622,1438
AAAAAAAAAGAGCATT,N278V,0.1275,0.1275,434,476
AAAAAAAAAGGTTGTC,H117T,0.0699,0.0699,1,2
AAAAAAAAATTATAAA,,nan,nan,0,0
AAAAAAAAATTCAATT,D41G N408E,0.0000,0.0000,0,1
AAAAAAAACTTCCAGA,,nan,nan,0,0
AAAAAAAACTTCGAGA,,0.1784,0.1784,1764,1383
AAAAAAAATCAACCAA,N20Y S383H,nan,nan,0,0
AAAAAAACAATAATAC,R212M,0.0435,0.0435,325,1044
AAAAAAACACAAGAAT,R81G,0.1880,0.1880,3296,2452
AAAAAAACAGTGGACA,L437D,0.0000,0.0000,0,37
AAAAAAACATCCTGCC,K9P,0.5128,0.5128,55,15
AAAAAAACCACTCCGT,N408A,0.1954,0.1954,7040,5038
AAAAAAACCACTTAAA,Q142K,0.1698,0.1698,2483,2045
AAAAAAACGTGAAAAG,G249E G465R W537S,nan,nan,0,0
AAAAAAACTAGTAAAC,Y351C,0.8111,0.8111,58,10
AAAAAAACTTTAGAGG,,0.1705,0.1705,178,146
AAAAAAACTTTCTCCG,C305E,0.8740,0.8740,25,4
AAAAAAACTTTTCGGA,T37F,nan,nan,0,0
AAAAAAAGAAGATAAA,E119R,0.1993,0.1993,392,275
AAAAAAAGATGAATAC,,nan,nan,0,0
AAAAAAAGGGTATCTA,,0.0000,0.0000,0,5
AAAAAAATAACTAACT,E246H,0.1044,0.1044,297,398
AAAAAAATAATAGACA,T37N N424F,0.0957,0.0957,26,38
AAAAAAATAGAAATCT,D95E T370* F469G,0.1017,0.1017,24,33
AAAAAAATGTAACAAC,D175Q,0.1958,0.1958,217,155
AAAAAAATGTCTAAGA,Q142A,0.1879,0.1879,504,375
AAAAAAATTCAACCAA,A19T N389W,0.0000,0.0000,0,10
AAAAAACAAAGTTCTC,,0.1216,0.1216,206,237
AAAAAACAACATCACT,R81C,0.3941,0.3941,696,247
AAAAAACACACATCTA,K216Y A459E,0.0000,0.0000,0,5
AAAAAACACCCGGCGA,S167G E493A,0.0449,0.0449,27,84
AAAAAACACGAAACTG,S65L S290V,0.0000,0.0000,0,4
AAAAAACACGCGCTGT,Q226H,0.1813,0.1813,70,54
AAAAAACACTAAAGCT,L320Y E432K,0.0000,0.0000,0,17
AAAAAACACTATAAGA,L428P,0.0000,0.0000,0,1
AAAAAACCACACATAT,N446H M531I,0.1871,0.1871,7347,5492
AAAAAACCAGACTAGT,N170D G341S,0.0000,0.0000,0,1
AAAAAACCAGGACAAT,Y105R,0.2158,0.2158,54,35
AAAAAACCATGACGAA,P306D,0.2303,0.2303,28,17
AAAAAACCGAGTCATG,V56F,0.0792,0.0792,226,399
AAAAAACCTAATTATT,N103K F399D,1.0000,4.6148,33,1
AAAAAACGAAAATACT,D63F,0.3221,0.3221,258,112
AAAAAACGCCAAACTT,,0.1318,0.1318,3427,3636
AAAAAACGCCACTTAA,S133N Y488A,0.1843,0.1843,510,387
AAAAAACGGAAACGTC,F439Y,0.1234,0.1234,1909,2164
AAAAAACGGCAAATGA,N73H N400L,0.0000,0.0000,0,2
AAAAAACTATAGTTTG,C52V G376C,1.0000,1.3052,28,3
AAAAAACTCATACGCC,S167R N322R D366A T370F F469V,0.0000,0.0000,0,1
AAAAAACTGCTCATTA,L54H W537G,nan,nan,0,0
AAAAAACTTACAACCT,I236P T283I,0.0000,0.0000,0,3
AAAAAAGAATACTTCC,L61R Y201M,0.0000,0.0000,0,1
AAAAAAGACCCCGGGT,E273V Y448H,0.0829,0.0829,16,27
AAAAAAGAGTCTATTA,,0.1703,0.1703,3828,3143
AAAAAAGCCGATTGAG,N458E,0.0000,0.0000,0,12
AAAAAAGCGATAAATG,S113R,1.0000,inf,80,0
AAAAAAGCTAACATAA,N54aT,0.0310,0.0310,56,253
AAAAAAGGCGTTATTA,S523D,0.1622,0.1622,29,25
AAAAAAGGTTCGAGCA,K259R V505M,0.0481,0.0481,225,654
AAAAAAGTAAAGCCGC,H38*,0.0000,0.0000,0,7
AAAAAAGTATTGTTGC,E83M,0.0000,0.0000,0,4
AAAAAAGTTCGTTACA,V88W,0.0000,0.0000,0,6
AAAAAATAAAAAGTAC,A336C,0.0904,0.0904,42,65
AAAAAATAAGCACAAT,,0.1355,0.1355,1431,1477
AAAAAATACGTGGACC,S167G T370V,0.3846,0.3846,110,40
AAAAAATACTATTACG,D386G,0.1160,0.1160,234,282
AAAAAATATAAATGAT,,0.1384,0.1384,1070,1081
AAAAAATATAAGACGA,P74N V481L,0.0000,0.0000,0,4
AAAAAATATATCGGAT,S361Y,0.0589,0.0589,51,121
AAAAAATCTATACCCA,G49M,0.1522,0.1522,37,34
AAAAAATCTGATCACA,H298A,0.0671,0.0671,60,125
AAAAAATGAATATATA,,0.0712,0.0712,83,163
AAAAAATGACCAAATG,K32H E479S,0.1191,0.1191,1450,1702
AAAAAATGGAAGGTTA,E78I,nan,nan,0,0
AAAAAATGTGATGCAT,,0.0421,0.0421,99,329
AAAAAATGTTAGTTTA,Y161N L331C,nan,nan,0,0
AAAAAATTGTCCCTTC,I42P R321S T370S F469L,0.2420,0.2420,45,26
AAAAAATTTCGTGCTA,,0.1290,0.1290,916,993
AAAAAATTTGCAAGGT,L2M T378F,0.2413,0.2413,609,353
AAAAACAAAAGCTAGC,P125K,0.1380,0.1380,1847,1872
AAAAACAACAGCTACT,N250Q,0.0000,0.0000,0,20
AAAAACAAGACACACT,N48P,0.0000,0.0000,0,1
AAAAACAATAATTATA,V285I,0.2098,0.2098,3,2
AAAAACAATGGAGAAA,G352M,1.0000,1.3052,56,6
AAAAACAATGTTGGTG,F118H S523Y,1.0000,2.4239,52,3
AAAAACACAAGATTAT,,0.1989,0.1989,7318,5145
AAAAACACAGCTACCC,,0.1733,0.1733,10260,8278
AAAAACACAGTAAGAA,R482G,0.1519,0.1519,201,185
AAAAACACAGTTAAAA,,0.0858,0.0858,1108,1806
AAAAACACATCATGAC,Q222E,0.1919,0.1919,1176,857
AAAAACACCGACCAAG,L497E,0.1638,0.1638,643,549
AAAAACACTATAAGTC,D53N Y488A,0.2130,0.2130,358,235
AAAAACAGCGTTATGA,,0.1065,0.1065,32,42
AAAAACAGTATACTAT,,0.3196,0.3196,16,7
AAAAACATCACAACAT,L331P,0.4048,0.4048,55,19
AAAAACATGAGCAAAA,A459N,nan,nan,0,0
AAAAACCAAAAAACAT,,0.1188,0.1188,175,206
AAAAACCATAAGGCTA,F148I Y363L,nan,nan,0,0
AAAAACCCTAGGATAG,N389D,0.1261,0.1261,432,479
AAAAACCGAACCCCAT,A3V,nan,nan,0,0
AAAAACCGATGTGAGA,G72V L213D,0.0000,0.0000,0,2
AAAAACCGTAACAATA,K157N S247Y G337R,nan,nan,0,0
AAAAACCGTAACGGTT,L-1T,0.1442,0.1442,333,323
AAAAACCTAAAAAATA,D63Y,0.0982,0.0982,198,282
AAAAACCTAAACCCCA,I123S E398D,0.0791,0.0791,108,191
AAAAACCTACGCAGAT,H184R R229W,0.0000,0.0000,0,9
AAAAACCTACTATTTG,K120E,0.1964,0.1964,688,490
AAAAACCTCAGAGGAC,T422V,1.0000,1.8180,65,5
AAAAACCTTAAGGCGA,I15F,0.0000,0.0000,0,7
AAAAACCTTCTAGGTA,N224Y,0.0831,0.0831,420,707
AAAAACGAATCTTCCA,I267N N382S,nan,nan,0,0
AAAAACGCATTACAGG,,0.1370,0.1370,4583,4678
AAAAACGCCAGTAATC,E44H K259A,0.1214,0.1214,948,1092
AAAAACGCCTCGTGTC,,0.0941,0.0941,444,660
AAAAACGCTTTTACCG,V82D Y256N,0.1829,0.1829,310,237
AAAAACGTTAAAACCT,K313A E432K,0.0677,0.0677,90,186
AAAAACGTTTAGTCTA,P74Q F251Y,0.0000,0.0000,0,19
AAAAACTAAAACATAT,P145I E493H,0.1892,0.1892,69,51
AAAAACTACACATATC,C14H A188T,0.0000,0.0000,0,1
AAAAACTAGCCAGATT,I87V,0.1602,0.1602,1965,1715
AAAAACTAGGATCAAT,H47M Y512T,0.3253,0.3253,107,46
AAAAACTAGTATATAT,I155W A257M,nan,nan,0,0
AAAAACTATAAAGGGA,,0.0507,0.0507,107,295
AAAAACTATTTAGCAA,Q40I,0.1403,0.1403,559,557
AAAAACTCAATACCGA,P489G,0.1502,0.1502,925,861
AAAAACTCGAGCAAAT,,0.2082,0.2082,335,225
AAAAACTCTAGGACAA,G100D E403K,0.0000,0.0000,0,12
AAAAACTCTCCAGACT,R329D,0.4125,0.4125,59,20
AAAAACTCTTACCAAA,N73Y,1.0000,2.0277,58,4
AAAAACTTAAGATCCG,D419N S509E,0.1354,0.1354,184,190
AAAAACTTAGCGTACA,P306G,0.0000,0.0000,0,21
AAAAACTTAGGATCAG,A138Y,0.0000,0.0000,0,5
AAAAAGAAAACACATA,D41T,0.1575,0.1575,3332,2959
AAAAAGAAAATGCTGT,A373G,0.0717,0.0717,103,201
AAAAAGAAACTCGGCA,V347F C477N,0.0000,0.0000,0,10
AAAAAGAAGCAACTCA,Y105V V481M,0.0000,0.0000,0,3
AAAAAGAATGGACACG,G225A,0.0491,0.0491,734,2092
AAAAAGACATCAATAA,D487R,0.0733,0.0733,293,559
AAAAAGACCTGGACAG,,0.0936,0.0936,1067,1595
AAAAAGAGCGTCTAAG,N210H N289W,0.0000,0.0000,0,18
AAAAAGAGTAGAACTG,N20M,0.0000,0.0000,0,17
AAAAAGAGTTACTGAT,D175Q D240N,0.2026,0.2026,901,622
AAAAAGATGAAATGAT,L544N,0.0000,0.0000,0,2
AAAAAGATGAGAGGCA,A364N,nan,nan,0,0
AAAAAGCAATGAATTG,V451E,0.0000,0.0000,0,3
AAAAAGCATACACCGA,,0.1524,0.1524,339,311
AAAAAGCATTTTTACA,K450S,0.1452,0.1452,1447,1394
AAAAAGCCAAACATAA,T132K M530R,0.8158,0.8158,35,6
AAAAAGCCAGTCAAAT,,0.0934,0.0934,2254,3374
AAAAAGCCTCTTAATC,G49E,0.1130,0.1130,357,442
AAAAAGCCTGGTAATC,,0.0000,0.0000,0,1
AAAAAGCGTGATACGT,M30A K109Q,0.1748,0.1748,30,24
AAAAAGCTCATGTAGT,N116P,0.0706,0.0706,605,1198
AAAAAGGAGTAGGGGC,,0.1780,0.1780,6166,4843
AAAAAGGCCGTCAATC,S247F,0.0713,0.0713,411,806
AAAAAGGCCTTATTGC,,nan,nan,0,0
AAAAAGGCGCCGTCTA,G181F G465E,0.0000,0.0000,0,10
AAAAAGGGCAAACCAT,F467D,nan,nan,0,0
AAAAAGGTCGAAGCTT,L497I,0.2196,0.2196,223,142
AAAAAGGTGACCTTGC,K9Q V151P,0.1398,0.1398,13,13
AAAAAGGTTCAAGCAG,E24W,0.1830,0.1830,6663,5091
AAAAAGTAAAAAGTAC,Y486I,0.0000,0.0000,0,1
AAAAAGTAAGGAGGCT,,0.1689,0.1689,832,689
AAAAAGTACTGTAACA,V315Y,0.0826,0.0826,3859,6534
AAAAAGTAGAAAGAAA,D449K,0.0873,0.0873,138,221
AAAAAGTAGTTCAACA,,0.1845,0.1845,1124,852
AAAAAGTAGTTTTATT,A373Q,0.0000,0.0000,0,1
AAAAAGTCGTGCCGTA,L437E,0.0000,0.0000,0,11
AAAAAGTGCCACACAC,S519G,0.1894,0.1894,130,96
AAAAAGTGCTCTTAAA,,0.1589,0.1589,2849,2507
AAAAAGTGTCACAAAT,L437A,0.0000,0.0000,0,1
AAAAAGTGTCTAGTAA,D95N,0.0889,0.0889,1009,1587
AAAAAGTTATGGAACT,T436R,nan,nan,0,0
AAAAAGTTCTAATAAC,A257D,nan,nan,0,0
AAAAAGTTGTGAGCGG,F399W,0.4105,0.4105,91,31
AAAAAGTTTCTACATC,,1.0000,1.4217,61,6
AAAAAGTTTTCCCAAA,A336S,0.2254,0.2254,266,165
AAAAATAAAAAAAAAC,N250H,nan,nan,0,0
AAAAATAAAAGAAACA,P254Y S543C,0.1622,0.1622,29,25
AAAAATAAAATCGCCC,I15A,nan,nan,0,0
AAAAATAACAAATTGT,,0.0314,0.0314,33,147
AAAAATAACGCCAGAA,,0.1169,0.1169,56,67
AAAAATAACTACCCTG,P128M,0.0000,0.0000,0,37
AAAAATAATAAATCTC,N296F,0.0000,0.0000,0,4
AAAAATACACAGATCG,C139T,0.0000,0.0000,0,6
AAAAATACAGACGCTT,I-3*,nan,nan,0,0
AAAAATACTCGCTTTG,I529V,0.1777,0.1777,935,736
AAAAATACTGATTCGG,,0.1310,0.1310,89,95
AAAAATACTTAAATAC,V82D,0.1497,0.1497,635,593
AAAAATACTTTTATCT,E246* N248C,nan,nan,0,0
AAAAATAGCCATTTAA,,0.1704,0.1704,1806,1482
AAAAATAGTGTTCGAG,,0.1070,0.1070,267,349
AAAAATATAAATATAT,A137S D375P,1.0000,1.8879,27,2
AAAAATATAGCATAAT,K109P,0.0000,0.0000,0,3
AAAAATATCATAGCTG,Y363G,0.0000,0.0000,0,3
AAAAATATCCACCAAA,K120P V395Y M431I,1.0000,1.0688,107,14
AAAAATATGAGACGAA,S543C,0.2647,0.2647,53,28
AAAAATATGCACCTGA,Q282L D348N,nan,nan,0,0
AAAAATATTAACATGT,I4M T485E,0.1971,0.1971,582,413
AAAAATCAAATACAAG,E246C,0.1189,0.1189,897,1055
AAAAATCAATAACGTA,A93W P284L,0.0000,0.0000,0,34
AAAAATCACACACGGC,F79C,0.0000,0.0000,0,5
AAAAATCACCCTACAA,C76F,0.0000,0.0000,0,8
AAAAATCATCTTTAAC,D95R L455D,0.0000,0.0000,0,3
AAAAATCCAATAATGA,T23D,0.0000,0.0000,0,130
AAAAATCCCAATGACA,E479V,0.1736,0.1736,1730,1394
AAAAATCCTTTTCTTG,S133Y,0.0000,0.0000,0,15
AAAAATCTAAATGGCG,D53F,0.2997,0.2997,30,14
AAAAATCTAACGCATA,G510aP,0.0640,0.0640,150,328
AAAAATCTCCGAGGAC,L7H,0.1588,0.1588,5462,4811
AAAAATCTGAGCACTA,L59M,0.1087,0.1087,4432,5700
AAAAATCTTAGGTGAA,K259T E273K T279E C539Y,0.0000,0.0000,0,1
AAAAATCTTATGAAGA,N475D,0.1849,0.1849,4576,3460
AAAAATCTTCGATAAC,Q391E G396V,0.4572,0.4572,85,26
AAAAATGAAATAATTA,N410L,1.0000,1.1950,94,11
AAAAATGAATAAATGG,G143S,0.2097,0.2097,2528,1686
AAAAATGCACGCACGT,S270Y,0.0000,0.0000,0,6
AAAAATGCCACCCTAA,K328H,0.1368,0.1368,310,317
AAAAATGCTTAAAGTA,Y201A,0.0578,0.0578,338,818
AAAAATGGAATAAGCA,D53M,0.2090,0.2090,133,89
AAAAATGGATAACAAA,,0.1015,0.1015,513,707
AAAAATGGCCCCTCTT,F233H,0.1039,0.1039,1572,2115
AAAAATGGTAGTACCC,V395Q,0.1253,0.1253,69,77
AAAAATGGTATGGTGG,Y448E,0.0000,0.0000,0,6
AAAAATGTCAGTTATA,V444M,0.0891,0.0891,1209,1897
AAAAATGTGATGATTC,E189H G341D,0.8288,0.8288,243,41
AAAAATGTGTTAGAAT,R404G,0.2540,0.2540,158,87
AAAAATGTTAGCAGTA,G271D,0.1490,0.1490,1401,1315
AAAAATTAACCTATAG,F332L P489G,0.1812,0.1812,960,741
AAAAATTAATATACAC,,0.1373,0.1373,163,166
AAAAATTACTAGGAAA,D53P Q222W,0.0000,0.0000,0,4
AAAAATTAGACTGAAT,E501N,0.1219,0.1219,1545,1773
AAAAATTATCAGTTAG,R496K,0.1981,0.1981,2517,1777
AAAAATTCTAGAAAAA,Q545I,0.0990,0.0990,114,161
AAAAATTGCCTTCCAA,D348E S356D,0.1691,0.1691,2031,1680
AAAAATTGGCTCACAC,H295L,0.0000,0.0000,0,7
AAAAATTGGGAAACGA,Q371K,0.3196,0.3196,544,238
AAAAATTGTATACAGC,N158G,0.2397,0.2397,7418,4327
AAAAATTGTATCCGGG,T206C,0.0000,0.0000,0,35
AAAAATTTAGCAAAGA,,0.0466,0.0466,4,12
AAAAATTTCACGACCT,Q513L,0.1007,0.1007,270,375
AAAAATTTGCTTCACT,,0.1338,0.1338,201,210
AAAAATTTGTAGAAAT,N458W,1.0000,1.4684,21,2
AAAACAAAAAAATAAT,S503I,0.0699,0.0699,779,1558
AAAACAAAAACGCGGC,Y86C,0.0000,0.0000,0,8
AAAACAAATAATACCA,M268E,nan,nan,0,0
AAAACAAATATACGCA,F79R E83* T390Q,nan,nan,0,0
AAAACAAATCACCACC,D415H D457G,0.0000,0.0000,0,34
AAAACAAATCCGCGAC,,0.1049,0.1049,438,584
AAAACAAATGTACTTC,Y470E,0.0462,0.0462,35,106
AAAACAAATTCGCTAC,,0.2607,0.2607,770,413
AAAACAACACTCACAA,K387W,0.2723,0.2723,37,19
AAAACAACAGGCGTAC,,0.0270,0.0270,16,83
AAAACAACCAAACCAG,,0.0000,0.0000,0,12
AAAACAACCATAGAAT,L2S,0.0374,0.0374,106,396
AAAACAACCGTCATCA,G337I,0.7552,0.7552,27,5
AAAACAACGACATATG,H354W,0.1355,0.1355,526,543
AAAACAAGAAGTTAAC,E131W,0.4759,0.4759,7623,2240
AAAACAAGACTAACAA,M346C,0.3442,0.3442,32,13
AAAACAATAAAGAGTG,S492N,0.1081,0.1081,310,401
AAAACAATTAAAAACA,F251E,0.0087,0.0087,1,16
AAAACACAACCAGTAC,M346R,1.0000,1.1537,33,4
AAAACACAATCACACT,G376N P489H,0.3199,0.3199,151,66
AAAACACACAACTCAA,F148I T266R D487K,nan,nan,0,0
AAAACACACCACCACT,,0.1815,0.1815,3380,2604
AAAACACACTACAATA,A532V,0.2428,0.2428,1594,918
AAAACACAGCATATGT,S291N,0.1687,0.1687,1235,1024
AAAACACATTGATCGG,N21G,0.1471,0.1471,645,613
AAAACACCATGCGCAA,,0.1760,0.1760,13618,10823
AAAACACCGAAACAGA,F332L H471F,0.0000,0.0000,0,3
AAAACACCTAAAGACA,G504P,0.1148,0.1148,238,290
AAAACACCTCAAGGAA,S125bE,0.1093,0.1093,398,509
AAAACACGACTTGGCA,M530V,0.1428,0.1428,1859,1821
AAAACACGCCAAAATA,Q344R,0.2467,0.2467,6278,3558
AAAACACGTATGATGA,S311N,0.0000,0.0000,0,16
AAAACACGTTATTGAG,E494C,0.1158,0.1158,3029,3659
AAAACACTACCTCTAA,,0.1482,0.1482,9800,9250
AAAACACTATCTAGAG,N186I,0.1494,0.1494,47,44
AAAACACTCTTATGCG,,0.1574,0.1574,1565,1390
AAAACACTTATGTTTG,S323V,0.1928,0.1928,746,541
AAAACACTTCTAACAT,V261P,nan,nan,0,0
AAAACAGAAGTTTTTC,P324I,0.1992,0.1992,2377,1669
AAAACAGACAAATACC,I384E,0.0000,0.0000,0,2
AAAACAGACAATCCAC,I4E E398L,0.0000,0.0000,0,9
AAAACAGACATTGTAT,Y17T,0.1466,0.1466,131,125
AAAACAGACCATAATC,K380H,nan,nan,0,0
AAAACAGCAACTGCCC,T378K,0.1952,0.1952,187,134
AAAACAGCAGTCTTTA,G249M R482V,nan,nan,0,0
AAAACAGGATTTAATA,N210L,0.0858,0.0858,154,251
AAAACAGTCGCGGGCA,T200L A522W,0.0000,0.0000,0,10
AAAACAGTCTCAATAT,K328H,0.1193,0.1193,3046,3572
AAAACATAACTACCAG,N186Q,0.2747,0.2747,55,28
AAAACATAAGAGCGAC,P299F,0.2166,0.2166,254,164
AAAACATACACGAGAC,S203Q L453C,0.2712,0.2712,64,33
AAAACATACCTGAACA,A138M,0.0000,0.0000,0,15
AAAACATATGAATGTT,N33H Q545H,0.0000,0.0000,0,25
AAAACATATGGTATGA,S221Q,0.1155,0.1155,57,69
AAAACATCAAACAATA,S146F,0.0000,0.0000,0,137
AAAACATCGTGTTGCT,T206F,0.7119,0.7119,56,11
AAAACATCTAATGTCA,,0.1758,0.1758,303,241
AAAACATGATCCAGGT,T485Q,0.1012,0.1012,183,253
AAAACATGGCACATAA,C549Y,0.2256,0.2256,760,471
AAAACATTAAAAAAAC,A67F H183E N322T,nan,nan,0,0
AAAACATTAATATTCG,D95G,0.2587,0.2587,518,280
AAAACATTATAAAGGC,I60P R496I,0.0000,0.0000,0,16
AAAACATTCACGTTGC,A365K,0.0000,0.0000,0,1
AAAACATTCCAAGACT,D241R M431I,nan,nan,0,0
AAAACATTCCAATATA,L2I,0.1328,0.1328,1754,1847
AAAACATTCCAGAATA,A242T,0.1112,0.1112,101,127
AAAACCAAACATCCAG,M431G,0.0000,0.0000,0,29
AAAACCAAATAATTAA,N475V,0.0750,0.0750,52,97
AAAACCAAATCGAACA,L154R S167V G360I,0.0000,0.0000,0,9
AAAACCAAATGTGCTA,T200R,nan,nan,0,0
AAAACCAACAGCTCGG,,0.0579,0.0579,29,70
AAAACCAACCCTCAAA,V347W,0.1250,0.1250,1381,1545
AAAACCAACCGCACTT,,0.0688,0.0688,335,681
AAAACCAAGGATACCC,,0.1520,0.1520,975,897
AAAACCAATATAATAA,P99W,0.2462,0.2462,169,96
AAAACCAATCCGGGGT,G55E,0.1568,0.1568,1480,1320
AAAACCACATTTAAAA,M292C V381C N458D,0.0000,0.0000,0,2
AAAACCACCACAAGAG,K498T,0.0746,0.0746,870,1630
AAAACCACTTAAAAAA,T235G,0.1291,0.1291,467,506
AAAACCAGTAACTGAC,W343V,1.0000,1.0069,36,5
AAAACCATGCATAAGA,S369C,0.0781,0.0781,505,904
AAAACCATGCATATGA,Y512Q,0.1165,0.1165,115,138
AAAACCCAAATAAATA,P254W R404W,0.7552,0.7552,27,5
AAAACCCCATAGCACG,R149T,0.1314,0.1314,855,910
AAAACCCCTTTGCCCC,,0.1429,0.1429,751,735
AAAACCCGAAATCGAA,,0.3166,0.3166,1338,591
AAAACCCGCAGTACGC,Y105Q,0.1687,0.1687,3826,3172
AAAACCCGCGGAATCA,,0.0000,0.0000,0,7
AAAACCCTACCCGCCC,V88M D415F,0.0000,0.0000,0,2
AAAACCCTGGAAACAA,L112V,0.2231,0.2231,895,561
AAAACCCTTTTAACAG,S22Q E500T,0.0816,0.0816,1200,2057
AAAACCGAACTAGCCG,V451M,1.0000,2.7503,59,3
AAAACCGAACTTTGCA,L102S,0.1345,0.1345,25,26
AAAACCGAAGCATTAC,T279E,0.0973,0.0973,297,427
AAAACCGATTACGCTT,Y258H,0.4827,0.4827,252,73
AAAACCGCAGATAAAT,V309A,0.1334,0.1334,226,237
AAAACCGCTTATAATT,S185Q,0.0959,0.0959,72,105
AAAACCGGCCACCGCG,,0.0000,0.0000,0,19
AAAACCGTCCATTCGG,H276C,0.4303,0.4303,1157,376
AAAACCGTGTTGTGCA,S167T R321I S369N,nan,nan,0,0
AAAACCTAACTCCATT,T301V E358Q,0.1151,0.1151,4373,5313
AAAACCTAAGAGGTGG,D441P,0.0000,0.0000,0,7
AAAACCTAAGCGAATT,G134C,0.1946,0.1946,64,46
AAAACCTACCGTCATA,D41W,0.1237,0.1237,1201,1358
AAAACCTACGGGACTC,N169S R321Q T370F F469H,0.0000,0.0000,0,1
AAAACCTAGCATTCAA,,0.1214,0.1214,5904,6799
AAAACCTCAACCAAAT,,0.2054,0.2054,6058,4125
AAAACCTCCACTCACG,M30W,nan,nan,0,0
AAAACCTGAGCTAACG,L1K S361I,0.0000,0.0000,0,2
AAAACCTGGTCCAATC,S126Y F469G,nan,nan,0,0
AAAACCTGTGTATCTG,N186Q,0.0466,0.0466,90,270
AAAACCTTCAAAAGAC,F399V,0.0000,0.0000,0,1
AAAACCTTCAAGATCC,G303S G396C,1.0000,1.7341,62,5
AAAACGAAAACTCACT,F232G,0.0000,0.0000,0,9
AAAACGAAATAGTTTT,,nan,nan,0,0
AAAACGAATACGTATT,T171I,0.1527,0.1527,1334,1222
AAAACGAATATCGATC,K412G,0.0000,0.0000,0,73
AAAACGACATCGATAA,I236E,0.1552,0.1552,293,264
AAAACGAGGCTGAGCA,T279A,0.1261,0.1261,4161,4615
AAAACGAGTAAACTTA,H471E,0.0000,0.0000,0,19
AAAACGATCCTATCGA,I87E,0.0000,0.0000,0,16
AAAACGCAGCGGTACA,Q191D,0.0000,0.0000,0,11
AAAACGCCAAATTGTT,L437A,nan,nan,0,0
AAAACGCCCTGACCGA,K125aA,0.1639,0.1639,75,64
AAAACGCCTGATCAAT,R173S E246K,0.0000,0.0000,0,13
AAAACGCGGGTGACCA,Y141H M431P,0.4195,0.4195,33,11
AAAACGCTGATATCCA,I29S K313G,0.0000,0.0000,0,3
AAAACGGAAGCATACC,V510L,0.2292,0.2292,259,158
AAAACGGACGTACGGG,E44* L402P,0.6712,0.6712,24,5
AAAACGGAGTACGTAG,P145W G465*,nan,nan,0,0
AAAACGGATAGATGCC,T35E I335Y,0.5085,0.5085,40,11
AAAACGGTACTTCGGA,,0.1378,0.1378,1380,1400
AAAACGGTATTGATAA,L54* E407Q,nan,nan,0,0
AAAACGTAACGACCTT,L61M R329G,1.0000,1.7980,360,28
AAAACGTAGATTGACG,P58N T511I,0.3916,0.3916,14,5
AAAACGTATAGACACA,E273V,0.1405,0.1405,3852,3833
AAAACGTCTGCTTCTC,F147W,0.1190,0.1190,57,67
AAAACGTGAAAGCACG,D415H,0.0917,0.0917,80,122
AAAACGTGAACGTTCT,,0.0518,0.0518,43,116
AAAACGTGTCATGAGC,M478Q,0.4406,0.4406,167,53
AAAACGTTAAAAGTAA,K450P,1.0000,4.7547,34,1
AAAACGTTAAACAGCG,A257L,0.0000,0.0000,0,15
AAAACGTTATAACTAC,N172K K216Q,0.0179,0.0179,22,172
AAAACGTTTCCAATGG,A19H,0.1958,0.1958,70,50
AAAACTAATTAAGAAA,K62L,0.1582,0.1582,241,213
AAAACTACAAAGGATA,N158G,0.4012,0.4012,16659,5807
AAAACTACAAAGGTGG,,0.1944,0.1944,1989,1431
AAAACTACGATTGGAG,V66R,0.0000,0.0000,0,6
AAAACTACGGATTAGC,,0.1619,0.1619,1539,1329
AAAACTACTAGATACA,N172P,0.0000,0.0000,0,6
AAAACTAGACAAATAA,I335Q,nan,nan,0,0
AAAACTAGATACAACA,R482T,0.1258,0.1258,2265,2517
AAAACTATAGCAAAAT,,0.1223,0.1223,1240,1418
AAAACTATAGTGATTC,L59E T390I,0.0000,0.0000,0,2
AAAACTATGGCTGCAA,,0.1213,0.1213,360,415
AAAACTATTATGACAA,,0.1541,0.1541,4330,3929
AAAACTCAAAACCCAA,E107Y T279F,0.0000,0.0000,0,4
AAAACTCAAAATACGA,H18M,0.1618,0.1618,898,776
AAAACTCCAAATTAAT,V151H,0.1214,0.1214,1080,1244
AAAACTCCGCCTACAG,Y486N,0.0000,0.0000,0,7
AAAACTCGATAAATCA,G271H,0.0999,0.0999,1839,2575
AAAACTCGATATACAA,K372T,0.0908,0.0908,1207,1858
AAAACTCGCTAATGTC,,0.2174,0.2174,844,543
AAAACTCTTAATGGAA,P74T,0.0777,0.0777,836,1504
AAAACTCTTGCTAGCT,V152Q,0.1248,0.1248,2625,2941
AAAACTGAAAGTCCAG,K262A,0.2413,0.2413,371,215
AAAACTGACTGTTAAG,I13N G205Q,0.0000,0.0000,0,3
AAAACTGATTATAACG,D449N,0.1898,0.1898,1675,1234
AAAACTGCGGCTCTGT,R452W,0.2048,0.2048,145,99
AAAACTGCTAGACGTT,Y141C,0.3529,0.3529,2728,1081
AAAACTGCTGAAAATC,E273K,0.2126,0.2126,23493,15456
AAAACTGGCAGTCCGA,C477I,0.0000,0.0000,0,9
AAAACTGGGATTACTA,,0.0513,0.0513,66,180
AAAACTGTAAGCCCTA,R435L,nan,nan,0,0
AAAACTGTTGACTTCA,C277Q,0.5128,0.5128,44,12
AAAACTGTTGTAAGGA,W69S I548T,1.0000,2.1116,151,10
AAAACTTAATATTAAA,,0.1159,0.1159,2188,2641
AAAACTTAATTCTCAG,E414L,0.1186,0.1186,888,1047
AAAACTTTTTACACGT,,0.1724,0.1724,5212,4227
AAAAGAAAAATAAGCA,D438P Q513T,1.0000,1.1187,16,2
AAAAGAAAAATTAGTC,R496Y,0.2647,0.2647,53,28
AAAAGAAAACCTCCCG,G319I,0.0000,0.0000,0,2
AAAAGAAACAATGAGA,,0.1586,0.1586,3987,3515
AAAAGAAATGATGCTA,E414K C549Y,0.0000,0.0000,0,8
AAAAGAACCGATGGTA,I80M,0.1586,0.1586,169,149
AAAAGAACTCTTACAA,G484W,0.1748,0.1748,125,100
AAAAGAAGCGACTCAG,Y512F,0.1614,0.1614,643,557
AAAAGAATAGGGACTA,K62N,0.1963,0.1963,1659,1182
AAAAGAATCGAGCGAG,N150E R435F,nan,nan,0,0
AAAAGACAACATCCCA,S323L,0.0549,0.0549,33,84
AAAAGACAATGCCTTT,C539H,0.0000,0.0000,0,65
AAAAGACACAAACACT,C281E,0.0000,0.0000,0,9
AAAAGACACTAACAGA,R220I F469M,nan,nan,0,0
AAAAGACAGAAAACCG,S167P R227A,0.0000,0.0000,0,1
AAAAGACATCCCTAAG,I-3*,nan,nan,0,0
AAAAGACCGACTGTCA,W84C,nan,nan,0,0
AAAAGACCGCCAAGAA,A495C K506R,0.0952,0.0952,205,301
AAAAGACCGGAACAAA,,0.1890,0.1890,638,472
AAAAGACGATAGAAAG,T192A,0.1170,0.1170,118,141
AAAAGACGCGCTCATC,V420H,0.0000,0.0000,0,6
AAAAGACTAATCATAC,Q12E,nan,nan,0,0
AAAAGACTAATCCGAT,V420Q,0.7882,0.7882,62,11
AAAAGACTCGATATTA,V285G,0.0753,0.0753,21,39
AAAAGACTCTTCTAAG,F79G D348N R547K,nan,nan,0,0
AAAAGACTGAAAAATT,N172C,0.0730,0.0730,47,90
AAAAGAGACCCCATCG,Y141N,0.2156,0.2156,242,157
AAAAGAGACCTTCTTG,W343R E403L,nan,nan,0,0
AAAAGAGCATACATAT,A365D Y423Q,0.0000,0.0000,0,8
AAAAGAGCGAAGGAAC,N54aY,0.1412,0.1412,1445,1431
AAAAGAGCTCGAGGTA,,0.1148,0.1148,510,621
AAAAGAGGTATAACAA,A19T,0.0926,0.0926,958,1447
AAAAGAGTGAAAATGT,A336V,0.2592,0.2592,76,41
AAAAGATAAAAGGCAC,V315C,0.0000,0.0000,0,1
AAAAGATAACAACTGT,,0.2479,0.2479,218,123
AAAAGATCCACATGGG,,0.1062,0.1062,1015,1337
AAAAGATCCTATACCT,M30* N357H,0.4831,0.4831,76,22
AAAAGATTAGTACAAA,H298P,0.2447,0.2447,42,24
AAAAGATTATACATGC,F469Q,0.0000,0.0000,0,5
AAAAGATTCTACCGTC,S113W,0.0000,0.0000,0,3
AAAAGATTGAGTTGCA,Q40* L447T,0.0000,0.0000,0,6
AAAAGATTGTTCGCTA,,0.0491,0.0491,73,208
AAAAGATTTATACAGG,T485C,0.1398,0.1398,2,2
AAAAGCAAAGAACACA,L122F,0.0814,0.0814,163,280
AAAAGCAAGGAAACTT,T301P,0.3389,0.3389,126,52
AAAAGCAATACAATGT,L122N K472G,0.0939,0.0939,237,353
AAAAGCACCCAAAGAC,R328aY,1.0000,1.1187,16,2
AAAAGCACGACGGGGA,L515C,0.0000,0.0000,0,18
AAAAGCACGGGTTTAC,F392M E479A,0.0350,0.0350,31,124
AAAAGCACTATGGTTA,E246R E432S,0.1589,0.1589,50,44
AAAAGCAGAACTACAT,D375P,0.0000,0.0000,0,6
AAAAGCATAAAATTAC,A67T E119Q,nan,nan,0,0
AAAAGCATAAATGTAC,W127Y,0.4865,0.4865,327,94
AAAAGCATCGAATAAA,E327H,0.1164,0.1164,4377,5258
AAAAGCATGCCAGCCT,S167R N410C I548N,0.0000,0.0000,0,8
AAAAGCCACTTAACTT,,0.1602,0.1602,881,769
AAAAGCCCGTAAATCA,I384V,0.2016,0.2016,1032,716
AAAAGCCTAATCATTG,,0.1147,0.1147,1590,1938
AAAAGCCTAGGGATGC,Y161N A528L,0.1892,0.1892,23,17
AAAAGCCTGTACACGG,D487L,0.0560,0.0560,228,569
AAAAGCGAACCTGAGT,I202C S361I,0.0000,0.0000,0,5
AAAAGCGACTTGGTCG,T23N,0.0458,0.0458,99,302
AAAAGCGATGAACCCC,L-1*,0.0000,0.0000,0,3
AAAAGCGCAAGCGCGT,S311P,0.0000,0.0000,0,2
AAAAGCGCCTTCGCCG,Q359Y T511D,0.0466,0.0466,514,1541
AAAAGCTAAAAACAAA,A93F,0.1368,0.1368,4453,4551
AAAAGCTACTCCAAGA,T46R,0.1036,0.1036,2691,3633
AAAAGCTAGATCTTTA,G49E N458K,0.0000,0.0000,0,3
AAAAGCTCAGTCCCAA,I297E,0.0000,0.0000,0,4
AAAAGCTTGAACATTA,L112E,0.6433,0.6433,69,15
AAAAGCTTGCCCCACT,K9C E190D,0.0601,0.0601,55,128
AAAAGGAAAACGTTAT,,0.2483,0.2483,158,89
AAAAGGAAATCACCAC,A425K,0.0000,0.0000,0,22
AAAAGGAATAGATTTC,I236Q,0.0968,0.0968,317,458
AAAAGGAATAGGGCGC,Y86T H298A,0.0000,0.0000,0,39
AAAAGGACACTTACTT,E24C,0.1935,0.1935,5150,3721
AAAAGGACCCTCCAGC,E501W,0.1855,0.1855,1602,1208
AAAAGGACTAGAGCCA,S22R S519Y,0.1944,0.1944,57,41
AAAAGGACTATGAGTA,,0.1012,0.1012,976,1349
AAAAGGAGATGCTTGA,A495L,0.1482,0.1482,71,67
AAAAGGAGCTGCGCAA,N-4L P92aW A287T,0.1531,0.1531,614,561
AAAAGGATAGACGAGT,,0.2364,0.2364,213,126
AAAAGGATCCGTAATT,K156C,0.0729,0.0729,532,1020
AAAAGGATCTAATGTA,K125aF S247F S291Y E358K,0.0906,0.0906,92,142
AAAAGGATTGTAGATA,E501S,0.0639,0.0639,925,2024
AAAAGGCAATATAAAT,E273S,0.4021,0.4021,578,201
AAAAGGCAATTAAACA,D240H,0.4610,0.4610,89,27
AAAAGGCATTCATCCC,L70E D375G,0.0000,0.0000,0,4
AAAAGGCCGAGGTACT,L437W,nan,nan,0,0
AAAAGGCCGATAAGCC,F232Q,0.0000,0.0000,0,5
AAAAGGCGAGTGGTAA,M230D,nan,nan,0,0
AAAAGGCTGGGTACTT,V5Q L108A E393T,nan,nan,0,0
AAAAGGGAACTTGCTA,L96K R114E,0.0000,0.0000,0,4
AAAAGGGAGTGTAAAA,Y105L,0.1467,0.1467,646,616
AAAAGGGCGAACAAAG,F245G,0.0000,0.0000,0,1
AAAAGGGTCTTCGATT,A526N,0.2331,0.2331,15,9
AAAAGGTATAGCATGC,N116Y E304I,0.0000,0.0000,0,34
AAAAGGTGATGAAGAC,R328bL,0.2949,0.2949,97,46
AAAAGGTGTGCTTGAA,E358F,0.2186,0.2186,1224,783
AAAAGGTTGTAGGAGG,E174V N278I,0.1586,0.1586,3958,3491
AAAAGGTTTGTTGCCG,S509C,0.1194,0.1194,1205,1411
AAAAGTAACGAACTAT,G484D,0.1644,0.1644,488,415
AAAAGTAAGTTCGCTA,N322K K367L T370H F469M,0.0000,0.0000,0,8
AAAAGTAATCAACGCT,F147H,0.0000,0.0000,0,7
AAAAGTACATCATAAT,M530L,0.1678,0.1678,552,460
AAAAGTACCTGACCCC,S85H G376M,0.1549,0.1549,72,65
AAAAGTAGTCAAAAGC,L515P,0.0000,0.0000,0,5
AAAAGTATCCAGATTT,V82A A93H G275A,0.7726,0.7726,337,61
AAAAGTATTAAACGTT,G303F,0.7831,0.7831,28,5
AAAAGTATTTGACGAG,L447N,0.0000,0.0000,0,34
AAAAGTCAAAATTAAA,A67L N312T,0.3671,0.3671,189,72
AAAAGTCAAAGTGAAC,S523K,0.0000,0.0000,0,5
AAAAGTCAAGGGGCCT,G249Q,0.0000,0.0000,0,3
AAAAGTCAGGGACATT,,0.1065,0.1065,262,344
AAAAGTCTAGACCAAT,,nan,nan,0,0
AAAAGTGCAACCAACC,D63H,0.1385,0.1385,2885,2913
AAAAGTGGAATCTCAT,L1P S167I R321* T370K E494I,0.0000,0.0000,0,20
AAAAGTGGTGAAACAG,L544K,0.0000,0.0000,0,1
AAAAGTGTACTATACG,,0.0000,0.0000,0,3
AAAAGTGTCATACAGC,C97T L430N,0.0000,0.0000,0,2
AAAAGTTAAATGCCTG,D77L,0.0000,0.0000,0,33
AAAAGTTAACTCTAAA,T28E T390W,0.0000,0.0000,0,3
AAAAGTTAAGACAGAG,I178E,nan,nan,0,0
AAAAGTTAATTTTTAT,A364C,0.1747,0.1747,346,277
AAAAGTTACGTATACC,N464E,0.0000,0.0000,0,1
AAAAGTTCTACTATTA,W153Q,0.0000,0.0000,0,8
AAAAGTTGAAAATGAA,A317L S383P C539W,0.0000,0.0000,0,13
AAAAGTTTCGTATACA,P489S,0.1300,0.1300,251,270
AAAAGTTTGAAGTCTG,F469I,0.0652,0.0652,145,311
AAAAGTTTGCCTCAGA,G465M,0.1829,0.1829,310,237
AAAAGTTTTAAAAGTT,M478N,0.0000,0.0000,0,14
AAAATAAAAAAAAAAC,,nan,nan,0,0
AAAATAAAAGGAAATC,T46F R452H,0.0889,0.0889,676,1063
AAAATAAAAGTATAAG,,nan,nan,0,0
AAAATAAAATAACTAT,H110I L300P,0.0000,0.0000,0,5
AAAATAAACACATTAC,N289M,0.1517,0.1517,1383,1275
AAAATAAACATGTACA,,0.1375,0.1375,4717,4797
AAAATAAACGAGCTCT,,0.1361,0.1361,3629,3728
AAAATAAATATCTAAA,T219D,0.0117,0.0117,68,810
AAAATAACACGTCCGA,W153G,0.2964,0.2964,142,67
AAAATAACAGTGCTAA,,1.0000,1.1654,100,12
AAAATAACATAAAGAC,Q344Y,0.1285,0.1285,577,628
AAAATAACCAAGCTCT,S10H E426P,0.0000,0.0000,0,6
AAAATAACCCAAAGGC,,0.1463,0.1463,1228,1174
AAAATAACGGGAACAA,Y258E D386Y,0.2787,0.2787,592,297
AAAATAAGAATCAGAC,E304F,0.2173,0.2173,805,518
AAAATAATACCCAATA,S136G A257D E461M,nan,nan,0,0
AAAATAATCAATGAAA,R81G,0.2168,0.2168,538,347
AAAATAATCCAAAATG,W343N,nan,nan,0,0
AAAATAATCCTACAAG,A91E,0.0875,0.0875,542,866
AAAATACAACTAAAGG,,0.2030,0.2030,164,113
AAAATACAATGGAGAA,,0.1175,0.1175,562,669
AAAATACACTTGAATA,,0.1067,0.1067,437,573
AAAATACAGCTGGGTC,H47M S492Q,0.1066,0.1066,125,164
AAAATACATATGCCAT,E358Q,0.1512,0.1512,4113,3804
AAAATACATGGAAACT,S167Q,0.1448,0.1448,525,507
AAAATACCAAGCATAG,V377M,0.0943,0.0943,931,1380
AAAATACCATTATTTA,I514M,0.2232,0.2232,308,193
AAAATACCGTCTCAGC,A19H,0.3862,0.3862,58,21
AAAATACCTGGTTAAC,V-2I E494I,0.1605,0.1605,365,318
AAAATACGTTACTCGC,Y86A A459D I548Q,nan,nan,0,0
AAAATACTAAGCGAAT,,0.3709,0.3709,419,158
AAAATACTATGTCTAA,S167M T370V F469Y,0.0000,0.0000,0,4
AAAATACTCTTAGAAA,,0.0723,0.0723,137,265
AAAATACTTCAATCAG,N464L,0.1537,0.1537,100,91
AAAATAGAAAGAGAGG,,0.1223,0.1223,1684,1925
AAAATAGACATGACCA,W127E E479K,0.0000,0.0000,0,11
AAAATAGACCAACAAC,L70D,0.0000,0.0000,0,1
AAAATAGATAACCCCG,M478V,nan,nan,0,0
AAAATAGATAGACCAC,I339Y,0.4195,0.4195,21,7
AAAATAGATATTCAGA,I502C,nan,nan,0,0
AAAATAGCATCAGAAG,G504C,0.0000,0.0000,0,1
AAAATAGCCGTGGGAG,A334T,0.3186,0.3186,262,115
AAAATAGCGTACACTA,K62E,0.1251,0.1251,1424,1592
AAAATAGCTTAAAATT,S167D R321I,nan,nan,0,0
AAAATAGGCAAAACAC,C305I,1.0000,3.2164,23,1
AAAATAGGGGGAACAG,G275C,0.0000,0.0000,0,2
AAAATAGTAAATATGT,A394M,nan,nan,0,0
AAAATAGTACATCCAC,,0.1608,0.1608,484,421
AAAATAGTACCATTAA,A3C G376M,0.1407,0.1407,325,323
AAAATAGTAGGTTACA,S290T,0.0941,0.0941,214,318
AAAATATAAATCTCAA,,0.0000,0.0000,0,6
AAAATATAGGAAAGAA,N410I,nan,nan,0,0
AAAATATAGTAGCCAT,P74A,0.1569,0.1569,285,254
AAAATATATATACTGG,I124E,0.0675,0.0675,28,58
AAAATATATATGTCCA,I252F,0.0000,0.0000,0,3
AAAATATATGCCAAAC,L122H,0.1550,0.1550,3819,3445
AAAATATCACTTCTCC,S167W F469I,0.0000,0.0000,0,24
AAAATATCCAGAAGCA,I164Y,0.1287,0.1287,1703,1850
AAAATATCCCAGTCAA,D231M,0.1183,0.1183,110,130
AAAATATCGACGTCAT,L108G,0.0000,0.0000,0,7
AAAATATCTAATAAGA,N48T,0.1638,0.1638,526,449
AAAATATCTAATGGCT,Y168E,0.0000,0.0000,0,7
AAAATATCTGTTTTTA,T390N,0.1724,0.1724,440,357
AAAATATGCTAAACTA,E255V,0.1894,0.1894,6016,4442
AAAATATGCTCGATAA,H110Q,0.1445,0.1445,2632,2548
AAAATATGGATGTGAC,L154P W343E,0.0000,0.0000,0,5
AAAATATGGGACTCAC,V481F,0.0000,0.0000,0,3
AAAATATGTTCCATCA,,0.0000,0.0000,0,11
AAAATATGTTGCAATT,D240Q,0.1968,0.1968,4754,3378
AAAATATTAATACCCC,S22H,0.0566,0.0566,51,126
AAAATATTATGTAAAG,,0.2281,0.2281,1047,642
AAAATATTTCCAATAA,P299K,0.1285,0.1285,1182,1286
AAAATCAAATTCAATG,,0.1955,0.1955,2069,1480
AAAATCAACAAGAATT,S167W N379D,0.0000,0.0000,0,7
AAAATCAACACATCCA,A144T H183V E508S,0.0000,0.0000,0,8
AAAATCAATTGCCCTC,K328cS,0.5110,0.5110,95,26
AAAATCACATAAAAAC,,0.1295,0.1295,3967,4285
AAAATCAGCCATAAGT,G341L N424K,0.0000,0.0000,0,3
AAAATCATAAGCAAAT,,0.0886,0.0886,4325,6830
AAAATCATACCTATCT,C281Q,1.0000,inf,14,0
AAAATCATGAGCTCTA,C473G,0.0000,0.0000,0,8
AAAATCCAACAGAAAT,A253K,0.0000,0.0000,0,5
AAAATCCAGTCACGCA,S519I,1.0000,inf,28,0
AAAATCCCTCTGCCCC,L70V,0.2182,0.2182,1896,1215
AAAATCCGCCTAACTA,A522E,0.2098,0.2098,9,6
AAAATCCGCTGTAATG,,0.1879,0.1879,438,326
AAAATCCGGACATCAG,A373Q,0.0000,0.0000,0,1
AAAATCCGTTGCACGG,T171R,0.1647,0.1647,2818,2392
AAAATCCGTTTACTGC,,0.1637,0.1637,638,545
AAAATCCTAGTGTTCC,,0.2454,0.2454,716,408
AAAATCCTCAAACAGA,,0.0441,0.0441,155,492
AAAATCCTTACCTTAG,K238F,0.0401,0.0401,47,164
AAAATCGATCCTTGAT,,0.1273,0.1273,1588,1744
AAAATCGATGTTTTGT,N193D,0.0567,0.0567,135,333
AAAATCGGACGAATAG,P74V R404L S524D,1.0000,1.3285,57,6
AAAATCTCCCAAAAAC,,0.0933,0.0933,2200,3299
AAAATCTCGCTCGAAA,I202P R456Q V505M,0.4462,0.4462,67,21
AAAATCTCGTAGACTC,S167L N322C,0.1923,0.1923,66,48
AAAATCTGAGATACAA,N296W,0.0000,0.0000,0,9
AAAATCTTCGAATCGG,K411E,0.2270,0.2270,138,85
AAAATCTTCGAATGCA,G463F,0.6138,0.6138,79,18
AAAATGAAAAGCTAAC,L402W,0.1533,0.1533,377,344
AAAATGAAGAAGTGTT,S503I,0.1471,0.1471,1423,1353
AAAATGAAGAATACAC,L54E N278C,nan,nan,0,0
AAAATGAATTCCCCGT,L534P,0.2922,0.2922,117,56
AAAATGAGAACTCACA,G352N,1.0000,6.0133,43,1
AAAATGAGCCCAAAAG,,0.1064,0.1064,54,71
AAAATGATATTACAAC,Y17G K125aE,nan,nan,0,0
AAAATGCATGAAAAAC,E476V,0.0934,0.0934,231,346
AAAATGCGTACCGAAC,,0.1804,0.1804,1477,1145
AAAATGCTCGTAGAGC,H110C,0.1562,0.1562,737,660
AAAATGCTGAAAAAGA,N116R T318R,0.0000,0.0000,0,26
AAAATGGAAAAAACAA,,0.2015,0.2015,425,295
AAAATGGAAGATCATT,,0.1924,0.1924,333,242
AAAATGGACCAGGTTA,V451H,0.1059,0.1059,25,33
AAAATGGACGCTAAAC,P254R,0.0000,0.0000,0,6
AAAATGGATTATAAAT,C549G,0.1007,0.1007,559,776
AAAATGGCAAGCGGGC,G134V G352I A521G,nan,nan,0,0
AAAATGTAAAACTAGA,,0.1213,0.1213,1136,1310
AAAATGTAGCGCTTAG,R227G,0.0051,0.0051,22,601
AAAATGTATGGCAAAA,C76Y,0.0000,0.0000,0,10
AAAATGTCATCTAAAA,S136T,0.0428,0.0428,79,258
AAAATGTCATGATAAC,D53E,0.0437,0.0437,10,32
AAAATGTCGAACGGAT,L462D,0.0702,0.0702,138,275
AAAATGTCGCTTAGTA,S185I,0.0177,0.0177,26,205
AAAATGTGTAATAAAA,S167L D386K,0.3342,0.3342,1331,557
AAAATGTTTAAAGACC,,0.1435,0.1435,156,152
AAAATTAAAACGACTC,H276N T283R S480A,0.0000,0.0000,0,1
AAAATTAAAGGGTCTA,S247W,0.0000,0.0000,0,19
AAAATTAAATCTTTAA,V395P S524N,0.0000,0.0000,0,11
AAAATTAACCTTGCGC,V315T,0.1132,0.1132,1070,1322
AAAATTAAGAGATATA,M431I,nan,nan,0,0
AAAATTAAGCATTGAC,C52S N312I F469G,0.0000,0.0000,0,13
AAAATTAAGCTTCGGA,W537K R547I,0.8335,0.8335,149,25
AAAATTAAGTACAATC,,0.1238,0.1238,54,61
AAAATTAATCCCGCTA,W153A,0.0000,0.0000,0,5
AAAATTAATCGAATAA,A138V,nan,nan,0,0
AAAATTAATTACTAAG,I385R,0.0000,0.0000,0,11
AAAATTACATCGCAGT,I374Q,0.1703,0.1703,1028,844
AAAATTACCCAATTCA,I121H,0.1818,0.1818,351,270
AAAATTACTTACAGGC,V151T,0.1567,0.1567,714,637
AAAATTAGAGATGATA,T192Y Q454G,0.1668,0.1668,2470,2071
AAAATTAGATATTTGT,N458E,0.0000,0.0000,0,1
AAAATTAGCTGCTATA,F332T,0.2020,0.2020,26,18
AAAATTATAAGAGAAC,,0.1008,0.1008,861,1195
AAAATTATGCAAGGCA,I236T,0.1481,0.1481,1044,986
AAAATTATTTAGAACC,P82aF,0.2175,0.2175,84,54
AAAATTCAAAATGTAC,R328aP,0.1748,0.1748,35,28
AAAATTCCAATCCCTG,R326L,0.1416,0.1416,5205,5139
AAAATTCCGCGCTCGC,E107M,0.3566,0.3566,51,20
AAAATTCGAACCAATC,N186S Y308E,0.0000,0.0000,0,7
AAAATTCGAATTTGGC,P145L,0.3851,0.3851,380,138
AAAATTCGAGGAAGCG,C539F,0.1673,0.1673,2121,1773
AAAATTCGCAGTGTCC,Y161C M431I,0.0000,0.0000,0,2
AAAATTCGTCTTTTCC,S167P R321G T370E,0.0000,0.0000,0,1
AAAATTCGTGCTATAT,N424K,nan,nan,0,0
AAAATTCTAAGCGGTA,K259D,0.0000,0.0000,0,3
AAAATTCTAATTATTT,F338N R482M,0.0000,0.0000,0,8
AAAATTCTACACAAAA,G134N,0.1299,0.1299,52,56
AAAATTCTTTCAAAAA,K307C,0.0332,0.0332,14,59
AAAATTGAACTATACC,G228V,0.0000,0.0000,0,33
AAAATTGGCCACTAAC,P128L W350L,0.0909,0.0909,26,40
AAAATTGGTTCACTTC,,0.0946,0.0946,94,139
AAAATTGTCGTAAGCG,S291P G349V,0.0000,0.0000,0,2
AAAATTTAAAACACGC,E398D,0.1936,0.1936,90,65
AAAATTTACTGTAGAA,D240K,0.1659,0.1659,2835,2390
AAAATTTAGACCACAA,K216Q,0.0679,0.0679,620,1276
AAAATTTAGATCCATC,,0.0466,0.0466,1,3
AAAATTTATAAACATG,N424E,0.0000,0.0000,0,30
AAAATTTCAGCACACC,D264S,0.2424,0.2424,26,15
AAAATTTCAGGTGATC,H183S,0.0000,0.0000,0,2
AAAATTTCGTAAGAAC,,0.1646,0.1646,2497,2121
AAAATTTGACATATAT,N169S N322R S369L F469K,nan,nan,0,0
AAAATTTGACCATACT,K387N,0.1106,0.1106,587,742
AAAATTTGATTGAGGA,A137L,0.0131,0.0131,336,3582
AAAATTTGGAAAATTT,L462F,0.1598,0.1598,24,21
AAACAAAACCACCAGA,C466D R482S,0.0000,0.0000,0,4
AAACAAAACCGACTTG,K328cM,0.3796,0.3796,57,21
AAACAAAACTATTAGT,T219F,0.0883,0.0883,686,1087
AAACAAAATCTAGTCC,,0.0960,0.0960,421,613
AAACAAACATACTGGT,V66L R220I,nan,nan,0,0
AAACAAACATGTTACG,,0.1169,0.1169,1202,1438
AAACAAACGTCCGCGG,Y256T,0.1523,0.1523,2787,2559
AAACAAACTTAGTTAT,Y274K,0.0000,0.0000,0,1
AAACAAACTTTACTCA,W234I,0.0000,0.0000,0,1
AAACAAAGAAGACCAG,,0.1172,0.1172,502,599
AAACAAAGCGTCAATG,Q142P,0.0785,0.0785,64,114
AAACAAATAAAATTAA,L300E,0.2517,0.2517,180,100
AAACAAATCAATCAGG,N20H E407I,0.8857,0.8857,38,6
AAACAAATTAGGAAAC,L320I,0.0610,0.0610,34,78
AAACAACAACATAAAA,P198K Q371P,nan,nan,0,0
AAACAACACCTATTGG,E500I,0.0988,0.0988,1045,1479
AAACAACAGAAAAGAT,N464G,0.1406,0.1406,956,951
AAACAACATACGTTCC,,0.0000,0.0000,0,2
AAACAACCAATATACA,P254K,0.0000,0.0000,0,2
AAACAACCCCAATCGC,L427Q,nan,nan,0,0
AAACAACGATCAAAAA,P306D G345D R499Q,0.0000,0.0000,0,2
AAACAACGCTTTAAAA,S323Q,0.1882,0.1882,249,185
AAACAACTAAATTCAT,T192N,1.0000,inf,2,0
AAACAACTACCCTGAC,,0.1581,0.1581,173,153
AAACAACTATAGTATA,D487R,0.1479,0.1479,676,639
AAACAACTCTCTATGC,A336H M413I,0.2098,0.2098,30,20
AAACAACTGACATACT,K109Q,0.1188,0.1188,2440,2872
AAACAACTTACATCCA,P284N,0.1045,0.1045,988,1322
AAACAAGAAATCGTCT,L527N,0.0000,0.0000,0,6
AAACAAGAACAGACAG,V204G,0.0130,0.0130,27,291
AAACAAGAGATAAAAA,,0.0294,0.0294,63,300
AAACAAGAGCCCCAAT,R149C E407G,0.0542,0.0542,229,591
AAACAAGATAAATTGC,,0.0614,0.0614,856,1951
AAACAAGCAATTAGCA,S133I Q371P,0.0000,0.0000,0,7
AAACAAGGCGACAAAG,T219D,0.0027,0.0027,14,713
AAACAAGGTATAAGAT,N483Q,0.1420,0.1420,1123,1106
AAACAAGGTCAAAACT,,nan,nan,0,0
AAACAAGGTTCCTCAA,*551T,0.0000,0.0000,0,9
AAACAAGTGTGCGCAT,P58R,nan,nan,0,0
AAACAATAAAGTCAGT,V36A,0.0000,0.0000,0,1
AAACAATAACACCTTT,V315M,0.0000,0.0000,0,19
AAACAATAAGCATTGA,Y423H M431P,0.0000,0.0000,0,11
AAACAATACCCGCCCA,I267L,0.1296,0.1296,1111,1199
AAACAATACGACACAA,T192V,0.1499,0.1499,509,475
AAACAATAGAGGCCTA,,0.0294,0.0294,41,195
AAACAATATGAACTGA,K9C,0.0828,0.0828,1843,3111
AAACAATCAGACGTTC,T35N,0.1523,0.1523,2989,2745
AAACAATCGAACAGTG,N210Q,nan,nan,0,0
AAACAATCGGCGATTA,M538C,nan,nan,0,0
AAACAATCTAGGTTTT,,0.1391,0.1391,916,921
AAACAATGATACCCTC,L544Y,0.0000,0.0000,0,5
AAACAATGGTCTTGTA,,0.1735,0.1735,799,644
AAACAATTAAGACCAC,L427M,0.1649,0.1649,125,106
AAACAATTAAGTCAAA,S523Y,0.1787,0.1787,23,18
AAACAATTGAATAAAC,E89K M268E,0.0000,0.0000,0,3
AAACAATTTAAATTAA,A522Y,0.0000,0.0000,0,4
AAACAATTTAGGTACA,P162T,0.2056,0.2056,17557,11939
AAACACAAAACACTAA,N20E,0.8990,0.8990,45,7
AAACACAAAACTTCTA,Q391L,0.0000,0.0000,0,1
AAACACACCGAAATAA,F294Y I339E,nan,nan,0,0
AAACACACGAGAGACC,H184A,0.1033,0.1033,232,314
AAACACACGCAAGTAG,,0.1125,0.1125,540,671
AAACACACTATGCGTT,,0.1193,0.1193,1455,1706
AAACACAGAAATGCGA,N169Y T200F E476K,0.0000,0.0000,0,6
AAACACAGGAACGGTA,,nan,nan,0,0
AAACACAGGATGGAAC,N20E,0.0000,0.0000,0,15
AAACACATAACTAATC,E508I,0.1017,0.1017,128,176
AAACACATGAAGTCTA,M30L,0.0772,0.0772,566,1025
AAACACCAAGGAGACG,,0.0800,0.0800,191,334
AAACACCACATAAACG,Q391F,nan,nan,0,0
AAACACCCTACCATAT,I529T,0.1363,0.1363,3543,3634
AAACACCTCCTAGAAG,C14D,nan,nan,0,0
AAACACCTGGCAAAAG,M346G,0.9535,0.9535,75,11
AAACACCTTCCCGCGC,D95F A253M,0.0000,0.0000,0,8
AAACACGCATTGACAC,,0.1782,0.1782,13303,10441
AAACACGCGGAAGCCA,,0.1209,0.1209,32,37
AAACACTATCCTACTG,Q40W,0.1161,0.1161,714,860
AAACACTCAGCGTTAT,P239M,0.1655,0.1655,728,615
AAACACTCCAAACTTG,D241P,0.0000,0.0000,0,8
AAACACTCCATCCTGT,D348L,0.0973,0.0973,153,220
AAACACTCCTCTAGAG,L194P C477K,nan,nan,0,0
AAACACTGACATTCGA,N357V,0.0000,0.0000,0,4
AAACACTGATTCACGA,R321I,0.0000,0.0000,0,3
AAACACTTTACGAGCG,,0.0000,0.0000,0,1
AAACACTTTGGCTTAA,L112S S311D,0.0905,0.0905,22,34
AAACAGAAACAAGAAA,I124D L402K,0.0650,0.0650,33,71
AAACAGAAACCATCTT,T283P,0.0000,0.0000,0,2
AAACAGAAATAGTGGC,,0.1260,0.1260,1373,1524
AAACAGAACACCATCT,,0.0999,0.0999,30,42
AAACAGACAGTTAGTG,T46K,0.1931,0.1931,13939,10093
AAACAGACCGACAATT,S167P,0.5734,0.5734,41,10
AAACAGATATATGGCC,I42F M530D,0.0000,0.0000,0,2
AAACAGCAACGATTCA,S136P L237P N312D,nan,nan,0,0
AAACAGCAATTACATA,L209T H440F,0.0000,0.0000,0,9
AAACAGCCAGCCCAGC,I374K,1.0000,1.7218,197,16
AAACAGCCCGTTGCTA,,0.1118,0.1118,813,1017
AAACAGCCTACTCGTA,M531Y,0.0577,0.0577,194,470
AAACAGCCTTAACGTT,Y141L,0.1045,0.1045,1194,1598
AAACAGCGACAAAAGT,K157T,0.0907,0.0907,146,225
AAACAGCGCAAATACC,L209V Q454N,0.1307,0.1307,457,489
AAACAGCGTACGGGTC,G263L,0.0000,0.0000,0,3
AAACAGGACACAACTA,G303Q,0.8175,0.8175,76,13
AAACAGGACCGGAATA,I124T L437V,0.7924,0.7924,51,9
AAACAGGAGTCCCTGT,K460C,0.1106,0.1106,253,320
AAACAGGATCATGCTG,S10K,0.0000,0.0000,0,6
AAACAGGATGCTTTAT,,0.0710,0.0710,450,886
AAACAGGCGCCGTTAG,,0.0000,0.0000,0,1
AAACAGGGTCGCTGTT,L428M M431G,1.0000,1.9578,14,1
AAACAGGTCTTCTTTG,G225I,0.0000,0.0000,0,17
AAACAGTAAGAAAAAA,,0.0682,0.0682,142,291
AAACAGTAAGAGATGG,,0.1055,0.1055,994,1318
AAACAGTCACACTAGT,D415K,0.0000,0.0000,0,1
AAACAGTCAGACACCA,,0.0000,0.0000,0,12
AAACATAAAGTTTTAA,Y274P,0.0805,0.0805,126,219
AAACATAAATTAATCA,E44Q,0.2027,0.2027,216,149
AAACATAAATTACTGT,H355M,0.1575,0.1575,5330,4731
AAACATAAATTATCAA,,0.1653,0.1653,19086,16150
AAACATAAGACTGATG,,0.1804,0.1804,3973,3080
AAACATAATAAGAGCG,I502D,1.0000,2.1326,61,4
AAACATAATCACACAG,A425G,0.3172,0.3172,93,41
AAACATAATGATACAG,M538D,0.0000,0.0000,0,2
AAACATAATTGCCAGG,R321T F469P,0.0000,0.0000,0,15
AAACATACAGTAAAGT,L316M,0.0927,0.0927,2384,3598
AAACATAGAGATTTAC,,0.1714,0.1714,1330,1085
AAACATAGTCAACTTA,I406N,0.8391,0.8391,84,14
AAACATATATAGTTAT,D104F,0.2112,0.2112,3142,2080
AAACATATCGTTAAAT,,0.1607,0.1607,777,676
AAACATATGGGATTCA,D63A,0.2159,0.2159,227,147
AAACATATTTCAACAC,,0.1766,0.1766,1542,1221
AAACATCAAACTGGTT,F439S,nan,nan,0,0
AAACATCAACAGACAA,H18Y N278P,nan,nan,0,0
AAACATCCATATCTCC,D231N,0.1572,0.1572,1976,1758
AAACATCCCGAACTGA,T23W,0.0000,0.0000,0,32
AAACATCGTTACTTAC,C539Y,0.1796,0.1796,677,527
AAACATCTAATATCCG,I374W,0.1067,0.1067,817,1071
AAACATCTCAGAATCC,N443H,0.0000,0.0000,0,16
AAACATGACTCCATAC,Q513P,0.0637,0.0637,337,740
AAACATGCACTCATGG,N94M,0.1281,0.1281,9766,10662
AAACATGCCCGCAAAA,S85P,0.1167,0.1167,298,357
AAACATGCTAACTGAA,D457H,0.1175,0.1175,641,763
AAACATGGCAAAGTGG,N382Y,0.0000,0.0000,0,1
AAACATGGCCGTAGCG,E107M T511A,0.0000,0.0000,0,4
AAACATGTAACAAAAA,F148Q,0.2290,0.2290,131,80
AAACATGTAACAATAA,N443L,0.0324,0.0324,42,181
AAACATGTAATAAAAT,T199S,0.0906,0.0906,1366,2108
AAACATGTCATTTATG,A188W,0.1284,0.1284,6337,6902
AAACATTAAACCAATA,W127L C549R,0.0954,0.0954,705,1033
AAACATTAACAGACAA,P162E K328cV,0.1381,0.1381,81,82
AAACATTAATGTCCCT,,0.1426,0.1426,9373,9195
AAACATTAGCGCAAAA,Y518V,0.1414,0.1414,361,357
AAACATTATAAATGAG,S65W,nan,nan,0,0
AAACATTCAAAGTAGT,A528E,0.0000,0.0000,0,3
AAACATTCCCTTTCGT,T436Q,0.0000,0.0000,0,5
AAACATTTAATGTATC,H440W,0.0000,0.0000,0,2
AAACATTTATATTCGC,H38E,0.1966,0.1966,599,426
AAACATTTCTCTAGCC,S167R,0.2065,0.2065,3034,2055
AAACATTTTACTAACA,N187A,0.0731,0.0731,630,1205
AAACATTTTATCCCTT,F332Q,nan,nan,0,0
AAACCAAAAATTAAAT,G249M,0.1272,0.1272,423,465
AAACCAAAGATACAGA,,0.2250,0.2250,354,220
AAACCAAAGCACACTG,P299W,0.1222,0.1222,2601,2976
AAACCAAATACACAAG,T511K,0.1823,0.1823,739,567
AAACCAACCTCGGCTC,,0.0000,0.0000,0,5
AAACCAAGAATCGTAT,G228M R404A,nan,nan,0,0
AAACCAAGTGACATAC,V36G,0.9230,0.9230,33,5
AAACCAATATTACATG,Q344M,0.1264,0.1264,11160,12349
AAACCAATCACTTGTG,F467V,nan,nan,0,0
AAACCAATGGGTCGTA,C277E,0.0000,0.0000,0,8
AAACCAATGTCCCAAA,F251H,nan,nan,0,0
AAACCAATGTCCGAAA,H110I V381S,0.0000,0.0000,0,3
AAACCACCGCACCCAA,E403F,0.2797,0.2797,16,8
AAACCACGAGCATAAG,,0.1631,0.1631,8792,7540
AAACCAGATAAGACGA,G342K L462P,0.0000,0.0000,0,2
AAACCAGGTGACAAAA,,0.1290,0.1290,8056,8734
AAACCATAAATAATAC,K50A V510A,0.1070,0.1070,1023,1337
AAACCATAAATGAAAC,V272R E403K E414K,nan,nan,0,0
AAACCATATCATGAAG,V451D,0.0600,0.0600,477,1111
AAACCATCCCTCACTG,,0.0845,0.0845,215,356
AAACCATCGAATGAAA,V135F,0.2550,0.2550,9672,5305
AAACCATGCGTTCGAG,C546A,0.0000,0.0000,0,19
AAACCATGGATCTGAC,T206F,0.4450,0.4450,70,22
AAACCATGTATTTGCT,Q454Y,0.0435,0.0435,33,106
AAACCATTGCTTTATT,C281Y A495K,0.0000,0.0000,0,1
AAACCATTGGAACGCA,,0.1271,0.1271,1993,2192
AAACCATTGTAAAAGC,M268V R499K,0.1167,0.1167,197,236
AAACCCAATAAAAGAG,G342S,0.0222,0.0222,13,82
AAACCCAGGTCGATTC,N357M,0.2371,0.2371,39,23
AAACCCATCATCACAA,,0.0991,0.0991,304,429
AAACCCATTAAATCCT,S167Y R321S T370E F469Y,nan,nan,0,0
AAACCCCAAGAAAATA,I297P,nan,nan,0,0
AAACCCCCCAATTAAC,Y17H,0.0000,0.0000,0,1
AAACCCCCTCAACTAG,P162F N187D,0.0416,0.0416,165,555
AAACCCCGCGCAGTCT,A495K,0.1007,0.1007,1500,2084
AAACCCCTTAAAATCG,V272N E432K,0.0000,0.0000,0,12
AAACCCGCAACGTTTG,R321A T370V,0.0000,0.0000,0,6
AAACCCGTAAACTCCG,Y470E,nan,nan,0,0
AAACCCGTCTATGGCG,V66K,0.0000,0.0000,0,15
AAACCCGTTAATCCTT,,0.1701,0.1701,22161,18217
AAACCCGTTACGATCT,H38N A188V,0.1539,0.1539,2172,1973
AAACCCGTTGTATAAT,L179W,0.0000,0.0000,0,9
AAACCCTCAACTCTCT,L409P,nan,nan,0,0
AAACCCTCCTCAATCT,H184V,0.3752,0.3752,220,82
AAACCCTGCTATGAGA,,0.1663,0.1663,1607,1351
AAACCCTGTTTAAAAC,N94V A253R,0.0000,0.0000,0,2
AAACCCTTCTAGCACC,,0.1822,0.1822,6043,4639
AAACCCTTGAACATAC,K280R,0.0000,0.0000,0,15
AAACCCTTTAAAACGT,T28H,0.0000,0.0000,0,2
AAACCGAACCTACATG,A253W,0.0000,0.0000,0,27
AAACCGAACTACCCGA,L507K,0.2157,0.2157,145,94
AAACCGAATAGCCCGG,I182A,0.1162,0.1162,422,508
AAACCGAGGGATAAAA,E500Q,0.1266,0.1266,984,1087
AAACCGAGTCGAGCAC,,0.1601,0.1601,1587,1386
AAACCGATCTTTTGGA,N210P,0.0000,0.0000,0,4
AAACCGCAATGTCCAT,V285F A522R,0.6347,0.6347,59,13
AAACCGCATGAGAGGT,P215K K387M,0.0000,0.0000,0,4
AAACCGCGAACCGCAC,V204T,0.1143,0.1143,2959,3621
AAACCGCGTTGATAAT,V481G,0.2474,0.2474,23,13
AAACCGGGCGATACTA,,0.1438,0.1438,3238,3148
AAACCGGGGGGGAATA,A253Q,nan,nan,0,0
AAACCGGTGACAGAAA,,0.0961,0.0961,1418,2063
AAACCGGTTATACAAT,G263R,0.0969,0.0969,3014,4348
AAACCGTAAAATGGTA,,0.0998,0.0998,127,178
AAACCGTAGCCTGTCT,P82aG,0.1835,0.1835,954,727
AAACCGTAGTTTATCA,D95I,0.2042,0.2042,219,150
AAACCGTCAACCACAT,,0.1310,0.1310,1032,1102
AAACCGTCCTCCGGAA,E190F,0.0000,0.0000,0,42
AAACCGTGACTTATAA,A257C,0.0000,0.0000,0,19
AAACCGTTTAGAACCA,A532C,0.1835,0.1835,1182,901
AAACCTAAAATCATTG,N187A,0.0577,0.0577,470,1140
AAACCTAAATACACAG,,0.2045,0.2045,8256,5645
AAACCTAACCAGACAT,,0.0803,0.0803,295,514
AAACCTAGTATTTAGA,P293S,0.2405,0.2405,258,150
AAACCTATAAGCAAGT,,0.1065,0.1065,1197,1572
AAACCTATAATAGTAA,S323P C546I,0.1208,0.1208,836,968
AAACCTATTACAAATT,V82C N186E,0.0000,0.0000,0,4
AAACCTCACTGCAAGA,Q211V,0.1302,0.1302,336,361
AAACCTCAGCTACCCA,V315G,0.1964,0.1964,66,47
AAACCTCATCAGATCG,S291G,0.1217,0.1217,449,516
AAACCTCCGTTAAACA,A188D,0.0655,0.0655,37,79
AAACCTCGAAAAAAAC,,0.0602,0.0602,31,72
AAACCTCGTGGAAGCG,V36Y C277K D441T,1.0000,1.5616,67,6
AAACCTGAATAACCAG,,0.1497,0.1497,3022,2823
AAACCTGACACCAGGT,Y141N,0.0615,0.0615,839,1908
AAACCTGATCACTATA,D175F,0.0829,0.0829,322,543
AAACCTGATGATACAG,,nan,nan,0,0
AAACCTGCCTCCCATT,L437C,nan,nan,0,0
AAACCTGGATTAAAAG,L409Q,0.0000,0.0000,0,1
AAACCTTAAAAAAAGA,L61R,0.3671,0.3671,63,24
AAACCTTACGCCTTGA,K109G N379H,0.6992,0.6992,30,6
AAACCTTATGTACACT,S167P,0.1294,0.1294,235,254
AAACCTTCGACCAATA,K9N,0.1000,0.1000,673,941
AAACCTTCGTCTTTGC,S383C,0.1949,0.1949,2513,1803
AAACCTTTACAAATCG,S136V,0.0000,0.0000,0,20
AAACGAAAAATGGCGC,S270A,0.1250,0.1250,2141,2396
AAACGAAAAGAAATTC,D487S,0.1640,0.1640,4077,3476
AAACGAAACACCGAAA,R405P,nan,nan,0,0
AAACGAAATGTACACA,C477P,nan,nan,0,0
AAACGAACCAGTTAAA,S167G T370L,0.0509,0.0509,8,22
AAACGAACGACTGGAT,N379T,0.0700,0.0700,507,1013
AAACGAAGTCATGTTG,K45V,0.1544,0.1544,5296,4798
AAACGAATAAGAAGCT,P140T,0.1115,0.1115,428,537
AAACGAATAATACCAC,N357K S361D,0.0000,0.0000,0,1
AAACGAATAGAAGAAG,E432T,0.1091,0.1091,1006,1289
AAACGAATATAGTTTG,G55P P125D,0.0000,0.0000,0,6
AAACGAATGTTACCTA,E255S,0.0000,0.0000,0,1
AAACGACAAATCATAA,G416A,0.1778,0.1778,150,118
AAACGACCCGAACCTC,N116W,0.0000,0.0000,0,14
AAACGACGTCGTGGGC,A19C I288K,0.0000,0.0000,0,4
AAACGACTCACACTTT,Y161H L331T,1.0000,1.8879,27,2
AAACGACTTGTACCGC,G342R M431I M531R,0.0000,0.0000,0,2
AAACGAGACAATTGTA,T208C,0.0000,0.0000,0,39
AAACGAGCGTATCGTC,,0.2001,0.2001,309,216
AAACGAGCTAAAATGA,H38G F399A,0.0000,0.0000,0,1
AAACGAGCTACGCGGG,V8*,0.0000,0.0000,0,22
AAACGAGTCCGGCCGT,N278R N382S,0.0120,0.0120,22,256
AAACGAGTTATAATTT,Q12*,nan,nan,0,0
AAACGAGTTGCGAAAC,S323E,0.1984,0.1984,5371,3785
AAACGATAAAGCAACC,Q282H M388A,0.0000,0.0000,0,17
AAACGATAAGCATTGA,K259N S361I,nan,nan,0,0
AAACGATACTGAAAGA,V505K,0.1457,0.1457,200,192
AAACGATAGCTTTCGT,,0.1393,0.1393,3063,3075
AAACGATCCCACAAAT,,0.0000,0.0000,0,18
AAACGATCTAGACCCA,N278D,0.1607,0.1607,100,87
AAACGATTGATAGTGT,G228H L437F,0.0000,0.0000,0,26
AAACGCATTGACACCT,A364D F439P,0.0000,0.0000,0,22
AAACGCCTCAAACAAA,A91V,0.1308,0.1308,1774,1896
AAACGCGAACATGGGA,,nan,nan,0,0
AAACGCGCGTCACAAC,K50Y V152A,1.0000,9.5093,68,1
AAACGCGGGCAAAATA,L409I,1.0000,1.1387,57,7
AAACGCGGGTGAAACC,V272Q *551F,0.0287,0.0287,49,239
AAACGCGTCTTACTCC,S221K,nan,nan,0,0
AAACGCTACAATAGTC,S221K,0.2212,0.2212,106,67
AAACGCTAGGGCACTA,I384Y,0.1602,0.1602,118,103
AAACGCTCGAGACACA,R499N,0.0787,0.0787,1426,2535
AAACGCTTAACTTAGC,,0.0000,0.0000,0,2
AAACGGACATAAACAC,V82I,0.1286,0.1286,1041,1132
AAACGGACCATTTGAA,D348S,0.1142,0.1142,726,889
AAACGGACCTAGATAC,D27Y,0.0000,0.0000,0,10
AAACGGAGGGTTTCGG,E44N G342E,0.0000,0.0000,0,10
AAACGGCAACTGACAT,,0.1001,0.1001,504,704
AAACGGCACTAAGAGA,N54aI,0.1288,0.1288,1679,1823
AAACGGCAGGAAGGAT,R397D,0.1784,0.1784,352,276
AAACGGCCATCTGAAA,R81G,0.2917,0.2917,1385,664
AAACGGCCGCCCACAA,R114K,0.1110,0.1110,246,310
AAACGGCGAGCAAAAA,K120C M431I,nan,nan,0,0
AAACGGCGATTAACGT,N224G N541D,1.0000,1.3751,59,6
AAACGGGCTTATTCTA,R326L,0.1518,0.1518,5982,5511
AAACGGTCCCGAACAA,S265D P489-,0.0000,0.0000,0,5
AAACGTAAAACACGGA,K262aR,0.0490,0.0490,27,77
AAACGTAAAATACACG,F251C,0.9439,0.9439,27,4
AAACGTAAAGAATGTA,,0.1643,0.1643,2140,1822
AAACGTAATGAAACAA,L325N,0.0979,0.0979,28,40
AAACGTAGGCTGGGTT,G465E C473E,nan,nan,0,0
AAACGTATGGCACCAA,L71V G72D,0.0000,0.0000,0,6
AAACGTCCCCTGGCAA,K310Q I406M,0.1587,0.1587,462,407
AAACGTCTTCGATATG,,0.0000,0.0000,0,7
AAACGTGAATAACGGA,,0.1834,0.1834,1145,873
AAACGTGACACAATCA,N312I,0.1874,0.1874,4742,3539
AAACGTGAGACTAGTA,,0.3624,0.3624,241,93
AAACGTGCGCATCTCT,T279P,0.0000,0.0000,0,5
AAACGTGCTAAGTTTT,I29S,0.3099,0.3099,82,37
AAACGTGGAGTAACCC,E89R,0.1365,0.1365,325,333
AAACGTGTATAGACAA,*551D,0.0000,0.0000,0,3
AAACGTGTATAGTCAT,E83L Y258I,0.0400,0.0400,126,441
AAACGTTCAAAAAAAT,,0.1371,0.1371,2788,2843
AAACGTTCCGTCATCC,S361M,0.0000,0.0000,0,9
AAACGTTCGAAACTCA,S136R,0.4568,0.4568,49,15
AAACGTTGTTGGCTAC,E479M,0.1572,0.1572,2656,2362
AAACTAAACTTCCGAC,T163K,0.1758,0.1758,1384,1101
AAACTAAAGCACAACC,E432K E476T,nan,nan,0,0
AAACTAAATTAAAAAA,N150S,0.1840,0.1840,8140,6185
AAACTAACGAATATTA,Q25S L108P,0.0000,0.0000,0,3
AAACTAATAATAAGGA,C477S,0.7691,0.7691,22,4
AAACTAATAGAATCGA,D27Y Y486H,0.0000,0.0000,0,16
AAACTAATATCAACAC,E414I,0.0000,0.0000,0,62
AAACTAATCGAAAACA,L122D,0.1060,0.1060,549,724
AAACTAATTATATCTC,,0.0209,0.0209,22,147
AAACTACAAAGCCGAC,G271N,0.2007,0.2007,1141,795
AAACTACATACTGAGT,Q359P,0.9439,0.9439,27,4
AAACTACATCATTAAA,G286A,nan,nan,0,0
AAACTACCCCACAACA,S203Q,0.0644,0.0644,1854,4025
AAACTACGAGGAATGT,Y351R,0.0000,0.0000,0,1
AAACTACGATTCCTGC,,0.1366,0.1366,541,554
AAACTACGGGTTGCCT,,0.2066,0.2066,650,440
AAACTACTTAGGAAGA,R81D,0.2367,0.2367,2040,1205
AAACTAGAGACTTCGC,,0.0525,0.0525,245,652
AAACTAGATATTTCTC,E432A S519Y,0.3196,0.3196,16,7
AAACTAGCTTTTGGAA,L108D N312V,0.0000,0.0000,0,14
AAACTAGGATGACGTG,P254A,0.0541,0.0541,168,434
AAACTAGGATGCACTT,,0.0000,0.0000,0,5
AAACTAGGATTGTACA,M-6F N379Y N433D,nan,nan,0,0
AAACTAGTAAAATGTA,,0.2057,0.2057,128,87
AAACTAGTAACTAATT,H440N C539S,0.0000,0.0000,0,4
AAACTAGTATCTTTGG,K372Q R482A,0.0703,0.0703,101,201
AAACTATAATCAGTTA,V204A,0.0000,0.0000,0,23
AAACTATACTCCCGAG,E24I N73K,0.0000,0.0000,0,1
AAACTATCAACAGCTA,G465C,0.0000,0.0000,0,4
AAACTATTCCTACAAC,M111I,0.1296,0.1296,978,1055
AAACTATTTAAGAAGC,S290T,0.1810,0.1810,2022,1562
AAACTATTTTGCATAA,C477D,0.0000,0.0000,0,2
AAACTCATATTTAACA,,0.2614,0.2614,1746,934
AAACTCCAAATCAACC,,0.1913,0.1913,5313,3884
AAACTCCGATGCCGAA,A160I K411N,0.2158,0.2158,2789,1807
AAACTCGCAGGACACT,,0.2343,0.2343,429,256
AAACTCGCATTGACCG,L515H,1.0000,1.8879,27,2
AAACTCGTACGCTGCG,,0.1080,0.1080,604,782
AAACTCGTAGTAGTGG,Q191E,0.0127,0.0127,1,11
AAACTCTGATATAAAA,A242G,0.0374,0.0374,805,3009
AAACTCTTATCTGGCC,A394I,nan,nan,0,0
AAACTCTTCATAAATA,N289D K310G,0.0570,0.0570,444,1090
AAACTGAAAACAGGCC,S519D,0.0000,0.0000,0,6
AAACTGAACCCCAAGA,K9M,0.0627,0.0627,379,845
AAACTGAAGACCTGTC,C139F L515R,0.0000,0.0000,0,8
AAACTGAAGCATAATG,E44L,0.1790,0.1790,1952,1525
AAACTGAATTTAGAAT,P145L,0.3875,0.3875,34551,12469
AAACTGACCCAAGTAA,P140T,0.0000,0.0000,0,51
AAACTGACTCTTATCA,A257T,0.0000,0.0000,0,2
AAACTGATAGTAATAT,,0.1955,0.1955,5889,4213
AAACTGCAAACTCTCA,I124M,0.1575,0.1575,4504,3998
AAACTGCAACAAATGG,A137T N424W,0.9989,0.9989,100,14
AAACTGCAATCATAGG,K216Y G376T,0.0000,0.0000,0,2
AAACTGCAGATCGGTA,G275P,nan,nan,0,0
AAACTGCAGTTAGATT,C477H,0.0000,0.0000,0,3
AAACTGCATGGTCACA,N20R S167H S270N D438N,1.0000,inf,28,0
AAACTGCGTAAGAAGA,V56W E494R,0.1695,0.1695,40,33
AAACTGCTAATTCACT,E327Y,0.0954,0.0954,1120,1642
AAACTGCTACAGGACC,,0.1729,0.1729,3240,2621
AAACTGGAAAACATAT,F467M,0.1754,0.1754,1895,1511
AAACTGGAATCAAACT,S519L,0.0000,0.0000,0,6
AAACTGGAGGGAGCGG,A188C A364G,0.3486,0.3486,177,71
AAACTGGCCAAAGAGC,,0.1464,0.1464,2244,2144
AAACTGGTGAACCCTT,Y353E N446G,0.2797,0.2797,38,19
AAACTGTATTGCATAA,Q40V,0.1888,0.1888,976,723
AAACTGTCAGGCGCAA,,0.1162,0.1162,1881,2264
AAACTGTGCACAAATT,N116M,0.0000,0.0000,0,39
AAACTTAATACAAGAA,D487H,0.1232,0.1232,356,404
AAACTTACTAATTAAT,D63V,0.0000,0.0000,0,55
AAACTTACTGATCACA,K125aI,0.0691,0.0691,447,904
AAACTTAGATGAGTAT,V34F,0.0000,0.0000,0,2
AAACTTAGGTAAAAGA,F467R,0.0000,0.0000,0,1
AAACTTATAGGAAATA,H117I R321T D366P T370K,0.0000,0.0000,0,9
AAACTTATTACCATAA,I15W,0.0000,0.0000,0,7
AAACTTCAAGCTCCTA,K9W,0.1044,0.1044,2588,3465
AAACTTCAGAACATTA,S6N G352H,nan,nan,0,0
AAACTTCATTTATCAC,L133aK,0.3758,0.3758,7680,2858
AAACTTCCAGCAAATA,E106V,0.0000,0.0000,0,6
AAACTTCCGAATACGC,C281M,0.0000,0.0000,0,7
AAACTTCCTTCGTGAC,Q226F,0.0030,0.0030,56,2583
AAACTTCGCGATTTGT,,0.2194,0.2194,284,181
AAACTTCGTTTCGGCG,E494C,0.1912,0.1912,3504,2563
AAACTTGCAAGTGAAA,,0.0647,0.0647,31,67
AAACTTGCATTCAGGG,S65A I243C,0.0000,0.0000,0,3
AAACTTGGAAGGATCC,,0.1013,0.1013,84,116
AAACTTGGACATAGGG,R435K E494F,0.2491,0.2491,636,357
AAACTTGGTCCTTAAA,I13M K372A,0.1045,0.1045,1971,2638
AAACTTTACAGTAAGC,F469K,0.2564,0.2564,22,12
AAACTTTATATTAGTT,,0.2892,0.2892,182,88
AAACTTTCACCTAGAA,M268G,0.0000,0.0000,0,2
AAACTTTCTAAACAAC,L447D,0.1049,0.1049,33,44
AAACTTTTCCGAAGCT,E119L,0.0780,0.0780,256,459
AAACTTTTGAGTTCCC,N289F W537*,0.0638,0.0638,73,160
AAAGAAAAAGATAACC,P125K G333S,0.4033,0.4033,372,129
AAAGAAAAAGCAGGTT,C64Y P293W,nan,nan,0,0
AAAGAAAAATGGAAAA,T23E,0.2169,0.2169,1039,670
AAAGAAAACCCAAAGA,E500M,0.2649,0.2649,1239,654
AAAGAAAACGTAAATT,E426L,0.0000,0.0000,0,3
AAAGAAAAGGTTAAGG,S480T,0.0990,0.0990,301,425
AAAGAAAATAAACCCT,W153P A459Y,nan,nan,0,0
AAAGAAAATGATCATT,A459F,0.0000,0.0000,0,4
AAAGAAACACAACCAG,I164T,0.1376,0.1376,8538,8677
AAAGAAACTCTAAACA,N379T,0.1795,0.1795,2312,1801
AAAGAAAGACAATTGG,,0.1507,0.1507,682,633
AAAGAAAGGTGGTCAA,V135M,0.0713,0.0713,424,832
AAAGAAATGTGACCGA,,0.1075,0.1075,1581,2056
AAAGAAATTATGTGAC,,0.0000,0.0000,0,3
AAAGAAATTCAATATC,L2* E403K R435K,0.2736,0.2736,45,23
AAAGAAATTTGCCTAA,,0.0901,0.0901,620,962
AAAGAACAATTGTCCC,N169R R321N T370P,nan,nan,0,0
AAAGAACACAGATCAA,L-1D,0.0000,0.0000,0,18
AAAGAACACTAACTAT,K269Y,0.1237,0.1237,422,477
AAAGAACAGAATAGTC,N103K,0.1558,0.1558,1189,1067
AAAGAACAGACTCAAC,I182F,0.1650,0.1650,177,150
AAAGAACAGGTTTTCA,V66T,0.1767,0.1767,11200,8866
AAAGAACATGGTTCGG,C277L,1.0000,inf,31,0
AAAGAACATTAGTTGA,G416I,1.0000,1.5942,57,5
AAAGAACATTCGAACG,E31G,0.0000,0.0000,0,5
AAAGAACCAAGATGTA,I121T,0.1364,0.1364,2648,2714
AAAGAACCTGGGTATA,S323W,0.0596,0.0596,296,695
AAAGAACTCAGGATTA,I529C,0.1347,0.1347,343,356
AAAGAACTTGTTTAAC,E407C T511D,0.2532,0.2532,134,74
AAAGAACTTTAAGTTT,L70M T279S,0.1357,0.1357,2370,2443
AAAGAACTTTTCAAGT,R321E,nan,nan,0,0
AAAGAAGAAAGGAGCA,Y353D,0.0000,0.0000,0,5
AAAGAAGACACTGATC,R229W,nan,nan,0,0
AAAGAAGACCATTTTC,L455G,0.0000,0.0000,0,4
AAAGAAGCAGTTGCAG,K269A,0.0892,0.0892,455,713
AAAGAAGCATAAGTAT,S167Y R321T T370* F469V,0.0697,0.0697,478,959
AAAGAAGCCAAAAGTG,,0.1481,0.1481,1182,1116
AAAGAAGCGGAACCAC,L154K,0.0000,0.0000,0,8
AAAGAAGGGGTACGCA,K262M,0.2098,0.2098,354,236
AAAGAAGTTAACATCC,G349W,0.0000,0.0000,0,27
AAAGAAGTTAAGTAAC,V444Q,0.0000,0.0000,0,7
AAAGAAGTTAGTAAAC,H38R,0.1480,0.1480,255,241
AAAGAATACAATAAAC,E461G,0.3454,0.3454,205,83
AAAGAATATGGACTAA,F79K,0.4428,0.4428,456,144
AAAGAATCCCTACATG,S10Y,0.0000,0.0000,0,3
AAAGAATCTGGACACA,Q40M,0.0877,0.0877,296,472
AAAGAATGCCCCGTAT,G416Q A528S,0.0678,0.0678,267,551
AAAGAATGTACAGACT,Y470K,0.1338,0.1338,290,303
AAAGAATTACAGATAA,,0.2519,0.2519,508,282
AAAGAATTCGATAGGA,I252H,0.0000,0.0000,0,2
AAAGAATTTTATCATT,,0.2713,0.2713,390,201
AAAGACAAAAAAGTTC,E-5G V135I,0.0921,0.0921,1237,1879
AAAGACACCAGGGTTC,H184C,0.0000,0.0000,0,12
AAAGACACGCCCATAC,S203P,0.0000,0.0000,0,3
AAAGACAGCATAGCGT,A93V,0.1230,0.1230,1842,2094
AAAGACATGAAAGAAA,,0.1815,0.1815,1115,859
AAAGACATGTCTTGTA,F439C,0.2897,0.2897,29,14
AAAGACATTAAGGTGG,V88E,0.0155,0.0155,1,9
AAAGACCACTCTGGGC,L325M,0.0051,0.0051,3,82
AAAGACCAGAAGTCAC,P306I,0.0000,0.0000,0,13
AAAGACCATTTCTTCT,Q222L,0.0772,0.0772,447,810
AAAGACCCAAACCACG,S167F F469V,0.0000,0.0000,0,7
AAAGACCCAATCAATC,G16L G345M,0.0000,0.0000,0,5
AAAGACCCCTACGCAC,N410S,0.0999,0.0999,345,483
AAAGACCCCTATTGAT,,0.1364,0.1364,3250,3332
AAAGACCCGCAACCTA,Q344P,0.3013,0.3013,558,259
AAAGACCGATATAACA,P92aH,0.0845,0.0845,244,404
AAAGACCGTAATGAGT,,0.1281,0.1281,679,741
AAAGACCGTCGAGTTT,L43P S133A,0.0000,0.0000,0,1
AAAGACGACAAAGCAT,,0.1354,0.1354,214,221
AAAGACGATAACTCGT,N475K,0.1187,0.1187,112,132
AAAGACGATACTAATA,H18N Q25E,0.3750,0.3750,118,44
AAAGACGGAACATCGT,I166L,0.2261,0.2261,3095,1914
AAAGACGGACAAATAA,,0.1429,0.1429,2770,2710
AAAGACGTAATTTAAA,M30V E131K,0.0422,0.0422,19,63
AAAGACTAACCTTAAT,C64L K156V,0.1314,0.1314,449,478
AAAGACTACCACACCT,E106Y,0.2671,0.2671,149,78
AAAGACTATAAAAATC,V285E,0.1800,0.1800,1317,1023
AAAGACTATACTATAT,N278W,0.2015,0.2015,915,635
AAAGACTATTATCCAT,,0.1698,0.1698,10472,8625
AAAGACTGTACATTCA,I260R L527D,0.0000,0.0000,0,8
AAAGACTGTTTAATCA,H355E,0.1306,0.1306,638,683
AAAGACTTGAGATGCC,S203P M346G M531S,0.0000,0.0000,0,1
AAAGACTTGGGAGAAC,N186P,0.1312,0.1312,152,162
AAAGACTTTACAAACT,A218G,0.0766,0.0766,1339,2444
AAAGAGACATACCTCT,A3I,0.0730,0.0730,1429,2736
AAAGAGACATTACACG,E-5C,0.1871,0.1871,4416,3300
AAAGAGACGAACATTG,T208S,0.1026,0.1026,838,1142
AAAGAGAGCTCGCGCC,N169T N322G R547K,0.2860,0.2860,90,44
AAAGAGATAAATCCTG,D159L,0.2650,0.2650,5202,2745
AAAGAGATGTGCGCTA,,0.1576,0.1576,1987,1763
AAAGAGCATCGTCCAT,,0.1608,0.1608,850,739
AAAGAGCCACGAATAA,I29S,0.1483,0.1483,88,83
AAAGAGCCCAAATACC,G337C,0.0000,0.0000,0,9
AAAGAGCCCCTGAGAC,D175T G349R,0.0000,0.0000,0,11
AAAGAGCCCTGGGAAG,K50V,0.2649,0.2649,3966,2094
AAAGAGCCGTTTCACA,G341L,0.0743,0.0743,270,508
AAAGAGCGTAACAGTC,R405Q,0.0000,0.0000,0,2
AAAGAGCTAAATCACG,I182E H183Y G330T,0.0000,0.0000,0,27
AAAGAGCTGCCCATTG,N357Q,0.0000,0.0000,0,2
AAAGAGGAATAGCACC,P82aF K380I,0.1534,0.1534,204,186
AAAGAGGCTTTCGCTT,G49I I517W,0.0000,0.0000,0,16
AAAGAGGGGCCGGGCA,E273L,0.1826,0.1826,649,497
AAAGAGGTCTAAACGC,,0.1170,0.1170,641,766
AAAGAGGTCTCGAGAT,V505S,0.0000,0.0000,0,9
AAAGAGTAAATGATTA,M530K,0.0000,0.0000,0,3
AAAGAGTATAAGGGTC,V56T,0.0494,0.0494,35,99
AAAGAGTCTTAAAGGG,Q282E I550D,1.0000,2.3773,34,2
AAAGAGTTAACACAAT,,0.1402,0.1402,386,385
AAAGAGTTAGAATATC,M75Y P293E,1.0000,inf,35,0
AAAGAGTTATGTACGA,T219A I385C,0.1420,0.1420,201,198
AAAGAGTTCCATGAAC,T200F,nan,nan,0,0
AAAGAGTTTAAGTTTA,N322C T370S F469Y,0.0000,0.0000,0,9
AAAGATAAAATCCCCC,,0.0957,0.0957,425,621
AAAGATAAAGATGAAA,R173D,0.1417,0.1417,75,74
AAAGATAATTATAACT,,0.1678,0.1678,96,80
AAAGATACCATGAAAA,,0.0952,0.0952,1329,1952
AAAGATACCTGAACAG,G143W,0.0836,0.0836,177,296
AAAGATAGACTCAACA,K165I,nan,nan,0,0
AAAGATAGGAGCCCAC,G100C,0.0000,0.0000,0,121
AAAGATATGTTTGGGG,R499N,0.1136,0.1136,490,603
AAAGATCAAAAGCCAA,A214T,0.0620,0.0620,39,88
AAAGATCATAAAATCC,A425V,0.2638,0.2638,249,132
AAAGATCCACCAATTA,E190Y,0.0280,0.0280,28,140
AAAGATCGAGCATAAG,V272T,0.0992,0.0992,256,361
AAAGATCGCTTTTGAG,R212F,0.0588,0.0588,1915,4556
AAAGATCTCACATTCC,Q211H,0.1078,0.1078,64,83
AAAGATCTGGGGAAAC,N150R,0.0000,0.0000,0,20
AAAGATCTGTGCTGAG,H18R *551C,0.1712,0.1712,317,259
AAAGATCTTCTCTATT,,0.1312,0.1312,3957,4217
AAAGATGCGACTGCAA,,0.1322,0.1322,1073,1135
AAAGATGCGGCCAAAT,,nan,nan,0,0
AAAGATGTATCAGAAC,E83D,0.2099,0.2099,1199,799
AAAGATGTCTAAAAGA,E493D,0.1454,0.1454,3378,3249
AAAGATTAACCCCCTC,D11R E494H,0.0000,0.0000,0,44
AAAGATTAGTAAGTCA,H471R,0.0000,0.0000,0,1
AAAGATTATGAACGCG,N357R,0.0000,0.0000,0,10
AAAGATTGGCAGCCAC,N116F Y486M,0.0000,0.0000,0,4
AAAGATTGTACTTCAA,I288S,0.6060,0.6060,13,3
AAAGATTTGGATGACA,T390V,0.2205,0.2205,1903,1207
AAAGCAAAACTACCAA,I202W,0.2689,0.2689,25,13
AAAGCAAATAAATGTA,P198D K328R,0.0898,0.0898,406,632
AAAGCAAATGCATTGC,S247T,0.1951,0.1951,459,329
AAAGCAAATGCGGCCG,T219A R328aL,0.0000,0.0000,0,11
AAAGCAATCTATTGGA,T301W,0.1528,0.1528,3146,2880
AAAGCAATGAAGTACT,V272F,0.0977,0.0977,710,1016
AAAGCACAAGTCGTCA,S323C,0.1593,0.1593,1031,905
AAAGCACAATACTGGG,H276Q,0.1639,0.1639,600,512
AAAGCACCGTAAACCC,S22Q,0.1590,0.1590,1063,935
AAAGCACCTCCACTCT,S167I R321V S369Y F469L,0.0000,0.0000,0,19
AAAGCACTAATGGCGG,V481L E501P,0.0233,0.0233,1,6
AAAGCAGAAAGCATAG,,0.1106,0.1106,1987,2513
AAAGCAGAAGATTTGA,D348Q,0.0619,0.0619,115,260
AAAGCAGAGCTTAACC,F233N,0.0000,0.0000,0,3
AAAGCAGCTAGGAAAA,W84Y G484S,nan,nan,0,0
AAAGCAGTAAGAGCCT,K262W,nan,nan,0,0
AAAGCATAACGGACTG,D240K V377G,0.0000,0.0000,0,9
AAAGCATATCATGTAT,N458V I548P,nan,nan,0,0
AAAGCATGAATTCGCA,F417R,nan,nan,0,0
AAAGCATGGTCCTACA,A138Y,0.0000,0.0000,0,173
AAAGCATGTTAACGCA,,0.0000,0.0000,0,37
AAAGCATTTGCGGAAA,,0.2051,0.2051,3160,2155
AAAGCCAAATCCGCGC,K328cP,0.1144,0.1144,18,22
AAAGCCAGGCTTCAGA,E78G,0.0000,0.0000,0,28
AAAGCCATCGTCAACA,A253M A317Q,0.0000,0.0000,0,15
AAAGCCATGGGATTTG,A336E,nan,nan,0,0
AAAGCCCACCCAAAAG,,0.0982,0.0982,132,188
AAAGCCCCATAAACTA,N54aR K307V,0.0608,0.0608,169,389
AAAGCCCCTGATAAAC,D457T,0.0870,0.0870,361,580
AAAGCCCGAAACAACC,V481R,0.0000,0.0000,0,8
AAAGCCCTAATTGTTG,N54aM F399I,0.0000,0.0000,0,1
AAAGCCCTATTTGAGC,W69L L331V,0.0755,0.0755,27,50
AAAGCCCTCAAAGTGC,W537P,0.0000,0.0000,0,16
AAAGCCGAACTCACGC,I178D S509T,0.0727,0.0727,79,152
AAAGCCGAAGAAAAAA,Y105D N169C K367I,0.0813,0.0813,25,43
AAAGCCGCCAAGCGGT,A67V G416F,0.1848,0.1848,37,28
AAAGCCGCTTTTACCA,K372A Y491V,0.0000,0.0000,0,4
AAAGCCTCGGCAAATG,S101H,0.1605,0.1605,1805,1573
AAAGCCTGACTCAACA,K367R L427Y,0.0476,0.0476,265,778
AAAGCCTGATAACTTA,L108F,0.1210,0.1210,717,829
AAAGCCTGTTAGTTTG,N158P,0.0000,0.0000,0,6
AAAGCCTTAAAGTAGC,S480G,0.0784,0.0784,254,453
AAAGCGAACAACTTGA,Q12M K387Q,0.2125,0.2125,158,104
AAAGCGAACCCATACA,,0.2221,0.2221,675,425
AAAGCGAGAGCGCAAA,V510N,0.1532,0.1532,46,42
AAAGCGAGGAAACCTT,V377S,0.0000,0.0000,0,4
AAAGCGATGACCGCAC,N-4D,0.0925,0.0925,225,340
AAAGCGCCCACTACGG,P254T L462H,0.0000,0.0000,0,8
AAAGCGCGTTCTTGCC,Q282G,0.0000,0.0000,0,15
AAAGCGGAATAGGGGA,S65R S383E,0.0000,0.0000,0,14
AAAGCGGGATAGGCAC,,0.1181,0.1181,971,1150
AAAGCGTTATGAAATT,E255F,0.1000,0.1000,269,376
AAAGCTAAAGTCTAGC,V152I F467A,0.0000,0.0000,0,4
AAAGCTAAGATTTACA,,0.1266,0.1266,219,242
AAAGCTAAGTGCAACA,R499W,0.2893,0.2893,151,73
AAAGCTAATATAGGCC,A253P K387I,0.0000,0.0000,0,22
AAAGCTAATCGAGATG,H298F,0.1032,0.1032,1938,2627
AAAGCTATACAACTAA,A365W,0.7769,0.7769,50,9
AAAGCTATTACAAACA,N103Q G349F,0.6109,0.6109,83,19
AAAGCTATTAGAAAAT,N33C D104M N475E,nan,nan,0,0
AAAGCTCAGATTGCGT,D241N,0.2540,0.2540,247,136
AAAGCTCATATGGATT,L437Y L507V,0.0000,0.0000,0,7
AAAGCTCATTTGTTGT,K109N,0.0000,0.0000,0,14
AAAGCTCCCGACAGAT,Y274R,0.1076,0.1076,357,464
AAAGCTGATACCCACG,E31W,0.0735,0.0735,1066,2028
AAAGCTGCCGATTAAC,C14K,0.0000,0.0000,0,5
AAAGCTTAAATAGTTT,Y353I H354D,0.0000,0.0000,0,7
AAAGCTTACAGTGAAT,M292N,0.0952,0.0952,198,291
AAAGCTTACATCATCA,L112I S516G,0.0992,0.0992,473,667
AAAGCTTCACAAAGAT,,0.0628,0.0628,442,985
AAAGCTTTGCACCATC,T219Y,0.1097,0.1097,452,576
AAAGGAAAACCATCTC,,nan,nan,0,0
AAAGGAAACGGAGTAA,L430N,0.0000,0.0000,0,1
AAAGGAAGGACATAAA,P198L,0.0661,0.0661,209,442
AAAGGAAGTCAACTAG,,0.0000,0.0000,0,18
AAAGGAATCAAAAGGT,S221F,nan,nan,0,0
AAAGGAATCCCGATCC,G100H K157D,1.0000,8.9500,64,1
AAAGGAATCTGATAGT,D415M,0.0277,0.0277,69,348
AAAGGAATTAGAGCCA,L96R L402Y,0.1845,0.1845,504,382
AAAGGACAGTATAAAC,K165A,0.1150,0.1150,4584,5575
AAAGGACCCCAAAACA,S10*,0.8158,0.8158,35,6
AAAGGACCCGAAAATA,V135W,0.0999,0.0999,80,112
AAAGGACTACTCGCCA,F399I,1.0000,1.8005,103,8
AAAGGACTATAGCACA,I288D,0.1806,0.1806,31,24
AAAGGACTCAAATAAT,C549T,0.2785,0.2785,233,117
AAAGGAGAAGCAATAA,V272R,0.1620,0.1620,489,422
AAAGGAGATACCACTC,A160M,0.1679,0.1679,3307,2754
AAAGGAGCAACGTAAC,R547C,0.2267,0.2267,167,103
AAAGGAGTACTTACAA,N73K,0.0000,0.0000,0,4
AAAGGAGTCGACACCT,,0.2637,0.2637,181,96
AAAGGAGTTCACAACT,R452K,0.0811,0.0811,761,1313
AAAGGATACACGGGAA,T279Y,0.1121,0.1121,109,136
AAAGGATATTCTATGT,,0.2191,0.2191,901,575
AAAGGATCAAATGTCA,,0.0000,0.0000,0,156
AAAGGCAAGGCTCTCA,G263H,0.0000,0.0000,0,10
AAAGGCAATATCCCTA,S167D S369G,nan,nan,0,0
AAAGGCATCGCCCAGT,F392I,0.2230,0.2230,59,37
AAAGGCGACCCGAAAC,L7I,0.1071,0.1071,2635,3439
AAAGGCGTCCCCTCAC,G510aW,0.1463,0.1463,1172,1120
AAAGGCGTGTAAGTCG,G16R,0.0000,0.0000,0,13
AAAGGCGTTGTCCATA,,0.1892,0.1892,249,184
AAAGGCTCAACGACCC,C14Y,0.9389,0.9389,47,7
AAAGGCTGACAGTCAA,G225L,0.0723,0.0723,790,1529
AAAGGCTTGAGAAATC,V429S,0.0000,0.0000,0,1
AAAGGGACATGGTCTC,L300D,0.0911,0.0911,129,198
AAAGGGAGGAACAACT,S10C,0.1268,0.1268,1095,1208
AAAGGGATGCCTATTC,T301Y,0.0794,0.0794,493,868
AAAGGGCAAAATTGAT,L325T E414I,0.1170,0.1170,215,257
AAAGGGTTTCCTTGAA,,0.1367,0.1367,345,353
AAAGGGTTTTTCCTAG,I13V S270W,0.0000,0.0000,0,1
AAAGGTAAAATCTATA,I550R,0.4054,0.4054,258,89
AAAGGTAAATCACCTA,A287V,0.0000,0.0000,0,5
AAAGGTAAATGTTACT,,0.1339,0.1339,1362,1422
AAAGGTACAAAGTGAG,,0.1674,0.1674,1764,1474
AAAGGTAGAGAGGGCC,C139D G330M,1.0000,1.4092,131,13
AAAGGTAGCGAAGATA,F469Y,0.0681,0.0681,1016,2085
AAAGGTATAATCTTTC,G333F,1.0000,3.7758,27,1
AAAGGTATGCAACATG,V151G A365T,0.0576,0.0576,91,221
AAAGGTCAATAGTTCC,,0.1509,0.1509,1861,1725
AAAGGTCAGAATCCCA,A459T,0.0599,0.0599,9,21
AAAGGTCTGAATTCCA,A91V L544I,0.2049,0.2049,1766,1205
AAAGGTGAGACCATAG,N424A,0.0000,0.0000,0,2
AAAGGTGTAATAAAAT,C473E,0.0000,0.0000,0,6
AAAGGTTCGCTAGGCT,E432F,0.0000,0.0000,0,3
AAAGGTTCTGCTTTCA,M431I,0.0000,0.0000,0,13
AAAGGTTGTCAGTAAC,S503F,0.1717,0.1717,1963,1599
AAAGTAAAAACCTAAA,,0.1133,0.1133,878,1084
AAAGTAAAAGAAGAAT,S136N,0.2812,0.2812,189,94
AAAGTAAACTCCAAAT,A317T G463L,0.3296,0.3296,33,14
AAAGTAAATCGTACCA,A39R,0.1216,0.1216,1080,1242
AAAGTAACACCTATGA,D63C T370A F469I,0.0000,0.0000,0,11
AAAGTAACTAAAATAC,T132K I288H,0.0000,0.0000,0,4
AAAGTAACTATTTATA,S442I,0.1590,0.1590,199,175
AAAGTAAGAACTCAGA,S361Y M388I,0.1373,0.1373,160,163
AAAGTAAGGTTATACT,P145A,0.0478,0.0478,27,79
AAAGTAATAACTCAAA,Y98G,0.0000,0.0000,0,43
AAAGTAATCAGTAGCC,W343H,1.0000,1.7061,122,10
AAAGTAATCCGTATCT,,0.1829,0.1829,2235,1709
AAAGTACAGGAAAAAG,V8C Y141D,0.0943,0.0943,3685,5465
AAAGTACTAATAACGC,L409Y,0.0000,0.0000,0,3
AAAGTACTATTATGGC,I29Y,0.1774,0.1774,203,160
AAAGTAGAGATCCAGC,T520M,0.1596,0.1596,3453,3026
AAAGTAGATACCAATT,H110T E501M,0.1696,0.1696,57,47
AAAGTAGGTCTCAGAG,T206Y,0.0000,0.0000,0,5
AAAGTAGGTGATCCAC,P99A,0.0305,0.0305,22,101
AAAGTAGTCGCGATAG,Y98A,0.0000,0.0000,0,4
AAAGTATAAGCTCGCA,D264R,0.3018,0.3018,41,19
AAAGTATGTCAGATAA,,0.1602,0.1602,2180,1903
AAAGTATTTAAGACAA,,0.2391,0.2391,53,31
AAAGTATTTTTCAGAA,N410A,0.1365,0.1365,980,1004
AAAGTCAAACTAAAGG,A214I E273K,0.1706,0.1706,3394,2782
AAAGTCAATCCTAAGT,T171R,0.1814,0.1814,96,74
AAAGTCAATTAAAGGT,E403W,0.1049,0.1049,3,4
AAAGTCACAACCAAAT,N172M,0.1559,0.1559,1204,1080
AAAGTCACTTTGAAGC,K387N,0.0793,0.0793,1774,3130
AAAGTCATAATAGGAA,W343Q,1.0000,7.2718,52,1
AAAGTCATATCCACCG,N169S,0.1559,0.1559,68,61
AAAGTCATTTACCAGG,D441C,0.2237,0.2237,72,45
AAAGTCCACAAATAAT,R404I R435K,0.1078,0.1078,128,166
AAAGTCCCTGATAACA,K460V,0.1563,0.1563,3478,3111
AAAGTCCGACCCTAAA,L112D M268I,0.0000,0.0000,0,2
AAAGTCCGGTAGCCAT,N103R K460T,0.0000,0.0000,0,14
AAAGTCCTAAAAGAGT,W350Q,0.0000,0.0000,0,4
AAAGTCCTAATGGTGT,V429M Y488V,0.5411,0.5411,178,46
AAAGTCCTCGGATAAG,A521S,0.3344,0.3344,110,46
AAAGTCGACAATAAAT,S125bG,0.1376,0.1376,180,183
AAAGTCGCTTACACAG,I178K R328aI,nan,nan,0,0
AAAGTCGTATTCAACA,K262W,0.0000,0.0000,0,26
AAAGTCGTTTGATACC,N94G,0.1086,0.1086,313,403
AAAGTCTGAACGATAA,P82aE,0.1424,0.1424,165,162
AAAGTCTGAATCCTTT,,0.1754,0.1754,987,787
AAAGTCTTACTCGCAG,W127* S185C,0.0000,0.0000,0,22
AAAGTGAACCTAGGGG,Y141P G484M,0.0000,0.0000,0,22
AAAGTGAATGTGCGTG,L54S,0.0000,0.0000,0,15
AAAGTGACACGCCCAG,V223E,0.4040,0.4040,26,9
AAAGTGAGCAAAGTTT,L1S P58R V429E,0.0000,0.0000,0,11
AAAGTGATAAACATAG,G205I,0.3066,0.3066,57,26
AAAGTGATGATCCTAT,K125aQ,0.2360,0.2360,6751,4000
AAAGTGCCCAAAAACC,D27C R173C,0.0000,0.0000,0,17
AAAGTGCGTTCATCTT,F294D E414D,0.0000,0.0000,0,6
AAAGTGCTAAAGAGTA,A526K,nan,nan,0,0
AAAGTGTAGTGTCAAC,N278A,0.0000,0.0000,0,2
AAAGTGTATTCCTTCC,G143N,0.2334,0.2334,4399,2636
AAAGTGTGTATATCTG,K450Y,0.1054,0.1054,101,134
AAAGTGTGTATTTGCG,R227Y,0.1633,0.1633,265,227
AAAGTTAAAGTATACG,G337Q Y486S,0.0000,0.0000,0,10
AAAGTTAATCTAATAA,I243T H440T,nan,nan,0,0
AAAGTTACAAAAAATC,N129Q A138V,0.0543,0.0543,59,152
AAAGTTAGCAGTTAGA,E-5* S101N,0.0000,0.0000,0,11
AAAGTTAGTCATATTT,I-3K,0.1537,0.1537,544,495
AAAGTTATTACATGTA,W153Y,0.0000,0.0000,0,2
AAAGTTCACAGCCGAC,,0.0981,0.0981,467,666
AAAGTTCATTGTAAGG,C281M,0.0000,0.0000,0,17
AAAGTTCGCATTCAGC,M230G,0.0000,0.0000,0,1
AAAGTTCTGAACAGCA,C52I Y98T,0.0000,0.0000,0,9
AAAGTTGAAACTGATA,,0.1971,0.1971,5213,3698
AAAGTTGACCCACTGA,V151F,0.2026,0.2026,1996,1378
AAAGTTGATGAGAACA,,0.1734,0.1734,1633,1317
AAAGTTGGACTTGTGC,A19P,0.0000,0.0000,0,5
AAAGTTTACAACTGTG,N172Q,0.1090,0.1090,1135,1456
AAAGTTTACCCTTACT,,0.1709,0.1709,1407,1151
AAAGTTTCAAACAGGT,P284G,0.2119,0.2119,50,33
AAAGTTTCGGTACAGA,L102C,0.0833,0.0833,337,566
AAATAAAAAAATAATT,L61M,0.1369,0.1369,230,235
AAATAAAAAAATGCCG,Y141D,0.0606,0.0606,169,390
AAATAAAAAATAGAAA,N73E C477*,nan,nan,0,0
AAATAAAAAATCAAGA,A39I,0.0937,0.0937,713,1064
AAATAAAAACCATATA,R499Q,0.1219,0.1219,320,367
AAATAAAAATGAGTTC,A242Y,0.0000,0.0000,0,4
AAATAAAACGCCGTAA,T192S I517C,0.0000,0.0000,0,14
AAATAAAAGACAAGCA,V510E,0.1485,0.1485,430,405
AAATAAAAGACCTAGT,,0.1295,0.1295,863,932
AAATAAAAGACTTATC,K156M Q391K,0.0908,0.0908,500,770
AAATAAAAGGCACCAG,Y486G,0.0000,0.0000,0,3
AAATAAAAGTACCACA,D386I,0.3041,0.3041,237,109
AAATAAAATCGACTGG,D386V,0.1407,0.1407,4148,4122
AAATAAAATGCTTACT,,0.1235,0.1235,597,676
AAATAAAATTAGACCA,E500N,0.1257,0.1257,1204,1339
AAATAAACAAGCACCG,,0.1243,0.1243,760,855
AAATAAACATAATGCC,K196I,0.8713,0.8713,81,13
AAATAAACGCCGACCA,N410V,0.5261,0.5261,79,21
AAATAAACGGAATAAC,D438R Q545P,0.6340,0.6340,136,30
AAATAAACTAACGGTG,,0.1732,0.1732,1525,1231
AAATAAACTACAGCCG,V429Y,0.0000,0.0000,0,3
AAATAAAGAAAACTGG,N433Y,0.0699,0.0699,11,22
AAATAAAGAAACCAAA,M478W,0.0000,0.0000,0,4
AAATAAAGCAAGAGAC,V377S,0.0000,0.0000,0,8
AAATAAAGCAGAAGAT,,0.2303,0.2303,56,34
AAATAAAGCTTCTAAT,,0.1482,0.1482,639,603
AAATAAAGGCATAATA,M111I V451G,0.1554,0.1554,30,27
AAATAAATAGGATAAG,F467G,0.0000,0.0000,0,5
AAATAAATAGTCGAAA,V381P,0.0000,0.0000,0,5
AAATAAATATAGGGAG,G465Y,0.3715,0.3715,170,64
AAATAAATATATGGAA,S85Q,0.0000,0.0000,0,2
AAATAAATCCAAGAAA,K109Y,0.3474,0.3474,77,31
AAATAAATGATGCCTG,,0.0942,0.0942,372,552
AAATAAATGTAACCAA,G228I,0.0000,0.0000,0,1
AAATAACAAATGAACG,N312A,0.0000,0.0000,0,3
AAATAACAAGTACCTA,T520R,0.0000,0.0000,0,1
AAATAACAGGGATTTA,,0.2187,0.2187,1048,670
AAATAACAGTGGCCCC,T283Q,0.0000,0.0000,0,51
AAATAACATTACCATG,G333F,0.0764,0.0764,47,86
AAATAACCTCGAATTA,L507G,0.0699,0.0699,33,66
AAATAACGAGACTAGA,Y308R,0.7246,0.7246,114,22
AAATAACGTGAAAACA,G463H,0.1065,0.1065,192,252
AAATAACTATATCACT,S543L,0.0932,0.0932,2,3
AAATAACTGCTAATCG,W127D,0.0000,0.0000,0,1
AAATAACTGTTAGCTT,Y258M,0.1160,0.1160,1120,1350
AAATAACTGTTCTCGG,I164W,0.0889,0.0889,887,1396
AAATAACTTAAAAATA,L102E,0.0000,0.0000,0,2
AAATAACTTTCAAAAG,,0.1354,0.1354,1055,1090
AAATAAGACCGATCAC,W343E,nan,nan,0,0
AAATAAGACGGACACC,E340M,0.2212,0.2212,1204,761
AAATAAGAGCGATGAT,Q12*,nan,nan,0,0
AAATAAGCACTATAGA,E432H,0.5221,0.5221,112,30
AAATAAGCCTCAGCAC,E434Y,0.1057,0.1057,183,242
AAATAAGCTTTTAATA,S265I,0.0890,0.0890,14,22
AAATAAGGGCTAAAAG,S290E,0.0000,0.0000,0,38
AAATAAGGTAGATTTA,A495K,0.0514,0.0514,75,204
AAATAAGTCCCTACGA,R482G,0.0000,0.0000,0,2
AAATAATAAAATTGGA,C14K,0.0000,0.0000,0,6
AAATAATAAACAAAGC,N210T,0.1979,0.1979,569,402
AAATAATAAACTAACC,V82S,0.1417,0.1417,461,455
AAATAATAACAGAGAA,,0.1585,0.1585,1541,1360
AAATAATAAGGAATTT,G72N,0.0872,0.0872,919,1473
AAATAATAAGGTACGT,L409V,0.1285,0.1285,442,481
AAATAATAAGTATATA,A287M,0.0000,0.0000,0,2
AAATAATAATAGAAAT,,0.0965,0.0965,534,774
AAATAATAGTGAATTA,T206G,0.2388,0.2388,7128,4174
AAATAATCAATTACCA,M413I,0.1457,0.1457,2168,2081
AAATAATCACAGCGCT,Y195G,0.0000,0.0000,0,1
AAATAATCAGTTCAAA,N400E,0.0839,0.0839,30,50
AAATAATCATGAGTAG,Q222C,0.0304,0.0304,111,511
AAATAATGAGCAGATC,S523N,nan,nan,0,0
AAATAATGATTGTAAC,,0.1575,0.1575,5391,4786
AAATAATGGAATAATG,S101D L428M,0.1203,0.1203,364,423
AAATAATGTCGCCGCC,N94V,0.1193,0.1193,1311,1537
AAATAATGTTTGTCGT,H47Y L409C,0.2689,0.2689,25,13
AAATAATTAGGCCACT,D415F F467K,0.1829,0.1829,17,13
AAATAATTCAAGTTCA,D375V,0.0784,0.0784,23,41
AAATAATTGTATATTA,P125L,0.1372,0.1372,103,105
AAATACAAAAGACGGC,G181A S356Q,0.1331,0.1331,5398,5670
AAATACAAGATGCAAA,Q191W,0.0000,0.0000,0,4
AAATACAAGTCGCAGT,A218D,0.0000,0.0000,0,1
AAATACAATATAAAAG,T390M,0.3002,0.3002,1552,723
AAATACAATGCTTTAT,E340N,0.1023,0.1023,30,41
AAATACACTGATATTC,I502G,0.3433,0.3433,27,11
AAATACAGAAAAAAAT,,nan,nan,0,0
AAATACAGTCAATAGT,,0.1686,0.1686,7069,5863
AAATACAGTTTGTTTT,L112G,0.2481,0.2481,275,155
AAATACATCACCAGAA,G319A,0.6992,0.6992,15,3
AAATACATGTTAAACT,W234A,0.0000,0.0000,0,31
AAATACATTAGTATGA,D241G,0.1726,0.1726,274,222
AAATACCAAAGGCATA,R81T T422A,0.0000,0.0000,0,2
AAATACCATATCTAGC,T199Y,0.1781,0.1781,796,625
AAATACCCAAACTAGA,,0.1380,0.1380,1716,1739
AAATACCCACGCCCCT,S523A,0.0915,0.0915,309,472
AAATACCCATGTAACC,,0.0859,0.0859,520,847
AAATACCGCATTAGAC,H295V,nan,nan,0,0
AAATACCGGGTTAAGT,G16T,0.0000,0.0000,0,2
AAATACCGTGTGAGAA,R452C,0.0000,0.0000,0,1
AAATACCTAACGCCCA,S133N,0.2290,0.2290,149,91
AAATACCTACAAATAA,R90M,0.1597,0.1597,1445,1265
AAATACCTTGACAGAA,V8H,nan,nan,0,0
AAATACGAGTTTCAAT,V377R,0.0000,0.0000,0,3
AAATACGATTGGGCCT,W343T,0.0000,0.0000,0,5
AAATACGCACTATGAG,P239C,0.1417,0.1417,1124,1109
AAATACGCATAAAATA,F469I,0.1333,0.1333,2214,2323
AAATACGCCTTTAAGT,N458R,0.0000,0.0000,0,3
AAATACGCGTGAAGCT,S167L R321D T370P F469W,nan,nan,0,0
AAATACGCTACCACAA,W84I,0.0000,0.0000,0,4
AAATACGTATCACAGA,S65R,0.0000,0.0000,0,30
AAATACGTTAAGACTT,,0.1249,0.1249,217,243
AAATACTAATAGTACA,,0.0466,0.0466,1,3
AAATACTAGATTCGCA,,0.2424,0.2424,52,30
AAATACTATAAAGACC,G68I G72V,nan,nan,0,0
AAATACTCGTTAAATC,E255W,0.1674,0.1674,176,147
AAATACTCTTAAGATC,I385R,0.1149,0.1149,443,539
AAATACTTACTTCTAA,L59D,0.0000,0.0000,0,7
AAATACTTCATTTGCC,T171G,0.1373,0.1373,7362,7497
AAATACTTCTGACCCT,V26I,0.1549,0.1549,4674,4221
AAATACTTCTGATTCA,T35M Y141E,0.1386,0.1386,2386,2408
AAATAGAACAATCCAG,G134M,0.3832,0.3832,137,50
AAATAGAACAATTGGA,V135D,0.0694,0.0694,551,1111
AAATAGAACTGATACG,E476Q,0.1252,0.1252,2159,2412
AAATAGAAGCATAGAA,,0.1252,0.1252,1689,1886
AAATAGAAGGCGCACT,N389Y,0.1377,0.1377,1559,1583
AAATAGAATTTATCTG,N289P,nan,nan,0,0
AAATAGACGAGAATCA,K9Y E476N,0.1268,0.1268,1007,1111
AAATAGAGAACGATGC,,0.1620,0.1620,694,599
AAATAGAGACCAAGTC,,0.0719,0.0719,1507,2930
AAATAGAGACGAATAA,,0.1840,0.1840,746,567
AAATAGATATTTAAAC,S126H,0.0940,0.0940,1329,1977
AAATAGATCAAATCTA,I164K,0.1667,0.1667,31,26
AAATAGCAAAGTATAC,S136L G181D A317T,0.0000,0.0000,0,4
AAATAGCAATCTACCG,P140D,0.1546,0.1546,1613,1459
AAATAGCAGGTACAGG,,0.1308,0.1308,475,508
AAATAGCCATAATATA,A528T,0.1203,0.1203,3186,3705
AAATAGCCATGGATGT,I155K,0.2426,0.2426,288,166
AAATAGCCGCTGCAAA,V204E R321S S369P,0.0000,0.0000,0,6
AAATAGCCGTAACCCT,K328V,0.1885,0.1885,364,270
AAATAGCTCTTGATTG,W421A,0.0000,0.0000,0,3
AAATAGGAAGATCGAC,M230P L418P,nan,nan,0,0
AAATAGGACACTAGAG,G72R,0.0520,0.0520,109,293
AAATAGGACGAAAAAA,H47F,0.1120,0.1120,1096,1369
AAATAGGAGTAAGGGG,,0.1437,0.1437,3598,3501
AAATAGGAGTGGCAGA,,0.1120,0.1120,274,342
AAATAGGCCGGTGGAC,H184V T283P,0.3896,0.3896,39,14
AAATAGGCGAAAGGAA,R404M,0.0821,0.0821,290,494
AAATAGGGTTATCCCG,L133aY,0.2817,0.2817,699,347
AAATAGGTAAGTTTAT,L154H G286C,0.0000,0.0000,0,4
AAATAGGTGGAGTTGT,L59C Q282R,nan,nan,0,0
AAATAGTAAAGACTAC,I-3* P293L,nan,nan,0,0
AAATAGTATATAAGTG,Q359V,0.0482,0.0482,741,2152
AAATAGTATATACTAT,R220T,0.0000,0.0000,0,4
AAATAGTCTTTCGCAC,E500Q,0.1936,0.1936,1894,1368
AAATAGTTCGTTACTG,G376C,nan,nan,0,0
AAATATAAAACCGTCT,L409A,nan,nan,0,0
AAATATAAAACTAGCC,A144N,0.2499,0.2499,21393,11973
AAATATAAAAGAGCGG,Q454K,0.1153,0.1153,935,1134
AAATATAACCAACCAA,A188K,0.1268,0.1268,1597,1761
AAATATAACCATTTCG,S146T,0.0992,0.0992,352,496
AAATATAATGCAATCG,K62Q R173P,0.1949,0.1949,3107,2229
AAATATACCCTTAGTA,I339E,0.5450,0.5450,152,39
AAATATACCTCGATAG,Y161N N224R E434G,0.0000,0.0000,0,8
AAATATAGAATGATTA,Y195Q,nan,nan,0,0
AAATATATAGGCTATA,L-1* N443R,nan,nan,0,0
AAATATATCTAATGTA,M30L,0.1618,0.1618,3075,2658
AAATATATTACTCGCC,L2T E461N,0.0000,0.0000,0,21
AAATATATTATCAACG,D375E,0.1112,0.1112,128,161
AAATATCAAAGCGTAT,V223A E403P,nan,nan,0,0
AAATATCCCCACCAGT,T23I,nan,nan,0,0
AAATATCCTATTAATT,,0.0000,0.0000,0,16
AAATATCGCACCTTAG,I548P,0.5687,0.5687,183,45
AAATATGACCTCCTAA,A137W,0.0745,0.0745,162,304
AAATATGCACCGTCGT,V8F,nan,nan,0,0
AAATATGCTAATCAAT,W84A K196M,0.3101,0.3101,51,23
AAATATGTACCCAGGG,I374N,0.0838,0.0838,239,399
AAATATGTAGACCGGA,L453H,0.1632,0.1632,91,78
AAATATGTTCTAACAT,,0.1306,0.1306,2425,2596
AAATATTAAAATCAAT,E414C,0.1279,0.1279,256,280
AAATATTAAATTCAGG,T46N,0.1659,0.1659,426,359
AAATATTACTCATACA,,0.1434,0.1434,1120,1092
AAATATTCCTGATTAT,I339W,1.0000,1.1013,63,8
AAATATTGCCGTGCAA,G271C,0.1447,0.1447,1540,1488
AAATATTTCTTAAGAA,Y351Q,0.7808,0.7808,67,12
AAATATTTTTATATAC,T46D,nan,nan,0,0
AAATCAAAAATACCTG,I297M,nan,nan,0,0
AAATCAAAAATCCCCA,D264N K387Y,0.0000,0.0000,0,2
AAATCAAACATGAGAA,H47Q,0.0538,0.0538,45,117
AAATCAAACGCGGCAC,L497D,0.2962,0.2962,3150,1487
AAATCAAAGACACGGA,G68T I548P,1.0000,1.6400,129,11
AAATCAAATCCTACGC,T266G G303D,0.0000,0.0000,0,6
AAATCAAATGGTACAT,L237P F294G,0.2797,0.2797,22,11
AAATCAACATACTAAC,Y363W N389D,0.3798,0.3798,201,74
AAATCAACCTAATAAA,S10W E83V,nan,nan,0,0
AAATCAACTGACCCGT,N289V,0.0955,0.0955,6000,8784
AAATCAAGAAGATAAT,Y256E,0.1425,0.1425,369,362
AAATCAATAACTCCTT,,0.0000,0.0000,0,3
AAATCAATATTGTGTA,,0.0933,0.0933,1864,2795
AAATCAATTAAGTAAT,N248Q,0.0598,0.0598,1789,4183
AAATCAATTCGTAATC,,0.1243,0.1243,1830,2059
AAATCACAAACGGTAG,A138R,0.1432,0.1432,43,42
AAATCACATGCAAGAG,G205R,0.0000,0.0000,0,12
AAATCACCTACTTAGT,T422G,1.0000,inf,17,0
AAATCACCTTTAACAC,,0.1736,0.1736,2347,1891
AAATCACGCGAGAACC,K62Q,0.1648,0.1648,3466,2941
AAATCACGCTTTCAAT,Y17W,0.2108,0.2108,3416,2266
AAATCACGTTTTATTC,,0.2190,0.2190,2679,1711
AAATCAGAATTCCCAT,D240C,0.2052,0.2052,471,321
AAATCAGACATTACAA,R229D E432K,0.0000,0.0000,0,4
AAATCAGACTGAATCT,G205R N210Q,0.6293,0.6293,18,4
AAATCAGCACAGCTAG,I202K,0.2225,0.2225,35,22
AAATCAGTATCTTTAT,Y201F,0.0901,0.0901,1693,2627
AAATCAGTGCCAGAGT,F245T,0.0000,0.0000,0,14
AAATCAGTGTTCATCG,E494G,0.1457,0.1457,571,548
AAATCAGTTTAAATAT,K310T,0.2164,0.2164,147,95
AAATCATAAGCAACGA,T23K,0.1089,0.1089,1121,1439
AAATCATAGGTCCTTA,E107P I164H,0.0000,0.0000,0,1
AAATCATATACGCTCA,G416W,0.0000,0.0000,0,21
AAATCATATATATCAA,L7C,0.0896,0.0896,1019,1590
AAATCATATGAACTTG,G16K L176S F469R,nan,nan,0,0
AAATCATGAACCAAAA,D41A S85R,0.2098,0.2098,30,20
AAATCATTAAATTCGA,V135F,0.2728,0.2728,4588,2352
AAATCATTAGGAAAAC,H183N,nan,nan,0,0
AAATCATTATTAATGG,N169K S519Y,nan,nan,0,0
AAATCATTGACACAGT,K45I,0.1389,0.1389,1860,1872
AAATCATTGTTATAAT,G205N E493*,0.0000,0.0000,0,88
AAATCCAAACGTGCCA,S101T T370R,1.0000,1.9578,28,2
AAATCCAAAGAGCGCC,,0.1191,0.1191,126,148
AAATCCAAAGATAGCG,E501V,0.1683,0.1683,7673,6375
AAATCCAACCATCCAA,M230F,0.0364,0.0364,91,350
AAATCCAAGAAATAGC,,0.1664,0.1664,5387,4528
AAATCCAAGTTTTATA,P92aF,0.1303,0.1303,328,352
AAATCCAATAAGTGAT,I13R G181R,0.0000,0.0000,0,1
AAATCCAATGAGCCGT,A495G,0.1517,0.1517,410,378
AAATCCACAATGCGAT,I60K L544P,0.1831,0.1831,55,42
AAATCCACAGTACGAT,E500W,0.2291,0.2291,1463,893
AAATCCAGACCAAGTC,L70I,0.1182,0.1182,410,485
AAATCCAGCTGGGTAC,D386A,0.1111,0.1111,27,34
AAATCCCACACCAAAA,,0.1016,0.1016,963,1325
AAATCCCACTTATAGT,,0.1497,0.1497,576,538
AAATCCCCAGACTTCT,C14G,0.0000,0.0000,0,1
AAATCCCGTACACTTT,D386L D419N,0.0354,0.0354,57,225
AAATCCCGTTGCAAGA,R229F M230T,nan,nan,0,0
AAATCCCTCTAAGTGA,N401C,0.0000,0.0000,0,265
AAATCCGCCTTTTCTA,Y105K,0.1205,0.1205,1660,1926
AAATCCGGATCGCTTA,Y105N,0.0978,0.0978,454,649
AAATCCTAACTAAATC,K445Q,0.0910,0.0910,851,1308
AAATCCTAATTGATAA,T485S,0.1363,0.1363,38,39
AAATCCTCAGTCAAGG,T199G,0.1202,0.1202,5762,6702
AAATCCTCTGCAAAGT,,0.1351,0.1351,1882,1948
AAATCCTGCCCACGGG,,0.1292,0.1292,2116,2291
AAATCCTTATCTAGGA,,0.1263,0.1263,149,165
AAATCCTTTAAAGGAC,V8A H276D D415N,0.1362,0.1362,972,998
AAATCGAACACTTAAC,L1S,0.0935,0.0935,3712,5552
AAATCGAACTACAATC,V261K,0.1187,0.1187,1977,2329
AAATCGAGCTCTATTT,,0.1760,0.1760,10168,8081
AAATCGATAACCAAAA,,0.0000,0.0000,0,4
AAATCGATACACCAGG,I514S,0.4503,0.4503,161,50
AAATCGATAGTCGAGA,Q211E,0.0000,0.0000,0,30
AAATCGCGAAGAAATA,,0.1439,0.1439,1344,1306
AAATCGCTCCTTTGGT,,0.1030,0.1030,2736,3715
AAATCGGAAGGAGAGC,D41N I182K,0.0000,0.0000,0,19
AAATCGGTGCGAATTA,V315R,0.1813,0.1813,341,263
AAATCGTAAACACCCT,,0.1436,0.1436,1141,1111
AAATCGTCACATCTGA,L122R Q391W,nan,nan,0,0
AAATCGTCTAAATGAG,R329S,0.0000,0.0000,0,6
AAATCGTGATTCCAAA,,0.1560,0.1560,271,243
AAATCTAACTAGGTGC,G303A M431I G484D,0.0000,0.0000,0,1
AAATCTAAGCCTGGTC,N169Y R321A,0.0000,0.0000,0,5
AAATCTAATAGAATAC,,0.1500,0.1500,874,815
AAATCTACAATTTGAC,S492W,0.1741,0.1741,2349,1887
AAATCTACGTCCACCA,Q40M,0.1292,0.1292,1214,1314
AAATCTAGAGAGCCTA,,0.1246,0.1246,1786,2005
AAATCTATAAAGAGAA,,0.1502,0.1502,1615,1504
AAATCTATACACTCGA,D386I N433S,nan,nan,0,0
AAATCTATATTACAAA,H47Q R456Q,0.1359,0.1359,275,283
AAATCTATTCACAATA,L447Q,0.0000,0.0000,0,1
AAATCTCATTCGCAAT,G249R R328aS,0.0000,0.0000,0,3
AAATCTCCCATAAACA,L314M,0.1768,0.1768,67,53
AAATCTCTATGTTTCA,,0.2046,0.2046,3275,2238
AAATCTCTGAAGTAGC,V309D K498N,0.0000,0.0000,0,7
AAATCTCTTGTTCCAA,E501D,0.0232,0.0232,36,217
AAATCTGAAGGAAAAA,P198A E432S,0.0380,0.0380,244,898
AAATCTGCAGTTACAA,F392R,0.0000,0.0000,0,2
AAATCTGTAAAAGAAT,,0.1657,0.1657,372,314
AAATCTGTGCCTGGCG,L43H Y518T,0.0000,0.0000,0,9
AAATCTGTTATAAAAT,S361K,0.0502,0.0502,42,117
AAATCTTAAACATCTC,,0.0935,0.0935,3862,5777
AAATCTTAACATACCT,N20W T200R,0.3321,0.3321,19,8
AAATCTTACCCATGTA,Q391R,nan,nan,0,0
AAATCTTATGTTGCAA,Y353* G376C,0.0000,0.0000,0,2
AAATCTTCGTCTGTAC,N-4H F251Y,0.0000,0.0000,0,27
AAATCTTTGCCACCGA,D11Y,0.0000,0.0000,0,6
AAATCTTTGCTACCCT,V66T H355L,0.1514,0.1514,5578,5152
AAATGAAAACCCAGTT,K216R,0.0933,0.0933,523,784
AAATGAAATAAAATGC,N433V I514E,nan,nan,0,0
AAATGAAATCATGAAG,D53L,0.0667,0.0667,301,631
AAATGAAATTCCCCCT,D449P,0.0000,0.0000,0,2
AAATGAACAACTAGCT,,0.1698,0.1698,10781,8881
AAATGAACCACGCGTA,E426D L428F,0.5467,0.5467,43,11
AAATGAACGGAGGTAG,K372H,0.0970,0.0970,263,379
AAATGAAGAAGCACCA,H440W,0.0000,0.0000,0,10
AAATGAAGATACACGA,I260W,0.0636,0.0636,5,11
AAATGAAGGCCCTTCA,V429F,0.0000,0.0000,0,12
AAATGAAGTACCTATA,T199E,0.1652,0.1652,5247,4442
AAATGAATTCATAGTT,,0.1732,0.1732,2242,1810
AAATGACAAAGTTTCA,,0.0569,0.0569,413,1015
AAATGACAATTATGAC,K328cF,nan,nan,0,0
AAATGACACAGGGTGA,G68T,0.0000,0.0000,0,4
AAATGACAGACATTTA,,0.1415,0.1415,862,852
AAATGACAGTAATGTA,E304K,0.1044,0.1044,1201,1608
AAATGACCCTAACTTG,M530N,0.0327,0.0327,76,325
AAATGACCCTGGACAA,M292C A521D,0.0000,0.0000,0,2
AAATGACCGTCAAAAA,R321P K372V,0.0000,0.0000,0,7
AAATGACCTATCCAAA,K57L,0.1770,0.1770,348,275
AAATGACCTTACGAAT,,0.0718,0.0718,321,625
AAATGACGAATACTGA,V429Y,0.0000,0.0000,0,3
AAATGACTACCGTTCA,F79W,0.0622,0.0622,133,299
AAATGACTCGATCCCT,S22Q F439T,0.0000,0.0000,0,10
AAATGAGAGACCCTAT,,0.0000,0.0000,0,132
AAATGAGAGGTGTGGT,S126A,0.3046,0.3046,917,421
AAATGAGATAAAAATA,M413I I514A,0.1757,0.1757,299,238
AAATGAGCCACATAAT,A214K,0.1645,0.1645,4631,3938
AAATGAGCGGACGGGA,E393I,0.1514,0.1514,289,267
AAATGAGGAGCGCGAA,T235I N322C K367S F469I,0.0000,0.0000,0,3
AAATGAGGCCTGTAAG,V8F *551R,0.5212,0.5212,41,11
AAATGAGGTGATAAAA,K262S,0.1113,0.1113,234,294
AAATGAGTCAGCAAGC,G271C K450N M530V,0.0000,0.0000,0,45
AAATGAGTTCCGAAAC,Q513H,0.1536,0.1536,1695,1543
AAATGATAACGGACAG,K9R,0.1515,0.1515,429,396
AAATGATACTTCTATT,,0.1101,0.1101,1043,1325
AAATGATCGGGAATTT,M538C,0.6172,0.6172,331,75
AAATGATCGTTAGGCG,S167P R321G,0.0000,0.0000,0,19
AAATGATTTCGCTTGA,D53N C546I,0.0000,0.0000,0,38
AAATGCAAAACCCACC,K411C,0.2451,0.2451,787,449
AAATGCAAGAAACCAA,S185V,0.0207,0.0207,88,594
AAATGCAATGTATTCC,N172Q,0.1684,0.1684,1543,1281
AAATGCACAAGGTACT,V429R,0.6468,0.6468,37,8
AAATGCACGACATTTG,Y195T,nan,nan,0,0
AAATGCAGTCTCCCCC,R90V N129K,0.2311,0.2311,1464,886
AAATGCATCCATAATA,E493H,0.1518,0.1518,1926,1774
AAATGCATTTAGTCTC,V309C T511C,0.1632,0.1632,14,12
AAATGCCAAACTGCGG,D159N A521N,0.1017,0.1017,32,44
AAATGCCGTAGTGTTT,K328C,0.0620,0.0620,39,88
AAATGCCTAGAGATTC,M-6Y,0.6759,0.6759,29,6
AAATGCGCTCCCAAAG,N187Y,0.1265,0.1265,1346,1488
AAATGCGGAACACAAT,,0.2963,0.2963,733,346
AAATGCTAGAGTGAGA,T163P,0.1521,0.1521,816,750
AAATGCTCACTTAAAT,,0.0000,0.0000,0,7
AAATGCTCTTGATAAG,T436Y,0.0000,0.0000,0,10
AAATGCTGACTGGTCG,Y470C,1.0000,5.0344,36,1
AAATGCTGAGCTGGAC,D474T,0.1290,0.1290,1466,1589
AAATGGAAAAAGATCA,K328cA,0.2465,0.2465,543,308
AAATGGAACCCAATTA,P99V,0.1984,0.1984,105,74
AAATGGACACGGTCAG,A67T M230D L427M,0.4948,0.4948,46,13
AAATGGACGCCACAGT,W421P,0.0000,0.0000,0,7
AAATGGAGATCAAAAA,E83M S524C,nan,nan,0,0
AAATGGAGGTCAGAAG,K262V,0.1948,0.1948,344,247
AAATGGCACGCGTCCA,M538Y,0.9867,0.9867,508,72
AAATGGCAGCAACTTA,Y17N,0.0000,0.0000,0,1
AAATGGCATTTACGCC,N248R,0.2397,0.2397,108,63
AAATGGCTAAGCTTCA,E393Y,0.0760,0.0760,81,149
AAATGGCTCTAATCCG,R220F,nan,nan,0,0
AAATGGCTGATATATT,,0.0000,0.0000,0,7
AAATGGGATTACTTAT,P125D A528F,0.1569,0.1569,479,427
AAATGGTTTAATTCAT,Y518S,0.1903,0.1903,49,36
AAATGTAACACCAATA,S311N A526R,0.0000,0.0000,0,2
AAATGTAAGCATCACT,L527C,0.2198,0.2198,11,7
AAATGTACCCGTCTAT,K196C,0.5244,0.5244,15,4
AAATGTACTAATCTAC,D441P,nan,nan,0,0
AAATGTAGTGTTTCCG,K307N,0.0000,0.0000,0,2
AAATGTCATATAACAA,E432M,0.2557,0.2557,448,245
AAATGTCATATAATTA,E432M L455A,0.0000,0.0000,0,17
AAATGTCCAGTGAAAC,N248M S492D,0.3146,0.3146,81,36
AAATGTGCTATAATCT,N129K I339C,nan,nan,0,0
AAATGTGCTATGATCT,,0.0306,0.0306,73,334
AAATGTGGGAAGTCAG,G55W S503P,0.1375,0.1375,712,724
AAATGTGTAACTTATA,P215A,0.1773,0.1773,71,56
AAATGTTAGCAAACCT,,0.1395,0.1395,1249,1252
AAATGTTATCTATTAT,S480P,0.0000,0.0000,0,10
AAATGTTGCAAAGGGA,K280E L430W,0.0000,0.0000,0,1
AAATGTTTTTACCCAA,V88L K387P,0.0000,0.0000,0,1
AAATTAAAAAGTACAT,F294W,0.1358,0.1358,1050,1081
AAATTAAAAGCGCTCT,F245N S480N,0.1239,0.1239,3290,3714
AAATTAAAATGTTGCC,P239Y,0.2463,0.2463,12226,6943
AAATTAAACTAAAGTG,,0.2056,0.2056,522,355
AAATTAAACTAATTAG,,0.2057,0.2057,631,429
AAATTAAAGCCAGGAT,P140I,0.1367,0.1367,739,756
AAATTAAAGTAGAAAG,I202R E468*,1.0000,inf,14,0
AAATTAAATGATAAAC,,0.0795,0.0795,618,1087
AAATTAAATGTAGGTG,L418R,0.0000,0.0000,0,2
AAATTAACACCTTGAG,L320M,0.1488,0.1488,581,546
AAATTAAGACCTAATA,S543G,0.3030,0.3030,39,18
AAATTAAGCCCATTAA,A495D,0.0000,0.0000,0,16
AAATTAATAATTCCAA,G134P L320P,0.0000,0.0000,0,12
AAATTAATACAACGAA,,0.1430,0.1430,317,310
AAATTAATCAAATACA,Y141C T378Y,0.1380,0.1380,807,818
AAATTAATCTAAACTT,,0.0000,0.0000,0,1
AAATTAATTAACAATA,,0.2199,0.2199,511,325
AAATTAATTCTTTGAG,T436V A528V G533C,1.0000,3.1465,45,2
AAATTACAAAGTTAGA,S543*,0.0725,0.0725,14,27
AAATTACAAGATATAG,L527C,0.0000,0.0000,0,36
AAATTACAGTAATATA,P284W,0.0000,0.0000,0,2
AAATTACAGTATATCT,K313Y,0.1995,0.1995,214,150
AAATTACATAATCCAT,,0.2880,0.2880,519,252
AAATTACCGGCGACCA,,0.1619,0.1619,4352,3759
AAATTACCTGTTATGC,N464S L515D,nan,nan,0,0
AAATTACGTCAACTAA,L96R,0.1371,0.1371,199,203
AAATTACTAAGAGGAT,,nan,nan,0,0
AAATTACTAAGAGGGT,,0.1404,0.1404,2126,2117
AAATTACTAATCTCAA,T192H,0.0163,0.0163,68,585
AAATTACTATAAAAGT,L179A,0.1787,0.1787,386,302
AAATTACTCTAAGGAT,,0.1783,0.1783,11666,9149
AAATTACTTTCGGTCC,,0.3190,0.3190,1152,505
AAATTAGAATGGGTGC,,0.1292,0.1292,1010,1093
AAATTAGACTTTGCCG,A521P,nan,nan,0,0
AAATTAGAGATTACAC,S265H E340G,0.0000,0.0000,0,2
AAATTAGCAACTGGCA,K411I,0.1323,0.1323,1011,1069
AAATTAGGATAGGCGG,,0.1894,0.1894,1265,934
AAATTAGTACCTAAAT,S146L D474C,0.0000,0.0000,0,43
AAATTAGTATACAGTC,,0.2699,0.2699,770,399
AAATTAGTCTATTCAC,L71E,1.0000,3.0766,22,1
AAATTAGTGCTCGAGT,,0.0956,0.0956,201,294
AAATTATAAGAAATGA,,0.1689,0.1689,1780,1474
AAATTATACTGTGACC,,0.1328,0.1328,2655,2795
AAATTATAGATTCAGA,N224Y A528S,0.1858,0.1858,291,219
AAATTATATATTTACA,E479W,0.1008,0.1008,160,222
AAATTATATGCAGATA,E358*,0.0000,0.0000,0,7
AAATTATATTAATACC,K125aR,0.1351,0.1351,1249,1293
AAATTATCAACGACCT,T283L,0.0000,0.0000,0,4
AAATTATGAATCTAAT,I80T N446P,0.0000,0.0000,0,9
AAATTATGCGGGATCA,L179N,0.4755,0.4755,153,45
AAATTCAAAAAGATAG,L331S,0.3861,0.3861,127,46
AAATTCAAAAATGAGA,A214N,0.1644,0.1644,9364,7964
AAATTCAAGTCGCGAA,M-6I C64S E461Q,0.0000,0.0000,0,8
AAATTCACTACTGTAC,W84* T318H W537*,nan,nan,0,0
AAATTCACTATGACAC,K45L,0.0991,0.0991,1875,2646
AAATTCAGAGCTAGGC,,0.1100,0.1100,666,847
AAATTCAGATCCAAGA,,0.0405,0.0405,99,342
AAATTCATAAGGGCGG,Y486F,0.0000,0.0000,0,1
AAATTCATGTGCAGAA,,0.1471,0.1471,2878,2736
AAATTCCAAAGACACC,K387I,0.1731,0.1731,520,420
AAATTCCACTGAAGAG,L300V,0.1592,0.1592,428,376
AAATTCCAGATAGAGC,L194H Q391D,0.1228,0.1228,108,123
AAATTCCAGCTGCATA,D159V E434C,0.0000,0.0000,0,8
AAATTCCAGGTGGTGT,A160W,0.1758,0.1758,1065,847
AAATTCCAGTCGGAGT,,0.1393,0.1393,6710,6737
AAATTCCATACGAGTC,L213N,0.1688,0.1688,8954,7417
AAATTCCATCAAACAC,D375R,0.2538,0.2538,167,92
AAATTCCCACTGACTC,R173Y F417R,0.7374,0.7374,58,11
AAATTCCCAGCACCCT,,0.1291,0.1291,530,574
AAATTCCCTTGAGAAC,E24W,0.2113,0.2113,2962,1960
AAATTCCTTACAGCTT,,0.1394,0.1394,292,293
AAATTCGATGTGCAAC,E407Y M413I,0.1501,0.1501,44,41
AAATTCGTAACTAAAC,Y470C,1.0000,4.8945,35,1
AAATTCGTAGAAATTC,V444A,nan,nan,0,0
AAATTCTAAGGGCCAC,V309R,0.7866,0.7866,45,8
AAATTCTACCTACACT,G484V,0.1104,0.1104,360,456
AAATTCTCAACTACAG,,0.0949,0.0949,1378,2031
AAATTCTGAAAGGAGA,L209V,0.1991,0.1991,588,413
AAATTCTGGATCGTTC,A365R,nan,nan,0,0
AAATTCTGGTCGGACA,V395M F469L,0.1951,0.1951,1285,921
AAATTGAACTATCCGC,,0.1288,0.1288,1451,1575
AAATTGAACTTCCCCA,G319N,0.0000,0.0000,0,16
AAATTGAAGGATTACA,T200P,0.0800,0.0800,174,304
AAATTGACAGCAAAAC,R114A Y518C,0.0820,0.0820,17,29
AAATTGCAAGGGTACA,S291W,0.3729,0.3729,72,27
AAATTGCCTTGAACTC,F233M,0.0933,0.0933,816,1223
AAATTGGAAACCCTTT,,0.1517,0.1517,1400,1291
AAATTGGAAAGCAGAG,V36H,0.0000,0.0000,0,2
AAATTGGGACAACAAA,E327N,0.0000,0.0000,0,5
AAATTGGGACACATAG,V444L,0.1978,0.1978,3954,2795
AAATTGTAGGACCCTC,D375H,0.7728,0.7728,105,19
AAATTGTCTTCCAAAC,M292H,0.1366,0.1366,466,477
AAATTGTTATTCCGTC,V8G S10I,0.0000,0.0000,0,3
AAATTGTTTGTAATAC,,0.0000,0.0000,0,1
AAATTTAATGCCGGCG,C76F,0.0000,0.0000,0,2
AAATTTAATGGAGCCG,I243Q G341T,0.5244,0.5244,135,36
AAATTTAATTACATAA,R114C,0.1555,0.1555,4477,4027
AAATTTACACAACCTC,,0.1046,0.1046,555,742
AAATTTACAGCACATA,,0.1018,0.1018,445,611
AAATTTAGACTATTTT,Y491M,0.1053,0.1053,67,89
AAATTTAGTTAAGCTT,,0.1100,0.1100,877,1115
AAATTTATCTAATTAT,Y353P,0.0000,0.0000,0,3
AAATTTATTATGATTG,N289I,0.0000,0.0000,0,4
AAATTTCAATAAACCG,,0.0000,0.0000,0,3
AAATTTCATAGATGCA,R321P,nan,nan,0,0
AAATTTCCGCCTTCCG,L409N,0.0000,0.0000,0,2
AAATTTCCTTAAAAAT,Y363V,0.0000,0.0000,0,3
AAATTTCGAACATGAG,,0.1093,0.1093,344,440
AAATTTCGCGTAATTA,L102M A521S,0.0830,0.0830,19,32
AAATTTCGTAATGACA,F245K M431I,0.0000,0.0000,0,1
AAATTTCTTAAATGTC,,0.1640,0.1640,475,405
AAATTTGATGAAACCA,N400I,0.6712,0.6712,48,10
AAATTTGCGTTACTGG,N116V F294D,0.0000,0.0000,0,1
AAATTTGTAGAATCAA,T163C,0.1701,0.1701,1625,1336
AAATTTGTCAGATTAT,M530P,0.1594,0.1594,6317,5541
AAATTTTAAAACCTTA,L316F,0.2401,0.2401,261,152
AAATTTTATTATCAAA,Y98Q,0.0000,0.0000,0,1
AAATTTTGGCGTATAC,T520P,0.0000,0.0000,0,8
AAATTTTGTATTGAAA,,0.1402,0.1402,9224,9200
AAATTTTTCCACTAGT,K196M Q344F,0.2956,0.2956,2317,1096
AAATTTTTTCAAAAGA,,0.1302,0.1302,2445,2627
AAATTTTTTGACTTCC,,0.1315,0.1315,111,118
AACAAAAAAAGAATAT,Y86D,0.0000,0.0000,0,5
AACAAAAAAATAAGCG,C549V,0.2098,0.2098,39,26
AACAAAAAAGGAAACC,S221E,0.2247,0.2247,45,28
AACAAAAACTGATAAA,,0.0987,0.0987,887,1257
AACAAAAAGATTTTGA,F79E,0.7195,0.7195,355,69
AACAAAAATAAAGCTC,A19S N129Y,0.2620,0.2620,2376,1268
AACAAAAATGAAATAA,H38G,0.0749,0.0749,277,517
AACAAAAATGCCATGA,G463N E508T,0.8269,0.8269,136,23
AACAAAACGCAATTTT,P128L L427I,0.0000,0.0000,0,40
AACAAAACTAAACAAT,R173W,0.0735,0.0735,549,1045
AACAAAACTCAATCGG,V309H,0.0000,0.0000,0,4
AACAAAACTGACACAT,D175W,0.0968,0.0968,36,52
AACAAAACTGTCCAAG,E398H,0.0000,0.0000,0,11
AACAAAAGAAAAGTCC,V444S,0.0000,0.0000,0,1
AACAAAAGAAACTCAC,E44V,0.0000,0.0000,0,13
AACAAAAGCCGGCAAT,K310L,nan,nan,0,0
AACAAAAGTCAATGTC,,nan,nan,0,0
AACAAAATAAGATTAA,K412M,0.1090,0.1090,247,317
AACAAAATAGAAATAG,S270N,0.0964,0.0964,264,383
AACAAAATCATCACAC,,0.1616,0.1616,5918,5121
AACAAAATTATAGGAA,G249V K498P,nan,nan,0,0
AACAAACAAAAGAAGG,S356R S524R,0.0000,0.0000,0,14
AACAAACAACATGTAC,L-1* S492D R499W,1.0000,2.5172,36,2
AACAAACAGCGCACCA,I374P,0.0000,0.0000,0,4
AACAAACATTGGTCGA,E434V,0.1398,0.1398,41,41
AACAAACCACTTACAT,H276S,0.0000,0.0000,0,30
AACAAACCAGCCAACC,K259C,0.1242,0.1242,492,554
AACAAACCCACGGAGT,T206W,0.0000,0.0000,0,5
AACAAACGTAAGAAGG,,0.0203,0.0203,51,351
AACAAACTAAATCAGC,,0.1401,0.1401,561,560
AACAAACTGAATTAAT,L54V,0.1250,0.1250,261,292
AACAAACTGTACGTAA,,0.1862,0.1862,2251,1691
AACAAAGAAAGCAAGG,Y161H,0.0000,0.0000,0,24
AACAAAGAACTATGCA,,0.0854,0.0854,1217,1992
AACAAAGAATGATACA,A218E,0.0000,0.0000,0,6
AACAAAGAGCCCCCTG,G342I,nan,nan,0,0
AACAAAGCATAAACTT,N410V,0.0000,0.0000,0,14
AACAAAGCCAAGTTAA,S146V G286W,nan,nan,0,0
AACAAAGGGCACACTC,K411P,nan,nan,0,0
AACAAAGTTGTGGTCA,G362N,0.0987,0.0987,297,421
AACAAATAAATTTTAC,*551K,0.3055,0.3055,284,130
AACAAATAATACCCTA,S442P,0.0000,0.0000,0,16
AACAAATATTTATTGA,N-4F V-2L,0.0912,0.0912,135,207
AACAAATCCACAATTG,K57G,0.2675,0.2675,1511,790
AACAAATGCTAACGTA,,1.0000,1.2935,37,4
AACAAATGGTTTCAAT,C139W S543L,0.1951,0.1951,60,43
AACAAATTAAAGAGTA,K380R N458R,0.3574,0.3574,23,9
AACAAATTCAATATGT,V261D,0.0953,0.0953,2516,3693
AACAAATTCATGTCTT,Y486G,nan,nan,0,0
AACAAATTCCAGTGAA,N197F,0.0290,0.0290,95,458
AACAAATTCTGATTAC,R329V,0.3729,0.3729,48,18
AACAAATTGCCCATAT,Q25H T301E,nan,nan,0,0
AACAAATTGGACACAT,,0.2153,0.2153,137,89
AACAAATTGTGAGAAC,L108G E500G,0.0000,0.0000,0,20
AACAACAAAGTCCACA,Y258Q,1.0000,inf,40,0
AACAACAACGACATTT,H38Q L43M,0.0676,0.0676,1110,2296
AACAACAATGACATCT,,0.0000,0.0000,0,1
AACAACACGAGGTACT,H354M V505Y,0.1623,0.1623,427,368
AACAACACTTCAGAGC,H295L R328bG L447Y,0.0000,0.0000,0,18
AACAACAGAACTACGA,G342F,1.0000,1.0069,36,5
AACAACAGTTTTATTA,,0.1056,0.1056,3538,4687
AACAACATATTAATAA,L427D,0.0000,0.0000,0,1
AACAACATATTCGAAT,,0.1641,0.1641,967,824
AACAACATCAAATCCT,S247H,0.0000,0.0000,0,6
AACAACCAGCCATGAC,G286M R456P,nan,nan,0,0
AACAACCAGGTCTCGC,N296F,0.0000,0.0000,0,2
AACAACCCACGAAAGG,Y423D,0.0000,0.0000,0,4
AACAACCCCGAGCAAG,I42T C277D,0.6468,0.6468,37,8
AACAACCTAATTTAAC,,0.1181,0.1181,293,347
AACAACCTCGTGTATA,Q211P,0.0000,0.0000,0,10
AACAACGCTACTCTCT,,0.1159,0.1159,454,548
AACAACTACCCCTATC,,0.0453,0.0453,46,142
AACAACTAGAATATAT,H440R,0.0000,0.0000,0,2
AACAACTATATAGAAA,,0.0554,0.0554,279,704
AACAACTATTGTTCCC,L102P K412H,nan,nan,0,0
AACAACTCTACTTGAA,,0.2095,0.2095,373,249
AACAACTGAACTAAGG,,0.1511,0.1511,1964,1818
AACAACTGTAATCAAG,F79A,0.0000,0.0000,0,2
AACAACTTAAATTGGT,D95N I155A,0.0129,0.0129,25,272
AACAACTTAGTCTGCA,,0.0316,0.0316,147,650
AACAACTTGTTAAATA,I13D,0.0000,0.0000,0,1
AACAAGAAAATGCCGT,E493G,0.1766,0.1766,3675,2910
AACAAGAAATCCACGA,D41A K238A E493I,0.1161,0.1161,186,224
AACAAGACCAATACTC,I406G R547K,nan,nan,0,0
AACAAGAGCATAAAAT,K259A,0.0953,0.0953,2689,3945
AACAAGATAGAATATA,G330N,0.0000,0.0000,0,4
AACAAGATTAGACCTG,N-4S S85T R90G K310S S509G,0.0000,0.0000,0,1
AACAAGATTTAGGGTT,S270E,0.0000,0.0000,0,27
AACAAGCACCAAAGCA,,0.6992,0.6992,35,7
AACAAGCAGAGCGGGG,G376K,0.1298,0.1298,1100,1185
AACAAGCTAATGTGAG,E106I,0.0000,0.0000,0,6
AACAAGGAAACAAGCT,T520G,0.0788,0.0788,115,204
AACAAGGAAGCTCCAT,K412I,0.1364,0.1364,602,617
AACAAGGATATTGGAA,E31S,0.0969,0.0969,377,544
AACAAGGTCCCCGTCA,L325M R329T,0.4518,0.4518,42,13
AACAAGGTTCCAACAC,L54N,nan,nan,0,0
AACAAGTATAGAAGGT,A39D,0.0000,0.0000,0,10
AACAAGTGAACCAAAA,,0.1255,0.1255,6470,7211
AACAATAACTCACGTA,Y486I,0.0000,0.0000,0,2
AACAATAAGTTAACAC,,0.1454,0.1454,3616,3478
AACAATAATAGAGAGA,N187C,0.1240,0.1240,1278,1441
AACAATACAAAAATAC,R321M D366S T370N,nan,nan,0,0
AACAATACAAGGCAAA,P74H,0.0772,0.0772,361,654
AACAATACATTCCCAC,S133K H244W,0.0835,0.0835,567,950
AACAATACCACCGAAT,R173F M538F,0.0000,0.0000,0,5
AACAATACCCAGATCT,R328aY,0.3846,0.3846,22,8
AACAATACTAATCGAA,A188G,0.1127,0.1127,607,753
AACAATAGAAGTAATA,D386W,0.1315,0.1315,3419,3635
AACAATAGCCTATTTA,T422K,0.7971,0.7971,57,10
AACAATATATTGTTGT,G143E,0.0524,0.0524,153,408
AACAATATCGCTGAAC,K125aR,0.3311,0.3311,734,310
AACAATATTAGTAGTC,L447M Y470N,0.3258,0.3258,233,100
AACAATCACCTAAAAA,T23S G303I,nan,nan,0,0
AACAATCACTATTTAC,Q211D S442N,0.0310,0.0310,31,140
AACAATCAGGCCCACA,,0.1142,0.1142,2732,3344
AACAATCCCAATGAAC,T279D V444W,1.0000,2.9367,63,3
AACAATCTAATCCCAA,S167Y D366Y,0.0000,0.0000,0,12
AACAATCTGAACAGAG,S6D R326A,0.1465,0.1465,465,444
AACAATGAGGAACTCT,R499E,0.1120,0.1120,1003,1252
AACAATGCACAAGTTC,L176D G275D,nan,nan,0,0
AACAATGCAGTTCGAG,T132I W421N L527M,nan,nan,0,0
AACAATGGTTATGTAA,,0.4726,0.4726,365,108
AACAATTAAATCAGCT,Y308I F469M,0.0000,0.0000,0,2
AACAATTAACCCTTGA,A526S,0.1964,0.1964,528,376
AACAATTAGATAAGAG,N172V,0.2276,0.2276,262,161
AACAATTAGTACTCAT,Y86C N158F,0.1532,0.1532,23,21
AACAATTATAATATCT,,0.1527,0.1527,154,141
AACAATTATTGAAACA,I335V,0.1504,0.1504,672,625
AACAATTGACTAAAAG,L237M G396T,0.0459,0.0459,89,271
AACAATTGCAGCTAAT,S65H I115R,0.9789,0.9789,35,5
AACAATTGCGTACCCC,,0.1674,0.1674,2542,2123
AACAATTTAAGACAGC,T200S,0.0610,0.0610,51,117
AACACAAAAAGATCCG,P140M,0.1619,0.1619,667,576
AACACAAAAAGCTATC,E255V E500K,0.1800,0.1800,242,188
AACACAAAACAGCAAT,H276D,0.2473,0.2473,6279,3551
AACACAAACAGCCAGA,M75R I182F W343L,0.0000,0.0000,0,4
AACACAAACTGCAGTA,S101F,0.0833,0.0833,358,601
AACACAAAGAAACGGA,M346G,0.0000,0.0000,0,3
AACACAACACCTATCA,S126N,0.1496,0.1496,626,585
AACACAACATTCAAGA,R227E,0.0880,0.0880,319,507
AACACAACGTCCAGCC,D27E E273R,0.0000,0.0000,0,19
AACACAAGGAGAGACT,A425T,0.1367,0.1367,388,397
AACACAATGATATCAT,P284N N475C,0.3901,0.3901,53,19
AACACACAAATACAGT,,0.1015,0.1015,1089,1500
AACACACATCCCCGGA,,0.0898,0.0898,124,193
AACACACCATTTTAGA,T163M,0.1392,0.1392,3289,3304
AACACACGAGTACGCA,L544C,0.3120,0.3120,29,13
AACACACGCATACTAC,R220L,1.0000,inf,42,0
AACACACTGCCACATA,A257C I302A,0.1952,0.1952,194,139
AACACACTGGCGGGAA,E398I,0.8391,0.8391,78,13
AACACACTGTGAAAAA,F233E V510P,0.1173,0.1173,250,298
AACACAGAAAGTTCCA,T520S,0.1731,0.1731,568,459
AACACAGCGCTGCAAT,D348N K460S,0.0000,0.0000,0,2
AACACAGGAATAAATG,I87S,0.5069,0.5069,29,8
AACACAGTTGATTACC,E358G,0.1120,0.1120,289,361
AACACATATCGGAGAA,N73K Q191A A526T,0.0000,0.0000,0,3
AACACATATTACCATC,L43D,nan,nan,0,0
AACACATATTGTAAGT,P125H,0.1749,0.1749,434,347
AACACATATTTGTTAA,D159L,0.3160,0.3160,3164,1400
AACACATGAGATGTAG,Y363K,0.0000,0.0000,0,5
AACACATGCAAGGTGA,,0.0645,0.0645,30,65
AACACATTAAATATAC,T46G F469C,nan,nan,0,0
AACACATTATGATTTT,N296P,1.0000,1.5033,43,4
AACACCAAAAAATAAA,,0.1784,0.1784,3028,2373
AACACCAAAAGCTTAT,N475C,0.0735,0.0735,103,196
AACACCAAACCAATAT,N382I,0.1585,0.1585,204,180
AACACCAAAGGGCATC,L462K,0.0805,0.0805,300,521
AACACCAACACAGACA,,0.1348,0.1348,243,252
AACACCAAGTCGATAA,,nan,nan,0,0
AACACCAGTCACTTAC,I155H R452I,0.0000,0.0000,0,8
AACACCCATTGATGAA,L177P,0.4695,0.4695,47,14
AACACCCCATTCGTAA,E190W,0.1810,0.1810,22,17
AACACCCTGATAAGCC,N312W,0.1078,0.1078,1692,2194
AACACCCTTAACATAC,R173P,0.1447,0.1447,6290,6079
AACACCCTTCGAATAA,C64E V420W,0.0000,0.0000,0,7
AACACCGATAAAAACC,G396Y,0.6477,0.6477,88,19
AACACCGCTCACAGAT,N169S R321P T370R F469S,0.8041,0.8041,69,12
AACACCGCTCTAACAT,Q359W,0.2046,0.2046,1939,1325
AACACCGTTAATCACA,Y161V A425D,nan,nan,0,0
AACACCTGTGCACCGG,N169H,0.1126,0.1126,534,663
AACACCTTATAATTCT,S311A,0.1983,0.1983,634,447
AACACCTTGCAGGCCC,N408C,0.1571,0.1571,4781,4257
AACACCTTGGCATAAT,S10P E44Q,0.1287,0.1287,1240,1347
AACACGAAGAAATAAC,A287T,0.5959,0.5959,98,23
AACACGACCAATCAAG,I-3Q R329T,0.2610,0.2610,84,45
AACACGACCACGGTTT,T436V,0.2997,0.2997,45,21
AACACGACTAGAGTTA,L177N,0.0000,0.0000,0,1
AACACGATGACTACTG,T37K,1.0000,inf,26,0
AACACGATGCGTAACC,K156R K262T,0.3316,0.3316,332,140
AACACGCAAATTGTTG,K165F,0.0936,0.0936,2232,3334
AACACGCACGATCAGC,N116R M388N,0.2461,0.2461,88,50
AACACGCATTATCAGA,P306T M531T,0.0000,0.0000,0,9
AACACGCCAACGTTTT,G271T,0.2188,0.2188,1901,1215
AACACGCCATCCCATG,D419C,0.0680,0.0680,740,1521
AACACGCCGTACCATA,T37K N357E,0.4895,0.4895,63,18
AACACGCGTTGAACAG,Q371E,nan,nan,0,0
AACACGGCGTGAGAAC,Y161A,0.0000,0.0000,0,5
AACACGGGTAATCAAA,,0.1002,0.1002,240,335
AACACGTCCGCTTCAG,N158R,0.2844,0.2844,3518,1730
AACACTAACAATTTTC,N20G E189C,1.0000,1.4373,185,18
AACACTAAGAAATGAC,H440R,nan,nan,0,0
AACACTAATTTAAGGC,T511V,0.1314,0.1314,688,732
AACACTACCAGAAATC,E358S,0.2633,0.2633,625,332
AACACTAGATATATAA,S480M,0.2632,0.2632,638,339
AACACTAGCCAGGTTT,P92aH R321S S369Q,0.0000,0.0000,0,5
AACACTAGTGAAAGTG,D63H,0.2438,0.2438,251,144
AACACTATAACTACTC,N94K Y258S,0.1598,0.1598,24,21
AACACTATGAGTAATG,A257G,0.1633,0.1633,13118,11235
AACACTATTATTTCCA,,0.1184,0.1184,783,925
AACACTCAAACTCGTC,N400Y G504L,0.0000,0.0000,0,15
AACACTCGCCAGCCAA,S369G,0.1320,0.1320,2430,2575
AACACTCTAGGCCTGT,V82T,0.1936,0.1936,1105,798
AACACTGATAATTCAA,V481I,0.1373,0.1373,213,217
AACACTGCCTATAGAC,Y201D,0.0540,0.0540,296,766
AACACTGTTGTTCTCC,E476K,0.1158,0.1158,1529,1847
AACACTTAAGATACCC,W421D,0.0000,0.0000,0,12
AACACTTATGTCAAAC,E107Y D264P,0.0000,0.0000,0,1
AACACTTTTATTTCTT,,0.1282,0.1282,2799,3054
AACACTTTTCTAAAAT,L179D,0.3178,0.3178,25,11
AACAGAAACATGCGAG,G100D T378E M431I,0.0000,0.0000,0,10
AACAGAAAGACGAAGT,D231H L507N,nan,nan,0,0
AACAGAAAGTAATAAA,H244L,0.0207,0.0207,69,467
AACAGAAATAGACTAA,G465F,0.2377,0.2377,85,50
AACAGAAGATGTAAAT,Y256V,0.1021,0.1021,616,844
AACAGAAGGCACAGGC,,0.1263,0.1263,1785,1977
AACAGAATAACCCCCT,I374H Y518R,0.3455,0.3455,42,17
AACAGACACGACTCCG,I42W,0.1450,0.1450,28,27
AACAGACATCCAAATC,L428Q,0.0000,0.0000,0,7
AACAGACATGTAAGCG,S247W,0.9837,0.9837,204,29
AACAGACCCTGTGGCG,A253E,0.0000,0.0000,0,2
AACAGACCGCTGAGAT,,0.1154,0.1154,383,464
AACAGACCGTCTCTGG,,0.1101,0.1101,3081,3913
AACAGACCTTTCGAAT,S6G,0.1300,0.1300,894,962
AACAGACGGACTGCCA,,0.0000,0.0000,0,45
AACAGACGGCAGAGTT,E407W,0.5758,0.5758,210,51
AACAGACGGGTATAAC,K506E,0.2018,0.2018,1860,1289
AACAGACGTGCCGTAT,A218V,0.2675,0.2675,13083,6840
AACAGACTGATTAAAT,I236S,0.0833,0.0833,290,487
AACAGAGAAACTCTCT,G376Y,1.0000,1.4983,75,7
AACAGAGAAGCTAGAA,K328Q,0.1756,0.1756,6192,4931
AACAGAGTTTAATAGT,,0.1783,0.1783,2221,1742
AACAGATAACGGCACA,,0.1235,0.1235,719,814
AACAGATACATTGCTT,W127I P293R,1.0000,2.4822,71,4
AACAGATACGGCCCGT,I29V E255L,0.1805,0.1805,936,725
AACAGATATATACGAG,A459F,0.0000,0.0000,0,2
AACAGATGAAAAGAAA,S185I N475T,0.0000,0.0000,0,69
AACAGATTATGGCGCG,N169P N322T K367W T370R,nan,nan,0,0
AACAGATTATTAATGT,,0.2235,0.2235,203,127
AACAGCAAACAGAAAG,N94M E500H,0.1747,0.1747,2060,1649
AACAGCACGATCCATA,V82A G271H,0.1094,0.1094,341,436
AACAGCATAACTAAAC,E508A,0.0863,0.0863,363,588
AACAGCATAGAACTAA,,0.0789,0.0789,2947,5224
AACAGCCAAGATAATC,N193Q Y512H,0.1866,0.1866,2115,1585
AACAGCCCATATGCAA,,0.1115,0.1115,59,74
AACAGCCGTAGCCATG,K156L,0.0549,0.0549,204,520
AACAGCCTATTACCGA,L453V,0.1226,0.1226,1200,1369
AACAGCGCCTAGCCAC,,0.0918,0.0918,976,1486
AACAGCGGGATTAGCG,N129P,0.0000,0.0000,0,4
AACAGCTAAGACCTTA,N169P,0.1138,0.1138,987,1213
AACAGGAAGCCCCATA,S101A,0.1046,0.1046,92,123
AACAGGATAAATAACC,,0.0906,0.0906,199,307
AACAGGCAATATAACA,I155D,0.0000,0.0000,0,33
AACAGGCAGCGTTAAA,S356L,0.1338,0.1338,1933,2021
AACAGGGACAAAAATC,L102R D415T,0.4475,0.4475,32,10
AACAGGGGCAATTCAA,Q490G,0.3141,0.3141,292,130
AACAGGGTACCAACAC,K498A,0.0954,0.0954,641,940
AACAGGGTAGAATACA,,0.1163,0.1163,5317,6392
AACAGGGTCACACCGG,V377R,0.0000,0.0000,0,5
AACAGGTCATAACCAA,E78R G319K,nan,nan,0,0
AACAGGTCGCCCGATC,K328C,0.0795,0.0795,1088,1914
AACAGGTTGATAAACG,K445E,0.2630,0.2630,220,117
AACAGTAAATTTTCAG,E-5Q I297Q,nan,nan,0,0
AACAGTAAGGTCAACT,V444W,0.0000,0.0000,0,2
AACAGTAATACGCGTC,L507G,0.0808,0.0808,260,450
AACAGTACATTGCACA,H117F,0.2711,0.2711,157,81
AACAGTATTCACTCTT,,0.1861,0.1861,2972,2233
AACAGTCACCTAACAA,R456H,0.1498,0.1498,1766,1649
AACAGTCACTGAAATC,L43M M413I,0.1416,0.1416,474,468
AACAGTCAGATTCACG,A334E,1.0000,1.0488,75,10
AACAGTCATGCACTCT,T485S,0.1374,0.1374,1157,1178
AACAGTCCTCATACCG,,0.1152,0.1152,1210,1469
AACAGTCCTTATGGAT,H38E Y512R,0.0000,0.0000,0,16
AACAGTCTCCCAAATA,S290A E468K,0.1027,0.1027,105,143
AACAGTGAAGTTGAAG,G16F Y98T,0.0000,0.0000,0,15
AACAGTGATTCACTCG,W350I,0.2712,0.2712,192,99
AACAGTGCAAATAATA,P99S,0.0690,0.0690,36,73
AACAGTGGTCAACTGC,R496S,0.1122,0.1122,629,784
AACAGTTAGGACGAAA,K387P,0.1231,0.1231,110,125
AACAGTTATTTTCATT,F79P,0.5594,0.5594,112,28
AACAGTTGCCTTAGAT,T206S,0.1606,0.1606,240,209
AACAGTTTGACCTTGA,L418D,0.1674,0.1674,511,427
AACATAAAATCAAATG,L2K,1.0000,2.4861,160,9
AACATAAACATTTTAT,,0.0000,0.0000,0,1
AACATAACAGAGCTGC,,0.1379,0.1379,870,882
AACATAATACAAACAG,,0.2262,0.2262,11604,7173
AACATAATACATAAGT,,0.1386,0.1386,112,113
AACATAATCCAATTCA,C14M L96C,0.0000,0.0000,0,9
AACATAATCCCTAAGT,S167* F469*,0.0000,0.0000,0,2
AACATACAATCATATC,R547L,0.0734,0.0734,137,261
AACATACACGAGCCTT,Y274D,0.0000,0.0000,0,4
AACATACAGACCCTAC,G181L,0.1038,0.1038,23,31
AACATACAGCAAAGAA,R149G,0.1682,0.1682,5402,4491
AACATACAGGATAATA,,0.1819,0.1819,1986,1527
AACATACAGGTCAAAA,T219I N312A,0.0761,0.0761,1278,2347
AACATACCAAGAGAAG,V223G,0.0000,0.0000,0,5
AACATACCCATTAATT,D441Y,0.1385,0.1385,1002,1012
AACATACCGCTAGAAC,S524P,0.0000,0.0000,0,1
AACATACTAGCCTAGT,V223T,0.0901,0.0901,322,500
AACATAGAATTACACG,D41G,0.1922,0.1922,444,323
AACATAGACAAGACTG,S136W,0.2483,0.2483,174,98
AACATAGACATTTGAG,R452S,0.5482,0.5482,98,25
AACATAGGAATGTAGT,,0.0354,0.0354,73,288
AACATATAGATAGTTT,G330D,0.0636,0.0636,5,11
AACATATATATGTCGA,I202S,0.0985,0.0985,131,186
AACATATCAATAAACA,Y195Q,0.0000,0.0000,0,1
AACATATGCGTAAACT,Y353A,0.2851,0.2851,53,26
AACATATGGTCTGGTT,A394N,nan,nan,0,0
AACATATGTCTCTCGA,R114L A532L,0.4280,0.4280,101,33
AACATATTTTTAATTT,Y161V,0.0000,0.0000,0,23
AACATCAAAGAACCCA,,0.1785,0.1785,1366,1070
AACATCAACCAGACTG,L122K,0.0000,0.0000,0,140
AACATCACAAATACTT,M530G,0.8041,0.8041,115,20
AACATCACAACCTAAA,I87Q S290L,1.0000,1.1265,145,18
AACATCACATTCTAGC,G72F,0.0694,0.0694,66,133
AACATCAGGCACACGA,R220T,0.0000,0.0000,0,34
AACATCAGTTTATCCG,,0.1902,0.1902,1107,814
AACATCATAAGGAGTT,M230Y,0.0000,0.0000,0,34
AACATCATCAGCCATA,,0.1516,0.1516,617,569
AACATCCCTCTCTATT,C97Y N408D M413I,0.5320,0.5320,175,46
AACATCCGTAAATAGG,E-5I,0.1165,0.1165,35,42
AACATCCGTCGCTCGA,L176I,0.1564,0.1564,1610,1440
AACATCCTCCTCAATA,V451C,0.1683,0.1683,1966,1634
AACATCGAAGTATCCT,H38R,0.1134,0.1134,1488,1835
AACATCGACAAATTCA,,0.2481,0.2481,401,226
AACATCGAGTAAATAA,T163I A188T H471M,0.0000,0.0000,0,15
AACATCGCCGAGTTAC,K307Y,nan,nan,0,0
AACATCGCTTGACAGC,V204Q E426K,0.0000,0.0000,0,3
AACATCTATAAACTAC,W421I I517T,0.0000,0.0000,0,6
AACATCTCGTAATTTC,D95R,0.2498,0.2498,2944,1648
AACATCTCTTTCTCAT,,0.0507,0.0507,177,488
AACATCTTAATGTTAG,,0.1391,0.1391,585,588
AACATCTTGTACACTA,,0.1521,0.1521,1544,1420
AACATGAAAAAACCAT,S519F,nan,nan,0,0
AACATGAAATTCAGAC,,0.1060,0.1060,1931,2547
AACATGAGCAGGTCAG,,nan,nan,0,0
AACATGATAGCTGACA,I155D,nan,nan,0,0
AACATGATTCAAAGAC,A160K,0.2484,0.2484,4325,2435
AACATGCCACAGCATG,H18M I384T,0.1684,0.1684,59,49
AACATGCGAATAACTT,,0.1486,0.1486,543,511
AACATGCGCGCCTTGC,R456Q,0.0622,0.0622,320,720
AACATGCGGACCGATA,H47L Y308T,0.0000,0.0000,0,1
AACATGCTAGTAGTTG,M268L,0.2526,0.2526,782,433
AACATGGCAAAGTACC,,0.1387,0.1387,502,506
AACATGTAAGTACCAT,L54S G510aV,0.0000,0.0000,0,5
AACATGTACTCTCAAA,N20T E304V,0.0590,0.0590,1451,3438
AACATGTCAGACTGTG,M-6D T279L,0.0000,0.0000,0,2
AACATGTCTGTAGAAA,L2W A160T,0.2474,0.2474,1810,1023
AACATGTTCTCAACGT,N410D,0.1844,0.1844,211,160
AACATGTTGTTTGTAA,,0.1270,0.1270,929,1023
AACATTAAAAAAACGA,G263T,0.0000,0.0000,0,4
AACATTAAAAACTGTA,S290P,0.2428,0.2428,158,91
AACATTAAACCTGAGA,,0.0792,0.0792,459,810
AACATTAACGTTAGCA,D457E,0.3112,0.3112,445,200
AACATTACAGACTCGT,G504K,0.1042,0.1042,117,157
AACATTACATGCAGAT,G143M,0.1783,0.1783,2245,1761
AACATTACATGCATGA,N446R,0.1418,0.1418,647,638
AACATTACCATCGATT,V66S E476*,nan,nan,0,0
AACATTACTTTAATCT,H117D,0.1974,0.1974,3105,2200
AACATTAGATCTTAAG,,0.1047,0.1047,113,151
AACATTAGCTTAAACC,E493H,0.1845,0.1845,999,757
AACATTATAAAGCAAT,,0.1531,0.1531,2508,2291
AACATTATCGCCTACC,Y363S,0.0000,0.0000,0,4
AACATTCAATAAAGAT,K472C,0.1772,0.1772,997,787
AACATTCAGAAAAGTG,D11H,0.0000,0.0000,0,4
AACATTCCAGTATGCA,C281W,0.0000,0.0000,0,4
AACATTCGCTAATTCC,V36C,0.5361,0.5361,23,6
AACATTCGGATAAGCT,H471R,0.0000,0.0000,0,7
AACATTGACGTTTCTG,Y168T,0.0976,0.0976,37,53
AACATTGATAGTATTC,P92aG,0.1311,0.1311,180,192
AACATTGGAAAGCATC,M388W,0.0000,0.0000,0,4
AACATTGGAAGAAAAA,E479T,0.0906,0.0906,35,54
AACATTGGTACGGTAT,A3Y,0.1458,0.1458,855,820
AACATTGTCTACCACT,,0.2168,0.2168,1532,988
AACATTTAAAGCGATA,K498G,0.0875,0.0875,857,1369
AACATTTACGGGAAAT,E426I,nan,nan,0,0
AACATTTGACGTTTCA,N94K,0.1173,0.1173,2731,3257
AACATTTTCCTAGGTG,S503G,0.1268,0.1268,2484,2739
AACCAAAAAACAGCAT,V285F,0.0901,0.0901,346,537
AACCAAAAATAGAGAG,A39K A521N,0.0000,0.0000,0,7
AACCAAAACAACTTCA,A3M,0.1611,0.1611,2776,2410
AACCAAAAGATCAAAC,H276E,0.2035,0.2035,7820,5374
AACCAAAATCCATCTC,K109P A495T,0.0000,0.0000,0,1
AACCAAACACTATTGG,,0.1352,0.1352,1896,1961
AACCAAACAGTTGAAC,K156N L402Q,0.2395,0.2395,137,80
AACCAAACCCATCAAG,T208F,0.1610,0.1610,3109,2700
AACCAAACGGGCCAAA,,0.1885,0.1885,345,256
AACCAAAGAATTCTGA,D11A I550S,0.2468,0.2468,120,68
AACCAAAGCCCAGCAT,L179C M268I E494K,0.0891,0.0891,72,113
AACCAAAGTAGATAAT,K45D,0.0197,0.0197,30,213
AACCAAAGTTGTCATC,N169P R321K T370K,0.0000,0.0000,0,13
AACCAAATGAACAGAA,L544A,1.0000,1.2120,26,3
AACCAACAAAAAGGAA,V34S,0.1364,0.1364,40,41
AACCAACAATATGAGA,P125T,0.0000,0.0000,0,47
AACCAACATGACAAAA,D487H,0.1447,0.1447,2801,2707
AACCAACCGTAGTTCT,N158G F469M,0.2864,0.2864,10220,4990
AACCAACGAGATGGCT,M346T,nan,nan,0,0
AACCAACGCAAAAATT,I202V,0.0990,0.0990,63,89
AACCAAGAAACGAACG,,0.2315,0.2315,4241,2562
AACCAAGATAACTCAA,I164R,0.0000,0.0000,0,58
AACCAAGCACGGTAGT,N73S,0.1819,0.1819,3307,2542
AACCAAGCCAATGAGA,G352A,0.0000,0.0000,0,6
AACCAAGCGATGAATT,N389G,0.1474,0.1474,252,239
AACCAATAAACGAAGC,I339E,1.0000,inf,27,0
AACCAATAAGAGTAAA,K259A,0.0974,0.0974,945,1357
AACCAATAATTAGAAA,K472H,0.1508,0.1508,1779,1650
AACCAATCACACAAAA,H130W E327K Q513F,0.1029,0.1029,459,624
AACCAATCACGAACGA,,0.1595,0.1595,5282,4632
AACCAATCACTAGAAG,H18C,0.0941,0.0941,1710,2540
AACCAATCTAAATCAG,S203A C473Q,0.0000,0.0000,0,17
AACCAATGCTATAAAA,F467Y,0.1290,0.1290,951,1031
AACCACAATCCAGTTC,I124A L544G,0.5486,0.5486,102,26
AACCACACAAGGATGA,N193R,0.3026,0.3026,2469,1141
AACCACACAGAATACA,I115S,0.0503,0.0503,9,25
AACCACACTAATCATC,E190H,0.0915,0.0915,157,240
AACCACAGAGATCAAT,H110C,nan,nan,0,0
AACCACATGGTCCCAA,,0.1005,0.1005,322,448
AACCACATTCTTCATT,,0.1027,0.1027,1008,1372
AACCACCAACTCTTCC,L70A,0.6454,0.6454,120,26
AACCACCGTTTCCTGT,L409D,nan,nan,0,0
AACCACGAACATCCTT,N20L,0.3729,0.3729,24,9
AACCACGAACGTTCGT,L507D,0.3511,0.3511,118,47
AACCACGACAAGTGGA,M346V,1.0000,1.1187,24,3
AACCACGTATTTACAA,P92aC,0.1282,0.1282,3408,3718
AACCACGTCCGACACA,N172M,0.1758,0.1758,342,272
AACCACTATGTCCGGA,A188C,0.1255,0.1255,779,868
AACCACTTCAAAGAAA,L316T,nan,nan,0,0
AACCACTTCATTAGTT,Q211N,0.1554,0.1554,1642,1478
AACCACTTCGCCAGAT,G134A,0.0494,0.0494,356,1007
AACCACTTTCTGGCCA,V347G,0.1597,0.1597,177,155
AACCAGAAAACGGATT,I60G E83D,0.0000,0.0000,0,1
AACCAGAAATAGAGGC,F232Q,0.0000,0.0000,0,14
AACCAGAACCATTCAT,A532E,0.0000,0.0000,0,18
AACCAGACTAAAAACC,L453R,0.2320,0.2320,277,167
AACCAGAGAATATAAA,A188N,0.1521,0.1521,1443,1327
AACCAGAGGTACAAAC,N464L,0.0000,0.0000,0,10
AACCAGATAATTAAGT,R81C,0.0000,0.0000,0,1
AACCAGATATAGTACG,V395H,0.5182,0.5182,63,17
AACCAGCGAATGGAGA,,0.0712,0.0712,402,790
AACCAGCGCCAGTGAA,N150Y E508W,0.1398,0.1398,520,520
AACCAGCTACGTAGCA,C14T,0.0000,0.0000,0,3
AACCAGGAAAGTTTTC,S6W H38Y D231V,0.0000,0.0000,0,13
AACCAGTTGTTGTTAA,,0.0083,0.0083,11,185
AACCATAAAAACAACC,I121D,0.1369,0.1369,92,94
AACCATACAAAACCGA,,0.2122,0.2122,8719,5745
AACCATAGAGCCAGTC,D487N,0.0658,0.0658,1236,2625
AACCATAGAGCCGAGA,R326S,0.1091,0.1091,1440,1845
AACCATATAAATTCAT,G49I,0.0000,0.0000,0,7
AACCATATAACTAGAG,,0.1417,0.1417,1780,1757
AACCATATTTTGTGTG,,0.1043,0.1043,1259,1688
AACCATCAACGGAATG,G396A,0.0875,0.0875,371,593
AACCATGAATCTCAAT,P324E,0.1753,0.1753,539,430
AACCATGCCTATAATA,A39H R328bG S519F,0.0000,0.0000,0,4
AACCATGGAGTCCATG,I182W,0.0000,0.0000,0,6
AACCATTAAAAACAAA,K412I,0.0000,0.0000,0,4
AACCATTAAAACGTAC,L447D,nan,nan,0,0
AACCATTAATGACCCA,E246A,0.1372,0.1372,2258,2301
AACCATTCAGTTATGT,D441Y,0.2162,0.2162,1203,778
AACCATTGACTATCAG,V451L,0.0778,0.0778,537,965
AACCCAAACAAATGTA,A93Y,0.1562,0.1562,373,334
AACCCAAATAACAAGA,G319H V505A,0.0000,0.0000,0,1
AACCCAAATATTGTAT,V88- R90M,0.0000,0.0000,0,13
AACCCAAGTCACTAGG,I87T G376T,0.2237,0.2237,72,45
AACCCAATAAAAATTT,K57N E107A S167M G225E,0.3341,0.3341,43,18
AACCCAATACTACAAT,K259L,0.2053,0.2053,3326,2266
AACCCACACCAACAAG,,0.0000,0.0000,0,43
AACCCACAGAGCATAA,W84R,0.0000,0.0000,0,10
AACCCACCTCTTCGCG,M230P,0.3389,0.3389,63,26
AACCCACCTGAGGAGT,Y353T,0.0000,0.0000,0,4
AACCCACCTTCGTCTT,L179F S291F,0.1490,0.1490,294,276
AACCCAGAAAGTGTTA,Y105K,0.0924,0.0924,72,109
AACCCAGATTGTTAAG,D63V,0.0466,0.0466,7,21
AACCCAGCACATTAGA,L179R,0.0000,0.0000,0,11
AACCCAGCACTAGAAG,,0.2133,0.2133,2950,1934
AACCCAGCGGTCACTG,A317C R328aW E403K E414K,nan,nan,0,0
AACCCAGGTTTGAAAA,V481R I550D,0.0000,0.0000,0,1
AACCCATACAGCAAAC,,0.2332,0.2332,1928,1156
AACCCATACTTGAAAC,Y491A,0.3321,0.3321,57,24
AACCCATCATTGTCGG,S133G W537V,0.2720,0.2720,2101,1080
AACCCATGATTAGTGG,L194M F232N G349M,0.0082,0.0082,1,17
AACCCATGATTGATGG,,0.1580,0.1580,174,154
AACCCCAAGTAAAAGA,V395F,0.0473,0.0473,138,408
AACCCCAATATTTCAA,E78G G416R,0.0000,0.0000,0,7
AACCCCAATGACCAGA,T192K,0.1644,0.1644,6811,5792
AACCCCACTTTCGGAA,,0.1055,0.1055,727,964
AACCCCAGATGTATTT,H18P C305Y,0.0000,0.0000,0,1
AACCCCAGCAAATAAA,M538S,0.2112,0.2112,3330,2205
AACCCCAGCGGTCTAC,K216N G263D,nan,nan,0,0
AACCCCATCCCAGTGC,N458Y,0.0000,0.0000,0,3
AACCCCCAAATCCTAT,E83D P162H T436Y,0.0000,0.0000,0,1
AACCCCCATATGGGAC,Y17N,nan,nan,0,0
AACCCCCATGTATAAA,M111F,0.1163,0.1163,193,232
AACCCCCGAACCGGCC,P284C,0.0408,0.0408,28,96
AACCCCCTAGTCGTCA,L314F K411H,0.0000,0.0000,0,7
AACCCCGATAACTGCT,P324T,0.1143,0.1143,511,625
AACCCCGCAATATATG,R227Q,0.0197,0.0197,55,391
AACCCCGGGAAAACCA,H117D G286S R496C,0.0000,0.0000,0,2
AACCCCGGTAGTACAC,S101F I178G,0.0000,0.0000,0,1
AACCCCTAGAGCAATA,,0.2059,0.2059,854,580
AACCCCTCACCCACTA,,0.1966,0.1966,10910,7760
AACCCGACACCTTGTT,R90K M413C,0.0845,0.0845,29,48
AACCCGATTAACGATG,K45R L70E N73S R81G,0.0000,0.0000,0,2
AACCCGATTACTAGCA,I502H A526T,0.9478,0.9478,61,9
AACCCGATTTATTACA,M388R,0.2072,0.2072,40,27
AACCCGCACAAATCAT,,0.1058,0.1058,2718,3592
AACCCGCTATTTTCTA,G465S,0.2225,0.2225,35,22
AACCCGGAAGAGTGGT,Y448M,0.3030,0.3030,39,18
AACCCGGATTATGGCA,,0.0814,0.0814,619,1064
AACCCGGCAACCTACC,V451Y,0.0000,0.0000,0,6
AACCCGTAAATTAGAC,W84R,0.0000,0.0000,0,23
AACCCGTAATCTAGTA,I297V,0.0564,0.0564,98,243
AACCCGTACAAAAGAG,N172V,0.0632,0.0632,950,2103
AACCCGTTCCTTGCTA,H440G,nan,nan,0,0
AACCCTAAAACGGTCC,L455D,nan,nan,0,0
AACCCTAAGATCCTCC,,0.1547,0.1547,385,348
AACCCTACAGGATCAT,C546V,0.0000,0.0000,0,34
AACCCTACCTGACAAA,N33L,0.0839,0.0839,15,25
AACCCTACGTAAGTAG,,0.1696,0.1696,4100,3380
AACCCTATATACGCCA,N169G D366A F469R,0.0000,0.0000,0,2
AACCCTATGTTTCCTT,P284R,0.0000,0.0000,0,34
AACCCTGGCAATAACC,Y512Q,0.1230,0.1230,569,647
AACCCTTAAATTTTTA,C473H V510P,0.0000,0.0000,0,3
AACCCTTATACCTGAG,I302T,0.2231,0.2231,1077,675
AACCCTTCACCAATTC,L7C,0.0862,0.0862,2073,3362
AACCCTTCTCGTAGCT,,0.1844,0.1844,323,245
AACCCTTTAACCCCCT,A214N F439C,nan,nan,0,0
AACCGAAAAGTTCGAC,I548H,0.1077,0.1077,67,87
AACCGAACATAAACGG,I13V V381H,0.0000,0.0000,0,32
AACCGAACATCCAGTC,L102D P145L,0.0000,0.0000,0,12
AACCGAACCGTGACTC,I384H S516R,0.2670,0.2670,63,33
AACCGAATCAAAAACA,,0.1233,0.1233,1334,1513
AACCGAATTAGCTGTA,T378Y,0.0429,0.0429,38,124
AACCGAATTATACGGG,H184Y E494N,0.0000,0.0000,0,12
AACCGAATTGAAATCC,,0.0000,0.0000,0,25
AACCGACAGCAAGGGT,K9R V66S,0.0657,0.0657,839,1787
AACCGACGCAACATTT,P140L,0.1742,0.1742,922,740
AACCGACTCCATAAAA,,0.1717,0.1717,2089,1701
AACCGACTCGTAATTG,,0.0344,0.0344,212,861
AACCGACTTATCGACT,,0.1789,0.1789,5447,4259
AACCGAGATTAAACAT,D41R H130G V285H,0.0000,0.0000,0,6
AACCGAGTCAAACATG,K262C D449H,0.1001,0.1001,88,123
AACCGAGTTATTTCCA,S543H,0.3142,0.3142,3707,1650
AACCGATACAATCGCA,N250A I548G,0.0466,0.0466,9,27
AACCGATCCGGGCTGC,N379D,0.0000,0.0000,0,1
AACCGATGTGGCACAA,T200P,0.0896,0.0896,2968,4632
AACCGATTAAGATCGA,E501M,0.0752,0.0752,79,147
AACCGATTGTTAACTT,A364V,0.1686,0.1686,1605,1331
AACCGCAAGTTCCGAC,,0.1055,0.1055,491,651
AACCGCACAAACGAAA,K9L,0.5555,0.5555,143,36
AACCGCCTCTTATGTA,H295E E493G,0.1171,0.1171,67,80
AACCGCGGTAGTGAAA,D53T P215S R321E T370G,0.5993,0.5993,30,7
AACCGCGTTGCACGTC,G68N,nan,nan,0,0
AACCGCTACAAGGGTA,D375H,0.2236,0.2236,243,152
AACCGCTCATAACCAC,,0.0642,0.0642,130,283
AACCGCTGTCCAAATT,I115K H440W,0.0000,0.0000,0,16
AACCGCTTTACCAAGC,,0.2085,0.2085,1938,1300
AACCGCTTTTCTACCT,I335N,0.4856,0.4856,125,36
AACCGGAGTGTACCTG,V34G N169A N322A C546Y,0.3822,0.3822,41,15
AACCGGATTAATATTT,K238D R405A,nan,nan,0,0
AACCGGCAGAGCACAA,K120F,0.0000,0.0000,0,11
AACCGGGTAGCAGGGT,N92K,0.2757,0.2757,420,213
AACCGGTAAATAATAA,K57T A336L,0.0000,0.0000,0,4
AACCGGTATGAACACA,,0.0805,0.0805,186,323
AACCGGTCCAACCTTG,D104E,0.1770,0.1770,1442,1139
AACCGGTTGTGCGGGG,R229F S492Q,0.0000,0.0000,0,6
AACCGGTTTCTTAAAA,,0.1319,0.1319,648,687
AACCGTAAACAAGATA,V-2G L314I,0.0783,0.0783,122,218
AACCGTAATCAAATCA,D366T E414R E426P,0.4994,0.4994,25,7
AACCGTAATTTTACTA,V315R,0.1067,0.1067,1563,2048
AACCGTATGTACTAAT,V152R,0.1527,0.1527,2336,2139
AACCGTATTATGGTTA,K498L,0.1589,0.1589,117,103
AACCGTCCCCGACCTC,L177K G225R Q359W,0.0000,0.0000,0,1
AACCGTCTAAATGACC,G72C N289K,0.1243,0.1243,24,27
AACCGTCTTTACATAC,A521F,0.2042,0.2042,1069,732
AACCGTTCTGATGTCC,L102H,1.0000,1.9578,28,2
AACCGTTTACACCCAC,H184W,nan,nan,0,0
AACCTAAACCACATGC,,0.1790,0.1790,979,765
AACCTAAAGTTGATAT,W180K,nan,nan,0,0
AACCTAAATAACTGCC,V-2A I374H,0.3129,0.3129,264,118
AACCTAAGCCAAGCAC,I217K,0.0485,0.0485,471,1359
AACCTAATAACGGCAG,T46C T132K,0.0840,0.0840,191,318
AACCTAATCCTGAAGC,,0.1312,0.1312,3242,3455
AACCTAATGCACTAAA,V-2G,0.0885,0.0885,742,1173
AACCTAATTTAAATGA,D386H,0.0917,0.0917,61,93
AACCTACAAATGCATA,W537R,0.0000,0.0000,0,3
AACCTACACGCCCACA,V285D,0.1977,0.1977,9660,6834
AACCTACATCAAATAT,,0.1488,0.1488,2943,2766
AACCTACCACAGGAAG,Y512I,0.0000,0.0000,0,20
AACCTACCTAAATCCA,F338D,nan,nan,0,0
AACCTAGAAGATAGAT,R405C,1.0000,1.8180,130,10
AACCTAGGAACCAGGC,L179P,0.0894,0.0894,170,266
AACCTAGGCCTATAGA,F439C,0.4988,0.4988,107,30
AACCTAGTAGGCATTA,P254E,0.0000,0.0000,0,21
AACCTAGTCCGGGGTG,,0.1346,0.1346,6068,6303
AACCTAGTTGTATACA,,0.2311,0.2311,352,213
AACCTATAAAACTTGA,,0.2170,0.2170,90,58
AACCTATAAACCCCAT,L102N,0.0000,0.0000,0,5
AACCTATACTGGCACT,K32P,0.1851,0.1851,94,71
AACCTATAGAAAACTG,V34C,0.5506,0.5506,63,16
AACCTATCCGAGAATG,S167R N322H T370I F469L,0.0000,0.0000,0,6
AACCTATTACCGGTAA,N169R F469L,0.0880,0.0880,56,89
AACCTATTATAGGGAA,E106R,0.0000,0.0000,0,21
AACCTATTATCAATAC,H298Y,0.1167,0.1167,418,501
AACCTATTATTCGCCC,L122K,0.1563,0.1563,4956,4433
AACCTCAAACTGACAC,E119C,0.0981,0.0981,176,251
AACCTCAAGTGGGACA,T520I,0.1649,0.1649,46,39
AACCTCAATAACCAAC,,0.0000,0.0000,0,1
AACCTCATAAAACAAT,Y363K,nan,nan,0,0
AACCTCATGTAAGTTC,F417M,0.0000,0.0000,0,3
AACCTCCAAACAAAAT,V444E,0.0000,0.0000,0,13
AACCTCCTATAGAGGG,N169K N322H T370Y F469E,0.0000,0.0000,0,10
AACCTCGAAACCCCAA,A91W,0.2473,0.2473,122,69
AACCTCGCATTCAAAC,K9Q D240I,0.0885,0.0885,2606,4120
AACCTCGTCACCTACG,N312K Y448H,0.1491,0.1491,1512,1418
AACCTCTGATTTAACC,K310N,0.1762,0.1762,2044,1622
AACCTCTTGTAACGCG,S311D,0.8857,0.8857,38,6
AACCTGAAGTTCATAC,K196A,0.3286,0.3286,47,20
AACCTGACCCGGTAGC,R90L,0.1326,0.1326,567,598
AACCTGACTTCAGAGA,,0.1515,0.1515,912,842
AACCTGCAAAACTCGG,S265A,0.1217,0.1217,1998,2295
AACCTGCCTGGACGGC,S101R,0.1125,0.1125,383,476
AACCTGCTAACTAAAA,L507Y,0.1218,0.1218,351,403
AACCTGCTACTCTGTA,F233Y,nan,nan,0,0
AACCTGGACTGTATGA,,nan,nan,0,0
AACCTGGATTTCCCAA,D419Y,0.1492,0.1492,16,15
AACCTGGCAGCATACT,,0.1677,0.1677,1374,1146
AACCTGGGAGTACAGG,T279L,0.0877,0.0877,569,907
AACCTGGTATGAGAAA,,0.2252,0.2252,1024,636
AACCTGTTGCGCTTAA,C52R,0.0000,0.0000,0,2
AACCTTAAAAAAATAG,,0.1418,0.1418,425,419
AACCTTATGGGGCTAC,I385L,0.0830,0.0830,340,573
AACCTTATTGCCAAAA,H47W,0.0000,0.0000,0,4
AACCTTATTTTCGCGG,Q454H,0.1739,0.1739,4659,3747
AACCTTCCTCGAAGAG,A287R,0.0000,0.0000,0,7
AACCTTCTGAATCTTT,Q222D,0.0640,0.0640,59,129
AACCTTGAAAGAATTC,F469V,0.2474,0.2474,23,13
AACCTTGCATCAGTAA,T35H K109F Q222G,nan,nan,0,0
AACCTTGCGATGAGTC,I155Y A317V,0.0000,0.0000,0,3
AACCTTGGTCCGTAAC,V151C K328cR F332R,0.0000,0.0000,0,11
AACCTTGTGACTTAAA,E500V,0.0437,0.0437,30,96
AACCTTTAAAAACAAA,Q371H K372* R404W,0.0000,0.0000,0,9
AACCTTTAAGACGATC,D415P,0.3929,0.3929,59,21
AACCTTTAAGCGCTCA,I182D,0.0000,0.0000,0,4
AACCTTTATTTTTTCT,,0.0929,0.0929,297,447
AACCTTTCAGACTTAC,N54aD,0.1571,0.1571,1302,1159
AACGAAAAAAAAAACA,S480H,0.0243,0.0243,17,98
AACGAAACCAATATAG,K259M,0.1552,0.1552,992,894
AACGAAACGCGCAGCA,H440S,nan,nan,0,0
AACGAAATCCACGTAA,Y195W,0.0000,0.0000,0,3
AACGAAATTGAACACC,A3K Q25K S185N,0.0000,0.0000,0,11
AACGAAATTTTGCCCA,Y512D,0.0000,0.0000,0,52
AACGAACAAGTGTTGC,I297F,0.0000,0.0000,0,2
AACGAACCTCCTAAAA,K125aN,0.2560,0.2560,3690,2016
AACGAACGATCCTTCC,,0.0000,0.0000,0,2
AACGAACGTCTTAATT,E340D,0.0832,0.0832,22,37
AACGAACTCGACCTCT,R114C H183V,0.0000,0.0000,0,2
AACGAACTTGATAGTC,,0.1327,0.1327,4049,4267
AACGAAGATCAATCGG,,0.0422,0.0422,263,871
AACGAAGCGATCTAGA,T206K,nan,nan,0,0
AACGAATAAACATTAT,,0.0730,0.0730,224,429
AACGAATTAAAAACGC,R321M T370R F469D,0.5056,0.5056,47,13
AACGAATTCGTCTTCT,A39F Y201V,0.2259,0.2259,21,13
AACGACAGCCTAAACA,Q344V,0.3778,0.3778,154,57
AACGACATTATTACTT,T266I,0.3657,0.3657,68,26
AACGACCACATTTTGA,L154K M530G,0.0000,0.0000,0,6
AACGACCTCTTTATAG,E31V,0.0928,0.0928,379,571
AACGACTGAAATTAAA,P125S K125aQ,0.1525,0.1525,772,708
AACGACTTGACGAGAT,Q12* L320P,0.0000,0.0000,0,1
AACGACTTTAGATCGC,I182D,0.0000,0.0000,0,11
AACGAGAAGTTGAACA,L209S,1.0000,1.7620,63,5
AACGAGACGTTTGACT,N73D M478Q,1.0000,1.5103,54,5
AACGAGAGGAAAAAGC,D415L A495T,0.0170,0.0170,21,173
AACGAGATAATCTAAA,D415M,0.0000,0.0000,0,34
AACGAGATCGATACAG,K412W,0.0651,0.0651,27,58
AACGAGCAGAATACCG,N169* R321I F469R,0.0000,0.0000,0,3
AACGAGGATAAAACCA,H110P D474W,nan,nan,0,0
AACGAGTATTAGACAT,I-3M,1.0000,inf,35,0
AACGAGTGATGCAGGT,,0.0905,0.0905,2326,3594
AACGATAAAAACCGGC,,0.1916,0.1916,2338,1706
AACGATAACGGTAGAA,E327W,0.0976,0.0976,30,43
AACGATAAGCTCACCA,S167T Q391S,nan,nan,0,0
AACGATAATATATTCC,E393C,0.1317,0.1317,129,137
AACGATACCTAGACCA,Q142E Y512E,0.0000,0.0000,0,5
AACGATACGGGAAATG,W343G R482W,0.3463,0.3463,52,21
AACGATCACGGGCGAG,K125aY N289V,0.1325,0.1325,1958,2066
AACGATCATCAGTAAT,,0.1329,0.1329,2813,2960
AACGATCATCTCTAAG,D457I,0.0000,0.0000,0,15
AACGATCGCTTACCAG,I236S Y353* M431I,0.7148,0.7148,46,9
AACGATCTACAGTATG,R220K D386G,0.0000,0.0000,0,7
AACGATGAAGATAACT,G345W D487K,0.5594,0.5594,72,18
AACGATGATAAGTCAT,,0.0383,0.0383,37,135
AACGATGCAGTGCAAA,Y512V,0.0938,0.0938,173,258
AACGATGGACAATAGT,T301W T485M,0.1440,0.1440,35,34
AACGATGGTATTGTCA,F338D,0.0000,0.0000,0,10
AACGATTAAAGAATGA,V34*,0.0000,0.0000,0,19
AACGATTATGGCCGAA,T23I,nan,nan,0,0
AACGATTTATCCTTCA,V34E,0.1282,0.1282,11,12
AACGATTTCATGCTAT,,0.1911,0.1911,2682,1963
AACGATTTTCAACACT,R329N,0.6229,0.6229,49,11
AACGCAAACGGTAAAC,L515I,0.2080,0.2080,116,78
AACGCAAAGCACCTAA,P74L,0.0000,0.0000,0,27
AACGCAAATATTTTAC,N169Q A459C,0.1036,0.1036,443,598
AACGCAAATTAGAAAA,N92V,0.1693,0.1693,1881,1554
AACGCAAGAAACAAAA,M292R L428H,0.0000,0.0000,0,1
AACGCAAGAGAAAAAG,,0.1668,0.1668,6657,5582
AACGCAAGTAACCCCA,W537R,0.0000,0.0000,0,8
AACGCAATAATCGATT,,0.1258,0.1258,2481,2757
AACGCACAACGATACA,S167T R321I T370V F469A,0.4442,0.4442,54,17
AACGCACACGACGCAC,C14R,0.0000,0.0000,0,1
AACGCACCTAGACGAT,,0.0919,0.0919,425,647
AACGCACTGCTCGGGT,I514M,0.1198,0.1198,935,1091
AACGCAGATATAACAT,R547D,0.8915,0.8915,102,16
AACGCAGGTGGGCTAA,N172Y,0.1070,0.1070,958,1252
AACGCAGTGATGTTGC,K156I,0.0929,0.0929,283,426
AACGCATAGTAAATCC,G143T F469T,0.4626,0.4626,43,13
AACGCATCACAAATTA,N169H,0.1157,0.1157,923,1116
AACGCATGCCTCATCA,N446H,0.1923,0.1923,6066,4411
AACGCATTATCCACCC,K216L,0.0231,0.0231,41,248
AACGCCAAGCATGAGT,E426R,0.1398,0.1398,30,30
AACGCCAGCGAAGCGC,W234Y,0.2252,0.2252,467,290
AACGCCCCCTTTCCGG,,nan,nan,0,0
AACGCCCTAGTGGGGC,V381F,0.5202,0.5202,186,50
AACGCCCTTCCCTAAT,W350V,0.4195,0.4195,45,15
AACGCCTAAAACTTTA,Y448M,0.0536,0.0536,23,60
AACGCCTCAAGACATC,G16N V381H,0.2797,0.2797,38,19
AACGCCTCAGGATACA,K120E,0.1443,0.1443,18300,17739
AACGCCTTAAAAGAAG,R229K K262aQ,0.0000,0.0000,0,3
AACGCCTTCATCTGAA,T23S K50P L455P I502V,0.0000,0.0000,0,11
AACGCGACTTGGGCCA,N248Y,1.0000,1.8529,53,4
AACGCGCGCTTGAAAG,E273S,0.1288,0.1288,2239,2431
AACGCGCTGGACTCAA,V381Q,0.0000,0.0000,0,36
AACGCGGATACCCAAA,D77N,0.0907,0.0907,203,313
AACGCGTCGAGGCCAA,G286S,0.0000,0.0000,0,13
AACGCGTGTTTTTAGC,,nan,nan,0,0
AACGCGTTCTAGAGAG,G337E E432K R456W,0.0000,0.0000,0,10
AACGCTAACAAGTCCC,S167M D366G T370S F469R,nan,nan,0,0
AACGCTAACACTTACA,S356E D487F,0.1336,0.1336,1178,1233
AACGCTAACGCTAGAA,,0.0773,0.0773,121,219
AACGCTATCCCGCCGT,G181C,0.0000,0.0000,0,8
AACGCTATTTCGTCTC,R328aQ F338Y,0.4195,0.4195,63,21
AACGCTCCCGAACTAA,K280C,0.1026,0.1026,44,60
AACGCTGAGAATACCA,Y488W,0.1575,0.1575,2856,2536
AACGCTGCACGCAGTT,,0.1102,0.1102,1046,1327
AACGCTGGTAATAAGA,K62M,0.1587,0.1587,3103,2735
AACGCTTCTTAGACTG,S10C,0.1926,0.1926,8898,6462
AACGCTTGATATTGAT,,0.2349,0.2349,504,300
AACGCTTGGACCTCAA,M111A,0.0555,0.0555,69,174
AACGGAACTCACCAGA,E189D,0.1667,0.1667,3851,3231
AACGGAAGGCAAAGTC,F233T S442Y,0.0000,0.0000,0,40
AACGGAAGTGGAACTG,N169A R321S T370L,nan,nan,0,0
AACGGACATCGGGTTG,D487M,0.1049,0.1049,793,1057
AACGGACCAGGACCGT,,0.1916,0.1916,174,127
AACGGACGAGACTAAG,I182A,nan,nan,0,0
AACGGAGATATGTCTC,D386R,0.1170,0.1170,1750,2091
AACGGAGATCCTATGA,A93F,0.1256,0.1256,2511,2796
AACGGAGCCACCCAGG,A91R G319D,nan,nan,0,0
AACGGAGTCAGCAAAC,T422R,0.0000,0.0000,0,8
AACGGAGTCAGGAGGG,Q12C,0.1012,0.1012,3440,4753
AACGGATGAATCTGAC,,0.1376,0.1376,493,501
AACGGATTAATAATAG,,0.2000,0.2000,3165,2213
AACGGATTTGCAAAAC,I4A E327Y,0.1635,0.1635,2358,2017
AACGGCAAGTAGCTAC,T436L,0.0000,0.0000,0,9
AACGGCACCTCAGAAT,G249E E407W *551K,0.0233,0.0233,1,6
AACGGCAGATTGCCGT,D77Y,0.1813,0.1813,774,597
AACGGCATTAAATCGC,S167Y,0.0955,0.0955,773,1132
AACGGCCGACAGGTCA,K280S,0.0762,0.0762,122,224
AACGGCGTCTTTGCTG,,0.1896,0.1896,1436,1059
AACGGCGTTAACATAT,H38L E398D,0.1362,0.1362,264,271
AACGGCTAATTACCCT,V152W,0.0000,0.0000,0,33
AACGGCTCAAAAAGTC,P254D,0.1734,0.1734,31,25
AACGGCTCGTTCGAGC,,0.1195,0.1195,1377,1612
AACGGCTGAAAACTTT,A253L P284E,0.0000,0.0000,0,3
AACGGCTTAGATTAGA,I123N,0.0000,0.0000,0,9
AACGGCTTTCAAGATG,G303Y,0.0000,0.0000,0,6
AACGGGAAACTTAAAC,S519A,0.1903,0.1903,1946,1430
AACGGGACATGTACTA,E31Y,0.1055,0.1055,797,1056
AACGGGACGGGACCAG,S146A,0.0888,0.0888,80,126
AACGGGATCTTTGCAT,T46M,0.0000,0.0000,0,1
AACGGGCCAACGCTTT,Q226V A459P,nan,nan,0,0
AACGGGTAGGATGACG,K62I W84E R496W,nan,nan,0,0
AACGGTAACAGCGTAC,G341Y,0.1261,0.1261,642,712
AACGGTACCGAGAAAG,Q391*,0.0000,0.0000,0,2
AACGGTATTTGCTGCA,K380I,0.0466,0.0466,23,69
AACGGTCAAAGTTGCC,L527D,0.0000,0.0000,0,6
AACGGTCATATGTGGT,A93N,0.0630,0.0630,82,182
AACGGTGGCTATTATC,G72V,0.0000,0.0000,0,12
AACGGTGTTAGAAGTT,F469M,0.1206,0.1206,445,516
AACGGTTATGTAAAAA,,0.0915,0.0915,2272,3471
AACGGTTGGTTGACTT,A459I,0.1856,0.1856,211,159
AACGGTTTTGTTCTAA,K109V,0.0908,0.0908,560,862
AACGTAAACCAAATAT,V-2D G362W,1.0000,2.8668,41,2
AACGTAACCCTTTGCG,C97E G100C,0.0000,0.0000,0,6
AACGTAATGTCACTTC,A67W S543K,0.0000,0.0000,0,6
AACGTAGGAACCACAT,K196R,0.1913,0.1913,1297,948
AACGTAGTAAATCGCG,A522E,0.0000,0.0000,0,13
AACGTAGTATACCAGC,S22G S101E,nan,nan,0,0
AACGTAGTTGACATCC,L154M R329K,0.6409,0.6409,55,12
AACGTATAAACATTTC,,0.0740,0.0740,1028,1943
AACGTATCTTATTTAG,,0.1374,0.1374,221,225
AACGTCAACACTACTC,E403R,1.0000,4.4750,32,1
AACGTCACACTACATC,E131T N424Q,1.0000,3.5660,51,2
AACGTCCCTGAGTACA,R321W,0.1885,0.1885,31,23
AACGTCCGAACTTAGT,R220C,0.8919,0.8919,287,45
AACGTCGAATCAAGCA,N410G,0.1985,0.1985,1679,1183
AACGTCGCCACAGCCA,I124R,0.1049,0.1049,595,793
AACGTCTAATCGCATT,N169Q R321V T370V F469L,0.0000,0.0000,0,15
AACGTCTAATGCATGT,E189D E190F,0.4395,0.4395,66,21
AACGTCTCACGCTAAA,N169K N172G L515E,0.0000,0.0000,0,2
AACGTCTGGAATAAAA,I514E,0.8191,0.8191,41,7
AACGTCTTATTGAAAA,S167K R321M S369T A528M,0.5769,0.5769,33,8
AACGTGATACAAATTT,G134A,0.0000,0.0000,0,132
AACGTGCCCCAACGAA,E89I N410S,0.1321,0.1321,34,36
AACGTGCTAAGCACTA,L507N,0.0000,0.0000,0,1
AACGTGGGCAATCACA,H18R A93T,0.1273,0.1273,1137,1249
AACGTGGGGGGACTAT,,0.1807,0.1807,363,281
AACGTGTATCTTGATC,,0.0000,0.0000,0,8
AACGTGTCTAAAAAGT,G376I,0.0000,0.0000,0,3
AACGTTAACGATAGAC,,0.2107,0.2107,5487,3642
AACGTTACCGTGGTTT,K9R,0.1040,0.1040,491,660
AACGTTAGGCAAAATC,G333S,0.1438,0.1438,1675,1629
AACGTTATGTCTTTTT,K32D,nan,nan,0,0
AACGTTCTTCAAACTA,K387R,0.1911,0.1911,832,609
AACGTTGGACACTAGA,,0.1140,0.1140,1146,1406
AACGTTGTAAAGTAAT,H298L,0.0000,0.0000,0,15
AACGTTGTATAATAAG,C549E,0.0356,0.0356,15,59
AACTAAAAACTCTGCA,K460F,0.0987,0.0987,96,136
AACTAAAAAGTAATTC,,0.1202,0.1202,538,626
AACTAAAAATTCAACT,P299I,0.0000,0.0000,0,4
AACTAAAAGTATCGAT,P284I,0.0601,0.0601,250,582
AACTAAAATGCAAGAA,S167A N322S T370C,0.1954,0.1954,95,68
AACTAAACTAATGTAC,D386Q,0.1577,0.1577,583,517
AACTAAAGTCTAGCTT,,nan,nan,0,0
AACTAAAGTTATGTAT,I302Y,0.0000,0.0000,0,1
AACTAAATAGCAGTAT,K259G,0.0834,0.0834,425,713
AACTAAATATAGATAA,A93G,0.0757,0.0757,313,578
AACTAAATCCAGTTCA,K32P,0.1477,0.1477,529,501
AACTAAATGATGTAAG,V8F M292C,0.0000,0.0000,0,2
AACTAACAAAGAAAAA,M75C,0.1950,0.1950,3734,2678
AACTAACACGTTAAAC,E494T,0.1051,0.1051,112,149
AACTAACAGCTTAACC,N483E,0.0792,0.0792,578,1021
AACTAACATCACCTTT,T208P,nan,nan,0,0
AACTAACATTTTTAAC,L437Y,0.2266,0.2266,94,58
AACTAACCAGCCATTG,N389R,0.1181,0.1181,793,939
AACTAACGCAACCGAA,M530P,0.1241,0.1241,55,62
AACTAACGCACTAGAA,T279H M388L,1.0000,5.5937,40,1
AACTAAGAGTATAACA,Q191G,nan,nan,0,0
AACTAAGATCAAACTA,L194R,0.2072,0.2072,80,54
AACTAAGTACAAAAAC,P489D,0.1505,0.1505,6154,5718
AACTAAGTCAGAGTTT,V285M A459H,1.0000,1.3705,49,5
AACTAAGTTTCTTACA,E131K V451A,0.3227,0.3227,120,52
AACTAATAACACACCA,L331C,0.0290,0.0290,304,1466
AACTAATAATTGTAGA,,0.1550,0.1550,2143,1933
AACTAATAGACACGCG,G225P,nan,nan,0,0
AACTAATATAACAAAA,L497V,0.1294,0.1294,1765,1907
AACTAATCACCTGCGG,I87T,0.0000,0.0000,0,22
AACTAATCGCCTAAAG,P299V,0.1805,0.1805,3715,2879
AACTAATCTTGCACGA,P125N G345T,0.1790,0.1790,837,654
AACTAATGGCAACCAC,A160V,0.1703,0.1703,3152,2588
AACTAATGGCAATTTT,S167Y T370V F469V S509R,0.0000,0.0000,0,3
AACTAATGGGTGTCCG,Y17P,1.0000,inf,45,0
AACTAATTAATGTATA,P324V,0.1566,0.1566,693,619
AACTAATTACACCGCC,,0.1173,0.1173,946,1128
AACTAATTTACACTGG,H354Y,0.1147,0.1147,1794,2187
AACTACAAAACATTTG,E340G,0.3478,0.3478,587,236
AACTACAAAAGGAAGG,,0.0831,0.0831,393,661
AACTACACTAAGATCA,I550D,0.1887,0.1887,139,103
AACTACACTTGTTGTC,N289K,0.0878,0.0878,91,145
AACTACAGAAAAACAA,G303C,0.0000,0.0000,0,16
AACTACAGAGTGAAAA,L462A,0.0747,0.0747,828,1551
AACTACAGCTTCTAAC,L71Y,0.1364,0.1364,314,322
AACTACCACCAGTAAG,D104L V381R,0.5212,0.5212,82,22
AACTACCACGCTTGAA,L314D,0.0000,0.0000,0,1
AACTACCATATCGTCT,Q40H K380I,0.3059,0.3059,105,48
AACTACCATGGCCGCC,L70M S290E,0.0000,0.0000,0,4
AACTACCTCAAGTCAT,H110I,0.2213,0.2213,690,436
AACTACGAAAATGTCC,K109I,0.4402,0.4402,85,27
AACTACGCGGAGTTGC,C14P,1.0000,4.4750,32,1
AACTACGGAGCGTAAA,R405Y,0.0000,0.0000,0,1
AACTACTAAAAGTGCC,V204K,0.2020,0.2020,39,27
AACTACTGCAATCAGC,E189Y F469I,0.1990,0.1990,37,26
AACTACTTCCTACATA,Q454E,0.0000,0.0000,0,55
AACTAGAAACTTTAGA,M413K C549Y,nan,nan,0,0
AACTAGAATACAACAT,M111T,0.1369,0.1369,378,386
AACTAGACAGTTTAAA,D241L,0.0000,0.0000,0,3
AACTAGACTCGAACAC,H130F,0.0887,0.0887,243,383
AACTAGAGAAGTTTTG,N379P,nan,nan,0,0
AACTAGCAAACCTCAG,S22H L179M I384F,0.1640,0.1640,34,29
AACTAGCAATTAAAAC,G330H,0.3433,0.3433,189,77
AACTAGCTCGATTGAT,L428S,0.1433,0.1433,41,40
AACTAGGAACTAAGTA,M111I K269W V377G N443E,0.3996,0.3996,20,7
AACTAGGCTCTGAGTG,V36I W537H,0.4335,0.4335,248,80
AACTAGGGATAAAACT,Q191A,0.0000,0.0000,0,11
AACTAGTAGAGATTCC,,0.0937,0.0937,500,746
AACTAGTGCATGTGGA,N169L R321C T370K F469I,nan,nan,0,0
AACTATAAAAAAAACA,E44M,0.0650,0.0650,1476,3174
AACTATAAACGGCTGA,E327C,0.0874,0.0874,50,80
AACTATAATTTTATCT,,0.1546,0.1546,7948,7188
AACTATACGATATGTA,N48K,1.0000,1.1327,81,10
AACTATACTGATTTTG,G376A,0.0699,0.0699,30,60
AACTATAGAAATGGTC,H117D S265I I517W,nan,nan,0,0
AACTATAGATTCCATC,V135G C546R,0.0785,0.0785,32,57
AACTATATAAATACAA,,0.1476,0.1476,2448,2319
AACTATCAAAGGTGCA,K32P,0.1171,0.1171,2209,2637
AACTATCATTAGAAAA,L2Q P324H,0.0000,0.0000,0,18
AACTATCCTCAAGACA,L54V,0.1017,0.1017,673,925
AACTATCTAAAGTCTG,L331N,0.7384,0.7384,132,25
AACTATGAACACTACT,L462V,nan,nan,0,0
AACTATGATCCAAACA,N443K,0.2061,0.2061,112,76
AACTATGCATTCAAGA,,0.1915,0.1915,434,317
AACTATGTACACGCCG,H276R,0.2123,0.2123,4114,2710
AACTATGTTAAATACT,G49I,0.0000,0.0000,0,10
AACTATTAAACAGCAC,L300C,0.1141,0.1141,728,892
AACTATTAAATCAACA,M111H,0.3246,0.3246,253,109
AACTATTAACAAAACC,N389S R496V,0.0875,0.0875,411,657
AACTATTCCACAGGAA,G484H,0.1260,0.1260,164,182
AACTATTTTCATAGAG,V223R,0.1715,0.1715,877,715
AACTATTTTCTACCTA,I406L,0.3097,0.3097,372,168
AACTCAAAAACGGCGT,L331N M538G,nan,nan,0,0
AACTCAAACTCTGACT,H38G,0.1929,0.1929,3613,2619
AACTCAACACGCACAA,E304C Y353*,0.0000,0.0000,0,1
AACTCAACCCTACAAA,,0.1790,0.1790,32,25
AACTCAACGTATAATA,D438C,0.0288,0.0288,54,262
AACTCAACTAAATGAC,Y512A,0.2206,0.2206,112,71
AACTCAACTAACAACT,D487F E493D,0.1369,0.1369,1795,1833
AACTCAAGCTTGTTCT,V26T,0.0000,0.0000,0,9
AACTCAAGGTGGAGCC,,0.2239,0.2239,498,311
AACTCAATGAAAACAA,M75Q S270G,0.1795,0.1795,5051,3935
AACTCACCACATTGGT,N250D,0.2051,0.2051,22,15
AACTCACCGATTTGAA,N322H,0.0000,0.0000,0,6
AACTCACGCACGTCGG,K262aH,0.0940,0.0940,499,742
AACTCACTAACCCCCA,R227A,0.0515,0.0515,3015,8182
AACTCAGACCAAGAAT,G100M P239Q,0.0000,0.0000,0,1
AACTCAGAGCAAGAGT,N400L,0.0000,0.0000,0,3
AACTCAGCACAATTAA,A39C Q191N V429G,0.0000,0.0000,0,5
AACTCAGCGATTTCAT,G134H F392Q,0.0000,0.0000,0,16
AACTCAGGACAGCAAA,K125aH,0.1423,0.1423,7422,7292
AACTCAGGATACTCTA,E426T,0.4661,0.4661,30,9
AACTCAGGATATGCAG,,0.1832,0.1832,266,203
AACTCATAATTAGCTC,Q513E,0.1572,0.1572,9357,8323
AACTCATAGTCTATAA,F399Q Y518T,0.6409,0.6409,55,12
AACTCATATGCCAAAA,,0.1763,0.1763,7529,5971
AACTCATCTTGTCACA,L54H,0.0000,0.0000,0,4
AACTCATGTAACGGAC,A521W,0.0000,0.0000,0,7
AACTCATTATTTTAGT,E434Q,0.2517,0.2517,45,25
AACTCCAATCTAAATT,T370S S492E,0.1019,0.1019,239,328
AACTCCATCTGTAAAT,Q25Y,0.1216,0.1216,173,199
AACTCCCATACGAGCC,,0.0924,0.0924,809,1225
AACTCCGATATAGATC,L515D,nan,nan,0,0
AACTCCGGCTCCTGCA,,0.1118,0.1118,362,453
AACTCCGGGAGAGCGT,T163N,0.0975,0.0975,3368,4833
AACTCCGTAACATATA,N169Y M531G,0.0656,0.0656,46,98
AACTCCTGTTATCTGC,L209R,0.0000,0.0000,0,8
AACTCCTTGCAATGAA,E78* Y518V,0.0000,0.0000,0,1
AACTCCTTTGTATATT,S85R Q490K,0.1424,0.1424,56,55
AACTCGAAAATGATTA,R227M,nan,nan,0,0
AACTCGAAACAAACGT,Y17K,0.2913,0.2913,25,12
AACTCGAAAGCAGTTT,Q513A,0.1730,0.1730,1938,1567
AACTCGAACCGTATTA,,0.1466,0.1466,1147,1094
AACTCGAAGAACTGTT,N224M E508A,0.0678,0.0678,1773,3655
AACTCGCATAATCATA,C139R G345H,0.6643,0.6643,38,8
AACTCGCCCCAAAACT,A188P,0.1082,0.1082,1648,2129
AACTCGCTATATACTA,E493Q,0.1646,0.1646,492,418
AACTCGGGGCTTGAGA,,0.1366,0.1366,254,260
AACTCGGTAGTGGCCC,L71K V377I,0.0350,0.0350,1,4
AACTCTAAAGCAAGAA,I15V E78I E190G,nan,nan,0,0
AACTCTAACGGTCAAC,P162N,0.1682,0.1682,15448,12847
AACTCTACAATGGGGG,V-2F,0.0812,0.0812,797,1373
AACTCTCCTTATAAAA,,0.0000,0.0000,0,4
AACTCTGTAGATAGCA,R90C,nan,nan,0,0
AACTCTTAGGCATCAT,T436H,0.0000,0.0000,0,7
AACTCTTCAAAACGAA,W343L,0.0000,0.0000,0,1
AACTCTTGCATGTTGC,V151A S247R,nan,nan,0,0
AACTCTTTAATCATAG,,0.1385,0.1385,514,519
AACTGAAACGTTTATT,V56W,0.1081,0.1081,133,172
AACTGAAACTACAAAC,,0.1389,0.1389,3879,3904
AACTGAAATACTGATA,E494F,0.2034,0.2034,1335,918
AACTGAACTAGTGTAA,K372L K411H,0.0989,0.0989,29,41
AACTGAAGCTTCCTAA,S10W D231N,0.0000,0.0000,0,3
AACTGAATACCACCCG,K9R W343G G345V,0.1678,0.1678,6,5
AACTGAATGACGTAGG,G49L,0.0606,0.0606,78,180
AACTGAATTACTTTTC,I15M,0.0000,0.0000,0,6
AACTGACAATAATACC,S6E,0.0663,0.0663,281,593
AACTGACAGGGACATT,R452N,0.1161,0.1161,93,112
AACTGACATAAAGCAG,F392W,0.0764,0.0764,3219,5892
AACTGACATGATATAT,L427V,0.1777,0.1777,169,133
AACTGACGTGGATAGG,N458S,0.0508,0.0508,523,1441
AACTGAGACTTATTCC,Y256C,0.1983,0.1983,719,507
AACTGAGAGATTTGGA,G275C,0.1464,0.1464,1932,1846
AACTGAGATTCAATGA,H440C,nan,nan,0,0
AACTGAGCTGAGGCAT,,0.1142,0.1142,334,409
AACTGATATCCGTCGT,D175R,0.1933,0.1933,506,366
AACTGATGTTTTCGCT,,0.0965,0.0965,388,562
AACTGATTTTATTATA,P254Y,0.0000,0.0000,0,4
AACTGCACACAAAAGA,M531T,0.0779,0.0779,523,939
AACTGCACCTATTCTT,N278C,0.0000,0.0000,0,1
AACTGCATAGCATGCT,,0.0976,0.0976,503,721
AACTGCATTAGTCCAT,T279Q,0.2176,0.2176,442,284
AACTGCCAGACTAAAC,N48* I217T,0.0000,0.0000,0,2
AACTGCGCGGCCCGCA,D104G,0.0000,0.0000,0,17
AACTGCGTAAAAGCCA,P162Q,0.1647,0.1647,106,90
AACTGCTATTTATCAG,Q211S,0.1305,0.1305,5909,6334
AACTGCTCGCATAGCA,L320S,0.4661,0.4661,110,33
AACTGCTGAATACAGC,Y141S,0.1128,0.1128,2893,3588
AACTGCTTAACAAACA,L59D P489V,0.0000,0.0000,0,14
AACTGCTTGGTGTTTT,R321H M431Q,0.0000,0.0000,0,3
AACTGGATGATTTGTA,N424M,0.0000,0.0000,0,7
AACTGGCAACACACGA,G16N L316Q,0.0000,0.0000,0,5
AACTGGCAATCTATCA,T23P,0.1865,0.1865,32,24
AACTGGCACATGTACG,T23N,0.1804,0.1804,400,310
AACTGGCACCCAGAAG,R81N,0.1176,0.1176,301,358
AACTGGCCACTCAAAG,E89I K412T,0.0000,0.0000,0,2
AACTGGCTGTTACCAA,I548S,0.3471,0.3471,613,247
AACTGGGCGAACAGCC,G352P,0.0000,0.0000,0,14
AACTGGTGATCAAAGT,D241Q,0.0000,0.0000,0,1
AACTGTAAGTTAAGAT,Y258K E393M,0.0000,0.0000,0,3
AACTGTACAAGTACCC,V420G,0.0000,0.0000,0,3
AACTGTACGCGATGGA,,nan,nan,0,0
AACTGTAGACTCAAAA,Q222A,0.1781,0.1781,4076,3201
AACTGTAGGAATATTC,Q344C E479*,0.6293,0.6293,9,2
AACTGTATGAATCACC,M75W,0.1445,0.1445,5956,5763
AACTGTATTCGCTGTA,P140K,0.1629,0.1629,1876,1610
AACTGTCAATTATCGA,M-6G,nan,nan,0,0
AACTGTCGGATGTAGA,G181I K445M,0.0000,0.0000,0,2
AACTGTGCGTAATTAC,,0.1759,0.1759,1385,1101
AACTGTTAAAATAATA,R212T,0.0000,0.0000,0,2
AACTGTTCCTTTAAAT,D348V,0.0798,0.0798,555,972
AACTTAAAAAAAGCCC,G225W,0.0000,0.0000,0,122
AACTTAAAACTGTTTA,G349C,nan,nan,0,0
AACTTAAAAGAAATAA,S383I,0.9323,0.9323,80,12
AACTTAACAGTAACAC,S291V Y512E,0.0000,0.0000,0,58
AACTTAACGAACGGAA,L428D,0.1165,0.1165,20,24
AACTTAACGTTAGGTG,H354Q A522M,0.0713,0.0713,187,367
AACTTAACTTTTATAT,I514C,0.0787,0.0787,166,295
AACTTAATATAAGTGC,F469C,0.0000,0.0000,0,3
AACTTAATCCACGGGC,,0.1633,0.1633,695,595
AACTTAATCTAACACG,L194V,0.0000,0.0000,0,10
AACTTAATTAACAAAA,Q222I,0.0765,0.0765,504,921
AACTTACAACTACTCG,G416Y N475D Y518H,nan,nan,0,0
AACTTACACACTATCA,K472R Y491C,0.3418,0.3418,22,9
AACTTACACATTTATA,P254D,0.0000,0.0000,0,6
AACTTACGCACATATA,,0.1138,0.1138,384,472
AACTTACGTAACACAC,M-6I,0.0000,0.0000,0,9
AACTTACTGTTCCGGC,,0.0774,0.0774,140,253
AACTTACTTATGTCAT,A425M,nan,nan,0,0
AACTTAGACTTCAGAA,I236M,0.1559,0.1559,3953,3547
AACTTAGAGATCGTTA,,nan,nan,0,0
AACTTAGCTTACATTC,G263D,1.0000,1.2786,128,14
AACTTAGGAACACGAT,L527R,0.0000,0.0000,0,2
AACTTAGGTTTATCTA,F147L,0.2205,0.2205,757,480
AACTTAGTGACAGTTC,L1C,0.0678,0.0678,332,685
AACTTATAAATACTTA,D53G A287I,0.6448,0.6448,83,18
AACTTATAGAGTTCGT,,0.1462,0.1462,69,66
AACTTATGAGAATACT,N20Q,0.0000,0.0000,0,1
AACTTATTCGAATAGC,L2R L527K,0.0000,0.0000,0,10
AACTTATTTGACAGCA,H244M,0.0503,0.0503,167,464
AACTTCAAAACAATAA,V309A R452S,nan,nan,0,0
AACTTCAATTTGAGCT,K32I,0.1161,0.1161,328,395
AACTTCACCTCTTCTC,A495W,0.1630,0.1630,1582,1357
AACTTCAGATCTGCGC,,0.1251,0.1251,1946,2175
AACTTCAGTAAGTCCT,R329Y,nan,nan,0,0
AACTTCATGGGTCAAT,E434C K472E,0.0000,0.0000,0,1
AACTTCCATAACCGAT,Q211P,nan,nan,0,0
AACTTCCGAGAGATTG,L300R,0.0455,0.0455,305,937
AACTTCGATACTTCGA,K120P,0.1348,0.1348,212,220
AACTTCGCAAAATCAA,,0.0000,0.0000,0,1
AACTTCGGTAAATCTA,,0.1888,0.1888,717,531
AACTTCGTCCCGCAAT,,0.1523,0.1523,821,754
AACTTCTACAAAATGT,A495T,0.1158,0.1158,651,786
AACTTCTCGCCCCACG,D231R,0.0768,0.0768,189,344
AACTTCTGAAAGCAGT,A67T,0.0000,0.0000,0,6
AACTTGACTACCTCTA,K50Q,0.1106,0.1106,178,225
AACTTGCAATGACCAG,Q40T G181V L331H,1.0000,inf,35,0
AACTTGCTTAAAGTTC,,0.1135,0.1135,1192,1469
AACTTGGAACTAATAA,K412D,0.0000,0.0000,0,7
AACTTGGAGAAAATAA,G286A W350M,nan,nan,0,0
AACTTGGAGCGTCATC,D386S,0.1263,0.1263,28,31
AACTTGGATAACAAGG,,0.0729,0.0729,344,660
AACTTGTAATAGAATC,E107V Y201K,0.0538,0.0538,25,65
AACTTGTAGCAAGAGA,I-3W,0.1398,0.1398,2,2
AACTTGTTACAAATAC,P99K K269C,0.0000,0.0000,0,5
AACTTGTTTCGCAAAC,C52V,1.0000,2.3214,83,5
AACTTTAAACACATCT,I29Q T378N,0.0709,0.0709,178,351
AACTTTACAAAGTAAG,A188N,0.1396,0.1396,1385,1387
AACTTTACAGGGTGGC,L455C,0.4099,0.4099,85,29
AACTTTACTATCATAG,D375T,0.1394,0.1394,1396,1400
AACTTTACTTACACAT,,0.0000,0.0000,0,15
AACTTTAGTTTAAAGA,I385M K387A,0.1446,0.1446,1305,1262
AACTTTATCCAATAAA,K109R E468D,0.0983,0.0983,90,128
AACTTTCGTATAAGTC,,0.1251,0.1251,2893,3235
AACTTTCTCCCTTTAC,T132W,0.1943,0.1943,1171,843
AACTTTCTTATGACAC,,0.1071,0.1071,606,791
AACTTTGTGACCAAAA,P128K,0.1273,0.1273,132,145
AACTTTTAAAACTAAT,N169P F469E,0.0000,0.0000,0,4
AACTTTTAAACTGAAG,E31C V510R,0.0000,0.0000,0,5
AACTTTTAAATGTCAA,,0.1925,0.1925,95,69
AACTTTTAATGGTTGC,V26R S290L,nan,nan,0,0
AACTTTTGAATCAATG,G143T I514G,0.1136,0.1136,26,32
AACTTTTGAGACAGGT,G330C F332S,0.3305,0.3305,26,11
AACTTTTGGGATCGTA,,0.0340,0.0340,107,440
AACTTTTTCCATAGCA,I335T,0.2641,0.2641,51,27
AACTTTTTCCTATATC,T171W,0.1677,0.1677,1299,1083
AACTTTTTTGAAAACA,E189K T378A,0.4304,0.4304,594,193
AAGAAAAAATCCATAT,S523W,0.0000,0.0000,0,6
AAGAAAAACACAACGC,L112P K216Y A365T,0.0000,0.0000,0,6
AAGAAAAACTCCAAAA,W350Q,0.0000,0.0000,0,10
AAGAAAAAGGAACTTC,E493D,0.1470,0.1470,1564,1488
AAGAAAACAACAGCCG,G416W,0.3120,0.3120,58,26
AAGAAAACGATTATTT,L54S,0.0000,0.0000,0,8
AAGAAAACGTATGTAT,F79N,0.1175,0.1175,294,350
AAGAAAAGGGCGGCGA,A93F F469N,0.2297,0.2297,23,14
AAGAAAATAAAGGACG,N21E,0.2354,0.2354,377,224
AAGAAAATAAATCCTA,K262L,0.4524,0.4524,110,34
AAGAAAATATAAAAGG,L-1E,0.0000,0.0000,0,126
AAGAAAATGGCTAGAA,,0.0682,0.0682,77,158
AAGAAAATGGTGCACT,Y195R,0.0000,0.0000,0,11
AAGAAACAATGAATAA,N193S H276T,0.2836,0.2836,578,285
AAGAAACACTGGATAG,P489H,0.1367,0.1367,2160,2210
AAGAAACCAAGGGCCA,R499H,0.0269,0.0269,39,203
AAGAAACCATCACAAG,Y195T V309E,nan,nan,0,0
AAGAAACCGTACAAGA,V315N N443S C546W,nan,nan,0,0
AAGAAACGCAATGAAC,L54M C539T,0.0766,0.0766,282,515
AAGAAAGAAATTCACA,N33S K45R K57G I60V K62R N197M Y351F,0.0000,0.0000,0,4
AAGAAAGCAAAACTGC,L43E,0.0000,0.0000,0,2
AAGAAAGGGCCGTTGT,S101M,0.1306,0.1306,2624,2810
AAGAAAGTATATCCAA,T208D T485I,0.1409,0.1409,271,269
AAGAAAGTTAGCTGGA,A459F,0.0000,0.0000,0,25
AAGAAATAAATGCCGA,G143I,0.1084,0.1084,152,196
AAGAAATACACACCCA,Q25V F399V,0.0000,0.0000,0,2
AAGAAATAGCTGATAG,T390C,0.1388,0.1388,764,770
AAGAAATATAAAACTG,D348K,0.1538,0.1538,55,50
AAGAAATATCGCCCAT,R329N,1.0000,4.0088,86,3
AAGAAATATGAGACTA,A160H,0.2037,0.2037,1821,1250
AAGAAATCAGGCTCCT,K32W E327K H355S,0.1398,0.1398,2,2
AAGAAATCCAATATAG,,0.0000,0.0000,0,15
AAGAAATCCAGCGCTA,E340F,0.1671,0.1671,264,221
AAGAAATCGTACCACG,L112V,0.1384,0.1384,479,484
AAGAAATCTATAACTG,G504V,0.2270,0.2270,289,178
AAGAAATCTCTAACTA,I502L,0.0218,0.0218,19,122
AAGAAATGAACTTGGC,I-3M,0.0578,0.0578,91,220
AAGAAATGTCTAACAC,S356I,nan,nan,0,0
AAGAAATGTTATTACA,Y17W,0.2299,0.2299,2147,1306
AAGAAATTCGATAACC,,0.1288,0.1288,746,810
AAGAAATTGCAGAGCC,,nan,nan,0,0
AAGAAATTGTCCAGAG,P128N,0.1456,0.1456,655,629
AAGAAATTTAGATTTA,,0.0932,0.0932,32,48
AAGAACAACAAACAGA,S311T,0.1332,0.1332,957,1005
AAGAACAACTCGGGCG,Y512Q,0.0401,0.0401,106,370
AAGAACAATCCGAACC,I374K,nan,nan,0,0
AAGAACACACCCCAGA,L515F,0.0000,0.0000,0,9
AAGAACACATCACCGT,,0.1502,0.1502,728,678
AAGAACAGCGACAATA,H354L,0.1258,0.1258,1364,1516
AAGAACAGTTAACGGA,,0.0816,0.0816,188,322
AAGAACATAACTCAGG,E89K Q545G,0.5727,0.5727,86,21
AAGAACATACCTTCGA,P128N,0.1705,0.1705,256,210
AAGAACATACGCATAA,G360V,nan,nan,0,0
AAGAACATCACGCCTT,A528E,0.0530,0.0530,50,132
AAGAACATTTAGAACA,,0.1030,0.1030,28,38
AAGAACCAACTGATCA,D175W,0.1140,0.1140,225,276
AAGAACCATTAAATAA,E273W E500K C539Y,0.0000,0.0000,0,2
AAGAACCCCATACTAG,K380E,0.0000,0.0000,0,26
AAGAACCCCTTACTTT,,0.1517,0.1517,627,578
AAGAACCGCTCCATCA,T370S F469M,0.1044,0.1044,950,1272
AAGAACCTAATTCCAT,V451C,0.1393,0.1393,4733,4751
AAGAACGCTGATCAGA,G263V,0.0476,0.0476,114,335
AAGAACGGCACATTCT,K411P,nan,nan,0,0
AAGAACGTGCGGAATG,R212E,0.0240,0.0240,192,1119
AAGAACTAATTTATAT,R114E,0.1968,0.1968,76,54
AAGAACTAGAGGCATC,Q40K R328aT I548R,0.6060,0.6060,26,6
AAGAACTAGTGATTAC,Q12Y,0.1348,0.1348,9279,9626
AAGAACTCCGATATCC,C305S,nan,nan,0,0
AAGAACTCGAGAAAGC,V444E,0.0000,0.0000,0,2
AAGAACTGATGCTATT,R326V,0.2162,0.2162,4970,3215
AAGAACTGGACGGAAA,Y258R,0.0000,0.0000,0,10
AAGAACTTAGCTATTT,,0.3080,0.3080,936,425
AAGAACTTTTCTATAT,K411H,0.0918,0.0918,132,201
AAGAAGAACGCAGCCC,S207N,0.1650,0.1650,308,261
AAGAAGACAGATCCTG,A91S I514F,0.0726,0.0726,402,774
AAGAAGACCAATCCTA,T208G M413I,0.0000,0.0000,0,3
AAGAAGACCAGATAAT,,0.1911,0.1911,843,617
AAGAAGACCTGTCCTA,Y86T,0.0000,0.0000,0,1
AAGAAGAGCGTCAGTT,,0.8391,0.8391,18,3
AAGAAGCCCAAACATC,,0.1900,0.1900,360,265
AAGAAGGCAAGTTGAG,T318V,0.0861,0.0861,258,419
AAGAAGGTGCTAACGA,T132S,0.1433,0.1433,454,443
AAGAAGTATATAAAAA,M-6T L209G W343F,0.0000,0.0000,0,2
AAGAAGTCTTGTGCAT,L237M M431I,0.0000,0.0000,0,14
AAGAAGTGAAACTCAT,V420Y G504C,0.3636,0.3636,13,5
AAGAAGTGAGCTGTGG,D487Q,0.3185,0.3185,82,36
AAGAAGTGGAATAACA,,0.2013,0.2013,403,280
AAGAAGTTCAGTGCAA,H18Y G484D,0.0269,0.0269,30,156
AAGAATAAAAAAGCGA,H440D,nan,nan,0,0
AAGAATAAAACTTAAC,A521Q,nan,nan,0,0
AAGAATAACCAAAGGA,C277V,0.3617,0.3617,75,29
AAGAATAAGGTAAGTG,E468K,0.1439,0.1439,570,554
AAGAATAATAGAGTAG,K445M,0.1515,0.1515,352,325
AAGAATACTTGGAGAT,,0.0699,0.0699,1,2
AAGAATAGAAAAAAAT,W84V N458Y,nan,nan,0,0
AAGAATATACATTGGA,I202K,0.0000,0.0000,0,2
AAGAATATGACGGTTA,P489V,0.1834,0.1834,4280,3263
AAGAATATGACTGAGT,K307Q,0.2884,0.2884,33,16
AAGAATATTTGTTAAG,,0.1013,0.1013,680,939
AAGAATCAGGACTTTA,T171M,0.1111,0.1111,360,453
AAGAATCATACTACCT,,0.2285,0.2285,1961,1200
AAGAATCATTATGCCA,N443Q,0.1159,0.1159,698,842
AAGAATCCTACCGATG,I514Y,0.0269,0.0269,66,343
AAGAATCCTAGGACAC,L418W,0.0000,0.0000,0,16
AAGAATGAGTAACCTA,F251N,0.0000,0.0000,0,7
AAGAATGCAAATGCTT,P145M,0.4843,0.4843,3162,913
AAGAATGGCGTCATAA,Q391G,0.6852,0.6852,98,20
AAGAATGGTCGTCTGC,T37W,0.0000,0.0000,0,1
AAGAATGGTTGCGCAG,P254E,0.0000,0.0000,0,13
AAGAATGTGTAATTTA,,nan,nan,0,0
AAGAATGTGTAGCAGT,L316N,0.0000,0.0000,0,1
AAGAATTCTAAAATAG,V510D,0.0694,0.0694,132,266
AAGAATTCTACACGAT,S167D,0.0000,0.0000,0,77
AAGAATTGGTTGCCTT,S356R,0.1008,0.1008,1317,1827
AAGAATTTCAGAATAA,I335N A336S,0.2853,0.2853,51,25
AAGAATTTCAGAGGTT,L108T F245L,nan,nan,0,0
AAGAATTTGTCGACCG,T370V F469N,nan,nan,0,0
AAGACAAGCAAAAAAA,,0.1071,0.1071,1160,1514
AAGACAAGCACCACCA,E44N,0.0000,0.0000,0,12
AAGACAAGGAAATAAA,Y161K,0.0907,0.0907,48,74
AAGACAATTCACAATA,N20K,0.1481,0.1481,18,17
AAGACACACGAGTGCG,,0.1455,0.1455,5887,5658
AAGACACCTGGTTAGT,A67M,0.0430,0.0430,462,1503
AAGACACGAGATATCA,,0.1699,0.1699,350,288
AAGACACGCGAACAAA,K57W K380N,0.0000,0.0000,0,1
AAGACAGCCTAATATC,R456D,0.1855,0.1855,260,196
AAGACATAATCAATAC,I166N E340K,1.0000,1.4761,95,9
AAGACATACGAAGGGT,,0.2797,0.2797,82,41
AAGACATATGGCTATT,L428D,nan,nan,0,0
AAGACATCAATGAAAA,N401Y,0.2268,0.2268,180,111
AAGACATGGGCGCAAG,S113G S247F H298S,0.0000,0.0000,0,3
AAGACATTAATCAGCA,P306V,0.0000,0.0000,0,2
AAGACCAACAATGTAC,V66L,0.1595,0.1595,211,185
AAGACCAATGTTATAC,D27L,0.4661,0.4661,30,9
AAGACCACACACTCGG,G330N,0.7831,0.7831,28,5
AAGACCAGGTACGACA,F467I,0.0514,0.0514,168,457
AAGACCATACTTTATA,D449F,0.0954,0.0954,1963,2878
AAGACCATATCAAATG,W421S,nan,nan,0,0
AAGACCATCGATTTAA,,0.0699,0.0699,1,2
AAGACCATGTTATGTG,,0.1115,0.1115,3762,4720
AAGACCCACATATCAG,D348S,0.1424,0.1424,3319,3260
AAGACCCATAGTTCCC,G286T,0.0000,0.0000,0,1
AAGACCCTGACATCCG,R90C,0.0795,0.0795,187,329
AAGACCGAGTAATAAA,T219W,0.1096,0.1096,5279,6736
AAGACCGTGTCTCAGA,A394H,nan,nan,0,0
AAGACCGTTGTTTGCA,A522M,0.1037,0.1037,900,1214
AAGACCTACTGGTGCC,K445W,0.3665,0.3665,76,29
AAGACCTACTTCATAC,,0.2459,0.2459,160,91
AAGACCTGAAATCTGC,L154A,0.1563,0.1563,4388,3926
AAGACCTGCCTAACCA,*551T,0.3257,0.3257,177,76
AAGACGAAAGCTAAAC,,0.1073,0.1073,505,658
AAGACGACACAAATTG,A3I F294D N458D,0.0000,0.0000,0,1
AAGACGACATGGTCTG,I384P,0.0000,0.0000,0,8
AAGACGAGGAATGTAC,H355A,0.1580,0.1580,209,185
AAGACGATCAAAAACA,L209T,0.0601,0.0601,423,985
AAGACGATCGAAAATC,E393C,0.0408,0.0408,28,96
AAGACGCAAACAACTC,K313L,0.0613,0.0613,118,269
AAGACGCCAGAGGCTT,A19N,0.0979,0.0979,35,50
AAGACGCCAGTGTATT,Y486H,0.0000,0.0000,0,4
AAGACGCGTTCAGACC,K45Q S492Y,0.2282,0.2282,1108,679
AAGACGGAGCCGTTTT,,0.1787,0.1787,6415,5020
AAGACGGCATATAAAC,P198E C546R,0.0000,0.0000,0,6
AAGACGGTGAAGAACC,W234R A495M,0.0000,0.0000,0,11
AAGACGTAATTAACAA,,0.1747,0.1747,2091,1674
AAGACGTAGCTTTCTC,G416R E434K,0.0000,0.0000,0,4
AAGACGTCATTAAAGA,L316M K387N,0.0000,0.0000,0,19
AAGACGTGATTAAGGC,L527A,0.0000,0.0000,0,4
AAGACTAAACACGACC,Q12A,0.0000,0.0000,0,16
AAGACTAAGAACAAAT,N92W,0.1580,0.1580,270,239
AAGACTACACTTTATA,S221P I297M,0.7638,0.7638,71,13
AAGACTACGTCGCTGT,H38C N424H,1.0000,1.4917,64,6
AAGACTAGAATATATG,L300A,0.1447,0.1447,1018,984
AAGACTAGTAACTAAA,,0.1635,0.1635,2063,1764
AAGACTATGTTAAACA,,0.2593,0.2593,901,486
AAGACTATTACTTTCT,C305H,0.0000,0.0000,0,5
AAGACTCACTAGAATT,W127V,0.1049,0.1049,21,28
AAGACTCCACCAGATT,S323A,0.1393,0.1393,257,258
AAGACTCGATTGTACC,,nan,nan,0,0
AAGACTCGTTTATTTC,N169V N322V F469N,0.0000,0.0000,0,41
AAGACTCTAGACTTAC,R404A,0.1751,0.1751,492,393
AAGACTCTATGGTTGA,M268I,nan,nan,0,0
AAGACTCTTGATTAAC,Q391W,0.3008,0.3008,114,53
AAGACTGAACTCCCCT,K313G,0.2063,0.2063,664,450
AAGACTGAAGAGAAAC,D53N,0.0999,0.0999,125,175
AAGACTGAGCTTGAAT,,0.0764,0.0764,1286,2355
AAGACTGTAACACGTA,D386E,0.1853,0.1853,2104,1588
AAGACTTTAATAAACC,K262aI,0.1625,0.1625,860,740
AAGAGAAAATCGATTT,K57D L447H,0.0000,0.0000,0,1
AAGAGAAACACATTGC,L213V R328bQ M431I,nan,nan,0,0
AAGAGAACAAGACGTA,F469E,0.0000,0.0000,0,20
AAGAGAACTCCTACCC,K45L,0.0000,0.0000,0,55
AAGAGAAGAATGAACA,N424R,nan,nan,0,0
AAGAGAATACTTGGGA,T206H,0.0332,0.0332,275,1160
AAGAGAATCGAAAAAC,F392N G396V,0.0000,0.0000,0,1
AAGAGAATGTCTAGGA,L462V,0.0608,0.0608,63,145
AAGAGAATTCAGAGGT,K259G,0.0977,0.0977,517,740
AAGAGACATCGCTATG,D474N,0.1736,0.1736,2743,2209
AAGAGACCATACCAAA,I-3W,0.1712,0.1712,60,49
AAGAGACCATGCTATC,D159T M268Q,0.0000,0.0000,0,20
AAGAGACCCGGAGAAT,C466D,0.0000,0.0000,0,1
AAGAGACTACGAAGTA,V204N,0.0000,0.0000,0,4
AAGAGAGACAAGGAAG,D375Y,0.0932,0.0932,28,42
AAGAGAGCATTGATTA,C549H,0.1960,0.1960,227,162
AAGAGAGTGAGGTGGT,I123W,0.0000,0.0000,0,40
AAGAGATAACTCAAGA,L1D,nan,nan,0,0
AAGAGATAATTGCGCA,,0.1734,0.1734,615,496
AAGAGATAGCAGGGAA,,0.0000,0.0000,0,47
AAGAGATGCTTCGTAC,,0.1113,0.1113,526,661
AAGAGATGGATATGGT,V66N,0.0000,0.0000,0,1
AAGAGATTACACTGTT,M431I T436Q,1.0000,1.9578,28,2
AAGAGATTATAGCGGA,L194F,0.4296,0.4296,384,125
AAGAGATTTCAAGCAC,L59E S323A,0.0000,0.0000,0,4
AAGAGATTTCTCTAAA,V152N,0.0877,0.0877,480,765
AAGAGCAAAACCAGGT,E358L,0.1079,0.1079,2740,3552
AAGAGCATATATAAAG,P324W,0.0997,0.0997,1450,2033
AAGAGCGAACTTCTAA,D95T,0.1259,0.1259,1675,1861
AAGAGCGACCTCAAGA,T520Y,0.6118,0.6118,35,8
AAGAGCGCAGGCCATA,D27V E500M,0.0000,0.0000,0,2
AAGAGCGGAAGGATAC,C277R,nan,nan,0,0
AAGAGCGTCTTAAGGT,P489I,0.1114,0.1114,1976,2480
AAGAGCTATGCAACCC,V481S,nan,nan,0,0
AAGAGCTATTTAAGTC,H184F P306M,1.0000,1.1987,60,7
AAGAGCTTGAATACCA,E131F K165A D487H,0.1183,0.1183,55,65
AAGAGGAAAAGTGAGA,A93E,0.2465,0.2465,178,101
AAGAGGAAACTACCTA,Y98E G345P,0.0000,0.0000,0,2
AAGAGGACAAAAGTGC,N483Y,0.1184,0.1184,1334,1575
AAGAGGACATATATTA,,0.1180,0.1180,3976,4714
AAGAGGACGTATCAGT,D11Y,0.0599,0.0599,6,14
AAGAGGAGTTCCCCAG,M30L S543L,0.1774,0.1774,1503,1185
AAGAGGTAAAACTACC,G68W,nan,nan,0,0
AAGAGGTAGGGGCAGG,V135Q G341R,0.0000,0.0000,0,29
AAGAGGTCGTAGATGC,V36N C549R,0.0000,0.0000,0,9
AAGAGGTTTTGGAAAA,I115D,0.0000,0.0000,0,28
AAGAGTAACATCCTCT,S203T,0.0639,0.0639,578,1264
AAGAGTAAGAAATTGA,A364Y D419N T511I,0.1456,0.1456,255,245
AAGAGTACAATAATAC,L544S,0.0000,0.0000,0,18
AAGAGTACTATTATTA,I514N,0.0000,0.0000,0,25
AAGAGTATAAAGAAAA,A160W G396Y,0.0000,0.0000,0,2
AAGAGTATACAAAAGA,,0.0968,0.0968,3270,4723
AAGAGTATGAGCACGA,E44G G72D,0.0000,0.0000,0,1
AAGAGTCAGATACTAT,D41S S519N,0.1473,0.1473,119,113
AAGAGTCCTTTTAAAT,I260D,0.0000,0.0000,0,7
AAGAGTCGCCCACATA,,0.1133,0.1133,575,710
AAGAGTGACCTGAACC,D104G,0.1345,0.1345,100,104
AAGAGTGGTGAGACCC,E304* E476K,nan,nan,0,0
AAGAGTGTAAGATAAT,,0.2520,0.2520,164,91
AAGAGTGTGACGTCCT,N296T,0.0424,0.0424,60,198
AAGAGTGTTGAACCGA,C14T F332R,0.0000,0.0000,0,22
AAGAGTGTTGAGGTCC,E501P,0.0000,0.0000,0,23
AAGAGTTAAAATTATG,I374S,0.1553,0.1553,1274,1147
AAGAGTTACCCAAGAG,T436V,0.4895,0.4895,21,6
AAGAGTTCTTAATGTT,,0.1030,0.1030,95,129
AAGAGTTTATACAAAC,L54E,0.5943,0.5943,34,8
AAGAGTTTGCAAGTCT,K125aY N210C,0.0275,0.0275,66,336
AAGAGTTTGGAAGGGC,R149K K450M,0.0836,0.0836,4615,7719
AAGAGTTTGTCCGAGC,,0.1755,0.1755,128,102
AAGATAAAGTTATTTA,E508P,0.2053,0.2053,273,186
AAGATAAATGGATGAC,N541K C546G,0.3680,0.3680,479,182
AAGATAACCCCTGTAA,I385E,0.0000,0.0000,0,1
AAGATAACGTGGTGTC,N-4M K460Y,0.1951,0.1951,166,119
AAGATAACTAGCATCA,S523E,0.0000,0.0000,0,11
AAGATAAGATAAAAGT,,0.1405,0.1405,1566,1559
AAGATAATACACATAC,I-3Q,0.0946,0.0946,669,989
AAGATAATTCCCTACC,D375S,0.2044,0.2044,2740,1875
AAGATACAAGAAGTGG,H244E,0.1021,0.1021,230,315
AAGATACGGTGAGATA,E190H,0.1682,0.1682,314,261
AAGATACTCTTATAAC,V510K,0.4615,0.4615,66,20
AAGATAGAACTGAGAG,K120L,0.1570,0.1570,211,188
AAGATAGGCTAAGATA,S503E,0.1499,0.1499,417,389
AAGATAGTACGGAGGT,E476K,0.0926,0.0926,885,1336
AAGATAGTATTAAAAA,H183E,0.0000,0.0000,0,6
AAGATAGTCTATCTGC,,0.0000,0.0000,0,50
AAGATAGTGATGGCAG,R496K,0.1657,0.1657,1468,1239
AAGATATAAAGACGAT,E414D,0.4055,0.4055,116,40
AAGATATCAGATACAC,L108E Q371I,0.1007,0.1007,18,25
AAGATATGACTAGCTC,,0.1129,0.1129,256,317
AAGATCAAACATTATC,V5S,0.1285,0.1285,714,777
AAGATCAACACAAAAG,I202T,0.1860,0.1860,1132,851
AAGATCAAGACAATGC,D240I Q545M,0.1554,0.1554,680,612
AAGATCAAGTGATGAT,V481I,0.1200,0.1200,1090,1270
AAGATCATACGTAACC,,0.0665,0.0665,194,408
AAGATCATCGTTTCAA,V56L C281Y R496N,0.8857,0.8857,95,15
AAGATCCCATTCTGAA,G72R S203G,0.5157,0.5157,59,16
AAGATCGCTAATACTA,D386A,0.1158,0.1158,433,523
AAGATCGTAGGCATGT,I121P,0.0000,0.0000,0,9
AAGATCGTGGCGGCTA,,0.1600,0.1600,246,215
AAGATCTATTCTTACC,L1C T511W,0.1234,0.1234,120,136
AAGATCTGTAGGATAT,V26M S65R E468D,0.0000,0.0000,0,2
AAGATGAATCGAACAA,Y274M,0.1641,0.1641,237,202
AAGATGACACTACTGG,N20H,1.0000,1.5849,34,3
AAGATGCAAGAAAGTG,F469S,1.0000,inf,55,0
AAGATGCCTAGACATA,K269N,0.1720,0.1720,91,74
AAGATGCGCAAGTAGC,N210I I406P,0.0000,0.0000,0,2
AAGATGCTAGAGTAAA,S133V A160T,0.3059,0.3059,444,203
AAGATGCTCACCACCT,I217Y Y491S,0.0000,0.0000,0,3
AAGATGGATTAAGCAA,E403V,nan,nan,0,0
AAGATGGCATGGAATC,T511F,0.2588,0.2588,670,362
AAGATGGGACATAACC,T485N,0.2780,0.2780,505,254
AAGATGGGCACCTTTG,G416T,nan,nan,0,0
AAGATGTGCATGCGGC,Y518N,0.2797,0.2797,30,15
AAGATGTTGTCCATGG,R81L,0.2403,0.2403,1579,919
AAGATTAACACCATGC,L102P,0.0000,0.0000,0,4
AAGATTAACAGTAACA,S265W,0.0000,0.0000,0,13
AAGATTAACCGACAAA,S290P K380E E500C,0.0000,0.0000,0,2
AAGATTAACGGCCACA,,0.0000,0.0000,0,92
AAGATTAACTTGACAC,K259F,0.0000,0.0000,0,53
AAGATTAATAACAGAT,R452I,0.0000,0.0000,0,6
AAGATTAATAAGACCC,Q359R,0.1198,0.1198,1551,1810
AAGATTCAGTGAAATA,K9C,0.1073,0.1073,33,43
AAGATTCCGTCTTAGA,S311A,0.1072,0.1072,876,1143
AAGATTCGGCCATGCC,G416C,0.0000,0.0000,0,11
AAGATTCTAAACAGTC,N401R,0.1546,0.1546,903,817
AAGATTCTTGAATCGA,,0.0000,0.0000,0,8
AAGATTGAATAATCAG,I406H G463C,nan,nan,0,0
AAGATTGACCCCTGGT,D175N,0.1850,0.1850,41,31
AAGATTGGTGCTGAGA,C64E,0.0000,0.0000,0,8
AAGATTGTACGTACTC,V451N,0.4879,0.4879,157,45
AAGATTGTCCGAAAAA,A459R,0.0000,0.0000,0,4
AAGATTGTCTTTTAAG,V309M M346R Q359K,0.0000,0.0000,0,3
AAGATTGTGAACAAAC,A287L,0.7132,0.7132,51,10
AAGATTTAAAGCCTTA,I297A,0.0414,0.0414,24,81
AAGATTTAAAGTCACT,A67H,0.1480,0.1480,363,343
AAGATTTAACCAGCAA,I-3M,0.0800,0.0800,166,290
AAGATTTAAGTCAAGT,K157T,0.3236,0.3236,2360,1020
AAGATTTACTACAATT,Y470I,0.1735,0.1735,1011,815
AAGATTTAGCCTACAT,,0.1878,0.1878,4727,3520
AAGATTTGAAATCCAG,R328aK,0.2660,0.2660,78,41
AAGATTTGTTACAGCT,A373K,0.2126,0.2126,38,25
AAGATTTTAGCCCCAT,L497K,0.4195,0.4195,108,36
AAGATTTTATGATGAC,L209C,0.1175,0.1175,1947,2318
AAGATTTTGGATGTTC,,0.1683,0.1683,586,487
AAGCAAAAACATAAAT,H38P,0.0000,0.0000,0,13
AAGCAAAACGAAGACC,D438E,0.0479,0.0479,37,108
AAGCAAAAGCTAACTA,,0.1304,0.1304,291,312
AAGCAAAATAACAGGA,Q513E,0.1776,0.1776,4142,3262
AAGCAAAGCAAAGTAG,,0.1232,0.1232,2591,2940
AAGCAAAGCCTCAGAT,H276R,0.2001,0.2001,3219,2250
AAGCAAAGCTAACATT,,0.1553,0.1553,2104,1894
AAGCAAATCATGAAAT,T163A N169S R173G I178V Q191R N193D T200A Y201C S203G F332L E432K,0.0000,0.0000,0,6
AAGCAAATTCCTATTG,I288K,0.1502,0.1502,29,27
AAGCAAATTTCATTCT,,0.1378,0.1378,612,621
AAGCAAATTTCCTATG,H354N L430Y,0.0000,0.0000,0,5
AAGCAACAGATTGAAG,Q25T G484D,0.0590,0.0590,27,64
AAGCAACATCAGTACA,,0.1225,0.1225,1098,1253
AAGCAACATGATGTTA,R229S,0.4428,0.4428,76,24
AAGCAACCACTATCTA,I529K,0.6837,0.6837,44,9
AAGCAACTCGATCCTA,,0.0000,0.0000,0,14
AAGCAACTGTTACATC,D63S T485H,0.0834,0.0834,860,1442
AAGCAAGCACAGCTCA,D348K K460I,nan,nan,0,0
AAGCAAGTTCCCCGGT,,0.0000,0.0000,0,8
AAGCAAGTTTAATCAG,,0.1045,0.1045,592,792
AAGCAATAAGCCAAAT,E403K N458L,0.5314,0.5314,19,5
AAGCAATAGAAAGGTA,D441E,0.1740,0.1740,714,574
AAGCAATAGAACTTCT,,0.1458,0.1458,98,94
AAGCAATGCATCACTC,I-3T,nan,nan,0,0
AAGCAATGGGAAGGCG,H38Y,0.0611,0.0611,107,245
AAGCAATGTTGCAGGA,,0.1033,0.1033,725,981
AAGCAATTAGGAAAAG,R321Y K367M T370F F469R,0.0000,0.0000,0,45
AAGCAATTAGTTGTAG,R321K,0.0883,0.0883,60,95
AAGCAATTGCTGCGAA,V420T,0.0932,0.0932,12,18
AAGCACAATAGCGCTT,S126Y,0.1028,0.1028,744,1012
AAGCACACCTGATTTT,,0.1096,0.1096,1542,1968
AAGCACACTCCAATCT,G504W,0.0685,0.0685,331,676
AAGCACATAGCGGTCC,*551H,nan,nan,0,0
AAGCACCAAAGCACTG,I217Q,0.0846,0.0846,245,405
AAGCACCAAATAATTA,,0.0000,0.0000,0,76
AAGCACCACACTAAAG,S291N,0.0854,0.0854,475,778
AAGCACCCATTTGGCT,,0.2797,0.2797,26,13
AAGCACCTAACACACA,P284S I335W,0.0000,0.0000,0,18
AAGCACGACTGAAATC,P140R,0.2216,0.2216,1442,910
AAGCACGAGAGTATAA,M538N,0.0000,0.0000,0,48
AAGCACGATAGCATAA,F232R,0.0000,0.0000,0,31
AAGCACGTATAAAAAC,V347K,0.1846,0.1846,359,272
AAGCACGTGCAACATA,,nan,nan,0,0
AAGCACTAAAGGCCCG,A526H,0.0000,0.0000,0,7
AAGCACTACCATACTG,H183M,0.0649,0.0649,58,125
AAGCACTTGAAAAGAT,,0.0000,0.0000,0,32
AAGCAGAAAGCTATTC,I384S,nan,nan,0,0
AAGCAGAAGCAATGCC,D77T R328aL,1.0000,1.4823,265,25
AAGCAGAATGCTCACA,L133aF,0.2010,0.2010,572,398
AAGCAGCCCCAGCGAC,I550L,0.1206,0.1206,50,58
AAGCAGCGGCCCGACC,N197K,0.0967,0.0967,139,201
AAGCAGCTAATAGTAA,N475Y,0.2118,0.2118,53,35
AAGCAGTCTATCCAGA,R81Q,0.1859,0.1859,1481,1114
AAGCAGTCTTGGTCTA,N21Y,0.0000,0.0000,0,1
AAGCATAAAATTAGAT,S290T,0.1682,0.1682,10384,8633
AAGCATAATGTGAAGT,A317N,0.0000,0.0000,0,24
AAGCATACAACAAAAC,G286A,0.0000,0.0000,0,2
AAGCATAGATATAGGC,G16D,0.0000,0.0000,0,4
AAGCATAGTACAACGC,Q12E,0.1619,0.1619,198,171
AAGCATATGATAGCTG,I29K,1.0000,inf,1,0
AAGCATATGGACCATT,L43Y,0.0805,0.0805,19,33
AAGCATCATTAACCGT,M75P C549Q,0.1294,0.1294,323,349
AAGCATCGATGAGACC,,0.1347,0.1347,951,987
AAGCATCGTAAGGCGA,,0.0645,0.0645,120,260
AAGCATGGGCAAAATG,D457K,0.0000,0.0000,0,2
AAGCATTAACATCCTG,E327K E403Y,1.0000,1.0908,78,10
AAGCATTAATAATCAG,A137T N193F,0.1003,0.1003,355,495
AAGCATTGACCCGAAA,Y258W,nan,nan,0,0
AAGCCAAAAAAGTTAC,N408Y,0.1006,0.1006,367,510
AAGCCAAAAATAAAGA,,0.1635,0.1635,5034,4305
AAGCCAAAAGGTCTCC,K380C,0.0000,0.0000,0,29
AAGCCAAACCGAACAC,,0.2004,0.2004,1896,1323
AAGCCAAAGTACAGTA,,0.1442,0.1442,459,445
AAGCCAACTACCAGGG,M30Q,0.1011,0.1011,120,166
AAGCCAACTCTGGCAC,E398A,nan,nan,0,0
AAGCCAAGCTTTACCT,N443K,0.0000,0.0000,0,32
AAGCCAAGGGCCTATT,S10H,0.0000,0.0000,0,1
AAGCCAATACACGTAG,A336T L447S,0.0280,0.0280,1,5
AAGCCACCAACAAGTT,G271K,0.0347,0.0347,35,141
AAGCCACTAAATTCAA,S356N,0.0876,0.0876,428,683
AAGCCACTAGTATAAG,G333S,0.1827,0.1827,3630,2779
AAGCCACTCGCAACTG,M268C,0.0000,0.0000,0,2
AAGCCAGATAAATAAA,N54aC A521S,0.5594,0.5594,32,8
AAGCCATCCAAAAAAT,N322S,0.3653,0.3653,128,49
AAGCCATGGACAAGGC,,0.0794,0.0794,109,192
AAGCCATTCCCAATAA,I548M,0.1894,0.1894,474,350
AAGCCCAAATCCAATG,L507Q,0.3284,0.3284,1294,551
AAGCCCAAGATTATTG,E501K,0.1954,0.1954,2543,1820
AAGCCCAGTTGAACCC,T378L,0.1379,0.1379,624,633
AAGCCCATAGAATTCT,L409G,0.0000,0.0000,0,11
AAGCCCCACCACTTAT,E398K,0.6293,0.6293,27,6
AAGCCCCGCTTCTAAT,F332W,0.0699,0.0699,1,2
AAGCCCCGGATTGTAC,R114D,0.6116,0.6116,328,75
AAGCCCCGTGCTCAAT,N224F,0.1362,0.1362,3951,4057
AAGCCCGTCAATCGTT,K380E,0.0000,0.0000,0,27
AAGCCCGTCTACACTA,Q211W,0.0828,0.0828,138,233
AAGCCCTATAATACAC,F469T,0.1942,0.1942,25,18
AAGCCCTGATAAAATT,N92V S146R,0.0935,0.0935,1021,1527
AAGCCCTTGCGCGATT,A19L,0.1981,0.1981,34,24
AAGCCGAAAAGATGCG,I60S,0.1041,0.1041,35,47
AAGCCGAAAGAACTTG,A218Y,nan,nan,0,0
AAGCCGAATAAAAAAG,,0.1172,0.1172,306,365
AAGCCGAATTAAATTT,,0.1476,0.1476,976,925
AAGCCGAATTAGGGAA,I-3G,0.1100,0.1100,2085,2650
AAGCCGACGCAGCGCC,T301G,0.1229,0.1229,406,462
AAGCCGCCACAAATCT,T279R,0.1623,0.1623,65,56
AAGCCGCCCCTGGATA,A93L,0.0969,0.0969,497,717
AAGCCGCGAAATTCTA,P99G,0.0000,0.0000,0,15
AAGCCGCGAGGTAAAA,Y98M I385N,0.0000,0.0000,0,5
AAGCCGGAGCCAAACA,S519C,0.0747,0.0747,70,131
AAGCCGTACATTCAAG,T171R I502D,0.0000,0.0000,0,7
AAGCCTAACAAATAGC,F245M,0.1488,0.1488,366,344
AAGCCTAACAGAAGGC,,0.9789,0.9789,49,7
AAGCCTAATAAGTGAA,S524G,0.2897,0.2897,29,14
AAGCCTAGATGACGAA,C477S,0.0000,0.0000,0,2
AAGCCTATCTCATGCA,V36H P293G,nan,nan,0,0
AAGCCTATTGGAATAT,K506N,0.0867,0.0867,1119,1804
AAGCCTATTGTACTTC,,0.1238,0.1238,2803,3166
AAGCCTCCTTTTGCAT,E501T,0.0972,0.0972,244,351
AAGCCTGACGGTTCTA,N296E,nan,nan,0,0
AAGCCTGAGGCAAACA,S203N L418T,0.2727,0.2727,39,20
AAGCCTGGAATAAAAG,A394E,0.0000,0.0000,0,18
AAGCCTTAGATCAGAA,W350N,0.8546,0.8546,55,9
AAGCGAAATCTTAATA,E44D,0.0610,0.0610,260,596
AAGCGAATAAAGACGC,A522H,0.0000,0.0000,0,39
AAGCGAATCGGCCGTT,Y363I,0.0000,0.0000,0,5
AAGCGACGTAATTTCT,E494T,0.0514,0.0514,68,185
AAGCGAGCTAACTTGG,E107C T208D,nan,nan,0,0
AAGCGATAAATGTGAG,,0.1191,0.1191,752,883
AAGCGATACTATAAAG,K120W,0.3539,0.3539,124,49
AAGCGATTACGAGCGT,P306A,0.0000,0.0000,0,30
AAGCGCATTTTTTTTC,F338T,0.0000,0.0000,0,3
AAGCGCCCACATTCGA,Q545A,0.1348,0.1348,755,783
AAGCGCCGACGTTTCG,E476K,0.0797,0.0797,694,1217
AAGCGCGACGGTCAGA,M230D,nan,nan,0,0
AAGCGCGATCACCAAT,I243K,0.4720,0.4720,27,8
AAGCGCTGGAAACCCT,S291Q,0.0932,0.0932,652,978
AAGCGCTGTTATTCGA,I406E,nan,nan,0,0
AAGCGGAAAATGGACT,G510aV,0.1632,0.1632,1371,1175
AAGCGGTATTCTGCGA,A528K,0.0000,0.0000,0,4
AAGCGTATAGACTATT,Y308L,1.0000,2.6570,38,2
AAGCGTGCTAAATGAG,,0.3236,0.3236,280,121
AAGCGTGGTTGTTTTA,L462M,0.2217,0.2217,975,615
AAGCGTTCTGATCTTA,L544M,0.1757,0.1757,1710,1361
AAGCTAAACGCAATCG,E174R,0.1176,0.1176,132,157
AAGCTAAAGCGCGCTT,,0.0146,0.0146,5,48
AAGCTAACAAGCGCGT,Q513W,0.1656,0.1656,296,250
AAGCTAACATAGATAT,,0.2161,0.2161,51,33
AAGCTAACTCCAATAA,L331Q,1.0000,1.0089,202,28
AAGCTAAGGAATTTGA,I384W,0.1498,0.1498,2776,2592
AAGCTAAGGTTTTAAT,T283C,0.1157,0.1157,1887,2281
AAGCTAATGAAAATAG,G72R,0.1507,0.1507,195,181
AAGCTAATTAATCCAA,K412L,0.1093,0.1093,25,32
AAGCTACAACAATCTA,A39E G349W,0.0000,0.0000,0,4
AAGCTACACGTAGCTA,N169Q D366V T370*,0.0000,0.0000,0,15
AAGCTACCCTGATAGA,Y105D,0.1038,0.1038,138,186
AAGCTACCTCAATAGA,K310C,nan,nan,0,0
AAGCTACGACTGGGTA,,0.1413,0.1413,766,758
AAGCTAGAAAACTCAC,G345Y,0.1583,0.1583,146,129
AAGCTAGACTCAAGTC,P162K,0.1481,0.1481,198,187
AAGCTAGTCCGTGAGA,,0.1689,0.1689,465,385
AAGCTAGTGTCCAAGA,S125bP S509D,0.1233,0.1233,954,1082
AAGCTATATAAAGCAT,R321T D366G F469C,nan,nan,0,0
AAGCTATCAAAGACAA,G510aA,0.2470,0.2470,936,530
AAGCTATTTTACAAGG,N169L N379I,0.1761,0.1761,1020,810
AAGCTCAACCGACGTA,K411R,0.1784,0.1784,2601,2039
AAGCTCAACTACACCA,,0.0562,0.0562,851,2117
AAGCTCAATATCTATC,P162R,0.2514,0.2514,7269,4044
AAGCTCACATAAGAAC,E107K T283W S356N E432K,0.1026,0.1026,11,15
AAGCTCAGGTGATCCA,D159Y,0.2347,0.2347,2556,1523
AAGCTCATACAGAGTA,G143L,0.1387,0.1387,3274,3302
AAGCTCATTTACCAAA,R329Q,0.2237,0.2237,16,10
AAGCTCCAACAACACA,F338M,0.1429,0.1429,232,227
AAGCTCCCACTACGCC,D11P,0.0000,0.0000,0,4
AAGCTCCCCTTCATAT,T132K *551L,0.1355,0.1355,155,160
AAGCTCCGTAAGATGG,D386P,nan,nan,0,0
AAGCTCGAAACGTGCC,T422D,nan,nan,0,0
AAGCTCGCAACTGATA,,0.1965,0.1965,3335,2374
AAGCTCGCCAAGGGCG,I243S,0.2479,0.2479,39,22
AAGCTCGGACATTGAC,C76S,0.0000,0.0000,0,8
AAGCTCTCATCATTGG,Y491K,0.0000,0.0000,0,22
AAGCTGAAACGTCGAA,Y256L R496E,0.2974,0.2974,353,166
AAGCTGGTGTCTGAGA,,0.0567,0.0567,103,254
AAGCTGTAAGATCAAT,I166L V309A Y486G,0.0000,0.0000,0,38
AAGCTGTACAAACCGA,K45V,0.1846,0.1846,3299,2499
AAGCTGTCTAATCCTC,A317L,0.0215,0.0215,4,26
AAGCTGTGAATCAACT,,0.1689,0.1689,1563,1294
AAGCTGTTTTACACGA,M268K,0.0000,0.0000,0,1
AAGCTTAACCAAAGAC,S203P,0.0000,0.0000,0,7
AAGCTTAAGAACAACG,I60F Y423E,0.0000,0.0000,0,5
AAGCTTAAGTAAAACA,Q12S,0.2407,0.2407,2141,1244
AAGCTTAAGTAGTAAA,,0.2007,0.2007,1243,866
AAGCTTATGAAGGCTT,,0.0000,0.0000,0,10
AAGCTTATTTCATAAA,N278G,0.2140,0.2140,176,115
AAGCTTCAACATAGAC,Q344H,0.0361,0.0361,63,244
AAGCTTCAATCTTTAT,G263T G352V L447F,0.0000,0.0000,0,14
AAGCTTCCCAAGGGAC,,0.1112,0.1112,1084,1363
AAGCTTCGCGGGCTAG,D41R,0.1507,0.1507,654,607
AAGCTTGTTAGGATCT,L462Y,0.1109,0.1109,578,729
AAGCTTTAGAGTGCAA,A188V,0.1883,0.1883,245,182
AAGCTTTGGAAAATGT,V395M,0.0984,0.0984,1589,2259
AAGCTTTTGCCAACCA,,0.1469,0.1469,6481,6171
AAGGAAAACGATTCAG,,0.1809,0.1809,3868,2990
AAGGAAAACGCATTTA,V8L L61P,0.0000,0.0000,0,1
AAGGAAAATTAGACCA,V-2N V204C,0.0733,0.0733,700,1335
AAGGAAATCAAACATA,V8R K216G R220G Q222R D231L N250S K262aR Q282R N289G I297V K313R E327G K328G T390A Y448C K460E R496G K498E,0.3980,0.3980,37,13
AAGGAAATCCTAGATA,Y488N,0.1285,0.1285,452,492
AAGGAACACACCCCCT,L2C,0.0625,0.0625,297,665
AAGGAACCAACCAACT,L430M,0.1149,0.1149,954,1161
AAGGAACGGCGGGTAT,G330I,nan,nan,0,0
AAGGAACTAATGACGA,V5R,0.0000,0.0000,0,29
AAGGAAGACATCAGTT,R81G E304V,0.2259,0.2259,5068,3138
AAGGAAGATACACATA,A365I,1.0000,3.0066,43,2
AAGGAAGATTATGGAA,Y491C,0.0000,0.0000,0,3
AAGGAAGCATATTACT,V-2A,0.1543,0.1543,235,213
AAGGAAGCCGGAATTA,V223S,0.2133,0.2133,209,137
AAGGAAGGGGACTATG,A160S,0.3830,0.3830,252,92
AAGGAATAACCAGTAA,T370G Q391C F469M,0.0000,0.0000,0,7
AAGGAATAATTGGATT,,0.2259,0.2259,2055,1272
AAGGAATCAGCATCCC,S290R,0.3321,0.3321,38,16
AAGGAATCGAAATCAA,N424Q,0.0589,0.0589,24,57
AAGGAATGAGCTTCCC,I42G,0.0000,0.0000,0,20
AAGGAATGGAATATGT,P198Q,0.0347,0.0347,193,777
AAGGAATTAAGTTTCT,I29Y E500M,0.0292,0.0292,19,91
AAGGAATTGCCTTATC,G228R,0.0000,0.0000,0,3
AAGGAATTTAGGGCGC,T171K Y353K,0.6176,0.6176,53,12
AAGGACAAAATTTCTT,D95K,0.1350,0.1350,84,87
AAGGACAAGTGCAGGG,Y423L,1.0000,1.2586,72,8
AAGGACCAGAGGTAAC,Y491A,1.0000,inf,1,0
AAGGACGACATACCTG,H183M,0.0000,0.0000,0,27
AAGGACGAGCCTCATC,,0.1986,0.1986,2251,1585
AAGGACGCAATTAAGA,T279H,0.0000,0.0000,0,6
AAGGACGCAGTGGTGT,I288H,nan,nan,0,0
AAGGACGGGAGAGCTT,,0.0904,0.0904,423,654
AAGGACGTACCTTAAC,,0.1114,0.1114,2495,3133
AAGGACTAAGTCGTTA,E174K,0.1336,0.1336,425,445
AAGGACTTAAGGGAAC,,0.1321,0.1321,1459,1545
AAGGACTTACCCCTAT,F79N,0.1180,0.1180,394,467
AAGGACTTTTCCTGGC,W180H,1.0000,1.1987,180,21
AAGGAGCATAAAATGC,,0.1556,0.1556,307,276
AAGGAGCATATGAGCT,K32C G49D,0.0000,0.0000,0,1
AAGGAGCCCCCGTAAA,S167E T370* F469C,nan,nan,0,0
AAGGAGCCTAATGCTA,D27W A425N E501N,0.0000,0.0000,0,2
AAGGAGTAAGTCTAAT,K307N R321P T370Q,0.0000,0.0000,0,4
AAGGATAACATCCATT,W153V,0.0000,0.0000,0,1
AAGGATAAGGGCCCGC,L102E S361R,nan,nan,0,0
AAGGATACTGGTACAA,,0.1140,0.1140,1426,1749
AAGGATAGCGACGTAA,D104I,0.2000,0.2000,379,265
AAGGATAGTAGACGTC,W343S,nan,nan,0,0
AAGGATATAAGTTGGC,,0.1722,0.1722,1032,838
AAGGATATTATGGAAA,N116H K387G,0.0963,0.0963,274,398
AAGGATCATAGTTATA,,0.1059,0.1059,675,891
AAGGATCTATAGTAGT,P489V,0.0585,0.0585,120,287
AAGGATGGCTTGTGAT,E107M,0.0000,0.0000,0,1
AAGGATGGGCGAGCTA,,0.1105,0.1105,392,496
AAGGATGGTATGCGTT,L154P,0.1307,0.1307,1210,1295
AAGGATGTCGTAACTA,G68R N379K,0.0000,0.0000,0,4
AAGGATGTGATGACGA,,0.0000,0.0000,0,8
AAGGATGTTTGAAATT,G376T,0.0000,0.0000,0,6
AAGGATTAAATACATA,G362M,0.0959,0.0959,401,585
AAGGATTAATCAGGAT,F469D,nan,nan,0,0
AAGGATTCACAATTCT,P324W,0.2180,0.2180,1152,739
AAGGATTCATAAACCT,F469R,nan,nan,0,0
AAGGATTCGGGCAAGA,S524D,0.0000,0.0000,0,25
AAGGATTTAATGTCAG,,0.1623,0.1623,4928,4246
AAGGATTTCCAGAATT,,0.2237,0.2237,240,150
AAGGCAAAATATTCGC,E358S,0.0000,0.0000,0,6
AAGGCAAATCACCTAG,,0.1610,0.1610,2826,2454
AAGGCAAATTTTCCGA,W84F,1.0000,1.5243,109,10
AAGGCAACAATTGCAC,R227A,0.0769,0.0769,814,1480
AAGGCAACCGAGGTTA,S167A S361R,0.2488,0.2488,121,68
AAGGCAACTGGTCACA,V309R,0.0000,0.0000,0,2
AAGGCACAAAGAAGCA,T378R E501I,0.1701,0.1701,540,444
AAGGCACTTCTATTGA,,0.1783,0.1783,7798,6115
AAGGCAGAGCACAAAT,L515Q,0.0000,0.0000,0,1
AAGGCAGATTAAAATA,,0.1283,0.1283,4612,5028
AAGGCAGGCTACCTCA,,0.1068,0.1068,552,723
AAGGCAGGGCCAGGTA,T370G F469L,0.0000,0.0000,0,4
AAGGCATAAAGTAGCA,T390W,0.5394,0.5394,162,42
AAGGCATGACGCGGGT,Y423E,1.0000,1.5942,57,5
AAGGCATTCGCGACAA,R404I,0.1047,0.1047,164,219
AAGGCATTTGACACGT,,0.1115,0.1115,528,662
AAGGCCAAAGTAGTTA,T511C,0.0000,0.0000,0,42
AAGGCCCAAAAGGACA,I123W,0.0287,0.0287,39,190
AAGGCCCGTTACCTAG,F251L A425S,0.1816,0.1816,100,77
AAGGCCTAAACCCACA,N410L,0.2797,0.2797,8,4
AAGGCCTCACCAATAT,C14* E479N,0.1340,0.1340,23,24
AAGGCCTCACCCTTTA,C76E Q344E,0.1165,0.1165,50,60
AAGGCCTTTATAATCA,,0.1272,0.1272,161,177
AAGGCGAACCAAAAAG,K9M L43I,0.0000,0.0000,0,26
AAGGCGACTGATAAGC,A287R,0.1352,0.1352,29,30
AAGGCGATGCAATCAC,S323K,0.1200,0.1200,533,621
AAGGCGTAAATCTAAA,L316K,0.0000,0.0000,0,26
AAGGCTAAATTGGTAA,L507T,0.1378,0.1378,464,471
AAGGCTAATCAGGTAA,G181E,nan,nan,0,0
AAGGCTACTAAACGAC,S265D,0.0000,0.0000,0,11
AAGGCTATTGCCATAA,,0.1233,0.1233,364,413
AAGGCTCAACTGGAAA,,0.1005,0.1005,1130,1573
AAGGCTCTAAGGGGTT,S311T,0.0812,0.0812,288,496
AAGGCTGAACAGCCGA,K45R,0.2825,0.2825,101,50
AAGGCTGATACCTTGA,L507Y,0.1038,0.1038,438,590
AAGGCTGTATCCAAAC,E494I,0.1117,0.1117,1841,2305
AAGGCTTCTTCAACGA,,0.1030,0.1030,600,815
AAGGGAAGTCTGAAAA,,0.1117,0.1117,127,159
AAGGGAAGTTCATAAT,I529*,0.0000,0.0000,0,8
AAGGGATCTAGCGTTC,S290K,0.1390,0.1390,676,680
AAGGGCAGCGCAGAGG,D457T,0.0969,0.0969,2019,2914
AAGGGCGTAAACAATA,S167I R321P T370K,0.0000,0.0000,0,1
AAGGGCTTTAACGAAT,Y86K P489Q,0.0000,0.0000,0,5
AAGGGGAATACTAAAA,E494D,0.0894,0.0894,55,86
AAGGGGAGTCGGAAGC,,0.0754,0.0754,76,141
AAGGGGATAACAGGAA,A528C,0.0993,0.0993,2695,3794
AAGGGGCCTGTTTGAA,,0.2098,0.2098,75,50
AAGGGGCTAAAAGATG,P82aH,nan,nan,0,0
AAGGGGGCTTTCATCA,L61M F417W,0.0000,0.0000,0,4
AAGGGGTACAAGTTAT,S323Y,0.1031,0.1031,202,274
AAGGGGTATCTCACTA,Y491H,0.2070,0.2070,1862,1258
AAGGGTAAACGTTATA,S10I,0.0000,0.0000,0,9
AAGGGTAAATCATACA,N169R R321L T370K,0.3377,0.3377,128,53
AAGGGTACACTTAAGA,K196N E414A,0.0802,0.0802,545,950
AAGGGTACCTTTCAGA,G345L,0.2691,0.2691,1014,527
AAGGGTCCGTTCCCTC,H184M R328bG,0.0000,0.0000,0,3
AAGGGTCGGGACTAAG,N129M,0.3012,0.3012,3929,1824
AAGGGTCTAATAAAAA,C14Q V272N G362S,0.0000,0.0000,0,7
AAGGGTGAATGTGCCG,N48R,0.0000,0.0000,0,11
AAGGGTTCTGCTCCGT,P58Y,0.0000,0.0000,0,15
AAGGTAAAAATCAATA,I517L,0.1124,0.1124,536,667
AAGGTAACCATGGCGT,K157M,0.0974,0.0974,62,89
AAGGTAATATAAAAAG,I406L,0.1476,0.1476,1675,1587
AAGGTAATGCCGGTTA,,0.1682,0.1682,89,74
AAGGTAATTAACAAAG,K506V,0.0423,0.0423,137,453
AAGGTAGATAAAGTGG,V309C,0.1590,0.1590,1392,1224
AAGGTATTGATCGGGA,,0.0416,0.0416,80,269
AAGGTATTGTTTAGAC,S167T T370L F469*,nan,nan,0,0
AAGGTCAAAAAAGGTT,,0.1239,0.1239,1722,1943
AAGGTCAAACGGGGTT,,0.1019,0.1019,1824,2504
AAGGTCAAGAACACGG,S101F,0.2017,0.2017,1591,1103
AAGGTCAGAAGAAATT,L213Q,0.0170,0.0170,24,197
AAGGTCAGGTTACCTT,G181M,nan,nan,0,0
AAGGTCCAATGGTGGT,S10I N483K,0.9281,0.9281,73,11
AAGGTCCATATAAATA,E44W Q344*,0.0000,0.0000,0,12
AAGGTCCCGAACCAAG,,0.1084,0.1084,451,582
AAGGTCCTAGGATCTG,E327C V505M,0.1098,0.1098,62,79
AAGGTCGGCTGTGTGG,,0.1637,0.1637,3549,3031
AAGGTCTATCCCGACA,V-2W N129E G504Y,0.1030,0.1030,327,444
AAGGTGACAGGAACTA,V56A,0.0766,0.0766,3343,6106
AAGGTGATATACAAGA,I335M D366E H471V,nan,nan,0,0
AAGGTGCACCTAATCC,E78S K445A,0.2323,0.2323,103,62
AAGGTGCGTTAAGCAG,N400C,0.0763,0.0763,603,1105
AAGGTGTAGTAGGGGA,V5G,0.1026,0.1026,2909,3964
AAGGTGTTTATGCAAC,Y105H,0.1586,0.1586,793,699
AAGGTTACACTCATTA,Q344E,0.1541,0.1541,1431,1299
AAGGTTAGCACAAAAA,Y86E,nan,nan,0,0
AAGGTTAGGCCAACGA,E-5H M431T,0.2994,0.2994,137,64
AAGGTTATAATAGCGT,L527H,0.0000,0.0000,0,2
AAGGTTATGAAATACT,A317E,0.0995,0.0995,37,52
AAGGTTCACCCAAATA,H354R,0.0000,0.0000,0,90
AAGGTTGAAAACATGA,N289I,0.6293,0.6293,153,34
AAGGTTGACATTTAAT,A336K,0.0000,0.0000,0,12
AAGGTTGTCGACCCTT,S6V,0.0000,0.0000,0,36
AAGGTTTAGAAATTTC,R329Q,0.0000,0.0000,0,12
AAGGTTTATAATAATT,S290D,0.1466,0.1466,109,104
AAGTAAAAAAGAATAT,H440A,nan,nan,0,0
AAGTAAAAGCAACCGG,L507Y,0.2461,0.2461,308,175
AAGTAAACACCGGTGC,I15F N312E G504V K506L C546Y,0.0000,0.0000,0,7
AAGTAAACCACATATA,,0.1160,0.1160,3937,4747
AAGTAAACGGATCACG,W537S,0.2834,0.2834,377,186
AAGTAAAGCGCCTTAT,K269D,0.0000,0.0000,0,20
AAGTAAATGGAAACCC,Y105K,0.1713,0.1713,354,289
AAGTAACAACCCATGA,S146G,0.3928,0.3928,132,47
AAGTAACAAGCATTAA,L1D,nan,nan,0,0
AAGTAACGAAAGATAC,R326A,0.1260,0.1260,529,587
AAGTAACGAAGAACCT,G510aT,nan,nan,0,0
AAGTAACGGAATAAGC,E414H,0.2446,0.2446,717,410
AAGTAACGTTAATAAT,R435Y,1.0000,4.2652,61,2
AAGTAACTTTTTCATA,,0.0000,0.0000,0,1
AAGTAAGAAGAGGCGC,A334S V395D,0.2360,0.2360,27,16
AAGTAAGACCAATGAC,,0.0738,0.0738,876,1661
AAGTAAGCATTGATTC,,0.7272,0.7272,26,5
AAGTAATAAAAAAATA,Y258I,0.1318,0.1318,393,417
AAGTAATAAAAACAAG,S516N,0.1248,0.1248,4674,5236
AAGTAATGAAAGCAAA,N400R,0.0000,0.0000,0,2
AAGTACAAAAATAGAC,,0.0447,0.0447,39,122
AAGTACAAAACAGGAG,K120Y,0.0273,0.0273,26,133
AAGTACAAAAGCCCAC,F245V,0.0974,0.0974,802,1151
AAGTACAAAAGGTCGC,T132A,0.2142,0.2142,265,173
AAGTACAACATTACAA,,0.1495,0.1495,1919,1795
AAGTACAATAACGCTG,K269Y,0.1409,0.1409,4574,4541
AAGTACAGTCAGACAA,,0.0873,0.0873,875,1401
AAGTACATATGAAAAC,E407V,0.1547,0.1547,135,122
AAGTACATGTATTATG,L71V D264Y,0.3941,0.3941,62,22
AAGTACCAAGCACTAT,E432Q,0.1183,0.1183,126,149
AAGTACCAGATACGCT,N20C,0.0000,0.0000,0,4
AAGTACCAGGAGCTCG,D487M,0.1030,0.1030,2474,3360
AAGTACCCCAAATCAA,T370R F469I,0.0000,0.0000,0,29
AAGTACCTATATCGCA,D240- D241- A242- I243- H244- F245- S361W,0.0000,0.0000,0,6
AAGTACGCATATTAGC,S65R A365I G504V,0.0000,0.0000,0,1
AAGTACGGCATACCAT,,0.0828,0.0828,164,277
AAGTACGTTGGTTAAC,,0.1360,0.1360,71,73
AAGTACTGACGTGATG,L402H,0.2557,0.2557,64,35
AAGTACTGCATACCAT,Y161H,0.0592,0.0592,77,182
AAGTAGAAATAAGGAC,E403L,0.0000,0.0000,0,4
AAGTAGAACCCATGAC,S524H,0.1898,0.1898,19,14
AAGTAGACACCACATT,,0.4322,0.4322,34,11
AAGTAGACCTAACGAA,T422W,0.0000,0.0000,0,11
AAGTAGACGGATTCTT,V223K,0.1186,0.1186,602,710
AAGTAGAGAATAACCA,E44D N116K,0.0504,0.0504,604,1676
AAGTAGATACACAACT,E83W,0.0444,0.0444,27,85
AAGTAGATAGCATCGA,A394V,0.0000,0.0000,0,4
AAGTAGATATGACACG,E44R Y141F,0.0000,0.0000,0,4
AAGTAGCAGCCGGCTA,G337H,1.0000,2.7503,59,3
AAGTAGCGCGGGTCCA,V152H,0.1567,0.1567,642,573
AAGTAGCTGCTTTTAC,V88E,0.0000,0.0000,0,5
AAGTAGGAGTGATGGC,V309S,0.2641,0.2641,17,9
AAGTAGGTTCAACAAC,H38S E190K P324H,0.3656,0.3656,183,70
AAGTAGTTAAGATGAA,C52D N357H,0.0000,0.0000,0,12
AAGTAGTTTGAAAGCT,,0.1078,0.1078,158,205
AAGTATAACACACATA,E106C,0.1005,0.1005,726,1010
AAGTATAAGATTGGTT,S167P H440K,0.0000,0.0000,0,10
AAGTATAAGTGTTGTG,,0.1589,0.1589,4596,4044
AAGTATACAAGTAGCT,,0.0499,0.0499,10,28
AAGTATACCATGTATA,E190W,0.0000,0.0000,0,18
AAGTATACCGCAACGG,S524C,0.0000,0.0000,0,18
AAGTATATACCATTCG,N296C,0.0646,0.0646,213,461
AAGTATATCACATAAC,K62M S167E T370C F469G,0.0000,0.0000,0,3
AAGTATATGTAAGACA,H471Y,0.0000,0.0000,0,84
AAGTATCCATAGTCGC,,0.1793,0.1793,3774,2943
AAGTATCTATACAAAA,N-4K E468D,0.0908,0.0908,1390,2140
AAGTATGAAACAACTC,L300G,0.1343,0.1343,7357,7658
AAGTATGGACTTTAGA,,0.0119,0.0119,15,176
AAGTATGGCGTTATCT,R456Y,0.0515,0.0515,227,616
AAGTATGTATTGCAAA,F79W,0.0825,0.0825,601,1019
AAGTATTAAGTCATTA,L7N,0.1323,0.1323,1014,1072
AAGTATTAATTGTTGG,N92W,0.2452,0.2452,470,268
AAGTATTACCGCACTG,D53A A532W,0.3237,0.3237,338,146
AAGTCAAAAATATAAA,Y17C,0.1238,0.1238,85,96
AAGTCAAACTAACACT,K412Y,0.1419,0.1419,1039,1024
AAGTCAACCTGGACCC,E340W,0.1473,0.1473,374,355
AAGTCACCAGTAACGG,L515E,0.0000,0.0000,0,18
AAGTCATAATACTGCA,Y363E,0.0000,0.0000,0,1
AAGTCATAATTCCGAA,,0.1474,0.1474,39,37
AAGTCATATAGATCGG,L-1P G342V N382F,0.0000,0.0000,0,15
AAGTCCAAAACAACCG,G352K K411I,0.0000,0.0000,0,8
AAGTCCAAAGTTGAAT,N186W,0.0000,0.0000,0,30
AAGTCCAATCTATCGT,V510K,0.0773,0.0773,94,170
AAGTCCACAAACGGAA,N172P,0.0662,0.0662,9,19
AAGTCCAGTATAAAAC,T37F,0.0000,0.0000,0,4
AAGTCCCAGACTTCAG,I384H,nan,nan,0,0
AAGTCCCAGCTTCGAT,T23S,0.0649,0.0649,32,69
AAGTCCCATAGGTGCG,Y512G,0.0582,0.0582,47,113
AAGTCCCCTATCTACA,R328bC,0.0460,0.0460,98,298
AAGTCCCCTGAACCAT,E500Y,0.1815,0.1815,4149,3197
AAGTCCGACCACGCTA,R220M,0.0000,0.0000,0,14
AAGTCCGATTATGACA,M111T H244D,0.7315,0.7315,68,13
AAGTCCTACATCGAGT,A317M G396D,0.5128,0.5128,22,6
AAGTCCTCTCAGGTGA,S167T T370S,0.0948,0.0948,1611,2377
AAGTCCTGTCCGTAAA,M478Q,0.2198,0.2198,33,21
AAGTCGAAACACATCT,D419M,0.1391,0.1391,717,721
AAGTCGAAACCGAGTC,L71Q M230Q,0.0000,0.0000,0,10
AAGTCGATCTTATAAA,D175W E403K,0.0000,0.0000,0,4
AAGTCGATCTTTAAGA,P299T,0.0000,0.0000,0,2
AAGTCGCAAAAGTAAC,V347F,0.1522,0.1522,2554,2346
AAGTCGCAGAGTATCC,S125bW M292T T370R F469A,nan,nan,0,0
AAGTCGCTCAGCTTTT,C305F,0.0000,0.0000,0,8
AAGTCGTAAACCAAAT,,0.2088,0.2088,3063,2051
AAGTCGTCTCACTAAC,I178V V272C,0.1810,0.1810,703,543
AAGTCGTGGAGAAACA,G55D,0.0891,0.0891,362,568
AAGTCGTTAATCGATT,V151C,0.1208,0.1208,1343,1555
AAGTCGTTTAGATCGA,,0.0995,0.0995,1164,1636
AAGTCTAGAACCTGAA,S185D,0.1573,0.1573,180,160
AAGTCTAGCGAGTACT,A364C,0.0647,0.0647,106,229
AAGTCTATCCCTACTC,D63L,0.1433,0.1433,4588,4477
AAGTCTCATATGATTG,G68T,nan,nan,0,0
AAGTCTGAAGGATGTG,E493S,0.1537,0.1537,2775,2525
AAGTCTGAATCATTGA,N248A,0.0816,0.0816,1324,2270
AAGTCTGAGTTAATAA,G100V D415T,0.0658,0.0658,32,68
AAGTCTGGAAATCGAA,I514A,0.6060,0.6060,65,15
AAGTCTGGAGAAACTG,E131P P239L,nan,nan,0,0
AAGTCTTACGACTTAG,S22G N322H,1.0000,1.7830,51,4
AAGTCTTCCAATAACA,S167W N322S F469K,0.0000,0.0000,0,6
AAGTCTTGGGTAGTGT,P162T,0.0000,0.0000,0,1
AAGTGAAAAATGATAA,,0.1649,0.1649,861,730
AAGTGAACAAGTATTA,,0.0000,0.0000,0,9
AAGTGACACGTACGAA,,0.1117,0.1117,738,924
AAGTGACACGTCAGAA,I335R,nan,nan,0,0
AAGTGATAGGAGTCAT,,0.1456,0.1456,3208,3082
AAGTGATCACATATGG,G16M S185N,0.0000,0.0000,0,17
AAGTGATCATTGGAGA,Y161R,nan,nan,0,0
AAGTGATCGGTGCCCG,,0.0648,0.0648,614,1326
AAGTGATTGCTTATAC,A214M,0.1995,0.1995,6432,4509
AAGTGCAACATTATTT,E501P,0.0813,0.0813,204,351
AAGTGCAATTTTGTAA,G416Y,0.4513,0.4513,71,22
AAGTGCATAAAAACAT,,0.0000,0.0000,0,76
AAGTGCATTATGAAAA,T219I I288N,0.0000,0.0000,0,2
AAGTGCATTCTATGCA,S167M F469*,0.0000,0.0000,0,8
AAGTGCCGTACGCATA,D415K,0.3496,0.3496,10,4
AAGTGCCTTCAATCAA,N33F,0.3196,0.3196,80,35
AAGTGCGATTTACGGG,E426P,1.0000,1.5072,97,9
AAGTGCTCCTGACATC,R173T,0.1108,0.1108,233,294
AAGTGCTGACAATCTA,M531T,0.1092,0.1092,1411,1807
AAGTGGAGTGTCCGAA,N92M S265M,0.0000,0.0000,0,7
AAGTGGATTAAAAATA,G510aM,0.0993,0.0993,120,169
AAGTGGATTTCGATAC,,nan,nan,0,0
AAGTGGCTGGCATTCC,Q454K,0.1181,0.1181,402,476
AAGTGGGTTTTTGCCA,P92aC Y512F,0.1153,0.1153,2438,2957
AAGTGGTAAAATACAT,G286C R496P,nan,nan,0,0
AAGTGGTAAGCAATGG,,0.1729,0.1729,8668,7012
AAGTGGTATGGCGAAT,G330M,0.1579,0.1579,35,31
AAGTGTAAAAACGTAG,V152D,0.1050,0.1050,697,928
AAGTGTAACTGTAACC,,nan,nan,0,0
AAGTGTACGATCGCCA,C277M L409E,0.0000,0.0000,0,1
AAGTGTAGATTCGAAA,K50G,0.1184,0.1184,182,215
AAGTGTATTTTTATGA,V34E G228D E493A,0.0000,0.0000,0,5
AAGTGTCAACCTTTAA,S185M,0.0000,0.0000,0,6
AAGTGTCGCCAAAAGC,T511P,0.0791,0.0791,966,1708
AAGTGTTAAAATATGT,S543W,0.2109,0.2109,6330,4198
AAGTGTTAACAGTGAC,E119K S133I K411R,0.0000,0.0000,0,32
AAGTGTTCATAATCAA,S22W,nan,nan,0,0
AAGTGTTGCTAATTAA,H38M K506N,0.1152,0.1152,1474,1789
AAGTTAAATGAACTGA,,0.1172,0.1172,522,623
AAGTTAAGCGAAAAAC,I29M,0.0645,0.0645,48,104
AAGTTAAGTGCTATAA,G330F,0.1081,0.1081,68,88
AAGTTAATAAGACCCA,L437T,0.0000,0.0000,0,6
AAGTTAATATATCCAG,I4F,0.2144,0.2144,2610,1702
AAGTTAATCTTCTCAT,S6R,0.1050,0.1050,1357,1807
AAGTTAATTATAAGCA,S101H,0.2088,0.2088,415,278
AAGTTACAAAAAGCTA,M268S,0.7614,0.7614,98,18
AAGTTACAGGGATTAA,Q211K,0.2462,0.2462,125,71
AAGTTACATGCACAGA,I335G P489Q,0.2317,0.2317,58,35
AAGTTACGAAACATGG,L316G,0.3596,0.3596,36,14
AAGTTACGACCAATCA,,0.0000,0.0000,0,74
AAGTTACTAAAAAATA,W537*,0.0000,0.0000,0,6
AAGTTAGGCAATGAGA,V272C,0.1630,0.1630,577,495
AAGTTATAGGGAGCGA,L70W,0.0000,0.0000,0,9
AAGTTATGAAACAATG,P239V,0.0943,0.0943,2191,3249
AAGTTATGTAGGAAGA,I15L,0.1197,0.1197,137,160
AAGTTATTGGTTAATT,,0.1742,0.1742,1770,1421
AAGTTCACATAAAATA,S167F M388W,nan,nan,0,0
AAGTTCATAACGAAAA,,0.0384,0.0384,36,131
AAGTTCCAAAAATTTA,,0.0616,0.0616,206,468
AAGTTCCAGGATTGAA,T171R,0.2049,0.2049,2398,1637
AAGTTCCCCTTCTCTA,V347M,0.1416,0.1416,3052,3015
AAGTTCCTAACATTGT,D438S,0.0000,0.0000,0,20
AAGTTCGAGCAAATAA,K57S,0.1685,0.1685,247,205
AAGTTCGATCAACCAA,L331G,0.4860,0.4860,139,40
AAGTTCGCATTATAAT,N289W,0.0820,0.0820,339,578
AAGTTCGTAAAAGTCA,F233H,0.1201,0.1201,1921,2237
AAGTTCGTACTTTAAA,V88H T485P,0.0000,0.0000,0,7
AAGTTCTACACGTATC,P128N,0.1875,0.1875,413,308
AAGTTCTACCGCTAAC,W127V,0.1424,0.1424,656,644
AAGTTGACCATATATT,Y161V Y363Q,0.0000,0.0000,0,3
AAGTTGACTGGACCAC,D386I,0.1370,0.1370,4891,4993
AAGTTGCCACATCTAT,D11Y Y486D,nan,nan,0,0
AAGTTGGTAAATTATA,Q359D,0.1698,0.1698,1972,1624
AAGTTGGTAGATATAA,E255Q C549Y,0.0684,0.0684,328,671
AAGTTGGTTCCCGTAC,,0.1497,0.1497,1141,1066
AAGTTGTGGGTAACAG,A287V,1.0000,1.5383,44,4
AAGTTGTTAGATGCAT,M478Q,0.1798,0.1798,36,28
AAGTTGTTCTCACCAG,,0.1707,0.1707,4021,3295
AAGTTTAACTTTACAG,A394C,0.0000,0.0000,0,10
AAGTTTAAGACACGAT,S167A,0.1400,0.1400,1244,1243
AAGTTTAATTTAAGAA,G181C,0.0000,0.0000,0,1
AAGTTTACCAAAGGGA,V88T,0.1491,0.1491,193,181
AAGTTTATCCAACTGA,,0.0737,0.0737,1429,2710
AAGTTTGAACTGATTA,G143N,0.1727,0.1727,5443,4408
AAGTTTGAGAAGGATA,L331G,0.0000,0.0000,0,4
AAGTTTGATAAGCAAG,S136G T206H,0.0000,0.0000,0,17
AAGTTTGATGTCGGAG,,0.1627,0.1627,7063,6069
AAGTTTGATTGTCTTA,E174A,0.2044,0.2044,605,414
AAGTTTGCTGTTCGAA,,0.0485,0.0485,104,300
AAGTTTGGAACGCTCC,G319P,nan,nan,0,0
AAGTTTTGCGGTAGTC,,0.1123,0.1123,4775,5945
AAGTTTTTAAAGATAC,L527D,0.3941,0.3941,31,11
AATAAAAAAAATGACT,I80N L177H,0.0000,0.0000,0,4
AATAAAAAAATACAGG,K269M E432C,0.0897,0.0897,690,1076
AATAAAAAAATAGAAC,,0.2257,0.2257,489,303
AATAAAAAACCCGGAA,K450F,0.1305,0.1305,84,90
AATAAAAAATACTGCC,L154V L462C,0.1108,0.1108,511,645
AATAAAAACACGGAAT,R328bN Y512Q,nan,nan,0,0
AATAAAAACTTGGACA,V8H,0.0000,0.0000,0,2
AATAAAAAGAAAAGCC,G134D,0.0000,0.0000,0,2
AATAAAAAGAGGGACA,,0.1479,0.1479,1014,959
AATAAAAAGGAAAATA,E44D,0.0588,0.0588,87,207
AATAAAAAGGATTAAG,A218F N312D,0.0285,0.0285,1726,8473
AATAAAACAAATAATA,,0.1550,0.1550,2424,2187
AATAAAACACCCATTC,A91H,0.1185,0.1185,2193,2588
AATAAAACCCGAGGAC,V5H Y518C,0.0000,0.0000,0,5
AATAAAACTGCCACTG,N408Q,0.1129,0.1129,577,715
AATAAAATAAACATAA,C76A R452K A521T,nan,nan,0,0
AATAAAATAGATCAAA,L177Y,0.0000,0.0000,0,6
AATAAAATTCTTTGTT,,0.0920,0.0920,459,698
AATAAACAAAAATGAT,E44D G465E,nan,nan,0,0
AATAAACACAATATTA,H183F,0.3916,0.3916,14,5
AATAAACAGACCTTTC,H295K,0.0000,0.0000,0,19
AATAAACATACGCAAA,N322M S369*,nan,nan,0,0
AATAAACATCTTAAAA,,0.1308,0.1308,785,839
AATAAACATGACACCG,,0.1490,0.1490,539,506
AATAAACCATATAGAG,N250V,1.0000,1.0954,47,6
AATAAACCTTCTGTTT,E273G,0.1396,0.1396,508,509
AATAAACGAAACATCG,,0.1278,0.1278,1283,1404
AATAAACTAATATCCG,S167F R321V D366T T370N F469E,0.0000,0.0000,0,6
AATAAACTAATGAATG,E174K E508Q,0.1751,0.1751,706,564
AATAAACTAGATGAAG,A218H D415N M431I E432K R435K E479K,nan,nan,0,0
AATAAACTAGTTACTT,V285Y D474E,0.1481,0.1481,1839,1737
AATAAACTCAAATTAG,R321P,0.4020,0.4020,46,16
AATAAACTCACTCGAT,R114K M413G,0.1367,0.1367,304,311
AATAAACTGGGAAGTT,L122W G225R,0.1206,0.1206,44,51
AATAAACTTTATGAGT,T200G,0.1485,0.1485,687,647
AATAAAGAGTCACTGC,W234R A495I,0.0000,0.0000,0,7
AATAAAGATCATACCC,L43S,0.0040,0.0040,1,35
AATAAAGCAAACCAAT,I29G,0.6153,0.6153,22,5
AATAAAGCCCGAGCGT,M30T P162G,0.0840,0.0840,589,981
AATAAAGGATCCCACA,K165I F439R L462Y,0.0000,0.0000,0,5
AATAAAGGATGATGCA,G225V W537C,nan,nan,0,0
AATAAATAAAATAGAG,V36Y D441T,0.2858,0.2858,47,23
AATAAATAAAGAGTGC,G362W,0.3146,0.3146,72,32
AATAAATAAATGCCTG,G16F D419F,0.0000,0.0000,0,1
AATAAATAACGGATAA,R397C,0.1147,0.1147,1264,1541
AATAAATAAGTAAAAC,N169M T370Y F469G,nan,nan,0,0
AATAAATAATTATAAA,A91T,0.1177,0.1177,945,1123
AATAAATAGTGATATC,,0.1039,0.1039,1184,1593
AATAAATGTTAGACTT,N48K,0.0000,0.0000,0,3
AATAAATTAATGAGAA,A253W L427T,nan,nan,0,0
AATAAATTACAAGATG,Q12R K380N,0.0000,0.0000,0,2
AATAAATTTAACGCCA,L133aK R321K,0.3146,0.3146,333,148
AATAAATTTATAATCA,F118E V347L,0.7769,0.7769,50,9
AATAAATTTGCTGAAT,V451N,0.2237,0.2237,24,15
AATAACAAAATTGAAG,C52M K269F,0.0000,0.0000,0,2
AATAACAAATCAGGCA,N169L R321E T370L,0.0000,0.0000,0,1
AATAACAAATTTTTAT,A364K,0.5194,0.5194,52,14
AATAACAAGACGTAGT,I202M,0.0568,0.0568,194,478
AATAACACAAGGGAAA,P162N M431I,0.7342,0.7342,315,60
AATAACACATATACCC,I236D,0.2471,0.2471,53,30
AATAACACCAAATAGA,D438E,0.0972,0.0972,2303,3315
AATAACACTACACCAG,H117P,0.0000,0.0000,0,10
AATAACATCAATGCTC,N158S,0.2557,0.2557,671,367
AATAACATCCAAGAAC,N224E E468N,nan,nan,0,0
AATAACATGGGATAAA,E119I,0.0000,0.0000,0,71
AATAACATTATTCAAT,D474L,0.1582,0.1582,2887,2552
AATAACATTGCTAACA,D27V Q371F,0.2590,0.2590,50,27
AATAACCACAAATTCA,I385F,0.5594,0.5594,912,228
AATAACCACGGCAACC,,0.1419,0.1419,138,136
AATAACCATCACCCAA,K165C,0.0000,0.0000,0,18
AATAACCATTTTAAAA,L43Q G68S,0.0000,0.0000,0,8
AATAACCGTTCCGTTT,Y258G,0.3442,0.3442,32,13
AATAACCTAAATGAAA,A373R,nan,nan,0,0
AATAACCTGCCTAGAT,R404H M530G,0.6930,0.6930,223,45
AATAACCTTAGTAAAG,,0.1975,0.1975,161,114
AATAACGTACTATTGA,L455C,0.0000,0.0000,0,22
AATAACGTATAGAGAC,R547Q,0.1350,0.1350,418,433
AATAACTAAAAGGGAT,E434K,0.4998,0.4998,193,54
AATAACTAGCTTACAA,N401F,0.0814,0.0814,373,641
AATAACTCCGATCAAT,A287D,nan,nan,0,0
AATAAGAAAACCGATT,,0.0895,0.0895,538,841
AATAAGAAAGCTATAC,N169C R321A T370L,nan,nan,0,0
AATAAGAATAACAGAA,L1H T390A,0.0000,0.0000,0,13
AATAAGACAAATCTCC,S126N G396C,0.0754,0.0754,104,193
AATAAGACAATGAATG,K313V,0.1134,0.1134,955,1178
AATAAGAGACATGCAA,L-1W,0.0000,0.0000,0,82
AATAAGATCAAAACAT,G341P,0.4370,0.4370,75,24
AATAAGATCAGTTAAC,S65P,0.1398,0.1398,17,17
AATAAGATCTTTGCCG,T206M G533S,nan,nan,0,0
AATAAGCACTGACAAA,,0.2127,0.2127,143,94
AATAAGCACTGGTAAT,,0.1414,0.1414,2920,2887
AATAAGCATACAATGT,H117P,0.0000,0.0000,0,11
AATAAGCATGCAAAAA,F232H,0.0633,0.0633,24,53
AATAAGCCGCAAAGCG,K313A T520A,0.2448,0.2448,3626,2071
AATAAGCGTACATCGC,E368K,0.1226,0.1226,1456,1661
AATAAGCTTCCTATGC,S167E R321L T370Q F469R,0.0000,0.0000,0,6
AATAAGGACCGTCTTA,,0.0898,0.0898,404,629
AATAAGGAGACACAAG,E500C,0.1744,0.1744,1251,1003
AATAAGGAGTCAGGAG,,0.2027,0.2027,4888,3372
AATAAGGCGCAAAAGA,G376V,nan,nan,0,0
AATAAGGGACGCTTCG,T192A,0.2629,0.2629,1312,698
AATAAGGTCCAGAAGT,S290F,0.0846,0.0846,1089,1801
AATAAGGTTATAAAAC,N116D H184S,0.9589,0.9589,48,7
AATAAGTAAGCGTTGT,,0.1044,0.1044,1166,1562
AATAAGTATACCATGA,L453T,0.0892,0.0892,904,1418
AATAAGTCAGTCCAAA,E304G,0.1137,0.1137,1588,1953
AATAAGTCCTCCCAGC,H295G,0.0000,0.0000,0,5
AATAAGTGGAATATAA,P92aG T422P,nan,nan,0,0
AATAAGTGGTCTCCGT,,0.1442,0.1442,5837,5660
AATAAGTGTTTAAACA,D241F,0.0000,0.0000,0,45
AATAATAAAGAGACAA,K412R,0.1218,0.1218,54,62
AATAATAAGATAGAGA,,0.0969,0.0969,659,951
AATAATAATAACGTAA,C97T,nan,nan,0,0
AATAATAATTGTTAAG,H110F,0.0000,0.0000,0,9
AATAATACCCAATGTT,S65I F417W,0.0000,0.0000,0,1
AATAATACCGACAACA,,0.1562,0.1562,2958,2649
AATAATAGACCAATAT,Q211Y K412D,nan,nan,0,0
AATAATATAACCGACA,Y363D,0.0000,0.0000,0,1
AATAATATAGAAGGTC,M-6I E358D Q359F,0.0000,0.0000,0,6
AATAATATCAAAACAT,Q12E C14G L122P N169M P254T T370K,0.0000,0.0000,0,2
AATAATATGCCTCGCC,F392Q,0.0000,0.0000,0,12
AATAATATTCGGCCAA,T301E,0.0000,0.0000,0,39
AATAATCAAAGGACAA,D231Y V315C,0.4195,0.4195,69,23
AATAATCAAGGATAAA,,0.1014,0.1014,322,444
AATAATCAATAGCTGG,L96E,0.1124,0.1124,86,107
AATAATCGGGAATGTT,I29N,0.2046,0.2046,199,136
AATAATCGTAGGATTA,,0.0537,0.0537,81,211
AATAATCTTGTAGAAC,L320I,0.1167,0.1167,1135,1360
AATAATCTTTCAATTA,N389K,0.1182,0.1182,366,433
AATAATGAAGAAGAAA,G181L,0.0797,0.0797,269,472
AATAATGACCCCGGAG,N169E G275E,0.0000,0.0000,0,15
AATAATGATTCAGATA,,0.1632,0.1632,2085,1787
AATAATGCGCCGGGAA,L331I,0.1543,0.1543,406,368
AATAATGGAACATACT,Q545Y,0.0000,0.0000,0,2
AATAATGTAAATGATA,K262A,0.8518,0.8518,67,11
AATAATGTGTGATTTT,E327C,0.0594,0.0594,149,351
AATAATGTTACTTATT,N-4C *551Y,0.0975,0.0975,138,198
AATAATTAAAATGTCA,Y168E,0.0000,0.0000,0,2
AATAATTACGTATAAT,I302T,0.1565,0.1565,554,495
AATAATTAGAACTGTT,L122R,0.2707,0.2707,451,233
AATAATTATGCATCTA,T266V,0.0712,0.0712,139,273
AATAATTCCCACCTAC,E398G,1.0000,1.5383,66,6
AATAATTCCCTAGAGG,N483Y,0.2098,0.2098,1635,1090
AATAATTCCGAAGGAG,L453P,0.0000,0.0000,0,1
AATAATTCCTACACGA,I502V,0.1504,0.1504,584,543
AATAATTCTCCACAAA,I217V,0.0775,0.0775,1616,2916
AATAATTGCGAAATTA,,0.0736,0.0736,860,1635
AATAATTGGGCCTGAA,M531G,0.1137,0.1137,1176,1447
AATAATTTAGCATTCC,R229L,0.0000,0.0000,0,10
AATAATTTATCCTAAT,L507V,0.1738,0.1738,537,432
AATAATTTTATGAATA,N169G T370*,nan,nan,0,0
AATACAAAACACTATC,W421V,0.0769,0.0769,11,20
AATACAAAACCTTAAA,K62A K280E,0.0718,0.0718,175,341
AATACAACAGTACATA,M75P G345I,0.4695,0.4695,94,28
AATACAACGTGCTGCA,T511K,0.0598,0.0598,133,311
AATACAAGATAAACTC,W180P C549N,0.0000,0.0000,0,13
AATACAAGGAGAGATT,F147K N248V V420T,0.0000,0.0000,0,40
AATACAATCTCCACCC,S167* N322R S369D,nan,nan,0,0
AATACAATCTTCTCTC,,1.0000,2.2774,114,7
AATACAATTATACAAG,T266M,0.2069,0.2069,71,48
AATACACATACACAAG,L527D,0.0000,0.0000,0,4
AATACACATATTTTCC,,0.2264,0.2264,926,572
AATACACCCTAATACA,A364C,0.0662,0.0662,487,1028
AATACACCTTCGACCC,Y161G,0.0000,0.0000,0,3
AATACACGCATCGCGA,,0.1100,0.1100,1269,1614
AATACACGCGGGTAAG,G49N Q545R,0.1645,0.1645,40,34
AATACAGAGTACAGTA,V5E N443Y,1.0000,4.8246,69,2
AATACAGCGTTATGTC,P92aD,0.0000,0.0000,0,6
AATACAGGGTGCGAGA,D240Q,0.1427,0.1427,5240,5134
AATACAGGTAGGTGAT,D231F R321A K498Q,0.0000,0.0000,0,5
AATACAGGTTGGTAAA,C281T V420A,nan,nan,0,0
AATACAGTCTGTCAGA,K498L,0.2477,0.2477,124,70
AATACATAAATAGGGA,A521T,0.1172,0.1172,279,333
AATACATAGAAACTGC,L300C,0.1083,0.1083,251,324
AATACATAGACTTGAA,,0.1617,0.1617,4932,4266
AATACATAGCTAAGCA,R326C H471Y,nan,nan,0,0
AATACATATCCCCTAC,A425G,0.0000,0.0000,0,35
AATACATATGTACCCT,,0.0000,0.0000,0,6
AATACATATGTCACCA,C14S,0.1492,0.1492,16,15
AATACATCCAAAATTT,L544M,0.3146,0.3146,405,180
AATACATCCCTAAGGC,A218W G349T,0.0000,0.0000,0,2
AATACATTAACCCTTG,I155G,0.0000,0.0000,0,15
AATACATTCGCAACGG,T132I L194V,0.0000,0.0000,0,30
AATACATTGCAAGTAA,L418K M531L,0.0000,0.0000,0,8
AATACATTTTGAAAGC,I384R,0.0000,0.0000,0,12
AATACCAAATGGGCCA,,0.0000,0.0000,0,44
AATACCAACAACACAC,F233M,0.0988,0.0988,4097,5799
AATACCAAGTTAAGAA,N464I,0.0155,0.0155,1,9
AATACCAATGAAAAAT,P293T,0.4475,0.4475,32,10
AATACCAGCACACGCA,,0.1682,0.1682,5190,4316
AATACCATAATAACCA,S203I,0.0000,0.0000,0,2
AATACCCAATGTTGAG,,0.1612,0.1612,3915,3397
AATACCCAGCCCTACA,F245H,0.0000,0.0000,0,1
AATACCCCGAGCTTAA,V505P,0.5710,0.5710,49,12
AATACCCCGGCGGCGA,P215L E461C,nan,nan,0,0
AATACCCGCCGTCCCC,P145K,0.4475,0.4475,64,20
AATACCCGTCAACTAT,G55E E119K D159N E273K E327K E398K E407K D415N A425Q M431I E434K R435K D438N,nan,nan,0,0
AATACCCGTTTAAGTG,N312I,0.1648,0.1648,2969,2520
AATACCCTACAAGGTA,S10Q,nan,nan,0,0
AATACCGCAAGATTGA,V309T,0.2327,0.2327,669,402
AATACCGCCTGACACA,T46M,0.1152,0.1152,351,426
AATACCTTACTTTGAC,L108E G349V,0.2044,0.2044,19,13
AATACGAAAATGATAA,A19H,0.1028,0.1028,50,68
AATACGAAGTCAATTG,I384G,0.0000,0.0000,0,3
AATACGAGACCCTAAT,Q40K E78V G341S,0.1750,0.1750,204,163
AATACGAGTCATTTAC,W69S,0.1983,0.1983,1967,1387
AATACGATGTTGACTT,E432Q,0.1246,0.1246,147,165
AATACGCAAATTAATG,D438G,0.1548,0.1548,974,880
AATACGCCAGAAGATC,E78K E119A,0.2192,0.2192,442,282
AATACGCCCCGAGGCC,,0.1912,0.1912,5024,3675
AATACGCTCACGAACA,,0.1138,0.1138,1032,1268
AATACGGATATTCAAT,W153P,0.0000,0.0000,0,21
AATACGGTATTCCTAC,,0.0755,0.0755,278,515
AATACGTACAGAAAAT,L544A,0.5339,0.5339,84,22
AATACGTCTTATTTTA,I124A N357P,0.5174,0.5174,37,10
AATACGTGTAAAAAAA,L1S,0.1022,0.1022,1241,1698
AATACGTTCAAGAATG,,0.1242,0.1242,603,679
AATACTAAGCTTATAT,N424Y,0.0000,0.0000,0,18
AATACTAAGGACGCCA,S207Y,0.1139,0.1139,158,194
AATACTAAGGGGAGGC,M30V,0.0306,0.0306,81,370
AATACTAATTAATTAA,,0.0653,0.0653,57,122
AATACTAATTGGGCCA,,0.1671,0.1671,270,226
AATACTAGCCAGGCCG,T23P,1.0000,1.4783,148,14
AATACTAGCGGCATAA,T370V F469R,0.0000,0.0000,0,6
AATACTATCATTCATG,,0.0842,0.0842,866,1438
AATACTATGGAATCTC,R227T,0.0242,0.0242,88,508
AATACTCAACATCACT,I297C,0.0000,0.0000,0,29
AATACTCACCAAAAAG,F79Y,0.4475,0.4475,48,15
AATACTCACCAGTAAG,S221M,0.0000,0.0000,0,5
AATACTCGAGTAGACT,D104W R496G,0.1398,0.1398,107,107
AATACTCGGTCGGGGG,S442C,0.2560,0.2560,313,171
AATACTCGTTACCCCC,I288L,0.2042,0.2042,2780,1904
AATACTGAATAGCTGT,I60V D264L,0.0000,0.0000,0,10
AATACTGTGACACCTG,R227G,0.0277,0.0277,155,783
AATACTTAACTCATAA,G333H,0.2411,0.2411,331,192
AATACTTAATACGTGG,F467L,0.2308,0.2308,411,249
AATACTTAATGAGCCC,A317D I550V,0.0000,0.0000,0,9
AATACTTAGCGATAGT,P99F,0.3855,0.3855,102,37
AATACTTAGCTAACAC,,0.1096,0.1096,2683,3424
AATACTTATAAACTAA,S442N,0.1505,0.1505,1103,1025
AATACTTATCCCGTAC,F233C,0.0539,0.0539,47,122
AATACTTGAAATAAGT,K109M Y201V,0.0000,0.0000,0,16
AATACTTTAATTAACC,E83T,nan,nan,0,0
AATACTTTCTCAAGAC,P324N,0.0000,0.0000,0,5
AATAGAAACCTCAGTC,S167I T370I F469K,0.0000,0.0000,0,12
AATAGAAACGTGTCTG,E508W,0.1532,0.1532,802,732
AATAGAAATAGAAATA,K125aQ,0.0393,0.0393,16,57
AATAGAAATGTCATAC,Q25* G463A,0.2797,0.2797,18,9
AATAGAACCAAGTCTC,D449N L453V,0.2290,0.2290,493,301
AATAGAAGAACTTAGC,,0.0692,0.0692,903,1825
AATAGAAGCAGGCAAC,,0.1116,0.1116,1722,2158
AATAGAAGTAAATCAC,E403C Q454*,0.0000,0.0000,0,7
AATAGAAGTGACCAAT,T171I R482S,0.0000,0.0000,0,30
AATAGACAACAAGCCC,R496T,0.1075,0.1075,376,489
AATAGACAACCATTCA,K156H,0.2718,0.2718,12862,6617
AATAGACATAACGCTT,,0.2406,0.2406,788,458
AATAGACATCGATGTG,H440D,0.8670,0.8670,31,5
AATAGACCGAACAATA,K328cF,1.0000,1.0721,46,6
AATAGACGACAAGTGA,K32C,0.0000,0.0000,0,83
AATAGAGAAACGTCGA,L7R,0.1487,0.1487,3344,3144
AATAGAGGACAGTACT,,0.0000,0.0000,0,1
AATAGATAAATACCAA,Q545H,0.1272,0.1272,111,122
AATAGATACTAATTGA,E500P,0.1510,0.1510,706,654
AATAGATATAGATACA,,0.4178,0.4178,481,161
AATAGATGACAATACA,L418D,nan,nan,0,0
AATAGATGACAGGCTA,P145Q,0.2678,0.2678,9406,4912
AATAGATGAGTGGTAA,,0.1326,0.1326,891,940
AATAGCAAAGCCAATA,,0.2250,0.2250,37,23
AATAGCAACTCCACAC,N193F,0.2007,0.2007,2239,1560
AATAGCACTGGACAGC,Q25* H440L,nan,nan,0,0
AATAGCAGCCACTGCC,D438I,0.0673,0.0673,1348,2800
AATAGCAGGAAATTAG,Q12R D77W,0.1910,0.1910,2830,2072
AATAGCATCCACACCA,L316V L497T,0.1333,0.1333,82,86
AATAGCATCTGCACAT,P82aQ,0.0000,0.0000,0,42
AATAGCATGCACAGAG,,0.1557,0.1557,1244,1117
AATAGCGCCCTTAATG,L2R,0.5438,0.5438,35,9
AATAGCTCTAAACGCT,G16S,0.4370,0.4370,50,16
AATAGCTTATTGTTCA,R326G,0.1552,0.1552,577,520
AATAGGACTCAAGTAA,,0.0000,0.0000,0,15
AATAGGAGTCTGATAT,E500K,0.1824,0.1824,1355,1039
AATAGGATTCGACAAG,M230Q,0.0000,0.0000,0,11
AATAGGCTAATATTAA,N475L,0.0000,0.0000,0,7
AATAGGGTCACAGTAA,N172Q,0.1319,0.1319,813,862
AATAGGTACTCAGAAA,,0.1679,0.1679,20269,16884
AATAGGTACTGGACCC,S167P T370G F469V,0.0000,0.0000,0,10
AATAGGTATCTAAACT,I4R L453M,0.0000,0.0000,0,2
AATAGTAACAGGATCT,A365Y D415R,1.0000,1.3518,145,15
AATAGTAATATTGTAA,C139E N382E,0.0000,0.0000,0,8
AATAGTACATACTTTC,V34A,0.0000,0.0000,0,34
AATAGTACCAAAGCTA,N210R,0.5827,0.5827,25,6
AATAGTATCAATCATG,D53N,0.2602,0.2602,1364,733
AATAGTATCTCGAACC,R149H E468V,0.2832,0.2832,160,79
AATAGTATTTAGAAGG,F148Y,0.1559,0.1559,1772,1590
AATAGTCAAAATAAAC,S167V R321D T370R F469K,0.4994,0.4994,25,7
AATAGTGATCCACTCC,L70R,nan,nan,0,0
AATAGTGCTTTTACAT,Y512R,0.6118,0.6118,35,8
AATAGTGGCCACGGAA,R329A Q513T,1.0000,1.1654,150,18
AATAGTTAATTTTAAG,D264W,0.1674,0.1674,669,559
AATAGTTGCGTACAAG,,0.0758,0.0758,136,251
AATAGTTGTTCTATGT,P145N,0.1620,0.1620,2246,1939
AATAGTTTCGAAACAA,A3Y,0.0773,0.0773,480,868
AATAGTTTCGCGATAT,A218I,0.0941,0.0941,35,52
AATAGTTTCGGTCCAA,W350I,0.0000,0.0000,0,42
AATATAAAAAGTCCCA,K269I,0.0888,0.0888,802,1263
AATATAAAACCAAAAG,N408S,0.1951,0.1951,2811,2015
AATATAAAACTCTTGC,N400R,0.0000,0.0000,0,13
AATATAAAAGAAACTT,L177D,0.0000,0.0000,0,5
AATATAAACGGTAACG,V395R,0.3152,0.3152,1837,815
AATATAAACTCATGGC,K50E G68D,0.0000,0.0000,0,18
AATATAAACTTATACA,E119N,0.2122,0.2122,525,346
AATATAAATCTAGGGT,,0.1597,0.1597,6228,5455
AATATAAATCTATATA,N408G,0.1528,0.1528,343,314
AATATAACATAACTGG,D240E,0.1705,0.1705,3345,2743
AATATAACCTACGCCC,P82aG S247H,nan,nan,0,0
AATATAACTAACCATT,I529E,0.0000,0.0000,0,11
AATATAAGAAAAAACA,V444F,nan,nan,0,0
AATATAAGCAAATGGT,,0.1292,0.1292,315,341
AATATAAGGTGCAAAA,E414W,0.2006,0.2006,33,23
AATATAATAGAGTAAA,*551T,0.2547,0.2547,204,112
AATATAATAGATACAC,S85F,nan,nan,0,0
AATATAATATCATAAA,N197W Y363E,0.7517,0.7517,43,8
AATATAATCGACAAAA,,0.1822,0.1822,10477,8043
AATATACAAGGTATAA,M346I K387Y,nan,nan,0,0
AATATACAATGAATAT,W234V A532K,0.0000,0.0000,0,26
AATATACAATTTTATT,Y141W,0.0464,0.0464,150,452
AATATACACTTATACC,S290G,0.1725,0.1725,2775,2250
AATATACAGACTCCGC,N20K S290P Y518F,0.0000,0.0000,0,5
AATATACCGGTCTAGA,,0.0718,0.0718,38,74
AATATACGGCCGAATT,,0.1932,0.1932,3756,2718
AATATACTATGAGTGT,L515I,0.0000,0.0000,0,12
AATATACTGGTCATAG,P254T,0.0000,0.0000,0,30
AATATAGAAATCTCCT,V8S,0.1598,0.1598,3706,3244
AATATAGAGCTTTTAA,P306T M346V K412D,nan,nan,0,0
AATATAGCAAGCAGTA,S6L L544G,0.5467,0.5467,43,11
AATATAGTGTTCATAG,,0.3373,0.3373,41,17
AATATATAAAGCCTTA,G271T,0.1032,0.1032,1207,1635
AATATATACGATGCAA,R435I,0.0000,0.0000,0,4
AATATATAGTAACCAT,N475T,0.0602,0.0602,105,244
AATATATCAAATATAC,S383T,0.0000,0.0000,0,27
AATATATGCCACAGAA,,0.1305,0.1305,2021,2165
AATATATGGGCTCCTA,H276K,0.3013,0.3013,3730,1731
AATATCAACTCCCTCA,I-3P I502Q,0.2377,0.2377,17,10
AATATCAATATTAAAA,,0.1330,0.1330,349,367
AATATCAATGCATAGA,L70R N278H,nan,nan,0,0
AATATCACACAGTCAT,,0.2341,0.2341,1361,813
AATATCACGGTCAAGA,,0.0992,0.0992,1088,1533
AATATCACTTATATAT,D175L,0.2269,0.2269,86,53
AATATCACTTTGAATT,L455C,0.2459,0.2459,51,29
AATATCAGAAATAGTC,G228Y,nan,nan,0,0
AATATCAGAACTTAAA,N197R,0.2584,0.2584,231,125
AATATCATGCTTGTCT,,0.1054,0.1054,55,73
AATATCATTCCATCGG,C477P,0.0000,0.0000,0,17
AATATCATTTACACTA,N424P,0.0000,0.0000,0,2
AATATCCCAATAAAAA,D487N,0.1691,0.1691,1294,1070
AATATCCCATATCACC,,0.0763,0.0763,1152,2111
AATATCCCCGAACGCC,N197H V377H,0.0000,0.0000,0,8
AATATCCGCATGAGAG,W153I,0.0000,0.0000,0,18
AATATCCGGTATCAAA,R227S W234L D386I,0.0000,0.0000,0,11
AATATCCTACTTAATC,L427N,0.2657,0.2657,19,10
AATATCGAATGAAATA,K262aI,0.0980,0.0980,2725,3889
AATATCGAGAAAATAT,R173T D375N E501A,0.0938,0.0938,1116,1663
AATATCGCTCTCCTCT,L59M,0.0787,0.0787,9,16
AATATCGGAACCAAAG,A334D F469P,1.0000,inf,30,0
AATATCGGCACGTTGT,K216C R435Y,0.0000,0.0000,0,5
AATATCGGTTACACGG,A257T T485N,0.0000,0.0000,0,6
AATATCTAAAAATTGT,D457K,0.1589,0.1589,25,22
AATATCTAAACACCGA,A521T,0.0973,0.0973,119,171
AATATCTAGAAGACAA,,0.1820,0.1820,5747,4415
AATATCTATATAGACA,E273R S509K,0.2080,0.2080,1065,716
AATATCTCACAAACAC,T192M E479F,0.0857,0.0857,1549,2528
AATATCTGAATTTAAA,P299R,0.1264,0.1264,2728,3019
AATATCTGCTCTGGAA,H110A,0.1793,0.1793,896,699
AATATCTGGACACCAA,E44V G49C K50*,0.0000,0.0000,0,12
AATATGAAGTTCCTGG,N210E,nan,nan,0,0
AATATGAATAATCAAT,L314M,0.0000,0.0000,0,1
AATATGAGTAAGTAAA,C139Q,0.2860,0.2860,45,22
AATATGATAGAGCAGA,P58D S535I,0.0000,0.0000,0,3
AATATGATGGTACCAC,P306C,0.0000,0.0000,0,13
AATATGCAATTACTAA,I15S K109G Q513Y,0.0000,0.0000,0,15
AATATGCAATTCAACA,S247H,0.0000,0.0000,0,22
AATATGCAGGAAGTAT,E255Q,0.1536,0.1536,5603,5100
AATATGCCGATCGAAA,S167F,0.1551,0.1551,558,503
AATATGCGCGTTTATA,,0.0000,0.0000,0,31
AATATGGATCTCTCTT,C305F,0.3449,0.3449,37,15
AATATGGCATGCAAAA,M530I,0.1564,0.1564,3882,3470
AATATGGCCACTATGA,H471V,0.0000,0.0000,0,1
AATATGGCCGCCGGAT,K45A,0.1171,0.1171,1709,2041
AATATGGTAGATATGA,H183S,0.0000,0.0000,0,12
AATATGTAACACGTTC,D438I,0.0000,0.0000,0,90
AATATGTAGGACAATT,,0.3496,0.3496,50,20
AATATGTATAAAATAG,D457L,0.1035,0.1035,57,77
AATATGTATACCACCT,I178S V481G,nan,nan,0,0
AATATGTCCTATAGGT,N250D,0.0000,0.0000,0,4
AATATGTTAAGAACCT,M30I T200V,0.0654,0.0654,175,374
AATATTAAAATATGCT,Q211F,0.1473,0.1473,492,467
AATATTAAAGGTTTAG,,0.0640,0.0640,27,59
AATATTAAATTAAATA,,0.1258,0.1258,906,1007
AATATTAAGGGGCGTA,A160T N169P,0.4315,0.4315,3484,1129
AATATTAATCATTCCC,P215Q,0.0000,0.0000,0,14
AATATTACAACTTATG,E106D,0.2334,0.2334,776,465
AATATTACCCACTGAG,N-4I,0.1607,0.1607,4610,4011
AATATTACTTAAGCAG,Y308I,0.2797,0.2797,14,7
AATATTACTTTAGAGT,N278Q,0.1727,0.1727,247,200
AATATTAGAGTTTCGT,N458C,0.0000,0.0000,0,9
AATATTAGGGACACAA,D63N T520Y,0.0000,0.0000,0,5
AATATTAGTGTTAATG,G463H,0.3509,0.3509,138,55
AATATTATACTTGACG,,0.2261,0.2261,490,303
AATATTATTAAGACCA,L497R,0.1432,0.1432,4336,4235
AATATTATTCTTATTT,W84L N103D,0.0000,0.0000,0,7
AATATTCAAAGTCTCG,,0.1113,0.1113,39,49
AATATTCACAGCATTC,,0.1656,0.1656,721,609
AATATTCACGTGTACC,T132M,0.1199,0.1199,558,651
AATATTCAGTTAAACG,T318K,0.1199,0.1199,18,21
AATATTCATTATGTTT,C64Y H471M,0.0000,0.0000,0,1
AATATTCCATAAGCAT,E468H,0.1826,0.1826,1127,863
AATATTCCTAGATCTA,A3D N54aP,0.0000,0.0000,0,3
AATATTCGCACAACGG,K380L,0.2125,0.2125,158,104
AATATTGCACAAACCT,S221A,0.0197,0.0197,53,376
AATATTGGACAAAAAA,R212L,0.0683,0.0683,3434,7031
AATATTGGATGCCCTG,Y161G,0.0000,0.0000,0,21
AATATTGTCTGCTTAG,I550Q,0.2041,0.2041,54,37
AATATTGTGCGAAGTG,E107Y R321K E403K,0.0000,0.0000,0,12
AATATTGTTATAACTA,H110L T192I E246W,0.0302,0.0302,27,125
AATATTTACGTCAGTT,Y161W,0.0777,0.0777,274,493
AATATTTAGATCAGAT,,0.2231,0.2231,217,136
AATATTTCCACTGCGA,V151Q,0.1072,0.1072,1823,2379
AATATTTTTAAGGGAC,D53L T208N,0.5701,0.5701,53,13
AATCAAAAAAAACTCT,E434G,0.1780,0.1780,2050,1611
AATCAAAACAGCCGAA,K310S,0.4528,0.4528,136,42
AATCAAAATTATAGAA,L402M,0.1336,0.1336,237,248
AATCAAACAGACTACA,L455Y,0.0000,0.0000,0,12
AATCAAACATGTTCAC,I-3K R435W,0.0000,0.0000,0,2
AATCAAACCAGGGCAG,E414Q,0.0794,0.0794,238,419
AATCAAACGATATCGC,,0.2287,0.2287,3595,2198
AATCAAACTTCGCCAG,I514C,0.1461,0.1461,258,247
AATCAAAGAATTACTT,,0.1732,0.1732,270,218
AATCAAAGCCTAAAAA,E434L D457N,nan,nan,0,0
AATCAAATACGTCTTC,F251E,nan,nan,0,0
AATCAAATCAAATTAA,,0.0991,0.0991,880,1242
AATCAACAATGCGAAC,E479P,0.0000,0.0000,0,2
AATCAACACGTAAAGT,,0.1826,0.1826,7869,6025
AATCAACCCAAACTAG,F251N,nan,nan,0,0
AATCAACTAAACCACC,,0.1144,0.1144,885,1082
AATCAACTAATACACC,M538Y,0.0000,0.0000,0,1
AATCAACTGTACACTA,,0.2025,0.2025,23272,16068
AATCAAGAACTGAAAA,G319N E461Y,0.0000,0.0000,0,33
AATCAAGACACCACGT,S509Y,0.2011,0.2011,755,525
AATCAAGACTCTCACC,M346W,0.4817,0.4817,93,27
AATCAAGCTAGTCATT,,0.2629,0.2629,831,442
AATCAAGGAAGAGGAA,D487Y,0.2146,0.2146,3883,2530
AATCAAGGCCACTAGT,A336R,0.0466,0.0466,1,3
AATCAAGGCTAAACAA,M30K,0.4040,0.4040,52,18
AATCAAGTAATCATTA,,0.1885,0.1885,755,560
AATCAATAACAGCACA,,0.0000,0.0000,0,12
AATCAATAACATCTAA,I260S,0.0640,0.0640,161,352
AATCAATATCACACGA,G362C,0.1627,0.1627,846,727
AATCAATCATTCACCT,I166W H355L,0.1573,0.1573,1291,1148
AATCAATCCATTCGTT,V223H,0.1545,0.1545,74,67
AATCAATCTATCGGTC,M268C M478P,0.0000,0.0000,0,1
AATCAATCTTCCGATA,L427D,0.0000,0.0000,0,6
AATCAATTTACCATTC,V444H,nan,nan,0,0
AATCACAAGATGTCAA,H184L,0.0000,0.0000,0,1
AATCACACCTTAAAAG,A19L Y470T,0.0000,0.0000,0,55
AATCACATTGATATGA,,0.1155,0.1155,2266,2744
AATCACATTGGGAATA,K109T,0.1554,0.1554,20,18
AATCACATTTTTAATC,I339G,0.0000,0.0000,0,3
AATCACCAGCATGATT,,0.1062,0.1062,1367,1800
AATCACCAGGCTCAAT,N401R,0.0864,0.0864,136,220
AATCACCATCTGTATT,L453Y,0.0638,0.0638,68,149
AATCACCCGCCAACAT,L59F,0.1742,0.1742,5373,4313
AATCACCTGTTTACGT,N129G A253H,nan,nan,0,0
AATCACGAAAAACAAG,R149F,0.1412,0.1412,4217,4176
AATCACGATCCCATAG,E407R,0.3004,0.3004,174,81
AATCACGCAACTAGAG,,0.0709,0.0709,1151,2270
AATCACGTAGGCGAGA,R496G,0.1376,0.1376,873,887
AATCACGTCCTATAAA,C97R,0.0000,0.0000,0,1
AATCACGTGAATCCAG,G100D G416E,nan,nan,0,0
AATCACTAATTGTGAA,I60K,0.2618,0.2618,88,47
AATCACTCTTTTCATA,S270R,0.0000,0.0000,0,6
AATCACTTCTTCTATA,L102T,0.0465,0.0465,207,622
AATCAGAAAAACTTAA,A532R,0.0000,0.0000,0,18
AATCAGAACCGCTAAA,H47V,0.1317,0.1317,1446,1535
AATCAGAACGATCACC,G376E N443M,0.0000,0.0000,0,5
AATCAGAATGTCTCGG,N94S,0.0946,0.0946,762,1127
AATCAGACAATTTAGA,T422Y,0.0000,0.0000,0,5
AATCAGACCACAATGT,P299L,0.0000,0.0000,0,109
AATCAGACGGTGGGGA,,0.1576,0.1576,7957,7061
AATCAGCAGTTTTTAC,G333D,0.3442,0.3442,32,13
AATCAGCTATTGCCTT,S22K E403K,0.0000,0.0000,0,2
AATCAGGTCATTGACA,E434G Y448C K450R,1.0000,inf,29,0
AATCAGTAAGTTATGA,,0.0524,0.0524,78,208
AATCAGTACATATTAA,N21F,0.0000,0.0000,0,8
AATCAGTATGGTTGGG,G376C,0.2295,0.2295,571,348
AATCAGTCAAAAACTC,Q12V V152R,0.1100,0.1100,3158,4015
AATCAGTGACATAACC,A521D,0.0883,0.0883,24,38
AATCAGTGCGTAAAGG,K9L I182A S203K M431I,1.0000,1.1537,33,4
AATCAGTGGATCCATC,I517H,0.0000,0.0000,0,1
AATCATAAAAAACCTA,,nan,nan,0,0
AATCATAATGTCTCAA,,0.1161,0.1161,1918,2311
AATCATATAATTTTAA,,0.2912,0.2912,531,255
AATCATCCAAATATGG,N186Y,0.0506,0.0506,192,531
AATCATCCTGGAAGCA,H110Q,0.1265,0.1265,57,63
AATCATCCTTGAGGAT,C64A G330D,0.0000,0.0000,0,3
AATCATCTATTATGAT,A459S P489L,0.0562,0.0562,170,423
AATCATCTGATATGTA,G181D,0.0000,0.0000,0,5
AATCATCTGTGCAGAT,A287M,0.2697,0.2697,27,14
AATCATGAATGAAAAC,,0.2111,0.2111,2834,1877
AATCATGATTTTCCAT,V395L,0.0624,0.0624,646,1448
AATCATGGCGCGAAAA,I87A A532E,0.0000,0.0000,0,1
AATCCAAAAGAATCTT,N187Q,0.0021,0.0021,2,131
AATCCAAAGAAAGTAC,,1.0000,3.7758,27,1
AATCCAAATAACATTA,P145T,0.2074,0.2074,1409,950
AATCCAAGAAAAGTGC,L59F,0.1781,0.1781,3061,2404
AATCCAAGGGGAACTC,,0.1088,0.1088,815,1048
AATCCAAGGTACCAAG,A373R,nan,nan,0,0
AATCCAATTCTCAGAT,L462Q,0.0794,0.0794,281,495
AATCCACACTCGATGT,R397T,0.1046,0.1046,184,246
AATCCACCCTACTCAG,G342D,0.3969,0.3969,105,37
AATCCACGCGTACTTT,P162C D241V,0.0000,0.0000,0,15
AATCCACGGGAAGGTT,S221N,nan,nan,0,0
AATCCACTAACCAAAA,I121T,0.0929,0.0929,342,515
AATCCACTTCCTTCAT,V56L,0.0329,0.0329,128,544
AATCCAGACAATTATA,H440D,nan,nan,0,0
AATCCAGCACACATAA,,0.1803,0.1803,18657,14470
AATCCAGTACCGCATC,G263E,0.4733,0.4733,88,26
AATCCAGTATATCTTG,I42P,0.2004,0.2004,43,30
AATCCAGTTCACTTTT,,0.1953,0.1953,229,164
AATCCATAGCCCACGG,N94D,0.1088,0.1088,728,936
AATCCATATTGACAGA,I80H,0.2863,0.2863,692,338
AATCCATCCCAATGGA,L497F,0.1903,0.1903,3822,2808
AATCCATGCCGTCAAA,T219Y,0.0000,0.0000,0,13
AATCCCAAAGTTCGAT,A459G,0.2466,0.2466,582,330
AATCCCAACGAACAGC,A394V,1.0000,1.3052,28,3
AATCCCAACTAAACCT,,0.2196,0.2196,4035,2569
AATCCCACGACATACC,,0.1271,0.1271,40,44
AATCCCAGTCAACACT,N382S,0.1273,0.1273,1008,1107
AATCCCAGTCAATACT,,0.1820,0.1820,203,156
AATCCCATAAATAGGT,V481S,0.0000,0.0000,0,6
AATCCCCCTTTGGGAA,L54* T279A,0.6526,0.6526,14,3
AATCCCCTCTAGTTCA,G303Q,nan,nan,0,0
AATCCCGATACATTGG,,0.0622,0.0622,133,299
AATCCCGCCTCTAAAC,K216V,0.2056,0.2056,344,234
AATCCCGCTGCTCACG,D53N,0.1611,0.1611,1319,1145
AATCCCGGAACTAACC,L213N,0.1375,0.1375,1281,1303
AATCCCTATAATAACG,H110S,0.1833,0.1833,2536,1935
AATCCCTATATTGACA,R90Q,0.1823,0.1823,11132,8538
AATCCCTTGAAGCAAC,I29G,0.6885,0.6885,64,13
AATCCCTTGTAGCCTG,,0.1724,0.1724,5503,4465
AATCCGAAAAGTAATA,S519M,0.1492,0.1492,32,30
AATCCGAAACAACTAA,,nan,nan,0,0
AATCCGACAAATCCAC,H117K,0.1366,0.1366,788,807
AATCCGAGATAAATAA,V82F P82aW,0.1344,0.1344,808,841
AATCCGATAGTCGTGA,E501W,0.2619,0.2619,545,291
AATCCGCACGTAAACG,K372N,0.0903,0.0903,153,237
AATCCGCAGGCACCGG,,0.0466,0.0466,15,45
AATCCGCAGTGGGATT,N48H,0.0988,0.0988,130,184
AATCCGCTGCATTCAG,,0.1384,0.1384,13733,13879
AATCCGCTTAAAATAG,E190A,0.0626,0.0626,34,76
AATCCGTGTAATAACA,S323W,0.1699,0.1699,4142,3409
AATCCTAAATTCATAG,L544K,0.0000,0.0000,0,2
AATCCTAGTACCAGAG,Y141N H354R,0.1131,0.1131,1855,2293
AATCCTATCTTATACC,W343Y,0.1112,0.1112,31,39
AATCCTCTACGAGAAC,D438A,0.0695,0.0695,81,163
AATCCTGATCTTAAAT,V261I I517A,0.0580,0.0580,22,53
AATCCTGGGGCCACGC,N48V,0.1002,0.1002,235,328
AATCCTTAATTCAGCG,N21M,0.0000,0.0000,0,4
AATCCTTAGGAACTAC,S247I,nan,nan,0,0
AATCCTTCATAATATA,R321Q D366P T370A F469I,0.0000,0.0000,0,6
AATCCTTCCACAGCTC,I252W,0.0000,0.0000,0,1
AATCCTTGCATTTCGC,T390W V451D,0.0000,0.0000,0,18
AATCGAAACAGAAAAA,N289P,0.0866,0.0866,986,1593
AATCGAAACCGCACAG,C473E,0.0000,0.0000,0,1
AATCGAAATAAAACAC,F469D,0.0000,0.0000,0,10
AATCGAACAGCTTCTA,,0.1557,0.1557,3412,3064
AATCGAACTTTGTCGA,,0.0885,0.0885,241,381
AATCGAAGCACGGCAA,F399I,nan,nan,0,0
AATCGAATAACGGGAA,K45S,0.1018,0.1018,828,1137
AATCGACAATAATAGG,,0.0946,0.0946,1272,1880
AATCGACCGGAACGCT,,0.0000,0.0000,0,23
AATCGACTAGTTCACC,A144K,0.3907,0.3907,5685,2035
AATCGACTCCGAGGAA,K45M,0.1307,0.1307,258,276
AATCGACTTAATACTC,,0.1383,0.1383,1386,1401
AATCGAGATACAAATA,,0.1745,0.1745,871,698
AATCGAGCAATGTCAT,K328R,0.0796,0.0796,950,1668
AATCGAGGTTGGCCAC,,0.1305,0.1305,1633,1750
AATCGATAAAGGGCAA,F251W,0.1789,0.1789,4966,3882
AATCGATACAAATACT,V204E,0.0000,0.0000,0,8
AATCGATATTGAAAAA,P299M,0.0763,0.0763,119,218
AATCGATCAATAAATA,E500M,0.1900,0.1900,1865,1373
AATCGATTTGACGCGA,L209M,0.0716,0.0716,728,1422
AATCGCAGGTTAATAA,C14Y Q490T,0.4195,0.4195,6,2
AATCGCCAACCAATCG,,0.0000,0.0000,0,2
AATCGCCCTTTGACCT,V444K,0.0000,0.0000,0,3
AATCGCGAAGAACCAT,N169T N322G T370K F469G,nan,nan,0,0
AATCGCGCGAACAAGA,R405L,nan,nan,0,0
AATCGCTAATAGTTGA,,0.1066,0.1066,125,164
AATCGCTAGCTGAAAG,,0.1480,0.1480,6938,6556
AATCGCTATACTCCAA,I178Y,0.0000,0.0000,0,5
AATCGCTATCCACCAC,Y351V M413I,1.0000,inf,47,0
AATCGGCAAACACCCC,N103K Y141Q,0.1750,0.1750,2765,2209
AATCGGGATACGCGAG,,0.0388,0.0388,33,119
AATCGGGCCATGAATC,G504K,0.1774,0.1774,1615,1273
AATCGGGCTCACAATT,T28E,nan,nan,0,0
AATCGGGGAAGCACGC,L2D,0.7691,0.7691,33,6
AATCGGGGTTTTCAGT,D104A,0.1378,0.1378,5382,5460
AATCGGTAAATTGGGA,N475T,0.0906,0.0906,1097,1694
AATCGTAAGACGGAAG,,0.1888,0.1888,18237,13506
AATCGTAAGCGATAAT,A373T,nan,nan,0,0
AATCGTACCAATCTAC,N73P,0.0000,0.0000,0,5
AATCGTACCGAGAAAT,L59R,0.0000,0.0000,0,1
AATCGTATTAGTAAGC,,0.1569,0.1569,1869,1666
AATCGTATTTATGCGA,,0.1311,0.1311,4707,5022
AATCGTCAAAGTCTTC,Y258Q,0.4895,0.4895,14,4
AATCGTCAATTTAGGG,A334D,1.0000,6.4328,46,1
AATCGTCCACGCTAAG,N424C,nan,nan,0,0
AATCGTCTTATTGATT,,0.1703,0.1703,3493,2869
AATCGTGGCGATGTTA,I164M G228C,nan,nan,0,0
AATCGTGGTCCTTCGT,I29L,0.1395,0.1395,910,912
AATCGTGGTCTGATGC,G100H I514S,0.1526,0.1526,24,22
AATCGTGTGCACAGAG,T422Q,0.1459,0.1459,361,346
AATCGTTAAGTGTCGA,,0.1262,0.1262,37,41
AATCGTTCATATGCCT,,0.1574,0.1574,3392,3013
AATCGTTGGCCCGCAT,V-2I L507N,0.3789,0.3789,84,31
AATCTAAAACCCTTAA,G68F,0.0000,0.0000,0,10
AATCTAAAGACGCATA,V66D,1.0000,1.1187,56,7
AATCTAAGACCCTAAA,V315Q,0.1112,0.1112,416,523
AATCTAAGGTAGAATT,D438E,0.0604,0.0604,941,2180
AATCTAAGTTACAAGT,C281A,0.0000,0.0000,0,2
AATCTAATGACGCATG,A144Y,0.0000,0.0000,0,8
AATCTAATGGCTGTAG,K367P K412S,0.0000,0.0000,0,6
AATCTAATTTAACTTT,S247D,0.9090,0.9090,26,4
AATCTACACCCAATAC,,0.2213,0.2213,2708,1711
AATCTACATATTGCTT,,0.1361,0.1361,728,748
AATCTACGAATCCCTG,Y363D,0.0000,0.0000,0,1
AATCTACGGTTCTATC,L122D,0.0819,0.0819,558,953
AATCTAGAACAAGCTT,G360Y,0.0000,0.0000,0,13
AATCTAGACGGATCGT,D175I,0.2184,0.2184,203,130
AATCTAGCAAGTGAAT,R404W,nan,nan,0,0
AATCTAGCCGAGTACT,,0.1535,0.1535,1334,1215
AATCTAGCGAAACCAA,,0.0947,0.0947,887,1310
AATCTATAAGAGCCCG,A188Y,0.1134,0.1134,2852,3516
AATCTATACGTGAAAG,R482H,0.0466,0.0466,48,144
AATCTATAGTAGTCCC,R321T F469M,0.1790,0.1790,32,25
AATCTATATATATACC,L507Y,0.1760,0.1760,3731,2964
AATCTATCTAGAAAAA,K45D Q344E,0.1386,0.1386,1264,1275
AATCTATCTAGAACAG,,0.1438,0.1438,757,736
AATCTATGATATATAA,T37E,nan,nan,0,0
AATCTATGGTGAGTCC,,0.1745,0.1745,4609,3693
AATCTCAAATATAACC,E340H,0.0000,0.0000,0,15
AATCTCAACGAAAAAG,,0.0855,0.0855,271,443
AATCTCAATAGAAGTA,T37P,0.2272,0.2272,13,8
AATCTCAATTTAATAA,H354V R452W,0.0000,0.0000,0,1
AATCTCACATGATCTA,Y491H,0.1476,0.1476,1104,1046
AATCTCACTCCAATTG,T37D,0.0000,0.0000,0,2
AATCTCATCAATCGCA,,0.2175,0.2175,633,407
AATCTCCAACGCGGTC,K125aS E358Q,0.1583,0.1583,1117,987
AATCTCCCCGGAAATT,Y195L F469N,nan,nan,0,0
AATCTCCCCTCCACCC,Q191E,0.0000,0.0000,0,2
AATCTCCTACCTTATT,I29R R328bF,0.0000,0.0000,0,11
AATCTCTGTACCCGAA,Q513C,0.1284,0.1284,1000,1089
AATCTCTGTGACGTCC,N250M,0.0000,0.0000,0,20
AATCTGAAACAGAGTG,D231N,0.0000,0.0000,0,17
AATCTGAACAGGGGGA,,0.1108,0.1108,5153,6505
AATCTGACATCTGGCC,A364M,0.2536,0.2536,263,145
AATCTGACCGAATTTC,,0.0674,0.0674,299,620
AATCTGACGCCAGTCG,K328T,0.1322,0.1322,1654,1750
AATCTGAGAAATGTAT,T46I,0.0000,0.0000,0,33
AATCTGAGATAATGAC,M268I,nan,nan,0,0
AATCTGATTTGCCAGA,S492N,0.1311,0.1311,8118,8661
AATCTGCAATACGTCG,,0.1774,0.1774,982,774
AATCTGCCAAGCCCAT,S113M G345A V395H,0.0000,0.0000,0,4
AATCTGCCCGAGATCA,S167Y R321L,0.0000,0.0000,0,5
AATCTGCGACCTCCAA,K310M,0.0000,0.0000,0,10
AATCTGCGTTTCTTAC,N410T,0.2331,0.2331,60,36
AATCTGCTAAGTGCAG,,0.1056,0.1056,3164,4189
AATCTGGATCGTATGA,T511R,0.1420,0.1420,3517,3464
AATCTGGATGATTATA,H298G,0.0000,0.0000,0,20
AATCTGGTGTGCTTGA,L325K,0.1404,0.1404,1044,1040
AATCTTAACAGTAATG,A526N,0.0763,0.0763,60,110
AATCTTACCGCTTCCT,,0.1983,0.1983,217,153
AATCTTATACGAATAA,T192K V223H,0.0737,0.0737,59,112
AATCTTATACTAAACC,L455A,0.1376,0.1376,186,189
AATCTTCAAAATAACC,,0.0783,0.0783,559,998
AATCTTCATGAACACA,,0.1332,0.1332,5686,5968
AATCTTCGGCAGTTAT,,0.1159,0.1159,203,245
AATCTTCGTTAATTAA,,0.2344,0.2344,1269,757
AATCTTGAATACCTAA,S6P,0.0960,0.0960,127,185
AATCTTGCAAGAAGCA,L54M,0.1296,0.1296,1254,1353
AATCTTTACTTCATAG,,0.1013,0.1013,352,486
AATCTTTAGACACTCA,P99T E432C,0.8950,0.8950,32,5
AATCTTTTACGTTGTG,N169C N322D T370P F469T,nan,nan,0,0
AATCTTTTCAGAATAT,Y201S,0.0728,0.0728,747,1434
AATGAAAAATGTACCT,,0.1338,0.1338,485,507
AATGAAAACAATATAT,L112G,0.0000,0.0000,0,13
AATGAAAACGGTAATA,L59P,0.0000,0.0000,0,6
AATGAAAAGGTTAAAG,I13P E107C,nan,nan,0,0
AATGAAAATTATCCTT,N289Y,0.1970,0.1970,269,191
AATGAAACAAACGCCT,Q40C,0.1115,0.1115,402,504
AATGAAACATCGATAG,F399R,1.0000,1.2120,26,3
AATGAAACTATACAAG,F469L,0.0763,0.0763,1321,2420
AATGAAACTTAACTAT,E24I,0.0000,0.0000,0,137
AATGAAAGACATCTTT,G465Y,0.0966,0.0966,76,110
AATGAAAGACATTGTG,,0.0647,0.0647,25,54
AATGAAATAATTTACC,E106I,0.0000,0.0000,0,13
AATGAAATGAGCGAGA,,0.0938,0.0938,1268,1890
AATGAAATTTCCCCCC,K269R,0.1144,0.1144,3365,4115
AATGAACATATCAGAC,A188E,0.0520,0.0520,68,183
AATGAACATCTCAAAA,,0.0626,0.0626,116,259
AATGAACCTGATATTA,N21P,1.0000,1.3005,93,10
AATGAAGAAACCCGCG,,0.3296,0.3296,33,14
AATGAAGCGAACAGAC,,0.1271,0.1271,300,330
AATGAAGTCCTTCTAC,P58Y,0.0000,0.0000,0,14
AATGAAGTTGACGTCA,,0.1415,0.1415,263,260
AATGAATAACCGAGGA,E106D,0.1067,0.1067,499,654
AATGAATAAGAAACTA,Q191P T436Q,nan,nan,0,0
AATGAATCAGTAATAA,I202Y,0.0000,0.0000,0,13
AATGAATGATTAAAGT,,0.1242,0.1242,95,107
AATGAATGTAAACTAT,L447Q,1.0000,1.1187,24,3
AATGAATGTCACCTGA,S167E,0.0516,0.0516,806,2183
AATGAATGTCATGCAA,V285E,0.2965,0.2965,176,83
AATGAATGTTCTAATC,S167H L331N E468W,0.0000,0.0000,0,3
AATGAATTCAATCAAT,V5L K109C,0.0982,0.0982,311,443
AATGACAAAACGACAT,,0.1388,0.1388,5098,5138
AATGACAAAAGTAAAA,,0.2015,0.2015,552,383
AATGACAAACACCAAA,V347L,0.2039,0.2039,3943,2704
AATGACAACCACGTAT,P299F,0.1288,0.1288,1436,1559
AATGACAAGAGTATTG,W537S,0.2126,0.2126,377,248
AATGACACACCGACAG,T163S,0.1214,0.1214,368,424
AATGACACCGACTACT,M531V,0.0145,0.0145,14,135
AATGACAGTCACGTTT,K387V,0.0931,0.0931,255,383
AATGACATTAAAACAA,A532D,0.2543,0.2543,80,44
AATGACCAAACTGTAT,N382T,0.1611,0.1611,356,309
AATGACCCCAGTATGA,,0.1321,0.1321,1566,1658
AATGACCTAAGGATTG,F332L,nan,nan,0,0
AATGACCTATTAAAGA,S311Q,0.4705,0.4705,286,85
AATGACCTTCTCGATG,Q359H L427I,0.3552,0.3552,127,50
AATGACGAACCTATAG,R229C H354Y,0.0000,0.0000,0,2
AATGACGCAAGTATTT,N483V,0.0971,0.0971,1458,2100
AATGACGGGCACCAAG,T370K,nan,nan,0,0
AATGACTAATCAAATC,K62M A373W,0.0000,0.0000,0,10
AATGACTATCCAAGAG,G345V,0.2566,0.2566,211,115
AATGACTCCCCTATCC,N169L N322T F469E,0.0000,0.0000,0,9
AATGACTCTCCGCGAA,L427N R452Q,nan,nan,0,0
AATGACTGGGACCGAT,I339Y,nan,nan,0,0
AATGACTGGGAGGGGT,T171P,0.1505,0.1505,2099,1950
AATGACTTCGGCTATA,,0.0848,0.0848,1620,2672
AATGACTTTGATCGAG,I164R,1.0000,inf,73,0
AATGAGAAAGGAACAT,V82L,0.1115,0.1115,366,459
AATGAGAAGAATACGA,Y17W,0.1857,0.1857,1106,833
AATGAGAAGTATACGT,D104F,0.1911,0.1911,3677,2691
AATGAGACCGGCGTCA,V88N,0.5516,0.5516,71,18
AATGAGAGTATGTCAC,M538F,1.0000,3.4961,25,1
AATGAGCATTCCCCGA,T206R,0.1517,0.1517,153,141
AATGAGCCAACGTAAA,,0.1248,0.1248,316,354
AATGAGCCTTTTATTG,N169T R321P T370S F469G,0.0000,0.0000,0,1
AATGAGCGACATTAAT,V285P,nan,nan,0,0
AATGAGCTTTTAATTC,L7V,0.1520,0.1520,1088,1001
AATGAGGGCATATAGT,I267A,0.0000,0.0000,0,4
AATGAGTGGTCTGTGT,M530Y,0.0203,0.0203,53,365
AATGAGTGTCCTACCG,F332L,0.1732,0.1732,7344,5929
AATGATAAATGTTGAA,Q142G H440W,nan,nan,0,0
AATGATAAATTCAGTA,I80Y,0.2252,0.2252,4312,2678
AATGATAACATTGACA,C466T,0.0000,0.0000,0,3
AATGATAATAGGCCGA,E107Y D241N,0.3113,0.3113,118,53
AATGATACCTATTATA,G49V M431K L515Q,0.0000,0.0000,0,1
AATGATACTACAATAT,F338Y,0.2039,0.2039,35,24
AATGATACTAGCGAAC,H295V,0.0000,0.0000,0,1
AATGATATAGTAAAAA,F147T L455G,0.0000,0.0000,0,30
AATGATATGTGATAAA,N20S F439I,0.0000,0.0000,0,22
AATGATATTTTGGCTA,R227V,0.0000,0.0000,0,35
AATGATCAGGGAGAGC,R405N,nan,nan,0,0
AATGATCCACGAAGTG,Q282C,0.0000,0.0000,0,4
AATGATCTACCCATGC,H110Q I385S,0.5516,0.5516,71,18
AATGATCTTAACCTGA,K280V,0.1830,0.1830,2647,2023
AATGATGAAACACAAA,A188I,0.1932,0.1932,1960,1419
AATGATGAATACGAAG,,0.1042,0.1042,615,825
AATGATGGATACATTC,F399E,0.3496,0.3496,30,12
AATGATGTATTGCATT,P58R,0.0000,0.0000,0,7
AATGATGTCGAGTGAC,N250V,0.3709,0.3709,61,23
AATGATTAAAAGGGGC,Y17S,0.0000,0.0000,0,41
AATGATTAAGATAAAG,Y423W,0.2900,0.2900,56,27
AATGATTCAAAACAGG,L122D,0.1498,0.1498,226,211
AATGATTCTAATCTCA,N382W,0.0973,0.0973,64,92
AATGATTCTCAATGGA,D63H L455E,0.1472,0.1472,20,19
AATGATTGCAAGGAAC,V309D V451R G484H,0.0000,0.0000,0,4
AATGCAAAAAACAATG,F245V Y518W,0.0000,0.0000,0,9
AATGCAAACAATTAAT,,0.1177,0.1177,367,436
AATGCAAAGATGTAAC,A214L,0.0514,0.0514,72,196
AATGCAACGATACGCA,S167* R321E T511R,0.0000,0.0000,0,6
AATGCAACTACTCCAT,H276N,0.2282,0.2282,4352,2667
AATGCACATATGACTA,,0.1146,0.1146,3594,4387
AATGCACCGACAAAAT,H130T,0.0000,0.0000,0,1
AATGCACTTGGCGCAC,G396V,0.1219,0.1219,470,539
AATGCAGACCCATAAC,W234* T378V,nan,nan,0,0
AATGCAGATGCTAGCA,P99V,0.1300,0.1300,53,57
AATGCATACAGTGCGG,I121M,0.1324,0.1324,160,169
AATGCATATAAGAAAG,D386G,0.2061,0.2061,1789,1214
AATGCATCCAATGGCC,V36Y,1.0000,1.5849,68,6
AATGCATCCCAAGAAT,H276C,0.2986,0.2986,5174,2423
AATGCATGATAATAGC,I166D,0.1640,0.1640,34,29
AATGCATGGTTTATAT,S519P,0.0000,0.0000,0,5
AATGCCAATGTATCAC,,0.2242,0.2242,11584,7224
AATGCCACGTAGTGTA,S185R,0.0000,0.0000,0,7
AATGCCATTAAATGTG,L213P,0.7225,0.7225,31,6
AATGCCCAACAAAAAA,I550C,0.2181,0.2181,2268,1454
AATGCCCACAAACTCA,L133aW,0.2092,0.2092,1785,1193
AATGCCCAGTCACGAA,S383M,0.1242,0.1242,604,680
AATGCCCCAGTAAATA,,0.1419,0.1419,137,135
AATGCCGTTCCCATTA,R435G,0.1099,0.1099,397,505
AATGCCTAAAAAATGG,M292H,0.0000,0.0000,0,8
AATGCCTACAATGGAC,E190P,1.0000,1.2586,27,3
AATGCCTAGGAGTCTT,K259R E461K,0.0288,0.0288,36,175
AATGCCTCTTAGAACT,,0.1883,0.1883,750,557
AATGCCTTATAGTGCT,M530H,0.0466,0.0466,1,3
AATGCGACTAACGTAT,T132L,0.4560,0.4560,75,23
AATGCGCAACACAAAC,Y423C,0.0000,0.0000,0,3
AATGCGCAAGTGCATA,G225S D419Y,0.0000,0.0000,0,2
AATGCGCCCTAAAGTA,D231Y,0.0374,0.0374,31,116
AATGCGCCTATCCGAG,E31A,0.1332,0.1332,2451,2574
AATGCGCGGCTGACTA,M531C,0.1396,0.1396,2150,2154
AATGCGCTTAGGATGA,N21Y,nan,nan,0,0
AATGCGGACAGACGGT,A364D,nan,nan,0,0
AATGCGGTCAAAGTGC,,0.1367,0.1367,815,834
AATGCGGTGAACCTGG,,0.1354,0.1354,643,664
AATGCGTCGGAGCCAA,K9P S167K R321K T370V F469Y,0.0000,0.0000,0,4
AATGCGTGCGAGTCAT,T199Q,0.0981,0.0981,702,1001
AATGCTAACAAACATT,V261T,0.1018,0.1018,3795,5215
AATGCTAACAAATATT,V261T,0.1085,0.1085,1450,1869
AATGCTAACTGCATCC,I385R,0.1615,0.1615,366,317
AATGCTAAGACCCTGG,K380P,1.0000,2.9367,21,1
AATGCTAGAAAATTTT,A526F,0.2248,0.2248,127,79
AATGCTATATACCACC,A19I,0.0000,0.0000,0,12
AATGCTATATAGCGAC,Q545L,0.2261,0.2261,97,60
AATGCTTAGAGTAGTA,,0.0743,0.0743,316,595
AATGGAAAAGTTAAAT,H18Y Y105* T192F,0.0000,0.0000,0,1
AATGGAAAGCAAATAA,L314E,1.0000,2.2841,49,3
AATGGAAATCTCTGAT,H47S,0.0791,0.0791,206,364
AATGGACGGTAATAGA,R405W,0.0000,0.0000,0,3
AATGGACTTTCAGGAC,S10F,0.0000,0.0000,0,3
AATGGAGAACTCCTGA,R81W T132R,nan,nan,0,0
AATGGAGGTATGCAGT,K269Y,0.0869,0.0869,1175,1890
AATGGATAGCACCTCG,W421* V429W,nan,nan,0,0
AATGGCACTTAAATCA,V451S,0.1622,0.1622,58,50
AATGGCATAAAAAGAA,N389K,0.2534,0.2534,299,165
AATGGCCACGGAACAA,,0.1206,0.1206,332,385
AATGGCTCTACCGATT,T279W,0.2259,0.2259,21,13
AATGGGAATCATTAAC,N186Q,0.1671,0.1671,447,374
AATGGGACCTCTCTCT,W84C,0.0000,0.0000,0,1
AATGGGCATGCCTCGC,S523T,0.0000,0.0000,0,17
AATGGGCCCCGACTGT,K472W,0.1290,0.1290,811,879
AATGGGCGATATATCG,L2G,0.0903,0.0903,568,880
AATGGGCGCAGAGTAA,G319Q,nan,nan,0,0
AATGGGTTCACTTTAC,G263N E493R M530K,0.4661,0.4661,30,9
AATGGTAAGGTTACTC,H295Y F469N,0.5594,0.5594,40,10
AATGGTAATCAACGGA,,0.2818,0.2818,409,203
AATGGTAATGCTTCAT,K472P,0.0000,0.0000,0,21
AATGGTACCAACCGTG,,0.1743,0.1743,9202,7381
AATGGTACCGGCTTCG,H184N N357P T511S,0.0000,0.0000,0,11
AATGGTATAACTTTCA,,0.2111,0.2111,77,51
AATGGTATTCCTAGGA,R456E,0.0000,0.0000,0,157
AATGGTCTAATGGAGC,G303D I529K,0.1798,0.1798,27,21
AATGGTGTTAATATCG,L71F F469M,0.1102,0.1102,26,33
AATGGTTACAATAACA,V272M,0.2169,0.2169,487,314
AATGGTTCTGACTCGG,,0.0978,0.0978,871,1246
AATGGTTTTGTTGATT,E-5H R328bD,1.0000,1.0788,54,7
AATGTAAACGATTCCT,E246S,0.1867,0.1867,3420,2562
AATGTAAATGGACCCA,G49M,0.2641,0.2641,17,9
AATGTAACGTCACAAA,I15F,nan,nan,0,0
AATGTAAGACTTAAAC,E-5*,nan,nan,0,0
AATGTAAGCGATAGCT,F469N,0.0000,0.0000,0,3
AATGTAATAAGGCGAA,N103D,0.1860,0.1860,979,736
AATGTAATAATATCCA,P215D,nan,nan,0,0
AATGTAATATACGGGC,V66Y,nan,nan,0,0
AATGTAATGACCTCAG,,0.1229,0.1229,13709,15598
AATGTAATGCACAGAA,,0.1082,0.1082,1585,2048
AATGTACTGCCACAGG,G303V,0.0000,0.0000,0,4
AATGTACTTCTGAACC,,0.1144,0.1144,1278,1562
AATGTAGAAGTATAGT,I339T,0.0000,0.0000,0,6
AATGTAGATCCCGTCT,,0.1395,0.1395,1347,1350
AATGTAGGAAATTAAC,I29E L527K,0.0000,0.0000,0,9
AATGTAGGACATCCAC,H130Y A253Y Y308* E508G,nan,nan,0,0
AATGTAGTAGAGAGTA,W127V,0.1823,0.1823,2324,1783
AATGTATATCAGCTTT,,0.1945,0.1945,1943,1397
AATGTATGAGCGACTT,K45L,0.0938,0.0938,348,519
AATGTATTGTAAAGGA,P254A,0.0792,0.0792,17,30
AATGTCAACTTGGGCA,A144N G205S,0.0640,0.0640,370,809
AATGTCACAATCACTT,E403S,0.9649,0.9649,69,10
AATGTCACGTCAACGC,K9I F251L,0.2904,0.2904,27,13
AATGTCATCTAATTTC,T301Q,0.1089,0.1089,246,316
AATGTCCAAGAAACTT,,0.2194,0.2194,1429,911
AATGTCCCAGAAGACT,H298E R405I,0.2517,0.2517,18,10
AATGTCCTAAGTATGC,G362E Y486M,0.0000,0.0000,0,3
AATGTCCTACGAATTT,G49Q,0.2294,0.2294,105,64
AATGTCGAAAAAAGGT,I29R E500C,nan,nan,0,0
AATGTCGGGTGATCAG,Y518T,0.3648,0.3648,60,23
AATGTCTAACATCGCG,V395C E508T,0.1488,0.1488,2857,2685
AATGTCTTCGATCAAA,N21G,0.0969,0.0969,415,599
AATGTCTTGCTCACAT,W69V,0.0744,0.0744,167,314
AATGTCTTTCACTCGA,G205E,0.7924,0.7924,119,21
AATGTGAAAGTAAACG,,0.1034,0.1034,1340,1813
AATGTGAGTGCCTTAC,,0.1719,0.1719,2135,1737
AATGTGATACACAATT,Q25R,0.0808,0.0808,1012,1752
AATGTGCATCTAAGTC,N158K,0.3083,0.3083,6200,2812
AATGTGCGGAATTAAT,D53H L515H,0.0000,0.0000,0,6
AATGTGCTAATATAGG,D63A,0.0992,0.0992,232,327
AATGTGGACAAAAAAT,A160P,nan,nan,0,0
AATGTGGCGGTGACCA,,0.1398,0.1398,1263,1263
AATGTGGGATGTAGCT,E255M,0.2174,0.2174,443,285
AATGTGGGGTAAGCAC,H38G,0.1282,0.1282,253,276
AATGTTAAGACAATGA,Y256F,0.1480,0.1480,1812,1712
AATGTTACGAGCAGAC,N248A,0.0828,0.0828,2103,3551
AATGTTAGGAATTCCT,A160T,0.2464,0.2464,1457,827
AATGTTATATAAGAGA,L437R,0.0000,0.0000,0,4
AATGTTCAAAAATCTC,E434N,nan,nan,0,0
AATGTTCAAAATACCG,E78F,0.1216,0.1216,2067,2378
AATGTTCATTCCTTTC,Q226I,0.0122,0.0122,25,286
AATGTTCGGTCACTTA,L497C,0.1008,0.1008,168,233
AATGTTGGATCGAACT,H47A,0.1598,0.1598,9877,8645
AATGTTGTAATATACC,A160T C549A,0.1936,0.1936,54,39
AATGTTGTTTTAAATG,R499Q,nan,nan,0,0
AATGTTTAAGATGATA,C549S,0.0685,0.0685,98,200
AATGTTTAATCAGTAT,C546W,0.1985,0.1985,856,603
AATGTTTACAAGCATT,T37L,0.3263,0.3263,21,9
AATGTTTCAGTCATGC,A526P,0.0000,0.0000,0,11
AATGTTTTACGAAATT,L51V,0.0909,0.0909,78,120
AATGTTTTATTGAGAT,G55K E398K,0.0000,0.0000,0,26
AATTAAAATAACTTGC,G100T G349P,nan,nan,0,0
AATTAAAATAGCAGAC,N158V F469S,nan,nan,0,0
AATTAAAATATGTACG,I4A,0.1391,0.1391,179,180
AATTAAACAGCACATC,L43G F332T,0.0000,0.0000,0,7
AATTAAACATGTAAAT,D175G,0.1679,0.1679,1304,1086
AATTAAACGTATAATC,S133H,0.1247,0.1247,2996,3361
AATTAAACTGTTACCC,A394Q,0.6573,0.6573,94,20
AATTAAAGACTCGCCT,Y258H G360W,0.2297,0.2297,23,14
AATTAAAGCATATATA,N483A,0.1787,0.1787,561,439
AATTAAAGCCGCGACC,G333E,0.0000,0.0000,0,1
AATTAACAACTATGTA,V8L A287C,0.0000,0.0000,0,3
AATTAACAACTGAGCT,H440D,0.0000,0.0000,0,5
AATTAACAAGTTTGAA,A287H A373T,0.0000,0.0000,0,2
AATTAACACGAATTTC,D77H,0.1138,0.1138,188,231
AATTAACATGTAGTAA,H38Y Q282L,0.0000,0.0000,0,1
AATTAACCATAAAAAA,E398L,1.0000,1.0348,111,15
AATTAACCTTATGCCC,,0.2257,0.2257,1296,803
AATTAACGGAAAATAG,S480H,0.1211,0.1211,233,269
AATTAACTAGAAACCG,I4L G349L,0.0000,0.0000,0,5
AATTAACTCTTGGGAT,V82D,0.2177,0.2177,288,185
AATTAAGAACACGAGA,V66K K280S,0.3496,0.3496,30,12
AATTAAGCTTAAAGAG,M111V I339Q,0.0000,0.0000,0,5
AATTAAGTGAATCCAA,Y363L,nan,nan,0,0
AATTAAGTTAATGAAT,N541D,0.1929,0.1929,109,79
AATTAAGTTATCCTCT,C281G,0.0000,0.0000,0,4
AATTAATAGTCGACAC,,nan,nan,0,0
AATTAATATCGCTCAT,A67Q,0.1007,0.1007,4981,6915
AATTAATCATTAGGTA,V223T,0.2112,0.2112,148,98
AATTAATCCCTCCGCT,V34K G510aS,0.0000,0.0000,0,3
AATTAATGCCGAGAAC,L71Y,0.1591,0.1591,231,203
AATTAATGCGAAATAC,Y488Q,0.1155,0.1155,1379,1669
AATTAATGCTCACTGA,E340Q Q344*,nan,nan,0,0
AATTAATGTATTGCTT,N446C,0.0961,0.0961,476,693
AATTAATGTGACCCTC,E-5L,0.1200,0.1200,2409,2807
AATTACAAAAAAAAAA,L133aH,0.4012,0.4012,7324,2553
AATTACAAAAACCACC,S113N S167I R321K E432K C466K,0.0000,0.0000,0,5
AATTACAATAACATTA,G504Y C539T,0.0000,0.0000,0,9
AATTACAATTCTATGT,N193K T208A,0.3596,0.3596,4862,1891
AATTACACAAGAGGAT,,nan,nan,0,0
AATTACACATGGACAT,K506F,0.2102,0.2102,3995,2658
AATTACAGGGGCCAAA,R220Y,0.0000,0.0000,0,14
AATTACATATGTACAT,L209F,0.0000,0.0000,0,93
AATTACATCGTTAATG,L1M N248I,0.0504,0.0504,1289,3576
AATTACCCACCAATAA,F251L,0.1080,0.1080,3150,4079
AATTACCCCCGACGTC,T301K,0.0583,0.0583,15,36
AATTACCCGCGATCTC,,0.1703,0.1703,2106,1729
AATTACCCTAGAAATC,H440S,0.0000,0.0000,0,15
AATTACCGCATACAGC,N-4L M531Y,0.1270,0.1270,2406,2650
AATTACCGGTATCCTC,Y353T,0.0000,0.0000,0,13
AATTACGACCTGCGAA,V505M,0.2054,0.2054,401,273
AATTACGATAGTGACT,L447D,0.0000,0.0000,0,3
AATTACGCACTGAAAG,A394C,0.2791,0.2791,519,260
AATTACGCGGAATCTA,,0.0296,0.0296,51,241
AATTACGTTTTAATTC,H354V,0.1614,0.1614,15,13
AATTACTAAAAGTCTA,D63T I374P,0.0000,0.0000,0,3
AATTACTAGACGTCGT,N248H,0.0000,0.0000,0,25
AATTACTATCAAGTAA,Q12R,0.0000,0.0000,0,40
AATTACTGCCCTGAGA,I260S K498N,0.0000,0.0000,0,16
AATTACTTATTACCAA,L455T,0.0855,0.0855,758,1240
AATTAGAAAAAAGCCC,D415N,0.0204,0.0204,21,144
AATTAGAAAAGAAGTT,E174G,0.1473,0.1473,810,769
AATTAGAAAATCTATA,A3T Q371N,0.0000,0.0000,0,15
AATTAGAAACAAGTTG,P239G R405K,0.0000,0.0000,0,8
AATTAGAAAGATTGGT,Y256T,0.0759,0.0759,3087,5687
AATTAGAATACGCATA,,0.1433,0.1433,1085,1059
AATTAGAATGACTGCC,E89Y,0.2074,0.2074,519,350
AATTAGCATAACGTGT,V66M,0.1250,0.1250,1234,1380
AATTAGCCCTTAGCTA,P92aY,0.1563,0.1563,8482,7588
AATTAGCCGCTCGGGA,N322G,nan,nan,0,0
AATTAGCCTACCGGTG,F392V,0.2910,0.2910,77,37
AATTAGCTGATCTAAC,H184F T206N,nan,nan,0,0
AATTAGGTAGATAAAT,A67T,0.1183,0.1183,22,26
AATTAGGTCTTGAGAG,F79T E426S,0.0000,0.0000,0,6
AATTAGGTTTAAACTC,L54N I502G,0.0000,0.0000,0,1
AATTAGTGAATAGCTA,K372T,0.1539,0.1539,351,319
AATTATAAAAAATACT,F467G,0.0000,0.0000,0,1
AATTATAAACGTATAG,L133aW,0.2482,0.2482,1496,843
AATTATAAACTTACAC,D449S,0.1271,0.1271,3189,3508
AATTATAACTAAAACC,I374K,0.2797,0.2797,24,12
AATTATAAGGTTGTAG,L428I,0.2181,0.2181,184,118
AATTATACGGCAGCCG,V36F I182D,0.0000,0.0000,0,3
AATTATACGGTTCTTG,,0.1490,0.1490,390,366
AATTATAGTGACTCTG,E407I,0.0000,0.0000,0,9
AATTATCAACACTAAA,T520E,nan,nan,0,0
AATTATCCGGAAAAAA,Y274E D366A T370V,nan,nan,0,0
AATTATCGTAACAAAC,,0.1120,0.1120,209,261
AATTATCTACATGAAC,L61R R227I,0.3459,0.3459,47,19
AATTATCTGTAAACTA,P162C Y351D,0.0000,0.0000,0,2
AATTATCTGTTCTCTA,P306T Q545Y,0.2890,0.2890,31,15
AATTATGACGTATCAG,C14Y K262aN D348N,0.0000,0.0000,0,2
AATTATGCCAATACTG,D63C,0.1983,0.1983,1456,1027
AATTATGCCAGATTTT,Y256D,0.2693,0.2693,52,27
AATTATGTCCCTTGAG,Q371A M431N,0.2557,0.2557,234,128
AATTATTACCTCCGGA,Q12M,0.1148,0.1148,613,747
AATTATTGCACACAGT,E31G A495V,0.0000,0.0000,0,14
AATTATTTTGACTAGA,,0.0495,0.0495,23,65
AATTATTTTGTTCCAA,G100S I202Y,0.0000,0.0000,0,9
AATTCAAATACAGAAC,W153S S185N,nan,nan,0,0
AATTCAAGAAACAATA,D264N,0.8041,0.8041,23,4
AATTCAAGTAAACCAA,M111E N116K,0.4246,0.4246,252,83
AATTCAAGTATTACAG,,0.3120,0.3120,29,13
AATTCAATAATTTTCC,E-5N,0.0811,0.0811,29,50
AATTCAATTACCCAAC,,0.0887,0.0887,111,175
AATTCACAATATATAA,N382H,0.1952,0.1952,141,101
AATTCACATTAACGAA,,0.0000,0.0000,0,5
AATTCACTCATATTCA,L462C,0.1277,0.1277,21,23
AATTCAGAAAAGGTGC,M75P,0.0421,0.0421,22,73
AATTCAGACCAAGATA,T192F,0.1128,0.1128,213,264
AATTCAGCATTAGCGT,H295P,0.0000,0.0000,0,1
AATTCAGCTAGATTCT,L51A,0.1265,0.1265,293,324
AATTCAGGGCGTGGCA,F338R,0.0127,0.0127,1,11
AATTCAGTAAACCCCA,K120S,0.1962,0.1962,839,598
AATTCAGTCCAATAGA,W350N,0.7691,0.7691,44,8
AATTCAGTCGGTATAA,V309T,0.5483,0.5483,149,38
AATTCATAACAAATGT,I123D,0.6060,0.6060,39,9
AATTCATACAATCCAA,L122M P489W,0.0881,0.0881,517,821
AATTCATATCAGCCAG,,0.2924,0.2924,69,33
AATTCATGAAACGAGA,G72P,0.0000,0.0000,0,4
AATTCATGTCAACCAA,E83F,0.1915,0.1915,382,279
AATTCATTATATTCCT,,0.1882,0.1882,782,581
AATTCATTGCCTGTTT,,0.1436,0.1436,343,334
AATTCCAAAAGAAACA,L428E,0.0000,0.0000,0,3
AATTCCAAAGACTAAC,G360K,1.0000,1.0234,161,22
AATTCCAATGTGAGCT,M292G Q513Y,0.5357,0.5357,226,59
AATTCCACACTACGGG,R328bP,0.0856,0.0856,142,232
AATTCCATGCCATAGG,V285Y,0.1676,0.1676,2280,1902
AATTCCATTGACACCC,I339S H440D,0.0000,0.0000,0,8
AATTCCATTGTTTGTG,F332H,0.2961,0.2961,36,17
AATTCCCAAAGTGCGT,,0.2907,0.2907,873,420
AATTCCCCGACGATAT,N458A,0.0910,0.0910,80,123
AATTCCCGAGTATACA,,0.0928,0.0928,630,949
AATTCCCGCATGATAT,K262aN,0.1062,0.1062,293,386
AATTCCCTACACTCAT,I502C,0.1548,0.1548,31,28
AATTCCCTTATAGAAA,I243Y,0.0000,0.0000,0,7
AATTCCGATGAACTAT,N73L,0.0000,0.0000,0,5
AATTCCGATTTTAGAA,P239H,0.0751,0.0751,362,674
AATTCCGCATCGCTCA,,0.1768,0.1768,4420,3497
AATTCCGCCACACAGG,S311P,nan,nan,0,0
AATTCCGCCCACTAAA,E89P,0.0000,0.0000,0,2
AATTCCGTATCTGCCA,E407S,0.0000,0.0000,0,11
AATTCCGTGAAACCAG,N129I,0.4920,0.4920,489,139
AATTCCTATTACGACG,S133R,0.1597,0.1597,161,141
AATTCCTTCATATCGG,,0.1501,0.1501,1952,1819
AATTCCTTGCTCAGTC,E44C W350L,0.3289,0.3289,2742,1166
AATTCGAAAAAATTGA,P284M,0.0000,0.0000,0,120
AATTCGATCGACCATC,D41G E468W,0.0619,0.0619,252,569
AATTCGGACTTGCGTT,R173D,0.1585,0.1585,5306,4682
AATTCGGTAATTGAAC,K506Y,0.1417,0.1417,1341,1323
AATTCGTAACAAAACA,,0.0325,0.0325,20,86
AATTCGTAAGGAATAG,F148Q,0.8111,0.8111,58,10
AATTCGTGATGCTTTC,D95H G225V,0.0906,0.0906,92,142
AATTCGTGCTCCAATG,Y86H V204C,0.0000,0.0000,0,1
AATTCGTGGAAGGTTG,T422I,1.0000,1.0488,15,2
AATTCGTTTAAAATGC,,0.1962,0.1962,1459,1040
AATTCTAAATATCGAC,W537N,1.0000,3.0766,110,5
AATTCTAACCGGCCCG,,nan,nan,0,0
AATTCTAAGAAGATAC,F148V Q490E,0.0000,0.0000,0,59
AATTCTACGCATACGT,R321T T370Y F469R,nan,nan,0,0
AATTCTCATAAGATAA,T370N F392N,1.0000,1.5383,11,1
AATTCTCCAATGGGGA,C64V Y105C K125aR S146G K157R,0.0000,0.0000,0,4
AATTCTCGCTGTATAT,G100M K372W C546H,0.0000,0.0000,0,12
AATTCTGAAGTATGTA,V5M,0.1231,0.1231,887,1008
AATTCTGCTTGTCTAA,,0.0752,0.0752,79,147
AATTCTTAAGTTGGTT,E-5P Q40*,0.4079,0.4079,35,12
AATTCTTAATTAACAA,R227A,0.1193,0.1193,186,218
AATTCTTCGAATTCTT,S270D,0.1537,0.1537,122,111
AATTGAAAGCGTTCGC,I260N,0.7924,0.7924,17,3
AATTGAAATACCACAG,,0.0269,0.0269,117,608
AATTGAACGTAAAGTA,K498S,0.0832,0.0832,583,980
AATTGAAGACATACGT,L316A,0.0000,0.0000,0,2
AATTGAAGCGGGAATA,S356N L455E,1.0000,1.1887,51,6
AATTGAAGGATATCGA,,0.0990,0.0990,230,325
AATTGAAGTAGCCGCT,E273Y,0.0257,0.0257,29,158
AATTGAATACTAGTCA,N475H,0.3104,0.3104,273,123
AATTGACACCACGAAA,T208G,0.0611,0.0611,38,87
AATTGACACTAGGCAC,S509M,0.0000,0.0000,0,167
AATTGACAGCTCATGT,R329S,0.2282,0.2282,31,19
AATTGACATGGGAAAA,,0.5769,0.5769,33,8
AATTGACCAAGCTCTC,I87Y G504D,0.4195,0.4195,51,17
AATTGACCATGCTTAC,M531I,0.1231,0.1231,1905,2164
AATTGACGAGCAAACA,D441Y,0.1882,0.1882,5828,4331
AATTGACTACATAAGT,,0.0425,0.0425,92,303
AATTGACTTTTCTATT,,0.1657,0.1657,32,27
AATTGAGATAACTATT,S167R R321D S369A F469G,nan,nan,0,0
AATTGAGCGCCAACAG,G465R,0.4195,0.4195,45,15
AATTGAGCTTGTCACT,T511S,0.0876,0.0876,57,91
AATTGAGTAATTAGAA,,0.1882,0.1882,74,55
AATTGAGTACAAGGCG,I29S,nan,nan,0,0
AATTGAGTATCATCCG,T199L,0.1680,0.1680,3231,2690
AATTGATCGTAAATAG,N92F,0.1449,0.1449,1260,1216
AATTGATCGTAGGAAG,N20T,0.0459,0.0459,45,137
AATTGATCTGATCCTA,D175M N379T,0.0451,0.0451,78,242
AATTGATTAAACCGAA,K262aA,0.0580,0.0580,151,364
AATTGCACATCCATTG,N54aY V377C,0.2933,0.2933,86,41
AATTGCACATGTACCC,H110I K372E E407H,0.1971,0.1971,31,22
AATTGCACTAATTTAA,,0.1231,0.1231,376,427
AATTGCACTAGCATGA,,0.1579,0.1579,3604,3191
AATTGCATGGAGGATT,K157A,0.3153,0.3153,1319,585
AATTGCCCACCAAAAA,L61W E461I,0.0000,0.0000,0,12
AATTGCCGGCAGATTC,V444T,0.1691,0.1691,191,158
AATTGCCTTAACACCG,N322T F469N,0.0000,0.0000,0,13
AATTGCGCGGAGGACG,V451W,nan,nan,0,0
AATTGCTACTGCTCAA,G143K L176K,0.0000,0.0000,0,13
AATTGCTATAATATAG,K269R,0.1374,0.1374,2278,2318
AATTGCTGTAAACTAA,R404H,0.0686,0.0686,26,53
AATTGCTTTGAGAAAG,R321W,0.0000,0.0000,0,2
AATTGGAAGTGACCCA,N382V,0.1549,0.1549,113,102
AATTGGAGACCGCTCT,S167F N322T T370E F469L,0.0000,0.0000,0,20
AATTGGATAAAAATAA,R321* F469S,1.0000,1.9928,57,4
AATTGGCCATCACGCA,M478P,nan,nan,0,0
AATTGGCTAATTTTTT,M-6N,0.0000,0.0000,0,13
AATTGGGAAACACCCT,S185F,0.0000,0.0000,0,6
AATTGGGGGAATCAAC,R90H,0.2466,0.2466,67,38
AATTGGGTCTCAATTC,T370L,0.0000,0.0000,0,3
AATTGGTGTTAAAAAC,S442G,0.1205,0.1205,530,615
AATTGGTTAAAAAATT,K50N,0.1141,0.1141,475,582
AATTGTAAAACCGGCA,L2S,0.0647,0.0647,258,558
AATTGTAACAAGCCGA,K125aS C139Y D348R,0.0000,0.0000,0,3
AATTGTAATTGGGCGG,S480K,nan,nan,0,0
AATTGTCACCTACTGC,L122Y,0.1126,0.1126,3482,4324
AATTGTCAGCTTACCA,N33A,0.1510,0.1510,854,791
AATTGTGAAAATTACT,S361F,0.1411,0.1411,336,333
AATTGTGAGACACATT,D419N N433T,0.0000,0.0000,0,14
AATTGTGAGGGATACA,E190R,nan,nan,0,0
AATTGTGTATTTCGAA,N433D,0.0000,0.0000,0,2
AATTGTGTCGATTAGA,S265F,0.0000,0.0000,0,9
AATTGTTCAGCTTGTG,W343F K450E,nan,nan,0,0
AATTGTTCCACTCAGT,N169G,0.1136,0.1136,1827,2250
AATTGTTGCTAAGATT,L314N,0.0000,0.0000,0,9
AATTGTTTTCTAGGTC,L300S,0.0574,0.0574,69,168
AATTTAAAAAACAATC,Q12P,0.0547,0.0547,9,23
AATTTAAAAGCCGGTT,A160Q,0.1316,0.1316,256,272
AATTTAAACACTAAAG,Q391W Q490K,0.1398,0.1398,21,21
AATTTAAACTTACTAG,I87E,0.0000,0.0000,0,5
AATTTAAAGATCGTCT,L133aT T511W,0.1059,0.1059,1548,2045
AATTTAAATTATGAGA,A425W,0.4322,0.4322,170,55
AATTTAAATTTACTGC,C466N,nan,nan,0,0
AATTTAACCACTGAAT,Q344C,0.2030,0.2030,845,582
AATTTAACGTTAACGG,,0.1668,0.1668,4197,3519
AATTTAATAAGAAATG,,0.1601,0.1601,744,650
AATTTAATAAGGCCTA,,0.2173,0.2173,2558,1646
AATTTAATACATTTGT,K157V S383A,0.1636,0.1636,62,53
AATTTAATCAACGTCT,G134M K313R,0.2337,0.2337,117,70
AATTTACACAACAAAC,D438S,0.1801,0.1801,850,660
AATTTACGGAGATCAT,I121R,0.1170,0.1170,1134,1355
AATTTACGTCCCACTG,,0.0000,0.0000,0,4
AATTTACGTTCGTAGT,A242Q E358G C549Q,0.1617,0.1617,400,346
AATTTAGAAATCCTAT,,0.0540,0.0540,34,88
AATTTAGATAACATGA,C52K,0.0000,0.0000,0,7
AATTTAGATACGCAAA,T46R E190D,0.0000,0.0000,0,23
AATTTAGATTATGGTC,,0.0967,0.0967,2472,3575
AATTTAGCGTAGTGCA,,0.1299,0.1299,3837,4131
AATTTATAAATCTCAA,Y17W N129K,0.4867,0.4867,630,181
AATTTATACCACTTTA,R404A,0.1600,0.1600,159,139
AATTTATAGAACAAAT,G360R,0.0000,0.0000,0,1
AATTTATATTATTAAG,V56H S323Y,0.1718,0.1718,1419,1155
AATTTATATTGAATAA,D77W,0.1613,0.1613,564,489
AATTTATATTTTACAA,A257K,nan,nan,0,0
AATTTATCATACCCAC,I-3G,0.1096,0.1096,780,995
AATTTATCATTGACCC,E106S T163Y D175Y,0.3750,0.3750,118,44
AATTTATCCAAAAGGG,,0.1506,0.1506,42,39
AATTTATTAGTTATAA,,0.1472,0.1472,1764,1676
AATTTATTTCAGACGG,F245Y,0.1465,0.1465,1667,1591
AATTTCAAAGCACTCG,A188Y,0.1149,0.1149,2025,2465
AATTTCAAATCACTGG,,0.1228,0.1228,1496,1703
AATTTCAATCAACCTC,,0.2046,0.2046,3880,2652
AATTTCAATTTTGAGT,S167G R321S T370P,0.0000,0.0000,0,7
AATTTCACAGGCAGTA,I115Q S356K,0.0000,0.0000,0,15
AATTTCCAAAATAAAA,E131N,0.2437,0.2437,3508,2013
AATTTCCAGATACTAA,R496V,0.1371,0.1371,1430,1459
AATTTCCTAGTTCATA,I288T,0.2300,0.2300,1041,633
AATTTCCTGATGCAAG,S270N,0.2201,0.2201,170,108
AATTTCCTGTGCACGA,I374K,0.0000,0.0000,0,1
AATTTCGAGCTCCCCG,T163K,0.1003,0.1003,924,1288
AATTTCGCGATTTATC,G16M,1.0000,1.0908,39,5
AATTTCGGACTACTCA,,0.1581,0.1581,1368,1210
AATTTCTAAGTTATTA,A67T Q513R,0.1224,0.1224,28,32
AATTTCTAGTACAGTC,S125bT,0.0826,0.0826,1078,1825
AATTTGAACGCGTTCT,A67T T208P P254W,0.0000,0.0000,0,11
AATTTGAAGAATGAAA,F417E,0.0000,0.0000,0,2
AATTTGAGATCTACAA,,0.1628,0.1628,6804,5843
AATTTGAGCAACAGTA,K32M N33V,0.0000,0.0000,0,20
AATTTGAGCGCTCGAA,,0.0000,0.0000,0,4
AATTTGAGTTAGTAGT,F332D,0.0000,0.0000,0,2
AATTTGATAAACTGGA,F233Q,0.0955,0.0955,84,123
AATTTGATAATTTCGA,L54M,0.1759,0.1759,2009,1597
AATTTGATCAGTACAA,,0.3030,0.3030,26,12
AATTTGGTGAGGCAAA,N210G S361Y,0.0000,0.0000,0,3
AATTTGTAACAAGCTT,E403Q,0.0000,0.0000,0,3
AATTTGTACATAGATC,R435G,0.1317,0.1317,129,137
AATTTGTTCAAGTGCT,G228V S442K,0.1243,0.1243,80,90
AATTTGTTGTATAACC,L300V,1.0000,inf,46,0
AATTTGTTGTATGGTA,R114H,0.0000,0.0000,0,2
AATTTGTTTGAATATT,E189S,0.1375,0.1375,345,351
AATTTTAACAATTATT,L96C,0.1412,0.1412,2660,2634
AATTTTAAGGATTGCC,,0.0000,0.0000,0,4
AATTTTACGGACAATT,M75A,0.1313,0.1313,2193,2336
AATTTTACTTAGCTAC,I15E A521Q,0.0000,0.0000,0,10
AATTTTAGATCCAGTA,E304D I385K,0.1172,0.1172,31,37
AATTTTCATATCAGAT,E107H,0.0000,0.0000,0,6
AATTTTCATTCTCGCA,,0.1240,0.1240,375,423
AATTTTCCTATAAATA,G337L Y518H S519- T520- A521- A522- S523- S524R A526R L527P,0.0000,0.0000,0,14
AATTTTCTACAACTAC,Q282K H295Q,0.0000,0.0000,0,7
AATTTTCTCTTTACAA,,0.0974,0.0974,1058,1519
AATTTTGAACTCAATT,N-4Y,0.1730,0.1730,1476,1193
AATTTTGATCAAAACA,N278C,0.0973,0.0973,451,648
AATTTTGCCTGCAGAA,,0.1337,0.1337,592,619
AATTTTGGCTCAAAAA,L71C,nan,nan,0,0
AATTTTTAAAGCTAAA,G100T,0.0492,0.0492,418,1188
AATTTTTACTGTTTAT,,0.0807,0.0807,492,853
AATTTTTTAGGTATTT,I87E D95Y S361F,0.0000,0.0000,0,10
ACAAAAAAAAAAACGA,A188P N458M,1.0000,1.4684,21,2
ACAAAAAAACACCGGT,W127L L455E,nan,nan,0,0
ACAAAAAAATATCTAG,I13D,0.1282,0.1282,22,24
ACAAAAAAATCATTCG,P299Q,0.1017,0.1017,277,381
ACAAAAAAGAAGTGAA,S265N A532P,nan,nan,0,0
ACAAAAAATAGAAGGA,K57I,0.2708,0.2708,2814,1453
ACAAAAAATTACAGTA,E501M,0.1554,0.1554,450,405
ACAAAAACAACATATT,,0.1697,0.1697,5024,4139
ACAAAAACATCTTTTA,H298S,0.0925,0.0925,440,665
ACAAAAACCCCTTACA,F79R,0.0000,0.0000,0,10
ACAAAAACTACCTATC,N169Q,0.2288,0.2288,337,206
ACAAAAAGCACCAGAT,*551L,0.0549,0.0549,11,28
ACAAAAAGGCTCAAAA,K45E,0.0932,0.0932,687,1031
ACAAAAAGTAGTACAT,V381H,0.0000,0.0000,0,24
ACAAAAAGTGAGACCT,T199F K367R S442G F469L,0.0192,0.0192,7,51
ACAAAAATAGACGATG,,0.1005,0.1005,449,625
ACAAAAATATCAAAAA,C76K,0.0000,0.0000,0,8
ACAAAAATTGAAAAAT,C76M F417R,nan,nan,0,0
ACAAAACAAAAAACTC,P198K I550K,0.0000,0.0000,0,4
ACAAAACAAACAAGGG,A334C,0.2138,0.2138,587,384
ACAAAACAACACTTGA,T199C,0.3486,0.3486,521,209
ACAAAACAACTATAAA,N312V,0.0984,0.0984,1104,1569
ACAAAACACATATTCG,T235A R329P,0.9789,0.9789,35,5
ACAAAACACCAATGAT,A528L,0.1871,0.1871,103,77
ACAAAACAGACCTTTA,R499K,0.1831,0.1831,182,139
ACAAAACATATCACGC,D449V,0.1652,0.1652,2002,1695
ACAAAACCATCACATA,H354W,0.0590,0.0590,171,405
ACAAAACCATTGATAA,I164R,1.0000,1.0411,67,9
ACAAAACCCAACAGAC,C473Y,nan,nan,0,0
ACAAAACGAACAAACA,E461G,0.0000,0.0000,0,10
ACAAAACGAATATCAA,F439I,1.0000,2.6221,75,4
ACAAAACGAATTATGT,Y258E,0.8041,0.8041,138,24
ACAAAACGATGAAACA,,0.0781,0.0781,134,240
ACAAAACGCAGGTATT,A93Q,0.1452,0.1452,3305,3184
ACAAAACGTAACACAT,E89K N169A R321W T370Y F469G C539R,0.0000,0.0000,0,2
ACAAAACTAATACCGA,,nan,nan,0,0
ACAAAACTATGCTCCG,T266S,0.1568,0.1568,426,380
ACAAAACTTGTAACGA,T266L,0.0000,0.0000,0,2
ACAAAAGAACTCTAAT,N278G P284S N443H,0.0000,0.0000,0,4
ACAAAAGACCATATTA,Y201W,0.1171,0.1171,1512,1806
ACAAAAGATCCGAAAG,L176V N458T,0.9323,0.9323,60,9
ACAAAAGATTGCCTAG,E407H,0.1353,0.1353,532,550
ACAAAAGCAACTTAAG,,0.1171,0.1171,1377,1645
ACAAAAGCAGAGGCAG,,0.1002,0.1002,5903,8239
ACAAAAGTCCCCTTTG,E493Q,0.0779,0.0779,73,131
ACAAAAGTCTATTAAG,D104F,0.1572,0.1572,471,419
ACAAAAGTTGGTTTTA,F338S,1.0000,1.9578,14,1
ACAAAATACAATATGG,R456W,0.1424,0.1424,905,889
ACAAAATACACAGTCA,E78G H355Y,0.2778,0.2778,151,76
ACAAAATAGAAAGACC,,0.0932,0.0932,2855,4283
ACAAAATATATCCTAG,Y141I,0.1349,0.1349,3730,3866
ACAAAATATGATAATT,I502A,0.0740,0.0740,9,17
ACAAAATATGCTATAT,,0.1753,0.1753,6847,5462
ACAAAATATTATTTAA,L43F L462Y,0.0000,0.0000,0,2
ACAAAATATTTTGACC,,nan,nan,0,0
ACAAAATCCTGCGTAA,N-4V,0.1499,0.1499,6652,6207
ACAAAATCCTTAGTAT,C477Q,nan,nan,0,0
ACAAAATCTATTCTTT,E246W,0.0168,0.0168,22,183
ACAAAATGAAACTCTT,G504V,0.2245,0.2245,403,251
ACAAAATGAATACGCC,M30P,0.0000,0.0000,0,6
ACAAAATGAGGGAACC,G345C N443I,nan,nan,0,0
ACAAAATGTAAAAATT,,0.0975,0.0975,951,1364
ACAAAATGTAAACAAT,P58W,1.0000,4.4750,32,1
ACAAAATTAAAAATTA,I288A,0.0000,0.0000,0,10
ACAAAATTAGAAACCT,H110I,0.1267,0.1267,318,351
ACAAAATTCCAGTTAG,D11I D241E,0.9230,0.9230,33,5
ACAAAATTCCATCAAT,D441Q,0.1284,0.1284,1177,1282
ACAAACAAAAATTGCG,Q359L,0.1655,0.1655,1089,920
ACAAACAAAGTTCTTA,S185L,0.0829,0.0829,163,275
ACAAACAAATAGTGCG,S167A R321A,0.0880,0.0880,90,143
ACAAACAGGGAGAACA,E255I,0.1134,0.1134,592,730
ACAAACAGGTCAACAG,W234I,0.0000,0.0000,0,1
ACAAACATACTAGGAA,T163D,0.1262,0.1262,6460,7159
ACAAACATGGTGTTGT,E131K N169R R321L T370N F469V,0.0000,0.0000,0,16
ACAAACCCAACTAAAT,Q282L,0.4615,0.4615,33,10
ACAAACCCTAGTGCCT,Q142M,0.1526,0.1526,84,77
ACAAACCCTCTACAAT,K450E,0.9789,0.9789,56,8
ACAAACCGACCGCAAT,Y351F,0.1813,0.1813,35,27
ACAAACCTCGAAAAGC,N250D,0.0968,0.0968,9,13
ACAAACGAAAGCACCA,F251Y Y470D,0.0000,0.0000,0,11
ACAAACGCCACAGCCA,Y351A,0.0000,0.0000,0,4
ACAAACGCTCAGCGGT,N158M,0.2724,0.2724,4654,2389
ACAAACGGTTATTGGT,T200C,0.1358,0.1358,370,381
ACAAACTAATGCATCT,D240W,0.1386,0.1386,1694,1709
ACAAACTAGTGCTCGA,,0.1659,0.1659,612,516
ACAAACTCAACCAAAA,V223A V381E,0.3369,0.3369,53,22
ACAAACTCCTACCAAA,I60Q,0.1344,0.1344,3631,3778
ACAAACTCTAAACAAA,L154F,0.4595,0.4595,115,35
ACAAACTGAAGCACGA,,0.0000,0.0000,0,93
ACAAACTGGCACCAAT,N54aP,0.0000,0.0000,0,10
ACAAACTTAGCCCAAG,E403A,1.0000,1.5103,108,10
ACAAACTTGCACTAGA,E403C,0.9789,0.9789,21,3
ACAAAGAATGATCGCC,V5F,0.1648,0.1648,2172,1843
ACAAAGACCATATTTA,K472D,0.1630,0.1630,3434,2946
ACAAAGACTTTGCGGG,L515M,0.2054,0.2054,1309,891
ACAAAGATATTACCTA,L316H,0.0000,0.0000,0,8
ACAAAGCAATTGTCCT,P82aQ D264A,0.0000,0.0000,0,16
ACAAAGCCAAACCATT,S167V R321P F469Q,0.0000,0.0000,0,10
ACAAAGCCATTAGCCA,,0.0937,0.0937,997,1488
ACAAAGCCTTCCTCAG,Y448N,0.0000,0.0000,0,9
ACAAAGGCAGCGCAAC,D41Q,0.3196,0.3196,128,56
ACAAAGGCGCATTTAA,E479R,0.0840,0.0840,140,233
ACAAAGGCTAAGAATC,C539P,0.0000,0.0000,0,49
ACAAAGGGCTACTTCC,Y105P,0.2436,0.2436,54,31
ACAAAGGGTATTACTC,L54*,0.0000,0.0000,0,1
ACAAAGGTTACTCACA,S22A L462E,0.0000,0.0000,0,10
ACAAAGTAGGCTTAAA,L209M,0.1084,0.1084,689,889
ACAAAGTATTATACGT,,0.1127,0.1127,390,484
ACAAAGTCAAGGAATT,G55R,0.1368,0.1368,2787,2849
ACAAAGTCACGACATT,V56K,0.1972,0.1972,588,417
ACAAAGTCAGGAAGCA,I502R,0.0000,0.0000,0,6
ACAAAGTCCAGGTTAT,L177E,1.0000,1.1315,89,11
ACAAAGTGAGTTACGA,N169S K380T F469A,nan,nan,0,0
ACAAAGTGTCACCCTA,S185V,0.0061,0.0061,166,3822
ACAAAGTTAAAATTAA,,0.1649,0.1649,1681,1426
ACAAATAAAAAACGTA,L447A,0.0000,0.0000,0,11
ACAAATAAAACTAGGG,K506T,0.1597,0.1597,2080,1821
ACAAATAAGGATAAAA,F469G,nan,nan,0,0
ACAAATAATATATTTC,E476Y,0.1065,0.1065,431,566
ACAAATACACAAAGAG,R547I,0.0605,0.0605,99,229
ACAAATACCTTTGATG,S480L,0.1162,0.1162,1417,1706
ACAAATACTGTTATCA,,0.1759,0.1759,1338,1064
ACAAATAGACTTGCTC,T46F,0.1292,0.1292,1021,1105
ACAAATAGTATTGAGA,S136A,0.0808,0.0808,115,199
ACAAATATACCCAGAG,K372M,0.1342,0.1342,48,50
ACAAATATACTTAAGA,N322D K367L,nan,nan,0,0
ACAAATATAGACCCGT,,0.1803,0.1803,49,38
ACAAATATGAATGAAG,G352D,nan,nan,0,0
ACAAATATGACAGGCA,Q12C T206R S356K,0.4195,0.4195,63,21
ACAAATCAGTGTAAAC,T46V,0.0996,0.0996,987,1386
ACAAATCCATGAACCT,M346F,0.0646,0.0646,97,210
ACAAATCCGCATGTAC,,0.1312,0.1312,137,146
ACAAATCCTCACCTTT,V272Q,0.1560,0.1560,8141,7296
ACAAATCGACCCAAGC,F417T,0.0989,0.0989,29,41
ACAAATCGATGACAAC,R173N,0.0665,0.0665,39,82
ACAAATCGGAGCATAT,T200P,0.1963,0.1963,574,409
ACAAATCTACAGATCG,M230T L402Q,0.0000,0.0000,0,9
ACAAATCTATAAAACC,N169T T370V F469V,0.1165,0.1165,10,12
ACAAATCTTGTACGTT,E189G,0.3657,0.3657,2712,1037
ACAAATGCAAAACAAA,,0.1856,0.1856,8187,6170
ACAAATGGAATAATGT,S10G S265K,0.0000,0.0000,0,2
ACAAATGGAGTAATAC,,0.0959,0.0959,1218,1776
ACAAATGGCGGAGAAG,I80K S167Y T370V F469A,0.0000,0.0000,0,3
ACAAATGGCGGGTGTG,L316P I339W,0.0000,0.0000,0,12
ACAAATGGTATGTAAG,G345K M538W,1.0000,2.3773,34,2
ACAAATGTCGATCTGA,S361V T485P,0.9789,0.9789,28,4
ACAAATTAACCTTAAG,G341R,0.0699,0.0699,21,42
ACAAATTATACGTGAT,R328aY,0.0000,0.0000,0,2
ACAAATTATCGCATTA,I166W,0.1157,0.1157,2650,3204
ACAAATTCAACCACCA,S167V Q226W,1.0000,inf,30,0
ACAAATTCAACCGATA,G16P E44P,0.0000,0.0000,0,2
ACAAATTCAATTCACA,M-6R,0.0000,0.0000,0,1
ACAAATTCTCCCGAAT,,0.3636,0.3636,52,20
ACAAATTCTTAGAGAT,A287N,0.0000,0.0000,0,2
ACAAATTCTTGCACCC,N158Q G504D,0.3069,0.3069,1510,688
ACAAATTGATTTGGCG,M431I,0.0000,0.0000,0,10
ACAAATTGCCTCATTC,D11N E24K D27N D53N E89K R90K D95N E119K D159N E190K D231N G337E G349S W350* G352S D386N M388I R397K E398K E434K R435K D438N E461K E468K E479K R482Q D487N W537*,nan,nan,0,0
ACAAATTTAAGTATAC,L71K,nan,nan,0,0
ACAAATTTTATACATA,C539*,0.2345,0.2345,535,319
ACAACAAAAGACTTTC,,0.1437,0.1437,3582,3486
ACAACAAAATTAATAC,D63M,0.5132,0.5132,701,191
ACAACAAAGAATTCGA,I297Q R405K,0.0000,0.0000,0,4
ACAACAAATCCAGTAA,I13M K310N,0.1369,0.1369,610,623
ACAACAACGTAAACAT,E432C,0.3902,0.3902,1825,654
ACAACAATCCTGAATA,C76K,0.0000,0.0000,0,4
ACAACAATCTCAATGA,R328aY,nan,nan,0,0
ACAACACCAAACAAGG,G275I E493H,0.1063,0.1063,206,271
ACAACACCCTGGACAT,N169S D366A F469P,nan,nan,0,0
ACAACACCTCCGATTG,H18F,0.1742,0.1742,6178,4960
ACAACACTCAGGGTGT,T370S,0.0758,0.0758,1590,2933
ACAACAGAAGGAGACC,A91S A287H,nan,nan,0,0
ACAACAGATCCCTAGA,Q391F,0.0000,0.0000,0,1
ACAACAGCCATATTTA,Y141K,0.2187,0.2187,6803,4351
ACAACAGTCAGGACAT,T208G,0.1099,0.1099,4509,5739
ACAACATAAAATACAA,,0.2218,0.2218,582,367
ACAACATAAGGGGACC,I406N,0.0000,0.0000,0,14
ACAACATGCATTAGTA,V-2N R321V K367S T370W,0.0000,0.0000,0,17
ACAACATGTTTAATCC,A19W,0.0000,0.0000,0,16
ACAACCAAAAAAGCTA,Q191G,nan,nan,0,0
ACAACCAAAACCATGA,A394V,0.5244,0.5244,15,4
ACAACCAAAAGTGATA,Y86K V510E,0.0000,0.0000,0,3
ACAACCAAACCCCCTA,,0.2051,0.2051,616,420
ACAACCAACTCCCAGC,L-1S,0.1050,0.1050,1441,1919
ACAACCACAGCAACAA,G362I,0.0078,0.0078,7,126
ACAACCACTCATATAA,H47G,0.0719,0.0719,149,290
ACAACCAGCCGAAAAA,,0.2000,0.2000,2627,1837
ACAACCATGCTTACCA,Y308P,nan,nan,0,0
ACAACCATTTGCAAAG,,0.1799,0.1799,175,136
ACAACCCATATAATAA,S221M,0.0000,0.0000,0,4
ACAACCCATATTAACC,E174W,0.2119,0.2119,341,225
ACAACCCATCTTATTT,L544R,1.0000,1.2306,132,15
ACAACCCATTGACACA,H295S,0.0000,0.0000,0,5
ACAACCCGCGGCCTAC,A91K,0.1027,0.1027,1382,1882
ACAACCCTTCTTCACG,,0.1861,0.1861,970,729
ACAACCTATCTGAACA,,0.0490,0.0490,34,97
ACAACCTCACAAAACC,N-4Q,0.1729,0.1729,2970,2402
ACAACCTCGATGACCT,E398G L453M,0.7148,0.7148,138,27
ACAACCTGTGTCCAAC,K259G N446Y,0.1448,0.1448,58,56
ACAACCTTGTTAATAA,F233R,0.0683,0.0683,2542,5205
ACAACGAAAATAATAT,V272W,0.0000,0.0000,0,4
ACAACGAAACAGTCTG,I15N Y488V,0.1099,0.1099,22,28
ACAACGAACTACATGG,D175M,0.1178,0.1178,123,146
ACAACGAGTAGAAGCC,I80C,0.1803,0.1803,513,398
ACAACGATAATCACAA,I385M E432K,0.0000,0.0000,0,11
ACAACGATAGTCCAGG,K460T,0.0000,0.0000,0,3
ACAACGATGCAAGAAA,T485Q,0.2236,0.2236,953,596
ACAACGCAACAACCAT,V56N F294Y,0.0000,0.0000,0,1
ACAACGCAGAGGCTGC,V204R,0.0000,0.0000,0,34
ACAACGCCCACCAAAT,L112A L437P,0.0000,0.0000,0,10
ACAACGCTAAGCTAGC,K262aR,0.0617,0.0617,624,1415
ACAACGGGGGTAACCT,Q371L,0.4128,0.4128,676,229
ACAACGTATGAACGAT,,0.1121,0.1121,186,232
ACAACGTCACCATAAG,V-2Y R405A,nan,nan,0,0
ACAACGTCTTTGTACG,N21H,0.0000,0.0000,0,1
ACAACTAACTAAATTA,P215L,1.0000,1.2866,46,5
ACAACTACATAGGATA,G49C N169A N357K,0.0000,0.0000,0,8
ACAACTAGAGGTAAAT,I202Q E327G G504F,0.2105,0.2105,137,91
ACAACTATACACAGAA,I4K T206D,nan,nan,0,0
ACAACTATCATTAGGC,,0.0000,0.0000,0,5
ACAACTATGGTCCTAC,A67K,0.1620,0.1620,820,708
ACAACTATTCATTAAG,I202L,nan,nan,0,0
ACAACTCAAATATAAA,T28S Q371K Q513H Y518H,0.0000,0.0000,0,9
ACAACTCAAGCAATAT,N379F,0.1764,0.1764,550,436
ACAACTCCAGAAACAC,L-1S P254T,0.0000,0.0000,0,7
ACAACTCCCTCATAAA,R397M,0.0000,0.0000,0,17
ACAACTCTGTCAACAC,A67E,0.1327,0.1327,2254,2376
ACAACTGCATTTAGAT,L70K,nan,nan,0,0
ACAACTGTTATGTGTG,P140A,0.2347,0.2347,99,59
ACAACTTACATAATTC,H183K,0.0000,0.0000,0,1
ACAACTTACGCAAACA,A334C G341V,0.0000,0.0000,0,18
ACAACTTAGATAAATA,S509G,0.0543,0.0543,459,1182
ACAACTTCTTGACTTG,L108Y,0.0000,0.0000,0,6
ACAACTTGTTGCCTAG,R212K,0.1503,0.1503,32147,29902
ACAACTTTAATATTGT,,0.1597,0.1597,2510,2198
ACAACTTTGACAACTT,,0.2187,0.2187,2426,1551
ACAAGAAAAATGACGC,P215Y R452W,0.0000,0.0000,0,3
ACAAGAAAACACTTGT,T279V,0.1320,0.1320,1826,1935
ACAAGAAAATCTTCAA,E24D A137V,0.0182,0.0182,101,774
ACAAGAAATTACTTCA,W234D,0.0000,0.0000,0,2
ACAAGAACACAATTCA,,0.0728,0.0728,50,96
ACAAGAACTCACACAA,I29L,0.0749,0.0749,143,267
ACAAGAACTGATTAGA,L209E,0.2304,0.2304,1109,673
ACAAGAAGAATCAGGT,S167I T370H,0.6468,0.6468,37,8
ACAAGAAGAGATAGCC,H117N,0.1134,0.1134,724,893
ACAAGAAGAGATCCCT,,0.1270,0.1270,556,612
ACAAGAAGCGTCACTA,N169S N322G T370H F469D,nan,nan,0,0
ACAAGAAGGAAATTAA,Y448M,0.0000,0.0000,0,1
ACAAGAATCAATTATT,R321T,1.0000,inf,52,0
ACAAGAATGTCACATA,E327S F417N,1.0000,1.0069,36,5
ACAAGACAAGCAACGG,,nan,nan,0,0
ACAAGACTAAACAAAC,,0.1699,0.1699,113,93
ACAAGACTAATCTTAC,L154K,0.0000,0.0000,0,2
ACAAGACTTCATATTC,L316V,0.0942,0.0942,1413,2098
ACAAGAGCCAAGAGCC,,0.0663,0.0663,219,462
ACAAGATCATCTTTAC,Y488C Y491C I550V,0.0000,0.0000,0,3
ACAAGATGAACAACCA,E393M,0.1220,0.1220,191,219
ACAAGATGAACTTAAA,P145T,0.2260,0.2260,1443,893
ACAAGATGAGTAACGG,P58W,nan,nan,0,0
ACAAGATGATAATCGT,,0.2215,0.2215,1476,932
ACAAGATTATTTACGA,I182A,0.0400,0.0400,12,42
ACAAGATTCACATCGT,,0.1247,0.1247,2974,3335
ACAAGATTTTTAAGAA,L7T,0.1698,0.1698,3611,2974
ACAAGCAAACAAAGTT,G376I,1.0000,1.0189,102,14
ACAAGCAGGTTGGTCC,E31A F467V,0.0000,0.0000,0,5
ACAAGCAGTACGTACT,,0.1312,0.1312,1059,1129
ACAAGCCAAGCAGACC,D27A,0.0984,0.0984,38,54
ACAAGCCCTAACCTGG,N94V,0.0988,0.0988,2920,4134
ACAAGCGATATAACGT,,0.0874,0.0874,272,435
ACAAGCTCTATTAAAA,R173D,0.1342,0.1342,48,50
ACAAGCTTACGTCCCA,L462H,0.1668,0.1668,3145,2637
ACAAGCTTAGTTGAAG,P215K G345I,0.0000,0.0000,0,23
ACAAGCTTTACCTTAA,I-3W T511W,0.1237,0.1237,4913,5554
ACAAGGACCTTCTCAC,,0.1402,0.1402,1774,1769
ACAAGGATATCTACTA,Q211K Y470T,0.0000,0.0000,0,1
ACAAGGCAATCATAGA,I15Q L453M,0.0000,0.0000,0,4
ACAAGGCCTCGGAACC,L71Q,0.0000,0.0000,0,6
ACAAGGCCTGATGTGT,D104M,0.1753,0.1753,6513,5197
ACAAGGGAACCTGTAG,Y512K,0.3729,0.3729,32,12
ACAAGGGACCTCATTA,N248D,0.1595,0.1595,7798,6837
ACAAGGTATTAGATCA,L54R,1.0000,inf,55,0
ACAAGGTCAATCACAT,S203F,0.0377,0.0377,781,2898
ACAAGGTTTCGAGTAC,F79L T422Y,1.0000,1.3518,29,3
ACAAGTAATAAAACAG,,0.1232,0.1232,369,419
ACAAGTACCATAAATC,D231N,0.1257,0.1257,62,69
ACAAGTACCTGAGAGA,T46Q N116V,0.0564,0.0564,191,474
ACAAGTAGATCTCCAA,G205L,1.0000,1.1569,91,11
ACAAGTAGATTAACAA,N197V,0.0785,0.0785,1237,2203
ACAAGTAGCACACACA,V82S,0.1547,0.1547,7930,7167
ACAAGTAGCATTCAAT,G345S,0.1200,0.1200,483,563
ACAAGTCATAGAGAAA,W343C,0.0000,0.0000,0,9
ACAAGTCGTCTGTCCT,G68F R496K,0.9439,0.9439,27,4
ACAAGTCTTCAAAGAT,,0.1127,0.1127,1305,1619
ACAAGTGACCATTCAT,,0.1618,0.1618,1141,986
ACAAGTGACTCAGAAT,G484C,0.1058,0.1058,2301,3041
ACAAGTGCAGACATTG,T206D,0.0946,0.0946,1142,1688
ACAAGTGCATAAGCCG,M111C E255P,0.0000,0.0000,0,6
ACAAGTGGAATTTAAA,V135H M431T,0.1865,0.1865,32,24
ACAAGTTAATGAACTT,A3V K387P,0.0000,0.0000,0,1
ACAAGTTCCGCATGCT,L331F,0.3066,0.3066,228,104
ACAAGTTGTTCTATCA,,0.0758,0.0758,64,118
ACAAGTTTTTTCAGCT,F245P,0.0000,0.0000,0,1
ACAATAAAACCTTACA,*551T,0.3238,0.3238,176,76
ACAATAAACAAAAAAT,G465E,nan,nan,0,0
ACAATAAAGAGCCCAT,M268H,0.0000,0.0000,0,4
ACAATAAAGCGGAAAC,G68N S311N,0.2098,0.2098,27,18
ACAATAAGAAATAATC,,0.1391,0.1391,1177,1183
ACAATAATACAAAAGT,I123G G376H,nan,nan,0,0
ACAATAATCTATTGTT,,nan,nan,0,0
ACAATAATCTCCGGGA,K9P,nan,nan,0,0
ACAATACAAAACTAAA,P324S R496H,0.2039,0.2039,7486,5133
ACAATACAACCATGCC,E432T,0.0854,0.0854,284,465
ACAATACACACTAGCC,E106V T370N R435K F469I,0.0000,0.0000,0,2
ACAATACACCTGCTCC,S125bG,0.1585,0.1585,119,105
ACAATACATACGCAGG,N278P T511S,0.4841,0.4841,45,13
ACAATACCCGTAACGA,D77C W421* M431I Q545I,0.0000,0.0000,0,1
ACAATACCGACAGATT,I339Q,0.0000,0.0000,0,5
ACAATACGCTAGCTTA,,0.1768,0.1768,3141,2484
ACAATACTATCCATAA,S125bW,nan,nan,0,0
ACAATACTGCTTTACC,D95M A364C,0.3402,0.3402,163,67
ACAATAGGACCTTGCA,A364E Y518I,0.0000,0.0000,0,36
ACAATAGGTGATTACT,T35Q L515V,0.0000,0.0000,0,1
ACAATAGTATCGTAAA,T279V S509W,0.1961,0.1961,122,87
ACAATAGTCAAACAGT,,0.2079,0.2079,718,483
ACAATATAAAACTATG,K156P,0.2709,0.2709,310,160
ACAATATAAGTGGAAA,S265W,0.0000,0.0000,0,8
ACAATATACTAAAGGC,Q371V,0.1126,0.1126,124,154
ACAATATCACTAACGT,,0.3260,0.3260,732,314
ACAATATGCATTGAGC,K506N,0.1152,0.1152,164,199
ACAATATTAGACCGCA,E44K A528W,1.0000,3.9156,28,1
ACAATATTCCCAGCTC,G181K T370E F469A,nan,nan,0,0
ACAATATTGAAATCCA,F338W,0.1280,0.1280,669,731
ACAATCAAAAATAACA,L108N K411E,nan,nan,0,0
ACAATCAAGGAAGACA,N400M,0.1873,0.1873,75,56
ACAATCACAAGCTGCC,,0.1355,0.1355,6028,6222
ACAATCACTCAGATAG,Y423L,1.0000,1.4684,21,2
ACAATCAGCCGTTCAA,F332L,0.1848,0.1848,152,115
ACAATCAGTTAAAGAT,I243L G345S,0.0256,0.0256,33,180
ACAATCCAAAATAATA,K120M,0.0000,0.0000,0,7
ACAATCCAAAATAGCC,S503W,0.1227,0.1227,452,515
ACAATCCAAATAAACC,I178A,0.0000,0.0000,0,9
ACAATCCTGGGAGTGT,P162W,0.0000,0.0000,0,8
ACAATCGACAATTATG,H440E,0.0000,0.0000,0,16
ACAATCTGTAATGCAC,D240N,0.1513,0.1513,2191,2025
ACAATGAAGCGGGGTC,L177C,0.0744,0.0744,484,910
ACAATGACAACAAAAA,L122I,0.1084,0.1084,6062,7820
ACAATGACGGATCCAA,A334T,0.0000,0.0000,0,5
ACAATGAGAACGAAAC,D175Q,0.1788,0.1788,766,599
ACAATGAGCCGATCAA,H295W,1.0000,inf,20,0
ACAATGAGCGCATCAA,,0.1113,0.1113,2339,2940
ACAATGATGGTTTAAG,,0.1186,0.1186,1989,2345
ACAATGATTGTGTCAA,D375F A425N,0.0000,0.0000,0,1
ACAATGCAACGGCTTT,,0.1813,0.1813,1742,1344
ACAATGCCAACGCCAA,,0.1066,0.1066,449,589
ACAATGCGGTGACAAG,Y98P,0.0000,0.0000,0,2
ACAATGGAGTTGATAC,V34D,0.0000,0.0000,0,8
ACAATGGCAGATCAAA,N169H T370F F469R,0.0000,0.0000,0,15
ACAATGGGCAAATGAG,S167L K367L,0.0000,0.0000,0,47
ACAATGGTAGATCAGC,G100R K262aG,0.0000,0.0000,0,1
ACAATGTAACCTCCGT,L430T,nan,nan,0,0
ACAATGTAGCTCGGCA,A317T,0.1805,0.1805,71,55
ACAATGTATCCTAATC,,0.0280,0.0280,12,60
ACAATGTCGTCTCAAA,L314P,0.1149,0.1149,23,28
ACAATGTCTGCCATTA,,0.0361,0.0361,33,128
ACAATTAAATATATTA,I339S H440D,0.2797,0.2797,26,13
ACAATTAACCTTGCGA,,0.1709,0.1709,99,81
ACAATTAAGATGTTAG,N224D,0.0863,0.0863,169,274
ACAATTAAGGATTTCC,V261I,0.0708,0.0708,457,903
ACAATTAAGGCTGACC,L437R,nan,nan,0,0
ACAATTAATCATCGAG,L2K,0.0000,0.0000,0,10
ACAATTACGAGTTCGT,L237I,0.1544,0.1544,7656,6935
ACAATTACGCTGCAGT,R404C,0.1589,0.1589,208,183
ACAATTACTTAAATTA,H440T S535I,0.0000,0.0000,0,2
ACAATTAGAGAGCATC,A67K D487Y,0.1085,0.1085,1349,1738
ACAATTAGATGTATAT,I288N A526H,0.0000,0.0000,0,26
ACAATTAGTATAAAGG,N48C,0.0000,0.0000,0,17
ACAATTCAAAAACATA,L316R,0.0000,0.0000,0,3
ACAATTCAAACATGGT,R149G,0.1247,0.1247,330,370
ACAATTCAGCAAAAAT,,0.1179,0.1179,516,612
ACAATTCCCAAATCTT,T219K,0.0686,0.0686,26,53
ACAATTCGCCCCCCTG,A91Q E468D,0.2431,0.2431,730,420
ACAATTCGCTCGTGAG,,1.0000,inf,64,0
ACAATTCGTATAAGCA,C139G,0.1725,0.1725,37,30
ACAATTCTAAAACGCT,S167Y R321N S369V,nan,nan,0,0
ACAATTCTATAATTGT,T283F,0.0000,0.0000,0,5
ACAATTCTCTACGGCA,S361W,0.0701,0.0701,369,736
ACAATTCTCTAGAATA,A257M A495K,1.0000,1.7181,86,7
ACAATTGGATAAACGG,M478P,nan,nan,0,0
ACAATTTAAAACCCAA,G100Q,nan,nan,0,0
ACAATTTCTAACAAAC,,0.1465,0.1465,953,910
ACAATTTGATGAGAAA,V204G W350M,0.3196,0.3196,16,7
ACAATTTGCCTAAGAC,T235E,0.1125,0.1125,641,797
ACACAAAAAAGGGACA,V-2K Q191I,0.0000,0.0000,0,1
ACACAAAAACACAAAC,Y17Q,0.1484,0.1484,503,474
ACACAAAACAACTTTC,L194D I385V,0.0000,0.0000,0,66
ACACAAAAGTCAACAA,P128T E508G,0.1097,0.1097,255,325
ACACAAAAGTTGATTT,,0.1585,0.1585,17,15
ACACAAAATGAACCAT,L61H A365H,0.0000,0.0000,0,7
ACACAAAGAAAAAATG,V56G,0.0000,0.0000,0,40
ACACAAAGTAACTAAG,P99L,0.0000,0.0000,0,7
ACACAAATAGAATTAG,A495Y,0.0000,0.0000,0,39
ACACAACAAAAACTAC,P82aC,0.4246,0.4246,586,193
ACACAACAATGCTGTG,E414N,0.1399,0.1399,4739,4736
ACACAACAGGACATAC,,0.1703,0.1703,3378,2774
ACACAACATACCAACA,,0.0847,0.0847,181,299
ACACAACCCACCCAGA,I124G,0.1002,0.1002,473,660
ACACAACTCGTCCCAA,M531P,0.2797,0.2797,164,82
ACACAAGAAATCCGCT,V347A N357K,0.0000,0.0000,0,10
ACACAAGAACAATTCA,H355I,0.0000,0.0000,0,62
ACACAAGACAAAAAAG,A138R E461Y,0.1338,0.1338,44,46
ACACAAGAGACAAGTA,F148G,0.6153,0.6153,22,5
ACACAAGATGCCGTTG,V347Y,0.1037,0.1037,201,271
ACACAAGCCCACCATT,,nan,nan,0,0
ACACAAGCCGTAAACC,R496S,0.1213,0.1213,1870,2156
ACACAATACAAGCCGC,F233E,0.0626,0.0626,85,190
ACACAATCAAAAGTAC,E119Q S125bI T200I,0.0000,0.0000,0,22
ACACAATCCAGACATA,T35W,0.1911,0.1911,5588,4089
ACACAATCGATTTTGT,E494V,0.0987,0.0987,12,17
ACACAATCTTCGCGCG,G416P,0.0000,0.0000,0,1
ACACACAAAAGAATCA,E131F,0.3183,0.3183,6484,2849
ACACACAAACTGTAAA,,0.1251,0.1251,17,19
ACACACAGCCACCAAA,G504V,0.1015,0.1015,1845,2541
ACACACATAATCATTG,S6Q M531G,0.0402,0.0402,29,101
ACACACATGATCATTG,S6Q M531G,0.1294,0.1294,248,268
ACACACCGATCCATCC,V135K,0.1638,0.1638,2408,2056
ACACACCTGAACGCAA,N21V,1.0000,1.8180,26,2
ACACACGACACAGTGC,H130L,0.1676,0.1676,749,625
ACACACGATAAAAAGT,,0.2675,0.2675,264,138
ACACACTAGAACTAAA,V481I,0.0666,0.0666,91,191
ACACACTATGAAGGGA,R173F,0.1044,0.1044,2440,3269
ACACACTCACAAGCAT,L51K L534P *551R,0.0000,0.0000,0,9
ACACACTCATAATGAA,R227E,0.0386,0.0386,32,116
ACACACTTGTGATTGA,L314M T370F F469R,nan,nan,0,0
ACACAGAACGTTTAGT,,0.1320,0.1320,7368,7805
ACACAGAATGCATAAC,N389T,0.1240,0.1240,1138,1283
ACACAGACCCCCCTAT,T35E R321L,0.0000,0.0000,0,6
ACACAGACTATCACCA,I267T,0.0000,0.0000,0,25
ACACAGATTGACTACT,D415R,0.2210,0.2210,128,81
ACACAGCACTTTGATA,K445T,0.0000,0.0000,0,18
ACACAGCATGATAAAC,,0.1211,0.1211,2070,2391
ACACAGCGACAATGCT,,0.0849,0.0849,88,145
ACACAGGAGATGTGGA,A3G Q545W,0.0000,0.0000,0,17
ACACAGTTTTTATACG,P58S A242N,0.0000,0.0000,0,29
ACACATAACGCGCTAC,G49D P128R F332E,1.0000,2.1536,77,5
ACACATAATTCCTCCC,,0.1275,0.1275,433,475
ACACATACACAATTAA,,0.2512,0.2512,722,402
ACACATAGTTTTACTC,K450G,0.0743,0.0743,914,1721
ACACATATACCTGGCA,H295M,0.0733,0.0733,108,206
ACACATCCTAGCCCAC,G16Q S524L,0.2991,0.2991,77,36
ACACATGATGATAATA,N169L R321A T370P,0.0000,0.0000,0,3
ACACATGTCTGTAGAA,A334Y A425T,nan,nan,0,0
ACACATGTGGCACACA,L43R N116T,0.0000,0.0000,0,3
ACACATTATGATTACA,V88G,0.0000,0.0000,0,1
ACACATTCTTTAAATG,Q490P,0.0945,0.0945,50,74
ACACATTTACATTACT,V505Q,0.1678,0.1678,210,175
ACACCAAACGGCTAAT,G181S I288V M478I,0.0000,0.0000,0,2
ACACCAATAGACAATG,L527R,nan,nan,0,0
ACACCACACTAAACGG,T23R,0.1003,0.1003,588,820
ACACCACATTTGACGA,,0.0000,0.0000,0,1
ACACCACCAACGGAGC,,0.1432,0.1432,384,375
ACACCACCAATAAACC,K9L G286Y,nan,nan,0,0
ACACCACGAAGCTCCT,R114M,0.2457,0.2457,397,226
ACACCACTGGAGTGAA,N446E,0.1170,0.1170,419,501
ACACCACTTACCTAGG,S203P,0.0000,0.0000,0,9
ACACCACTTATCAAAA,,0.1605,0.1605,2027,1766
ACACCAGAACGAATTC,T266A,0.0880,0.0880,761,1210
ACACCAGACTTATAAA,I529E,0.0000,0.0000,0,2
ACACCAGATACCTGAA,L300Y,0.1258,0.1258,986,1096
ACACCAGGGCTGGAAC,K45G H298Q,0.0000,0.0000,0,2
ACACCAGTAAACGTCA,D449P,1.0000,3.7292,80,3
ACACCATAAAATCCTA,Y141K,0.1649,0.1649,606,514
ACACCATACTGCTGTA,G337E S361P C473A L534P,0.0000,0.0000,0,5
ACACCATATGAACCCA,N33M C277P,0.1614,0.1614,30,26
ACACCATCAAAAAACA,F232R,0.0000,0.0000,0,16
ACACCATCGATAACAT,G134K F294K,0.0000,0.0000,0,4
ACACCATTCCTTAAGC,T171W,0.2345,0.2345,8900,5307
ACACCATTCGTTTACT,A373C,0.0000,0.0000,0,14
ACACCCAAAAACTTTA,K125aN,0.1549,0.1549,175,158
ACACCCACGTTGTATA,,0.2114,0.2114,133,88
ACACCCATACTGGTAG,I297D,0.5238,0.5238,206,55
ACACCCCACAGCAAAA,C477T R547H,0.0000,0.0000,0,1
ACACCCCGGAACCTAT,K165P,0.0000,0.0000,0,1
ACACCCCGTATCCGTT,R227C R328aW,0.1818,0.1818,39,30
ACACCCTAATACTCCG,I288F,0.1025,0.1025,1519,2073
ACACCCTACCGATGTT,S480Y,0.1435,0.1435,739,720
ACACCCTAGGGACACG,E493T,0.0809,0.0809,628,1085
ACACCGAAAAAAAAAT,F245D,1.0000,3.4961,50,2
ACACCGAAAAGGCCTT,C477A,0.0000,0.0000,0,15
ACACCGAACCTACAGA,I374D,0.4595,0.4595,46,14
ACACCGAAGTAAAAAA,,0.0270,0.0270,76,393
ACACCGAGAGACTATA,K165Q,0.0803,0.0803,1586,2762
ACACCGATGAACGCGC,T318V,0.1389,0.1389,4905,4938
ACACCGCCAGTTTCGA,R404C E508K S535R,0.0000,0.0000,0,3
ACACCGCCGAGATGGG,I123M P125W,0.7552,0.7552,108,20
ACACCGCGCGATACTA,A242F,0.0339,0.0339,47,194
ACACCGGCAGCCCATG,I115P,nan,nan,0,0
ACACCGGCTACGTGGG,R452N C549F,0.0000,0.0000,0,12
ACACCGGGATTAAAGT,D487E,0.0923,0.0923,501,759
ACACCGGGTTGCATAC,F417A,nan,nan,0,0
ACACCGTAAGAAATTA,R452V,0.2675,0.2675,153,80
ACACCGTACCTCTAAC,A19C N464A,0.0000,0.0000,0,7
ACACCGTCAATGGAAC,L428I G463Y,nan,nan,0,0
ACACCGTCACTTCCTA,P58A C466D,nan,nan,0,0
ACACCTAAAACTAATT,,1.0000,1.6781,72,6
ACACCTAATACCTCAG,V272Y,0.0724,0.0724,1298,2508
ACACCTAATCCCCGTT,S291Q,0.2182,0.2182,2590,1660
ACACCTAATGAAAGAT,,0.1398,0.1398,3,3
ACACCTACCAAAAATC,G143R Y258V H355V,0.6265,0.6265,112,25
ACACCTAGGATAGTAC,N475F,0.1770,0.1770,224,177
ACACCTAGTACAGATC,K445T,nan,nan,0,0
ACACCTCAGGACGTAA,R173H,0.2237,0.2237,208,130
ACACCTCATTTTAAGA,I42A,nan,nan,0,0
ACACCTCCATTAGAAT,C64Y Q344A,nan,nan,0,0
ACACCTCGGAAAGGCC,Q25V D441S,0.1424,0.1424,1300,1277
ACACCTCGGTCATTGA,K157S,0.1420,0.1420,65,64
ACACCTCTACAGACTA,M30T,0.1313,0.1313,230,245
ACACCTGGACTAGCGG,G330T,0.5444,0.5444,109,28
ACACCTGTAAGAACCT,V285P,0.0000,0.0000,0,6
ACACCTGTTAGATCTA,,0.1637,0.1637,1436,1227
ACACCTTAGTGAATAC,,0.1318,0.1318,444,471
ACACCTTGAGCCCCTT,G319H,0.2890,0.2890,31,15
ACACCTTGCGGAGTGG,T23I L209E,0.0000,0.0000,0,2
ACACCTTTAAACAGCG,T390I,0.1802,0.1802,1786,1386
ACACCTTTTCGCCAGG,R321* T370P F469Y,0.0000,0.0000,0,2
ACACGAAAAATTGTTT,T279D,nan,nan,0,0
ACACGAAAATAGTGAA,R114N,nan,nan,0,0
ACACGAAAGCCACATT,L430M,0.0000,0.0000,0,9
ACACGAACAATTGGAC,N169G R321V T370K F469S,1.0000,1.5383,121,11
ACACGAACCTAAAAAA,Q191E K216L A287S,0.6992,0.6992,20,4
ACACGAACTCTAAATC,,0.1748,0.1748,315,252
ACACGAAGCTAAAAAA,N464Q,0.1803,0.1803,953,739
ACACGAAGTCCAAAAT,R173W G376D,0.0000,0.0000,0,11
ACACGACAACTAAAGG,,0.1494,0.1494,863,808
ACACGACATCATGTCC,E358G,0.0000,0.0000,0,11
ACACGACCCTAATAAC,G143C,0.0647,0.0647,25,54
ACACGACCGACGTGCC,K9I Y168H F399G,0.0000,0.0000,0,2
ACACGACGTCTACCTG,,0.0774,0.0774,306,553
ACACGATTACGTTAGG,G319D G465P,1.0000,1.9228,55,4
ACACGCAACGTCCCAC,G337W,0.0000,0.0000,0,5
ACACGCACACACTAAA,,0.1189,0.1189,966,1136
ACACGCAGGATATCTT,K125aH,0.1756,0.1756,5273,4200
ACACGCCAATGATGGC,E174Q L544S,0.3834,0.3834,170,62
ACACGCCAGACCCTAT,P140Q,0.1375,0.1375,1772,1802
ACACGCCATTTTTTAG,I374N,0.1522,0.1522,1409,1295
ACACGCCTAATAGCTA,P324S,0.1465,0.1465,309,295
ACACGCCTACCCCTAA,V56C,0.1234,0.1234,2803,3177
ACACGCCTATAGATCA,N443M,0.1367,0.1367,3624,3706
ACACGCGAGCTTTAGA,I124S,0.1913,0.1913,145,106
ACACGCGCACAGCTCA,,0.1826,0.1826,645,494
ACACGCGGAGATTAAC,F439A,0.9789,0.9789,14,2
ACACGCGTCCAAATCT,F469T,0.0000,0.0000,0,6
ACACGCGTGTTATAAG,S356N,0.1210,0.1210,2535,2929
ACACGGAATACCCTAA,N116R,0.1400,0.1400,1994,1992
ACACGGACATATAATG,G225T,0.1706,0.1706,521,427
ACACGGACCCGGATGA,P99K,0.0000,0.0000,0,9
ACACGGATACCTGACT,T28P T390I,0.0000,0.0000,0,4
ACACGGCACAGTCGCA,K109T,0.0589,0.0589,24,57
ACACGGCCAAGTGAAT,N379K,0.2161,0.2161,51,33
ACACGGGAAATAAAAA,,0.1244,0.1244,3095,3480
ACACGGGGATCGAGAC,P82aS,0.4545,0.4545,65,20
ACACGGTAGCACTCAA,Y423P,1.0000,1.5891,125,11
ACACGGTGCGTGCTGA,T301S,0.0575,0.0575,340,827
ACACGTAAACTGCTCG,K45E,0.0921,0.0921,488,741
ACACGTAAATGAAATT,T266S,0.0000,0.0000,0,117
ACACGTATGATTACCA,,0.3531,0.3531,250,99
ACACGTATGCACGATA,,0.1550,0.1550,3248,2930
ACACGTCACACTTACA,F232R,0.0000,0.0000,0,4
ACACGTCCAACGCACG,S270A,0.1205,0.1205,1316,1527
ACACGTCGGAAAAAAA,E340K Y470N,nan,nan,0,0
ACACGTCTACCAAATT,R321V T370S,0.0000,0.0000,0,17
ACACGTGCACAGCTCG,S383C,0.2464,0.2464,3646,2069
ACACGTTCCAATCCAA,F148A C549Y,0.2010,0.2010,23,16
ACACGTTCCACCCCAC,L447M,0.1508,0.1508,1207,1119
ACACGTTTCCTATGCT,,0.1420,0.1420,850,837
ACACGTTTGTTTTAAG,L1I,0.1365,0.1365,6198,6348
ACACTAAAAAACTTTT,,0.1544,0.1544,371,336
ACACTAAAACAGCGCC,,0.2172,0.2172,160,103
ACACTAACGGTTTAGC,L51F K262G,0.3442,0.3442,64,26
ACACTAACTTTGTTCA,V151Y,0.1665,0.1665,2857,2399
ACACTAAGCATAATTT,D487T,0.1255,0.1255,737,821
ACACTAAGTCTGCAAC,P140R,0.1284,0.1284,719,783
ACACTAATGCCATTTA,L59R V377I,0.1313,0.1313,709,755
ACACTACAGGACGAAC,L-1I K269D,nan,nan,0,0
ACACTACCAACTCATA,N458P,nan,nan,0,0
ACACTACTTAAAATTG,A218L,0.1226,0.1226,1666,1901
ACACTAGAGACCCAGA,T422H,0.5866,0.5866,323,77
ACACTAGCTAAAGCTT,P99A S543Y,0.3315,0.3315,64,27
ACACTAGGCCTATAGA,L133aF,nan,nan,0,0
ACACTAGGGTGAGGGC,L237G,nan,nan,0,0
ACACTAGTAACTTGCC,P140T,0.1823,0.1823,2692,2065
ACACTATCTAGCGCTT,,0.0000,0.0000,0,11
ACACTATGAATCTGAT,C52I N150A,0.0000,0.0000,0,11
ACACTATTAAGGGAGC,G465C,0.0000,0.0000,0,19
ACACTATTAGTGGAGC,F332D D449T,nan,nan,0,0
ACACTCAACGACCCGT,N116E A334D M431D,0.6992,0.6992,50,10
ACACTCATTGCCCCGA,K380E,0.0000,0.0000,0,31
ACACTCCTCCCAAATT,D240Y,0.0688,0.0688,119,242
ACACTCCTTGGACAGA,I178G,1.0000,1.1887,51,6
ACACTCGAAATGAACT,Q142P,0.1343,0.1343,2113,2200
ACACTCGTGAGTGTTC,Q226* G337E P489L,0.0000,0.0000,0,2
ACACTCTACCACCCCC,,0.0932,0.0932,416,624
ACACTCTATATCCAGG,E44N,0.0000,0.0000,0,3
ACACTCTCAATGTGTA,T279V W350M,0.0000,0.0000,0,10
ACACTCTCATCCAGTT,V204A,0.1063,0.1063,1570,2066
ACACTCTGACGGACCT,N400V,0.1086,0.1086,87,112
ACACTCTTTATCTATT,T208I,0.2342,0.2342,566,338
ACACTGAAAATGAGAA,S480G,0.0691,0.0691,657,1329
ACACTGAAATGAAACA,M268A,0.0000,0.0000,0,14
ACACTGAATTCAGAAA,,0.0000,0.0000,0,8
ACACTGACAGCAAAAC,M30S,0.0699,0.0699,8,16
ACACTGACCGAGTAAC,P306K,0.0000,0.0000,0,5
ACACTGATAGAAGGTC,P82aL G286T,0.0000,0.0000,0,10
ACACTGATTATCATAC,I384S,0.0000,0.0000,0,13
ACACTGCAATGTTAGG,L209C,0.0594,0.0594,155,365
ACACTGGAATACGTAC,F245I,0.0900,0.0900,5735,8913
ACACTGTAAACGGCAG,S265P,0.0000,0.0000,0,1
ACACTGTCAGTGAAAA,,1.0000,2.5172,18,1
ACACTGTCTGTCCGTA,R456E,0.0781,0.0781,444,795
ACACTGTGTTATCACC,V261E,0.1844,0.1844,894,678
ACACTGTTAATAAAAT,E304S,0.0811,0.0811,80,138
ACACTGTTTAACAGAT,G396P,0.0000,0.0000,0,3
ACACTTAACACCAGTG,A373Y,0.0000,0.0000,0,1
ACACTTAACCCTAATT,R212C,0.1114,0.1114,357,448
ACACTTAGGATTTTAC,I-3M M230V,0.1070,0.1070,1609,2103
ACACTTATAACTAACA,N169P,0.0000,0.0000,0,7
ACACTTATGGGCGGAG,A39G,0.0877,0.0877,101,161
ACACTTCTATTGAATA,,0.1657,0.1657,13039,11007
ACACTTGATAAGATAT,E-5G,0.1033,0.1033,184,249
ACACTTTATGTAAGAA,M111D D441Y,0.1627,0.1627,57,49
ACAGAAAACAAAGCGC,T132G,0.0743,0.0743,1208,2274
ACAGAAAACGACTAGC,T436Y,nan,nan,0,0
ACAGAAAAGTTGTAAA,P299M,nan,nan,0,0
ACAGAAAATTAGGAGT,L7Q K196W,0.1367,0.1367,392,401
ACAGAAAGTAATACCG,D419M,0.1143,0.1143,947,1159
ACAGAAATATCAGTAC,N20S L179Q D241T,0.0000,0.0000,0,2
ACAGAAATTCGCTTGT,E174D K328H,0.0788,0.0788,129,229
ACAGAAATTGTAGCAC,S167W N322V D366A T370R F469V,0.0000,0.0000,0,1
ACAGAACACGGCTTAA,F148N,0.2081,0.2081,3043,2045
ACAGAACCGTACGAAT,M388E,0.0000,0.0000,0,6
ACAGAACTTGGAGAGC,Y470R,0.0827,0.0827,337,570
ACAGAAGGTCATGAAA,L154P,0.1760,0.1760,7454,5924
ACAGAAGTCTAAATCA,L122P,0.0842,0.0842,162,269
ACAGAATAAGATCTAA,F251N,0.0000,0.0000,0,3
ACAGAATACTCTTTAG,E393Q,0.0659,0.0659,170,361
ACAGAATGACAAACCG,E434D,nan,nan,0,0
ACAGAATGGCCCGCTC,,0.1425,0.1425,3438,3374
ACAGACAATAAGGCGG,G72D,0.0000,0.0000,0,46
ACAGACAGAACCATAA,M30A,0.0000,0.0000,0,5
ACAGACAGTTGTTCAC,E44R P306L,0.0000,0.0000,0,1
ACAGACATATGAATTT,V8H,0.0000,0.0000,0,9
ACAGACCATATAATTA,E508Y,nan,nan,0,0
ACAGACCTTATTGGAT,S85M L427W,0.0000,0.0000,0,4
ACAGACGGGGATCTCT,,0.1710,0.1710,10031,8203
ACAGACTCTAGCGAGC,,0.0906,0.0906,193,298
ACAGACTGAACAATAA,D375H,0.1520,0.1520,50,46
ACAGAGAAATTGACGT,,nan,nan,0,0
ACAGAGAATGTGTATT,T219K A317L T390Y,0.0000,0.0000,0,30
ACAGAGACTCTATTAA,L43A L462N,0.0000,0.0000,0,13
ACAGAGACTTTGTTCA,A526E,0.0000,0.0000,0,9
ACAGAGATAGTTGACT,K328cI,0.0082,0.0082,9,153
ACAGAGATGCTCAACG,,0.0836,0.0836,644,1077
ACAGAGATGTTGACGG,S167I R321H K367M T370Y,0.0000,0.0000,0,10
ACAGAGATTCGACACT,,0.1054,0.1054,1814,2406
ACAGAGCAGGCTCAAA,I164Q,0.0000,0.0000,0,9
ACAGAGGAACGATAGA,,0.1798,0.1798,1205,937
ACAGAGGTTAGGCCCA,I550K,0.3362,0.3362,125,52
ACAGAGTAAAATATCC,A257C,0.0981,0.0981,47,67
ACAGAGTACGCCATAG,S311D V377N,0.0000,0.0000,0,3
ACAGAGTATGTCCACG,,nan,nan,0,0
ACAGATAAAGTTTCCA,G100C W180*,0.1526,0.1526,12,11
ACAGATAACACACCCG,G134A,0.0273,0.0273,468,2400
ACAGATAAGTATAGAA,M111P N433Q,0.0000,0.0000,0,5
ACAGATAGACTAAGGA,N150C,0.1126,0.1126,2799,3477
ACAGATATCACAGCTG,,0.1105,0.1105,13134,16624
ACAGATCATGTCACCG,N20G,0.0885,0.0885,31,49
ACAGATCTCTGGGACG,K262C,0.0169,0.0169,32,265
ACAGATGAATATGTTG,,0.1048,0.1048,1528,2038
ACAGATGCATACATCA,V88H,0.0000,0.0000,0,105
ACAGATGCCGGAAAAC,N401V,0.0891,0.0891,680,1067
ACAGATGCTGCCGAAA,R173S,0.1273,0.1273,2797,3072
ACAGATGGTGTCTGAA,E432L,0.2076,0.2076,49,33
ACAGATGTATGACCAT,,0.1802,0.1802,4083,3168
ACAGATTAAGATAAAC,R321T F469*,1.0000,inf,34,0
ACAGATTACATATTAG,,0.1775,0.1775,1705,1343
ACAGATTCCAACGATA,T199P,0.0673,0.0673,214,445
ACAGATTCTAATATGT,,0.1212,0.1212,1762,2033
ACAGATTTAGAGTCAC,N312K I514D,0.0000,0.0000,0,4
ACAGATTTGCAAGGAG,I529V,0.0000,0.0000,0,5
ACAGCAAAAATGCCAG,S185F,0.5018,0.5018,122,34
ACAGCAACATTGCGGC,R329M I548K,nan,nan,0,0
ACAGCAATGTAAAAGA,P58T N408K,0.0000,0.0000,0,43
ACAGCAATTACTCAAG,N92F V510A,0.1918,0.1918,1155,842
ACAGCACCTGCATCTC,W84S,0.0000,0.0000,0,17
ACAGCAGCACTTCACT,H110A T266W Y351C S356G,nan,nan,0,0
ACAGCATAAACTATAA,T132E N410Y,0.2278,0.2278,290,178
ACAGCATAACCTCATT,K472I,0.1049,0.1049,9,12
ACAGCATCGATCGCAA,I260M,0.0000,0.0000,0,3
ACAGCCAAAATCAAAT,S207W V444D,0.0000,0.0000,0,7
ACAGCCAAACCAACTC,I178M,0.0751,0.0751,180,335
ACAGCCAACACTGAAC,S203N,0.0496,0.0496,67,189
ACAGCCACTACACTCC,Y105M,0.0000,0.0000,0,1
ACAGCCACTGTCTTAG,V82L,0.1738,0.1738,2879,2317
ACAGCCAGAACTGCGA,V151H,0.1077,0.1077,1761,2287
ACAGCCAGACGTTTCA,E89K,0.1145,0.1145,782,955
ACAGCCATATACTAAA,S10H,0.0000,0.0000,0,2
ACAGCCCATCCCAACT,V444G Q545I,0.0000,0.0000,0,2
ACAGCCCCGACATCTG,T23N S207Q,0.2261,0.2261,587,363
ACAGCCTATAGCGAAA,L314N,0.0000,0.0000,0,15
ACAGCGAACAGCAAAC,H440V,0.0000,0.0000,0,6
ACAGCGTACACGTAGG,V481P,0.0000,0.0000,0,5
ACAGCGTTTACAAAAC,Y258L,nan,nan,0,0
ACAGCTAAGATGTAGA,V395I,0.1806,0.1806,31,24
ACAGCTCTCACACGTA,I4H,0.0695,0.0695,76,153
ACAGCTGAAAATCACA,C14Y V223T,nan,nan,0,0
ACAGCTTAAAAAAAAG,Y470S,0.0792,0.0792,85,150
ACAGCTTAACCTACGG,R229Y,1.0000,2.3773,68,4
ACAGCTTCAACAACAT,,0.1752,0.1752,1363,1088
ACAGCTTGCGGCAATT,N21C,0.0000,0.0000,0,1
ACAGCTTGTCAAAGCT,K196F,0.3062,0.3062,370,169
ACAGCTTTAAAGATGG,K262A,0.1987,0.1987,415,292
ACAGCTTTTAGAACAT,M431G A526G,1.0000,2.7969,20,1
ACAGCTTTTCAACTGC,E31Y D438R,0.1187,0.1187,28,33
ACAGGAAACACTCAAC,I29V T199K,0.0720,0.0720,87,169
ACAGGAATAAATTCTG,T23S V285T N475D,0.0274,0.0274,10,51
ACAGGACAAAGATACC,D95N T520H,0.0517,0.0517,58,157
ACAGGATAGCAAGACA,I164W,0.0856,0.0856,1923,3141
ACAGGATATCTCAAAT,,0.1817,0.1817,756,582
ACAGGATATGAGCGTG,,0.1306,0.1306,2980,3191
ACAGGCCCTTCGAGAC,,0.1767,0.1767,451,357
ACAGGCCGAAACCGTG,N424I,1.0000,5.5937,80,2
ACAGGCCGATACAAAC,M30F,0.1363,0.1363,154,158
ACAGGCGCGAGATGTC,,0.1398,0.1398,1,1
ACAGGCTCGCACTTAC,V36I,0.3848,0.3848,454,165
ACAGGGAAATAACATA,V285K,0.1160,0.1160,1934,2331
ACAGGGAAGTAGACAA,G362R C473Y,nan,nan,0,0
ACAGGGCTCACATTCA,E189K G352M,0.1573,0.1573,27,24
ACAGGGCTTACAATGA,,0.1347,0.1347,289,300
ACAGGGTATCGACAAA,D53L,nan,nan,0,0
ACAGGTATAAACCTCG,Y423Q,nan,nan,0,0
ACAGGTATCTAGTATG,S383H,0.1318,0.1318,2694,2859
ACAGGTATTTTGTCTA,S133I G362N,0.0603,0.0603,928,2152
ACAGGTCAAAGCAAAT,L54P E432K A526G,nan,nan,0,0
ACAGGTCAAATCAGTA,E479L,0.2027,0.2027,3414,2355
ACAGGTCTAAGCAACA,A287Q W350H,0.0000,0.0000,0,11
ACAGGTCTCAATCAGA,,0.1036,0.1036,3009,4063
ACAGGTGCTCGTGGTC,L154A,0.1801,0.1801,797,619
ACAGGTTTGTGTCGAA,S221I A365C,1.0000,1.4917,32,3
ACAGTAAAAAAGAAAT,,0.1571,0.1571,155,138
ACAGTAAAAACCCCAA,V204F,0.1531,0.1531,81,74
ACAGTAAAGATGTTTC,G352R Q545V,0.0000,0.0000,0,5
ACAGTAACAACTAGAC,S167T,0.1253,0.1253,3262,3642
ACAGTAACAGAAATAT,L112C,0.2695,0.2695,79,41
ACAGTAACAGGATCAC,I374M,0.1588,0.1588,6394,5631
ACAGTAACGACGTCAC,V34K,0.1277,0.1277,21,23
ACAGTAACTATAACAA,P284Q,0.0915,0.0915,1507,2303
ACAGTAAGAGCAGGAT,L209C Q490M,0.1138,0.1138,240,295
ACAGTAAGTAAACCAG,T35R,0.1230,0.1230,2198,2499
ACAGTAATTACCAAGA,R227A,0.0520,0.0520,1159,3115
ACAGTACCGATAAAAA,G275L,0.0370,0.0370,86,325
ACAGTACGAGAAACTA,A522Q,0.0000,0.0000,0,35
ACAGTAGCGGACTCAA,F332V,0.2036,0.2036,607,417
ACAGTAGGTACAAACC,Y488F,0.1565,0.1565,1333,1191
ACAGTATTTCAAAAAA,N92Y,0.1090,0.1090,824,1057
ACAGTCAAGAAAAACC,S125bI,0.1372,0.1372,5686,5794
ACAGTCACGTGCGCAG,A93G M268R D441T,nan,nan,0,0
ACAGTCCAGGCTTTTC,,0.1856,0.1856,7574,5707
ACAGTCCCCGCTGGCG,N172S,0.1321,0.1321,205,217
ACAGTCCTAGTGAGAA,G100F,0.0000,0.0000,0,13
ACAGTCTCGATCATTA,L43E,nan,nan,0,0
ACAGTGACTCATCATT,,0.1271,0.1271,2178,2396
ACAGTGAGCACAAATA,N-4Y R326C N443I,0.1312,0.1312,513,547
ACAGTGGTTTAAAAAG,D63C A522Q,0.0000,0.0000,0,9
ACAGTGTAATTTGCAT,,0.2808,0.2808,1261,628
ACAGTGTAGTCGCTAA,E189R,0.0656,0.0656,23,49
ACAGTTAAAAAGCGTA,R456Y,0.1475,0.1475,364,345
ACAGTTACATTTATAC,E468K,0.1671,0.1671,3298,2760
ACAGTTACCCCAGCAT,E403I,0.1287,0.1287,23,25
ACAGTTCTATGTTAAA,R499G,0.0884,0.0884,2674,4228
ACAGTTGAGCTATCTG,S203I G341C,nan,nan,0,0
ACAGTTGCACGCTCAT,R173N,0.2933,0.2933,151,72
ACAGTTTACGGTGAGC,A317N,nan,nan,0,0
ACAGTTTTCATCCCAT,G181F,0.0000,0.0000,0,14
ACATAAAATATATACC,Q191F,0.0000,0.0000,0,1
ACATAAACACAAACAT,P489K,0.1043,0.1043,1337,1793
ACATAAACATTATCGA,S125bQ,1.0000,1.1187,32,4
ACATAAACTTGTAAAA,N94W Y274P,0.0000,0.0000,0,16
ACATAAAGCCCAAGAT,,0.0680,0.0680,516,1061
ACATAAAGCCTGACTC,M478Q,0.0000,0.0000,0,1
ACATAAATTTCCTTAG,L61W,0.0000,0.0000,0,5
ACATAACAAAAAAGAG,A425D,0.0000,0.0000,0,3
ACATAACACCTGCAGA,P145W,0.2026,0.2026,736,508
ACATAACATATAAATA,L462Y,0.0747,0.0747,663,1242
ACATAACGAATAACTT,V261Y,0.2256,0.2256,613,380
ACATAACGGGGTCCTC,G342M,0.0000,0.0000,0,5
ACATAACTGCAACAGA,,0.1248,0.1248,5414,6068
ACATAACTTTAAGTTA,R212S,0.0439,0.0439,59,188
ACATAAGAAATGACGT,G49S,0.1405,0.1405,5086,5062
ACATAAGAATAACCTA,I42Q,0.0000,0.0000,0,16
ACATAAGACGTCATAA,Y195G,0.0000,0.0000,0,3
ACATAAGATACCATAT,,0.2075,0.2075,543,366
ACATAAGCAATGTGTA,I288S,0.0000,0.0000,0,11
ACATAAGCCCTACTAT,L2V A3S,0.1066,0.1066,1368,1794
ACATAAGCTTTTAGCG,S126F V510R,0.0000,0.0000,0,50
ACATAAGTACTTCTAC,E44V C549M,0.0000,0.0000,0,66
ACATAAGTCTAAAAGT,N169M,0.1781,0.1781,4067,3193
ACATAATAGTATTTAG,K165M,0.1411,0.1411,2754,2730
ACATAATTATTTGTAA,Y353D,nan,nan,0,0
ACATAATTGACATAAA,,0.1246,0.1246,2279,2557
ACATAATTGGAAGTAG,K125aR,0.1243,0.1243,720,810
ACATACAAATCATTTA,N475S,0.1247,0.1247,1781,1997
ACATACAACAAAACTA,K498M,0.1783,0.1783,2056,1613
ACATACACCAAATGCG,E414G,1.0000,2.0976,60,4
ACATACACTGCAATAA,V151I Q226K,0.0000,0.0000,0,67
ACATACAGAACAAATA,V377E,0.0000,0.0000,0,16
ACATACAGCGCCTAAA,N169P S543C,0.9168,0.9168,236,36
ACATACCAGTTATTAC,V481C,0.0528,0.0528,17,45
ACATACCATAAAAAAA,T422W T485V,0.0000,0.0000,0,8
ACATACCCCTCATGCA,E493Q,0.0000,0.0000,0,17
ACATACCCCTTACCTC,,0.1773,0.1773,1731,1365
ACATACCCGATTAAAG,N73K,0.0000,0.0000,0,3
ACATACCGACCGAATG,E508K,0.0451,0.0451,20,62
ACATACCGATATACTA,T283L,0.0000,0.0000,0,1
ACATACCTATTTTAGA,N400R,0.2139,0.2139,26,17
ACATACGAATACCAAA,S6T,0.0400,0.0400,8,28
ACATACGAATTTTGAG,,0.2493,0.2493,205,115
ACATACGCAAATCCGT,G205H,0.0000,0.0000,0,5
ACATACTAACAAGAAC,F118R E393K,nan,nan,0,0
ACATACTAACTTAATT,R173F,0.1493,0.1493,4439,4158
ACATACTACTATTTTC,V481E,0.0000,0.0000,0,4
ACATACTCACTATTCT,,0.1414,0.1414,1160,1147
ACATACTCCCTATTCG,F251R M346D,0.1352,0.1352,29,30
ACATACTGTTTACCAA,T301I,0.1204,0.1204,31,36
ACATACTTTAACACCT,,0.1475,0.1475,1743,1652
ACATACTTTCCTGTAA,,0.0000,0.0000,0,21
ACATAGAACAAAAATA,N408V,0.1865,0.1865,336,252
ACATAGAACTTTAACC,I384E,0.0000,0.0000,0,2
ACATAGAATAGCTGTA,L325P,0.1406,0.1406,1401,1393
ACATAGCACTCTCTTC,L133aM L331Y,0.8731,0.8731,231,37
ACATAGCATGTATCCG,V223F,0.2158,0.2158,392,254
ACATAGCATTTGTCCC,E393V,0.2334,0.2334,913,547
ACATAGCCTCGATGCC,R212D L314H L316M,1.0000,2.4123,69,4
ACATAGCGAAGAGACG,K380I,0.1160,0.1160,535,645
ACATAGCTTCAACAGC,I252K,0.0000,0.0000,0,24
ACATAGGGGACGATGA,F148E I384F,0.0000,0.0000,0,13
ACATAGTATTTTCATA,,0.1260,0.1260,1096,1216
ACATAGTCAATCAGCC,R405D,nan,nan,0,0
ACATAGTCAATTCTCA,V56A T485M,0.0000,0.0000,0,8
ACATAGTCCAAAATCA,V5H,0.0319,0.0319,45,197
ACATAGTTTCAAACAA,N48I,0.1186,0.1186,1752,2065
ACATATAAACTACTTT,V510E,0.0000,0.0000,0,1
ACATATAATTCTATTA,N401R,0.1398,0.1398,20,20
ACATATAATTTACGGA,C277Y,0.0000,0.0000,0,3
ACATATACTTTCAAAT,Q391I,0.5503,0.5503,181,46
ACATATATATAGACTC,,0.8263,0.8263,130,22
ACATATATGAAAGCTC,,0.0736,0.0736,702,1334
ACATATCACAAAGACC,,0.1400,0.1400,700,699
ACATATCACGGCGCGT,N73M L194E,0.0000,0.0000,0,1
ACATATCGTAAGAACT,A91Q,0.1355,0.1355,252,260
ACATATGAGATGATCC,,0.1099,0.1099,293,373
ACATATGCGTCACCGG,S492R,0.1163,0.1163,764,919
ACATATGGCTGGAAAT,N116R,0.1230,0.1230,409,465
ACATATGGGTGGAGAA,,0.1229,0.1229,363,413
ACATATGTATAAAAGA,K313A,0.1776,0.1776,3741,2945
ACATATGTTTAGCTGG,V272Q,0.1089,0.1089,422,542
ACATATTAAAATTATT,,0.1714,0.1714,2588,2111
ACATATTAAATGATAC,A3G F469V,0.3221,0.3221,76,33
ACATATTAATATGGGT,T283Y Y518R,nan,nan,0,0
ACATATTACCGAACCA,,0.1233,0.1233,5964,6764
ACATATTCACCCAATA,R452V,0.3263,0.3263,21,9
ACATATTCCTTTCTAA,R212F,0.1196,0.1196,2774,3244
ACATATTGAGCCAAAA,R547P,0.1358,0.1358,34,35
ACATATTTTCATCTTC,,0.1174,0.1174,3424,4077
ACATCAAAACCCCGCC,I260D,0.0000,0.0000,0,4
ACATCAATCAATCGTC,S265C,0.2471,0.2471,1548,876
ACATCACCAAGTGCCA,G342Y G376A,0.0280,0.0280,1,5
ACATCACCATCTTAGG,,0.1494,0.1494,2811,2631
ACATCACGAGCATCAT,A39Y,0.0720,0.0720,543,1055
ACATCACGTACCCACT,P324I I548K,nan,nan,0,0
ACATCACTATAGCAGA,D457T,0.0751,0.0751,486,905
ACATCACTCCTACCTA,N21K,0.3252,0.3252,100,43
ACATCAGAACGCAGAA,K411P,nan,nan,0,0
ACATCAGCTCACCCAG,H354Y D487N,0.1232,0.1232,3443,3907
ACATCAGTAGCGGGTA,S126R K269D,0.9574,0.9574,89,13
ACATCAGTCTCGTGCC,T208V M292V,0.1775,0.1775,1532,1207
ACATCATAATAACCTA,,nan,nan,0,0
ACATCATACTACTGAT,A253D F469V,nan,nan,0,0
ACATCATCAAATAAAT,A214Q,0.1158,0.1158,3129,3779
ACATCATCATAGCACG,,0.2689,0.2689,75,39
ACATCATGGTATGAGA,L455V,0.1885,0.1885,1147,851
ACATCCAAGCGCGAGA,D487N,0.1695,0.1695,1448,1195
ACATCCAAGTGCAAAA,,0.1097,0.1097,944,1203
ACATCCACGTACACGA,L447Y,0.4895,0.4895,28,8
ACATCCATCTAATACT,G303S,0.0000,0.0000,0,1
ACATCCATGATTATAC,P145N,0.4032,0.4032,594,206
ACATCCATTCATTAGG,Q40S L527V,0.0846,0.0846,1067,1763
ACATCCCAGACCCACA,L154G,0.0000,0.0000,0,12
ACATCCCCAATTAACA,,0.0550,0.0550,105,267
ACATCCCGCAGAACAA,L507N,0.9136,0.9136,196,30
ACATCCGTAGTTCGTG,A365H,0.0000,0.0000,0,5
ACATCCGTTACGTATT,E493R,nan,nan,0,0
ACATCGAGTTGACACT,M75F,0.1895,0.1895,2838,2094
ACATCGATAACCCAGC,L300D V481M,nan,nan,0,0
ACATCGATCATACACA,K387Y,0.3916,0.3916,28,10
ACATCGCGATTCCTTG,Y274P,0.0000,0.0000,0,19
ACATCGCTTACGTCAA,C97* Y105E,0.0000,0.0000,0,12
ACATCGGAATACTAAC,D231P S523L,0.0000,0.0000,0,1
ACATCGTCCCAAGGCG,G143N K262R,0.1225,0.1225,578,660
ACATCTAAATAAAAGT,T279E,0.0538,0.0538,241,627
ACATCTAAGTACCATG,P293V,nan,nan,0,0
ACATCTAATAGAGTTT,S323I,0.1336,0.1336,428,448
ACATCTACAGATTTCC,V5T,0.2253,0.2253,8651,5370
ACATCTACCGACCATT,V152K,0.1847,0.1847,10689,8092
ACATCTCCAGCCCGCC,N379D,0.0000,0.0000,0,3
ACATCTCGCAGATTAA,,0.1790,0.1790,809,632
ACATCTGACGAAAGAT,H244I,0.0945,0.0945,1420,2102
ACATCTGCCGATTGCT,P198M,0.0659,0.0659,41,87
ACATCTTACGTTCGAT,Y86R,nan,nan,0,0
ACATCTTATGATACCA,,0.1645,0.1645,4220,3587
ACATCTTTCCTCCAAC,D41V,0.0000,0.0000,0,16
ACATGAAAAATAATTC,,0.1482,0.1482,1577,1488
ACATGAAACCCCTATG,S247L,0.0000,0.0000,0,23
ACATGAAAGGGCTGCG,F392T,0.0000,0.0000,0,10
ACATGAAATCCAGAAG,G465A,0.3269,0.3269,187,80
ACATGAACACTCTTCG,K259N,0.0329,0.0329,86,365
ACATGAACCAACGTGC,V429S,0.0000,0.0000,0,4
ACATGAACGACGGATC,,0.0615,0.0615,66,150
ACATGAAGGCACCATT,L402E,0.0730,0.0730,107,205
ACATGAAGTAAATTCA,,0.1088,0.1088,2057,2643
ACATGAAGTTCTTGAA,S65A R328aA,0.3962,0.3962,136,48
ACATGAATACATGAGC,A364S F469K,nan,nan,0,0
ACATGACACTAATCAT,,0.0457,0.0457,457,1398
ACATGACCAAGTACCC,K310Q,0.1719,0.1719,1481,1205
ACATGACCATCTCACA,I124C S203N H354N,nan,nan,0,0
ACATGACGCATAAAAA,L61T I217W,0.0000,0.0000,0,5
ACATGACTGGGAATTC,T208D,0.0905,0.0905,767,1185
ACATGACTTCGAACAA,Q282L,nan,nan,0,0
ACATGAGAAGCGAACA,Q25P,0.0000,0.0000,0,4
ACATGAGAAGGCAACG,S167Q N322C S369I F469T,nan,nan,0,0
ACATGAGTCCATAGCA,I252T,nan,nan,0,0
ACATGAGTGAGATATC,H184V,0.5467,0.5467,43,11
ACATGATCATACTGAG,E414G,0.0804,0.0804,69,120
ACATGCAAATTAATAA,T199Q H354I,0.0000,0.0000,0,14
ACATGCAACGCAGATT,A19D N401I,0.0000,0.0000,0,3
ACATGCATACTGTACC,C477W,0.0000,0.0000,0,3
ACATGCATATACTAAA,A39Y L453V,0.0956,0.0956,240,351
ACATGCCAGTTATCTC,L428E,0.3906,0.3906,81,29
ACATGCCATTCTAGTT,,0.1954,0.1954,2596,1858
ACATGCCATTTAACTT,,0.1062,0.1062,101,133
ACATGCGACCTAGTTA,,0.0552,0.0552,77,195
ACATGCTAGGTACCTG,S270Y,0.1070,0.1070,62,81
ACATGCTCACTGAACC,,0.1939,0.1939,1603,1156
ACATGCTTACGCAACA,,nan,nan,0,0
ACATGCTTCATATAAG,Y105P,0.0000,0.0000,0,28
ACATGGAAAAAATCCG,V309C,0.1463,0.1463,68,65
ACATGGACCAGACGAC,N424K,nan,nan,0,0
ACATGGACCCGGATGA,P99K,nan,nan,0,0
ACATGGAGAGTGGCTA,C14M,nan,nan,0,0
ACATGGAGGGGGTATA,,nan,nan,0,0
ACATGGGCGACACATG,G360Q,0.0000,0.0000,0,3
ACATGGTGTACAATGC,Y470I,0.1472,0.1472,3556,3379
ACATGTAAGCAACCGG,E174G,0.0896,0.0896,1382,2156
ACATGTAATTACGGTT,D11K,0.0000,0.0000,0,3
ACATGTATACAGCATT,Q371G,0.0443,0.0443,26,82
ACATGTATCTCCTAAC,*551R,0.0000,0.0000,0,33
ACATGTCCCCAAGCCT,D41K,0.0663,0.0663,183,386
ACATGTCCCTGGAAGG,W84E,0.3236,0.3236,81,35
ACATGTGCCTAGTCGC,I529N,0.0000,0.0000,0,8
ACATGTGGATCGAAAC,,0.1572,0.1572,3550,3158
ACATGTGGTAATACAA,N172Y,0.1576,0.1576,1383,1227
ACATGTTATCGTTAGC,E78F G225D,0.0000,0.0000,0,99
ACATGTTCAAACCGTG,I42Q A214Q Q391N,0.0000,0.0000,0,7
ACATGTTCAATACAAG,K45A,0.1597,0.1597,427,374
ACATTAAACACGCCTT,K120C K307H,0.7192,0.7192,36,7
ACATTAAACCATTAAG,,nan,nan,0,0
ACATTAAATATGTTAC,M-6I W84* S167L W180* R227Q R321I G337R G342R K367F M413I W421* M431I R456Q M478I R482Q R499Q W537*,nan,nan,0,0
ACATTAACAAATATGT,K328cA,0.0000,0.0000,0,7
ACATTAAGAGACGCCA,Y491R,0.2280,0.2280,194,119
ACATTAAGGCCATAGC,L122H,0.0811,0.0811,327,564
ACATTAAGTATGCTAA,Y98L,nan,nan,0,0
ACATTAAGTATTATCA,A93H,0.1969,0.1969,714,507
ACATTAATCCAATTAA,,0.0000,0.0000,0,15
ACATTAATTGGGCCAA,T200E,0.0000,0.0000,0,8
ACATTAATTTCGTCAT,P489R,0.1096,0.1096,1212,1546
ACATTACAAATTACCA,D175F,0.2053,0.2053,1751,1193
ACATTACAATAATATG,R404A,0.1013,0.1013,418,577
ACATTACATAGTGGAT,E414G,0.0000,0.0000,0,16
ACATTACGTCCTCCTT,Y105* A528H,0.0000,0.0000,0,2
ACATTACTAAGAAATT,E434G E468Q,0.0965,0.0965,786,1139
ACATTACTGCAATCTT,F294L Y470M,0.1049,0.1049,21,28
ACATTACTTCATATTA,K57H L402N,0.1759,0.1759,742,590
ACATTAGAAACTCAGG,,0.1525,0.1525,1934,1773
ACATTAGAGGATTGTA,R220K R435L,0.0000,0.0000,0,2
ACATTAGGACAAGCGA,N250F E432A,0.0000,0.0000,0,17
ACATTAGTACAAAGAA,N172A M388C,0.0806,0.0806,302,524
ACATTATAACAGGATC,,0.1262,0.1262,3750,4156
ACATTATAATTCAGAC,V36T,0.1632,0.1632,14,12
ACATTATAGGTTGTTT,S291F,0.1461,0.1461,1052,1007
ACATTATTAGCTTAGG,,0.1697,0.1697,6565,5411
ACATTATTCGAATAAA,G134M,0.3725,0.3725,269,101
ACATTCAAAATCCCGT,A188V Y353Q,nan,nan,0,0
ACATTCAAACTATAAA,E273L,0.2085,0.2085,2615,1754
ACATTCAACAGATTAC,N464T,0.2440,0.2440,3216,1843
ACATTCAACTAAGTAA,,0.0908,0.0908,973,1499
ACATTCAAGACCACGA,S207P,0.1199,0.1199,30,35
ACATTCAAGCAACATA,F148Q,0.3496,0.3496,30,12
ACATTCAATATGACAG,G396W,0.0000,0.0000,0,9
ACATTCACACAACTCG,,0.0000,0.0000,0,8
ACATTCACTCATAAGG,T199N,0.1111,0.1111,27,34
ACATTCATATGCTACA,R321* Y486H S523A,0.7272,0.7272,26,5
ACATTCATGGACCGAC,W127H,0.1701,0.1701,1030,847
ACATTCATTCTCAAAG,R499H,0.1577,0.1577,787,698
ACATTCCCGTAATGTT,W153G A160S,0.0000,0.0000,0,2
ACATTCCGGACTTTGC,D159T,0.2222,0.2222,1230,774
ACATTCCTGTGGAGAA,A287Y,0.2597,0.2597,78,42
ACATTCGAACTGCAAT,,0.1255,0.1255,918,1023
ACATTCGTGTGAAGTC,N248T S480T,0.0780,0.0780,164,294
ACATTCGTTAGAGAAC,Q226I,nan,nan,0,0
ACATTCTAGGTGTTTA,L70P I302D,0.2564,0.2564,33,18
ACATTGAAGCCACCGA,S10N S523W,nan,nan,0,0
ACATTGAGAACGCGCG,R547M,0.3098,0.3098,144,65
ACATTGATAATGCCAT,T192C,0.2730,0.2730,1273,652
ACATTGCATTGATGAA,K216P,nan,nan,0,0
ACATTGCCCTACCTAA,L462D,0.0000,0.0000,0,17
ACATTGCTTAACGTAA,N54aI L176Q,0.0000,0.0000,0,2
ACATTGTATCTGTTAC,M30W G362Y,0.3007,0.3007,86,40
ACATTGTCAACACCCA,V-2W,0.2076,0.2076,6644,4475
ACATTGTGGAAAAATA,,0.1763,0.1763,4823,3825
ACATTGTGTAAAGTCC,I374F,0.1177,0.1177,1340,1592
ACATTGTGTGTAGTCA,V347R,0.1348,0.1348,2235,2319
ACATTTAAAGCCTGGT,G72D,0.1517,0.1517,307,283
ACATTTAAATATTATT,,0.1529,0.1529,3134,2867
ACATTTAACGCAGGAA,T485N,0.1445,0.1445,3488,3375
ACATTTAACTAGTTAC,Y86F M413A,0.7924,0.7924,17,3
ACATTTAAGAGCGTTG,K32P,0.1163,0.1163,104,125
ACATTTACAAGTTAAG,N129C,0.3941,0.3941,31,11
ACATTTATAACCTAAT,,nan,nan,0,0
ACATTTATAATCTCCT,N408M,0.1573,0.1573,45,40
ACATTTATCAGCTAAA,P299L S503F,0.1732,0.1732,343,277
ACATTTATTTTTACAG,Q40D,0.3496,0.3496,30,12
ACATTTCCCAATATTA,G16Q T511E,0.0000,0.0000,0,3
ACATTTCCTAAACCGA,,0.1622,0.1622,5498,4740
ACATTTCTAATACGAT,N54aI,0.1440,0.1440,5973,5802
ACATTTGAGGATGTAG,H117L H130Q P239Q T422S,1.0000,1.1654,25,3
ACATTTGGGGGATTAA,S167Y R321I T370D,0.0000,0.0000,0,18
ACATTTGTCTTGCAAC,V56F,0.2764,0.2764,425,215
ACATTTGTTGTCTAGC,A160Q,nan,nan,0,0
ACATTTTACGAATCAA,,0.1122,0.1122,73,91
ACATTTTCCTACCGTT,H295N M478T,0.8577,0.8577,92,15
ACATTTTGATTACAGG,K9S,0.1492,0.1492,6396,5994
ACATTTTGGAAAACTA,R114D,0.0000,0.0000,0,3
ACATTTTTAAGGCAAG,L320D,0.0000,0.0000,0,5
ACCAAAAAAAGTATTA,P239H,0.2030,0.2030,820,565
ACCAAAAAGGCTATAC,V56W,0.0952,0.0952,949,1394
ACCAAAAATTTATCCA,A39M,0.1816,0.1816,457,352
ACCAAAACCAAACGGG,K307H,0.1897,0.1897,293,216
ACCAAAACGTATAAAC,K472I,0.1859,0.1859,460,346
ACCAAAAGGTTCCCCT,K196D,0.1178,0.1178,32,38
ACCAAAATCGATCGGG,K280D,0.1614,0.1614,2468,2138
ACCAAAATTCCAAAAC,T206I,0.0000,0.0000,0,1
ACCAAACAATGACAAC,A526F,0.0000,0.0000,0,3
ACCAAACATCTAGAAC,V451A,0.1707,0.1707,2681,2197
ACCAAACATGTTTTAA,G225I,0.0000,0.0000,0,1
ACCAAACATTCTCGAC,,0.0656,0.0656,161,343
ACCAAACCAAATAGAA,L455R,nan,nan,0,0
ACCAAACGCTACTCAA,N382L,0.1492,0.1492,620,581
ACCAAACTTACCAAGG,Y486I,nan,nan,0,0
ACCAAAGAAGTTGAAC,K328V,0.1630,0.1630,1177,1010
ACCAAAGAGGTGTCCT,L314H,0.0000,0.0000,0,5
ACCAAAGATATTAGAA,,0.1816,0.1816,12336,9499
ACCAAAGATTATCATT,N169S R321H F469Y,0.0000,0.0000,0,1
ACCAAAGCGTATTGTC,M346C,0.8158,0.8158,105,18
ACCAAAGGCGTATCAC,E119A,0.1775,0.1775,750,591
ACCAAAGGGTATGGAA,A425F,0.0000,0.0000,0,6
ACCAAAGTACCGGCAC,A160Q,0.1254,0.1254,547,610
ACCAAAGTGTACCAGG,V505G,0.3249,0.3249,79,34
ACCAAATAAAGCCGGA,I288G,0.0000,0.0000,0,2
ACCAAATACCAATTAA,Y168N,1.0000,1.3984,60,6
ACCAAATCAACGGGGA,V151P,0.4895,0.4895,35,10
ACCAAATCGTACAAGG,F469H,0.0000,0.0000,0,4
ACCAAATCTGTGGAGT,,0.1211,0.1211,136,157
ACCAAATGACTGTCAC,V510Q,0.1928,0.1928,91,66
ACCAAATGTGTTAAGT,G275T,nan,nan,0,0
ACCAAATTCATTCGGG,Y486A,nan,nan,0,0
ACCAAATTTGTAATTT,Q391H L497S,0.1966,0.1966,253,180
ACCAACAAAGGCCCCT,N20C,0.0000,0.0000,0,5
ACCAACAACAGCAAAC,N169F M346T,0.0000,0.0000,0,4
ACCAACAACCAGTAGT,D27A,0.3183,0.3183,66,29
ACCAACACATGAAACC,M531W,0.0621,0.0621,451,1016
ACCAACACCCAATTTG,I13Q,0.7691,0.7691,22,4
ACCAACAGAACGCGAA,,0.1368,0.1368,1607,1643
ACCAACAGCTTGACTG,H130S E407R,nan,nan,0,0
ACCAACATATCCATTT,D53V I155W,0.1459,0.1459,24,23
ACCAACATCCCCCAGT,L43C,0.0000,0.0000,0,4
ACCAACCATGGCTGGG,,0.1251,0.1251,3928,4392
ACCAACCCATAGAGTG,,0.1221,0.1221,3019,3458
ACCAACCCCTGTTATC,N94M,0.0792,0.0792,402,710
ACCAACCTCTGGTATT,G134A,0.0465,0.0465,101,304
ACCAACGCATACAAAT,W84T,nan,nan,0,0
ACCAACGCGATCGGAC,N103P,0.0314,0.0314,150,669
ACCAACGGCTGCCCTC,T301G T436E,0.0000,0.0000,0,1
ACCAACTAAACGTAAA,L331G,0.0000,0.0000,0,3
ACCAACTGTGCATTGG,G271Q,0.0953,0.0953,2171,3187
ACCAACTTTCCAGTAT,V309D,0.0000,0.0000,0,5
ACCAAGAAAATATAGT,,0.1940,0.1940,3275,2361
ACCAAGAAAATCCTCT,T390A,0.0496,0.0496,33,93
ACCAAGAAGTATGCGC,D77R,0.1835,0.1835,3913,2982
ACCAAGAATCACTAAA,K450N,0.1550,0.1550,1240,1119
ACCAAGAATGTACAAG,K310N,0.1137,0.1137,270,332
ACCAAGATAACCTGAC,I385Y,0.0000,0.0000,0,5
ACCAAGATCAGTGACA,R452M R456W,0.0000,0.0000,0,3
ACCAAGATGGCGAACC,L179F,0.2004,0.2004,96,67
ACCAAGCCGCGACTGG,I297S,nan,nan,0,0
ACCAAGCTACAAGAAA,V66F R81G,0.1271,0.1271,659,725
ACCAAGGGCAAGCAAG,F118I C473I,nan,nan,0,0
ACCAAGGTTAACATCA,N73I,0.1562,0.1562,200,179
ACCAAGTATTAGACTT,,nan,nan,0,0
ACCAAGTTAATATGAG,R405V,nan,nan,0,0
ACCAATAACACTACGG,T485P,nan,nan,0,0
ACCAATAACCTTCAGG,D53M,0.0000,0.0000,0,6
ACCAATAACGCCACCC,L402E,0.0549,0.0549,82,209
ACCAATAATCAATGCT,L71R V381G,1.0000,2.6570,38,2
ACCAATACTTGTACTA,L179F L213P L544R,1.0000,1.4584,73,7
ACCAATAGACATGCTA,K262E,0.0710,0.0710,286,563
ACCAATAGATTCTTTA,A67R,0.0628,0.0628,567,1263
ACCAATATAAGGTTAC,Y353C,0.0000,0.0000,0,6
ACCAATATCCCTGTAG,Y98D G181S R405M,0.0000,0.0000,0,7
ACCAATATGCATTAGA,Y256N,0.0431,0.0431,162,526
ACCAATATGTTGGAAA,S85L T235A Y423A,0.1840,0.1840,25,19
ACCAATCCATTATTAT,,0.0924,0.0924,407,616
ACCAATCGCATTAAAA,,0.0988,0.0988,431,610
ACCAATCGCTCACCTT,,0.1504,0.1504,586,545
ACCAATGAAAAGCACC,E273S,0.1199,0.1199,247,288
ACCAATGGATAGTAAT,V510K,0.1985,0.1985,430,303
ACCAATGGCTGTCCCC,I15Q,0.0000,0.0000,0,48
ACCAATTCATCCATGA,,0.0992,0.0992,444,626
ACCAATTCCCCGTATC,,0.0817,0.0817,142,243
ACCAATTCGGTAGTAA,Q191V,0.0000,0.0000,0,1
ACCAATTTCCCGACCT,Q359R,0.0890,0.0890,42,66
ACCAATTTCTCCCCCC,N446D,0.2240,0.2240,3981,2485
ACCACAAAGATACTCA,H183D,0.0000,0.0000,0,17
ACCACAAGACCGTTAA,A218E,0.5299,0.5299,72,19
ACCACAAGCCCACCTA,,0.1246,0.1246,548,615
ACCACAATATACAATA,K32W,0.0555,0.0555,56,141
ACCACAATGAATACCC,R321Q T370W F469G,0.0000,0.0000,0,2
ACCACAATGAGAATTA,I385P,0.0000,0.0000,0,10
ACCACAATGCCCCGAC,,0.1218,0.1218,1981,2274
ACCACACAAACACATT,G463E,0.3776,0.3776,532,197
ACCACACAAATCAAAA,I302A,0.2722,0.2722,255,131
ACCACACAGATAATGG,K196W,0.1888,0.1888,844,625
ACCACACATCGTAACG,A93F R499A,0.1862,0.1862,779,585
ACCACACATTACACTG,H440L,0.7171,0.7171,641,125
ACCACACTACTCTCAC,R220E T370L,0.0000,0.0000,0,4
ACCACACTGTCATATG,G362N,0.0997,0.0997,248,348
ACCACAGAATCAGGCT,S185Y,0.0000,0.0000,0,1
ACCACATACACACAGT,,0.3433,0.3433,54,22
ACCACATATCGTATTG,S247T,0.1424,0.1424,1359,1335
ACCACATGAAGTTGAA,L331G,0.3300,0.3300,177,75
ACCACATGAATCAAAT,L43Y,0.0000,0.0000,0,25
ACCACATTTGCAAATA,D487N,0.0699,0.0699,49,98
ACCACCACACAACGAA,,0.1407,0.1407,8030,7983
ACCACCACTGAGTCAA,M268W,0.0000,0.0000,0,5
ACCACCAGGGGTTCTC,V381G,0.0000,0.0000,0,4
ACCACCATTCCCACTA,I123K,0.2662,0.2662,59,31
ACCACCCACATAGCCG,G16Y,0.5244,0.5244,60,16
ACCACCCCTGAATAAA,I155S,0.0602,0.0602,62,144
ACCACCGGCAATTGAG,,0.0548,0.0548,353,900
ACCACCGTCCACTTTC,T266L,0.6919,0.6919,94,19
ACCACCGTGCCGTAAA,,0.1329,0.1329,875,921
ACCACCTATGCCATGT,L544I,0.1133,0.1133,260,321
ACCACCTGATTGGCTA,H355V,0.1394,0.1394,346,347
ACCACGAAACTATTAG,N169A G484P,0.0000,0.0000,0,1
ACCACGAAGCAAACGT,F417A,0.2303,0.2303,28,17
ACCACGAATTTTACTA,I13E,0.0000,0.0000,0,12
ACCACGATCGAAGCAG,,0.1274,0.1274,235,258
ACCACTAAACCTAGCT,I217A,0.1178,0.1178,32,38
ACCACTACTTCCAAAG,K157Y,0.2604,0.2604,12132,6516
ACCACTCACGATCATA,K262I,0.1565,0.1565,610,545
ACCACTCACTCCGCCT,C14D I514C,0.0000,0.0000,0,1
ACCACTCCAAATACAC,,0.0689,0.0689,239,485
ACCACTCCTAGAGCAT,,0.1870,0.1870,3268,2444
ACCACTCCTTCATGAC,T208W,0.0858,0.0858,830,1353
ACCACTGATATGGCAT,K269C,0.1074,0.1074,1574,2050
ACCACTGGCGAGATAA,G16*,0.0000,0.0000,0,1
ACCACTGTTACCAGAA,N289H,0.0879,0.0879,93,148
ACCACTTTTATGTGAT,,0.1113,0.1113,1989,2498
ACCAGAAAATCTTCTA,,0.1632,0.1632,4043,3465
ACCAGAACAGCCCAGC,D175V,0.1472,0.1472,1323,1257
ACCAGAATATTTCAGG,D41R,0.0904,0.0904,53,82
ACCAGAATGAAGAAAC,L455G,0.0000,0.0000,0,1
ACCAGAATTCCCATCT,N54aP Q545L,0.1212,0.1212,26,30
ACCAGACATAAACACA,G205P I514D,0.0000,0.0000,0,8
ACCAGACTGAAAAGTG,S167C D375V,0.1516,0.1516,943,870
ACCAGAGACATTCAGT,S85Q,0.0000,0.0000,0,16
ACCAGAGGATTCAAAG,G286T,0.0000,0.0000,0,4
ACCAGATCTGAATCAA,,0.1766,0.1766,3174,2513
ACCAGATCTGGATAAA,D63A,0.2325,0.2325,1312,789
ACCAGATGGTACCCTA,,0.1095,0.1095,314,401
ACCAGATGTTAAGTCA,Y308I F469N,0.0000,0.0000,0,2
ACCAGATTCATCAACC,L133aV,0.3652,0.3652,1794,687
ACCAGCAATTTAGCAA,A144F,0.3465,0.3465,726,293
ACCAGCATTTATGCAA,D264S,0.1008,0.1008,1303,1807
ACCAGCCGCTGGATAT,Q222D G376L,0.2780,0.2780,161,81
ACCAGCGAACCGCACG,G143C,0.0000,0.0000,0,41
ACCAGCGTGAACAGAC,C546M,0.1052,0.1052,1479,1966
ACCAGCTCAATTGACC,W421V,0.0000,0.0000,0,4
ACCAGCTGGGACTCCT,E432I,0.8087,0.8087,133,23
ACCAGGATCTAGACTA,E403K,0.1632,0.1632,28,24
ACCAGGCCTAACCAAT,L59P,0.0000,0.0000,0,2
ACCAGGGGATAGTAGG,M268E K412C V510A,nan,nan,0,0
ACCAGGTAAAAAGGGA,S509I,0.0812,0.0812,1740,2997
ACCAGGTACTTTAAAG,S203V S383Y,0.0000,0.0000,0,23
ACCAGTAAGAGCGATA,D27W,0.0000,0.0000,0,13
ACCAGTATTTAATAAA,,0.1649,0.1649,3839,3255
ACCAGTCAATTAAGAC,D386E C477W,0.0000,0.0000,0,3
ACCAGTCCATCCCCCA,Y105A,0.1519,0.1519,88,81
ACCAGTGCCAGGTGAT,M431E,0.1292,0.1292,85,92
ACCAGTTATAGGAAGT,A495L,0.0000,0.0000,0,28
ACCAGTTCGGAACTCT,N169L N322C,0.3855,0.3855,317,115
ACCATAAACCGCCAAA,I260M,0.3164,0.3164,733,324
ACCATAAACTGTGAGA,K262aG,0.0000,0.0000,0,18
ACCATAAAGTGTCCAC,,0.1390,0.1390,2100,2112
ACCATAAATCAAAAAC,,0.1477,0.1477,1633,1546
ACCATAAATTAGTAGG,D77E,0.0948,0.0948,1373,2026
ACCATAAGACTACTTA,,0.0000,0.0000,0,3
ACCATAAGTTACATGA,,0.1713,0.1713,1019,832
ACCATAATAAAGCTGA,,0.2709,0.2709,31,16
ACCATAATACATGGTA,E131S L314A,0.4388,0.4388,91,29
ACCATAATCACTTAAG,H354K,0.1486,0.1486,1749,1646
ACCATACCACATCCAA,V88M K156Q,0.0000,0.0000,0,1
ACCATACCATAAGAAG,K109L G510aY,1.0000,1.3052,56,6
ACCATACCTATCTAAC,N103Y E174W,0.1931,0.1931,932,675
ACCATACTGCGCACGT,V429I,0.1961,0.1961,432,308
ACCATACTGGATCTAG,T422G,nan,nan,0,0
ACCATACTTAACATCC,K506T,0.1126,0.1126,2343,2910
ACCATAGAGAACACAG,N424G,0.6170,0.6170,75,17
ACCATAGATATTATGA,K372C,0.1265,0.1265,340,376
ACCATAGATTAATATA,Q282R,0.0000,0.0000,0,1
ACCATAGCAGCGCGAA,I529*,0.4948,0.4948,46,13
ACCATAGCCACCTTTT,,0.1760,0.1760,1431,1137
ACCATAGGGCATCTTC,S207C,0.1834,0.1834,463,353
ACCATAGTACGTCTCA,K328cQ T520C,nan,nan,0,0
ACCATATACCACTATG,P293D,0.6293,0.6293,90,20
ACCATATATATACCAG,M538N,0.1653,0.1653,995,842
ACCATATATTTAGGCA,I517R,nan,nan,0,0
ACCATATCACCACGCG,K50G V420S,0.0000,0.0000,0,3
ACCATATCTACTCCAA,E255K,0.2796,0.2796,4848,2425
ACCATATGAATGAAAT,S113N V395C,0.0000,0.0000,0,6
ACCATATTTTAAAGTT,S65A M268Y,0.7342,0.7342,21,4
ACCATATTTTAAATAC,S101F,0.1373,0.1373,372,379
ACCATCAATACTCAAT,C76A,0.0000,0.0000,0,3
ACCATCAGCTCTTGGT,S65Y,0.0000,0.0000,0,3
ACCATCATAGAGACAG,N169V,0.1782,0.1782,3295,2586
ACCATCATGATACAAG,A188R,0.1412,0.1412,1138,1127
ACCATCATGCACCCGA,K380R,0.1728,0.1728,236,191
ACCATCCAGAAGTGCA,K57P S167F R321T T370A F469L,nan,nan,0,0
ACCATCCTATCTTGAG,G319H,0.0000,0.0000,0,19
ACCATCGAAGGCTATC,E273N,0.2145,0.2145,3294,2148
ACCATCGCATGTAAAC,P254L,0.0000,0.0000,0,10
ACCATCTCAACGTAAT,G100E V377C,0.0000,0.0000,0,2
ACCATCTCCGCCAATT,P140M,0.1386,0.1386,4276,4314
ACCATCTCCTCTCTAC,C473H,0.0000,0.0000,0,3
ACCATCTGAGATGGTG,K120P,0.1159,0.1159,4141,4998
ACCATCTTAAGGCATC,W343G,0.0000,0.0000,0,2
ACCATGAAATAGGAAA,H244W,nan,nan,0,0
ACCATGAAGAGATTTC,,0.1239,0.1239,1601,1807
ACCATGAAGGTAAATT,A138V,0.0000,0.0000,0,35
ACCATGACAGACCTGG,,0.1876,0.1876,2010,1498
ACCATGCATTAGCTAG,,0.0975,0.0975,3739,5364
ACCATGCGGGTGAGAG,A526D,0.0000,0.0000,0,1
ACCATGGACCATCTAG,,0.0994,0.0994,891,1253
ACCATGGCGGATGAAA,D95H P254W V395E,0.0000,0.0000,0,2
ACCATGGTGACCGAAA,L112W,0.0000,0.0000,0,2
ACCATGTACACTCCAT,F338S,0.7591,0.7591,38,7
ACCATGTATTTTAAGA,H110K,nan,nan,0,0
ACCATGTTGACTTGCA,R149K N382V,0.1521,0.1521,6375,5861
ACCATTATAAAATGGT,Q371Y,0.2272,0.2272,52,32
ACCATTATAGCCTTGC,S265G M431I,1.0000,2.1676,31,2
ACCATTCCAACAGGAG,,0.0837,0.0837,2501,4178
ACCATTGATATGCACT,L437R,nan,nan,0,0
ACCATTTACGAAAACC,,0.2061,0.2061,2734,1855
ACCATTTCAACCGAAT,Q282S V505R,0.0000,0.0000,0,6
ACCATTTTATTTACCT,E174W,0.1726,0.1726,1154,935
ACCCAAAAAAACAACA,A287G P293L,0.0000,0.0000,0,9
ACCCAAAAACAAAAAA,,0.1375,0.1375,117,119
ACCCAAAATGATTCCA,S203N I517Y,0.0000,0.0000,0,1
ACCCAAAATTCAGACA,L314N,nan,nan,0,0
ACCCAAAGATAATTAC,H38Y,0.0942,0.0942,299,444
ACCCAAAGATTGGCAA,E107K N197M,1.0000,2.8435,61,3
ACCCAAAGTAGATGCT,D11I G303V W350T,0.1172,0.1172,31,37
ACCCAAATGGAGATCG,,0.0000,0.0000,0,28
ACCCAACATCTCAAAA,I384S,nan,nan,0,0
ACCCAACGAGAGGGAC,V347M F417N,0.0000,0.0000,0,22
ACCCAACGAGATTGGA,I4R P215N,0.0000,0.0000,0,6
ACCCAACTATACTGGT,G271K,0.0000,0.0000,0,23
ACCCAAGGCGAACATT,E255T,0.0979,0.0979,434,620
ACCCAAGTTTACAAAC,Q391Y,0.3959,0.3959,184,65
ACCCAATAACCAGACT,R149V T422N,0.0000,0.0000,0,2
ACCCAATCGAAACAGC,,0.8518,0.8518,67,11
ACCCAATCTGGATTTG,,nan,nan,0,0
ACCCACACGAGCGGTC,V381I,0.1170,0.1170,349,417
ACCCACACGAGCTATA,L108S L176C,0.0000,0.0000,0,6
ACCCACATCTGCCGTA,L527N,0.0000,0.0000,0,3
ACCCACATGTAAACCT,I288T,0.1713,0.1713,686,560
ACCCACCCAAAGCCGT,G303M Q454M,0.0000,0.0000,0,14
ACCCACCCGGAACTAT,G376K,0.1759,0.1759,78,62
ACCCACCCGTCATTCT,C52Y L300M,nan,nan,0,0
ACCCACCTTAGAAACT,L59M G225E,0.0000,0.0000,0,29
ACCCACGATAAAAGAG,E494C,0.1331,0.1331,4333,4552
ACCCACGTTACGTGTA,N210S,0.1898,0.1898,38,28
ACCCACTAACATGAAA,S265H,0.0000,0.0000,0,10
ACCCACTAAGATACAG,P198M,0.0084,0.0084,70,1164
ACCCACTCCACTCCCA,T511K,0.1573,0.1573,693,616
ACCCACTTAAGAAATA,V377I I385H,0.0706,0.0706,54,107
ACCCAGAAGTAAATCT,L71Q,0.0000,0.0000,0,3
ACCCAGAATCAAGACC,K310P,0.3146,0.3146,9,4
ACCCAGACCCGTCGCT,M531Y,0.1537,0.1537,122,111
ACCCAGAGTCCGAGAT,H38R,0.0927,0.0927,242,365
ACCCAGGCGTTCTGTC,Q12P D441S V444L,0.2849,0.2849,55,27
ACCCAGTAAACAACAA,E83S,0.1481,0.1481,143,135
ACCCAGTGTAAGCCCG,D415K,0.0839,0.0839,57,95
ACCCAGTTCTACCAAG,E83V,0.1767,0.1767,5043,3992
ACCCATAGGGACCAAT,K262S G275S I335V,0.4331,0.4331,223,72
ACCCATAGTTAATCAC,I42C,0.2313,0.2313,43,26
ACCCATATAACTGAAA,,0.1504,0.1504,685,637
ACCCATATACGAGTCC,V395N,0.6934,0.6934,119,24
ACCCATATATCAAAGC,L108T K372I,0.1993,0.1993,57,40
ACCCATCAAACCTATC,,0.1094,0.1094,2184,2792
ACCCATCCCCCTCATA,H18Q C473S,0.0000,0.0000,0,3
ACCCATCTGTTCTTAA,S290A,0.0667,0.0667,51,107
ACCCATGAATCAAATT,K216Q,0.0000,0.0000,0,48
ACCCATGAGCCTCTTA,S167F I548Y,0.0000,0.0000,0,4
ACCCATGATGAATGCC,H110V,0.4711,0.4711,64,19
ACCCATGCGTCTGGCG,D231Y,0.0000,0.0000,0,14
ACCCATTACTAAATTT,D241N M530Y,0.0000,0.0000,0,2
ACCCATTATCATGCCG,S523A,0.1895,0.1895,1745,1288
ACCCATTCCCATATAG,W180E,1.0000,1.3705,49,5
ACCCATTCTGCGTTGG,R114L,1.0000,1.4642,178,17
ACCCATTGAACTTATG,P215E,0.7924,0.7924,17,3
ACCCATTGAGCGGAAT,V88D I217G,0.6992,0.6992,60,12
ACCCATTGATGCCCTA,V309Y,0.0000,0.0000,0,1
ACCCATTGCCACTGTT,,0.1494,0.1494,4560,4267
ACCCATTTCTTACGGT,K216N,0.0943,0.0943,151,224
ACCCCAAAGAACTATA,P58R D474N,nan,nan,0,0
ACCCCAACAAGATCAT,I15L,0.1077,0.1077,124,161
ACCCCAACTACGTGCC,L179P I202C,0.0000,0.0000,0,4
ACCCCACCAGTACTGT,E494L,0.1172,0.1172,1485,1772
ACCCCAGACAATATAT,W69M,0.1552,0.1552,1546,1393
ACCCCAGCTGGTTGAG,V66F,0.2752,0.2752,124,63
ACCCCATCTCGATTGC,A93F,0.1962,0.1962,9063,6460
ACCCCATTACTCAATG,G100M,0.1848,0.1848,37,28
ACCCCCAACCAAAAGG,,0.1588,0.1588,460,405
ACCCCCAACTCCCCAC,V395T,0.0875,0.0875,1621,2592
ACCCCCACAAAGTACA,A528D M538W,0.0000,0.0000,0,5
ACCCCCAGACCCAGAA,G465L,0.0000,0.0000,0,7
ACCCCCAGCTAAAACA,D63G,0.0345,0.0345,18,73
ACCCCCATAAAAATAG,D441A,0.3487,0.3487,364,146
ACCCCCATCCCAGATA,V377P,0.0000,0.0000,0,10
ACCCCCATCGGCGCGT,K9W,0.0000,0.0000,0,17
ACCCCCCAAGAACTAA,,0.0166,0.0166,38,320
ACCCCCCATAAAGACC,A188R,0.2036,0.2036,115,79
ACCCCCCCCTTATGAT,T35H Q191E,nan,nan,0,0
ACCCCCCGATACTAGC,E24V E83K,0.0869,0.0869,23,37
ACCCCCCGGCTGGCCA,Q371R N401Y,0.1721,0.1721,251,204
ACCCCCTCATCAAATA,G484M,0.1220,0.1220,1259,1443
ACCCCCTTGTAGAGAG,I124D K412W,nan,nan,0,0
ACCCCGACAACCACTG,I166Q,0.1107,0.1107,1973,2493
ACCCCGATGATGAAAT,R229I,0.0000,0.0000,0,4
ACCCCGCATGTAGCAA,M111F Y486M,0.0000,0.0000,0,18
ACCCCGCTCGTACGAA,I60M,0.1740,0.1740,10788,8671
ACCCCGCTCGTCCTAC,A521P,0.0000,0.0000,0,5
ACCCCGGCGACGTAGA,L402N,0.1184,0.1184,116,137
ACCCCGGGCTATAAAA,K9R S22G Q25R Y98M,0.0000,0.0000,0,40
ACCCCGTTACGACCGA,N483W,nan,nan,0,0
ACCCCGTTTACTGGAG,Q490T,0.0658,0.0658,24,51
ACCCCGTTTCTGACTT,L300V A521E,0.0000,0.0000,0,1
ACCCCTAAACGGCAAA,E508K,0.2097,0.2097,1276,851
ACCCCTAAAGGTTAAA,H244Q A257W,0.1637,0.1637,377,322
ACCCCTAACGCTGTGG,V510H,0.0389,0.0389,137,492
ACCCCTAACTTACGAT,A188G M431H,0.1088,0.1088,235,302
ACCCCTACAAACCAGC,W127D,0.0000,0.0000,0,3
ACCCCTACATATACCG,G72R,0.2861,0.2861,133,65
ACCCCTACGAGGATAA,D474S,0.0865,0.0865,1072,1733
ACCCCTAGAATCCATC,T200N Y351N,nan,nan,0,0
ACCCCTAGATCATCCT,G225I,0.0000,0.0000,0,20
ACCCCTATACATATCA,L-1Q,0.1786,0.1786,475,372
ACCCCTATACCCTGAA,Y195F,0.1033,0.1033,96,130
ACCCCTATGACTACCA,,0.1324,0.1324,6916,7305
ACCCCTATGAGAGGTC,V26D,0.0000,0.0000,0,2
ACCCCTATTAAAGCTA,,0.2325,0.2325,138,83
ACCCCTCCACTTAAAT,R397M,0.0500,0.0500,49,137
ACCCCTGAACTACTTC,P99H,0.0000,0.0000,0,15
ACCCCTGACACACCAG,D231W,0.1795,0.1795,95,74
ACCCCTTAAGGCTTAA,,0.0957,0.0957,130,190
ACCCCTTCTATAAAAT,R499V,0.1406,0.1406,1106,1100
ACCCGAAAGGGAAAAA,,0.1032,0.1032,2077,2814
ACCCGAACAATGAACT,V88C,0.1444,0.1444,701,679
ACCCGAAGAAAGGTTT,R149S,0.0570,0.0570,331,812
ACCCGAAGTACGTTCC,Q513D,0.2331,0.2331,30,18
ACCCGACTACTTTAGA,G100N,0.0000,0.0000,0,7
ACCCGATAAACAATCG,V420F,1.0000,inf,8,0
ACCCGATCATTAATTC,K372A,0.0897,0.0897,354,552
ACCCGATCGCAGAAAG,P198M,0.0360,0.0360,314,1221
ACCCGCACACTTAGAG,D449G,0.1289,0.1289,1182,1282
ACCCGCATAGAGTGTA,D415G,0.1245,0.1245,983,1104
ACCCGCCCACGATATT,H117F,0.3290,0.3290,440,187
ACCCGCCTCGCTTCAT,T436L,0.0000,0.0000,0,25
ACCCGCGCTTATTCGA,T132R,0.1176,0.1176,1317,1566
ACCCGCGTAAGGTACC,R173I S356F,0.1740,0.1740,515,414
ACCCGCTGGAAGTGGC,A91H P215L,0.0000,0.0000,0,8
ACCCGCTGTCACTAGT,S207P,0.0012,0.0012,1,117
ACCCGGGACCGAATCC,M346H,0.0000,0.0000,0,4
ACCCGGTCATATAAGC,,0.1309,0.1309,204,218
ACCCGGTTAAAACGAA,I87K H354L,0.0000,0.0000,0,4
ACCCGTAAACGGGAAA,L122D,0.0000,0.0000,0,18
ACCCGTATTTAAAGCA,K157W,0.1040,0.1040,2197,2954
ACCCGTCTTAATCGTA,Q454I,0.1861,0.1861,1099,826
ACCCGTGAATAAACAC,C52M T378H,0.6499,0.6499,79,17
ACCCGTGCAATGGCCC,N197G,0.0000,0.0000,0,30
ACCCGTGTCACCAGCT,V151Y V347G F469C,1.0000,4.4051,63,2
ACCCTAAAGAAGACTA,T370G F469M,0.0000,0.0000,0,3
ACCCTAAATACGACAA,,0.1927,0.1927,317,230
ACCCTAAATGACAAAT,,0.1752,0.1752,1607,1283
ACCCTAACAGTGAAAC,,0.1961,0.1961,1332,950
ACCCTAAGCTGGTTGT,W69L,0.1959,0.1959,723,516
ACCCTAAGTATAGTCA,E189F,0.3025,0.3025,106,49
ACCCTAATACAGGCAA,Y256S,0.0000,0.0000,0,26
ACCCTAATCGTTCACA,G286N,0.0000,0.0000,0,9
ACCCTAATGTGCCCAG,I123N,0.0771,0.0771,27,49
ACCCTACAGGTTTAAT,,0.1188,0.1188,96,113
ACCCTACATGATGGGT,P125L,0.0000,0.0000,0,8
ACCCTACCTGCGATAT,R212A,0.0884,0.0884,514,813
ACCCTACGCAGCTTCC,H440E,1.0000,inf,27,0
ACCCTAGAGAACCGAA,E83C,nan,nan,0,0
ACCCTATAGTAATGTG,A67L,0.0000,0.0000,0,63
ACCCTATATTAAGACT,Q12Y,0.1612,0.1612,761,660
ACCCTATCTAAACCTA,S167H R321K T370N F469N,0.0000,0.0000,0,19
ACCCTATTAATTGATG,Y161R,0.0000,0.0000,0,1
ACCCTCAGAGCCATTT,H38I,0.1156,0.1156,305,369
ACCCTCAGCCATGAAC,,0.0817,0.0817,1387,2374
ACCCTCATTCCCTTCC,E190Q,0.0230,0.0230,109,663
ACCCTCCCGGCCAAAC,Y161I,0.0000,0.0000,0,2
ACCCTCCGAGCACAAT,,0.1288,0.1288,433,470
ACCCTCGAGTACCGAA,I182H,0.0786,0.0786,454,808
ACCCTCGAGTCGATAC,D159F,0.3596,0.3596,234,91
ACCCTCGCACCGAGCA,H110W,0.2468,0.2468,30,17
ACCCTCTACGAAAAGG,L427Y,0.0529,0.0529,173,457
ACCCTCTCATGGTTGT,L316Y,0.0000,0.0000,0,6
ACCCTGACTTCCAGGG,V34Q,nan,nan,0,0
ACCCTGAGTTAAACAC,Y353D,0.0000,0.0000,0,7
ACCCTGCAAATCGCAA,F294W Q344A,0.0699,0.0699,53,106
ACCCTGCCAAATTCTG,E189K,0.2829,0.2829,352,174
ACCCTGCGGACATATC,,0.1661,0.1661,19,16
ACCCTGCGTTGAAGTG,H298Q,0.3657,0.3657,34,13
ACCCTGGAGGAAACGG,S270R,0.0000,0.0000,0,3
ACCCTTACTTTAGAAA,I42D,0.0000,0.0000,0,8
ACCCTTAGAGTACTAT,,0.1467,0.1467,796,759
ACCCTTAGGCTAAGGA,V347F,0.1156,0.1156,590,714
ACCCTTCAAAACTATC,V36A,0.0000,0.0000,0,1
ACCCTTCCATCATCCA,G68S,0.0707,0.0707,288,570
ACCCTTCCCTTAACTC,K372Y,0.1116,0.1116,2150,2694
ACCCTTCCTTTCAGTC,G100P,0.0000,0.0000,0,12
ACCCTTCGCAAAACGT,P198Y,0.0695,0.0695,1292,2600
ACCCTTCTGGCACGAG,K62W L325H,0.1678,0.1678,1088,907
ACCCTTGTCCAAATTT,E494A,0.1053,0.1053,929,1234
ACCCTTTTAAGATCAT,,0.1921,0.1921,1352,984
ACCGAAAACAAGATTT,,0.3496,0.3496,35,14
ACCGAAAACACGATCA,S167D R321D,0.0572,0.0572,9,22
ACCGAAAACATAACCT,S480P,0.0000,0.0000,0,3
ACCGAAAATACTTGAC,G68V,0.0000,0.0000,0,1
ACCGAAACAATCCACG,I29M,0.6643,0.6643,114,24
ACCGAAACGATTTCAG,P293L G416R,0.0000,0.0000,0,7
ACCGAAACTAATAAAA,,0.1720,0.1720,8068,6558
ACCGAAACTGGATCCT,N172K,0.0784,0.0784,319,569
ACCGAAACTTCTTTAA,T422W,0.0000,0.0000,0,4
ACCGAAATAACATATG,,0.1885,0.1885,8917,6616
ACCGAAATGAACGCCC,G249F K498E,nan,nan,0,0
ACCGAACTAAACCCAA,E358L,0.1247,0.1247,379,425
ACCGAACTACAGCGGT,N250R F469R,0.0000,0.0000,0,2
ACCGAAGCCATATAAT,,0.0000,0.0000,0,115
ACCGAAGCGGTCAAAA,W84S A188T I517N,nan,nan,0,0
ACCGAAGCTAGCGGAC,N410V,0.0658,0.0658,8,17
ACCGAAGGAGATTATC,I13G L316V,nan,nan,0,0
ACCGAAGTCTTAAAAA,R173V,0.0426,0.0426,185,608
ACCGAAGTTATGCTAC,Q513Y,0.1332,0.1332,440,462
ACCGAATATTTTCTAA,I217N,0.2424,0.2424,26,15
ACCGAATCCTTCATGA,T199Y,0.0905,0.0905,1868,2887
ACCGAATTTGAACCGC,L331P,0.2210,0.2210,49,31
ACCGACCAGCCGTGTA,D159M,0.1080,0.1080,1019,1320
ACCGACCCCTTGGTAA,E119M A521P,0.0466,0.0466,1,3
ACCGACCGATAGTGTT,I155A S265N,0.0000,0.0000,0,6
ACCGACCGCGGGACCA,P125V,0.1766,0.1766,24,19
ACCGACCTTTGAGTCA,S492F,0.2074,0.2074,1806,1218
ACCGACGGTTTAGTAG,A218T T520I,0.3013,0.3013,461,214
ACCGACTAGATAGTGG,K450W,0.5644,0.5644,113,28
ACCGACTTACTAAGTA,A160V,0.2096,0.2096,4329,2888
ACCGAGAATTCCTTAT,W421E,0.4195,0.4195,75,25
ACCGAGACTCATTATG,I15N L455H,nan,nan,0,0
ACCGAGAGGCATCAAA,V204H,0.0000,0.0000,0,2
ACCGAGATAAAATACA,E468N,0.1776,0.1776,2370,1866
ACCGAGATAACGGCAT,W153S,1.0000,1.4217,61,6
ACCGAGTGAAGTTAGA,Q40* S221R,0.0000,0.0000,0,3
ACCGAGTTCTTACTAT,T35Y,0.1339,0.1339,4269,4460
ACCGATAACCCGTCCA,K262L,0.0871,0.0871,223,358
ACCGATACCACAATCT,P140W C546*,0.4588,0.4588,187,57
ACCGATACTACTTTCG,,0.0353,0.0353,28,111
ACCGATATACAATGTG,I288E,nan,nan,0,0
ACCGATCTACAACCTC,K125aR F245A,0.0000,0.0000,0,30
ACCGATCTCACACCTC,E119W E368Q M431I D487N,0.2411,0.2411,50,29
ACCGATTAGTTGAAAT,S85Q N475W,0.0000,0.0000,0,1
ACCGATTATATGATAC,N-4C,0.1424,0.1424,786,772
ACCGATTTCCCCAACC,P125G,0.1305,0.1305,449,481
ACCGCAAGTATCGTAT,Q344L D386E,0.1961,0.1961,2627,1873
ACCGCACATCCATGTT,N210W,0.0000,0.0000,0,26
ACCGCACCGAGAGTAA,D77P,0.1948,0.1948,734,527
ACCGCACCTCCTTTCC,E414C,0.5914,0.5914,203,48
ACCGCACTCTTTCTGA,N475D,0.2751,0.2751,1257,639
ACCGCAGGAAGGACCG,Y448P,0.5361,0.5361,23,6
ACCGCAGTGTACGAAC,V135W,0.3919,0.3919,70067,25002
ACCGCATATGTAGGAC,N401R,0.0971,0.0971,4617,6651
ACCGCCCGCACCGTAT,V204P,0.3692,0.3692,66,25
ACCGCCCTAACTCCAA,Y161G N210E,0.0000,0.0000,0,10
ACCGCCGACCAACAGC,W343P Q454I,0.0000,0.0000,0,4
ACCGCCGGTGCGAGTG,V5L,0.1134,0.1134,1261,1555
ACCGCGAGCATAGATA,T37S G72T G271M D487Y,0.0000,0.0000,0,3
ACCGCGAGGATAATTT,P125H D264S,0.1782,0.1782,4064,3190
ACCGCGGATGAAAAAT,G55A E246R,0.4351,0.4351,56,18
ACCGCGTACGATTAGA,I60P S442N E494K,nan,nan,0,0
ACCGCTACCGTCTTGA,,0.1473,0.1473,238,226
ACCGCTATTCTTAAAA,H354F,0.1362,0.1362,341,350
ACCGCTCAACTCGAAA,K269H R482W,nan,nan,0,0
ACCGCTCCATGATACT,R227L D231I R482Q,0.7924,0.7924,68,12
ACCGCTTTTAATTCAA,F294L,0.5529,0.5529,170,43
ACCGGAACAGCAGCCC,I288L,0.2010,0.2010,526,366
ACCGGACAGTACGGTC,V-2W,0.1780,0.1780,3403,2673
ACCGGACCAACACTGC,,0.1274,0.1274,2992,3284
ACCGGACCTCTGATCC,D386C,0.1843,0.1843,1518,1152
ACCGGAGACATTTCTC,K259A,0.0886,0.0886,723,1141
ACCGGCAAACGGTTAC,I115C Y256K,0.0000,0.0000,0,6
ACCGGCAGACCAGCTC,K120L,0.1621,0.1621,1211,1045
ACCGGCCGCTAGGGTG,E414W W537I,nan,nan,0,0
ACCGGCCTTTGGCAAA,P239V,0.1511,0.1511,1218,1127
ACCGGCGAAACCAGCG,A3E,0.0875,0.0875,87,139
ACCGGCTAATAGCCAC,,0.0501,0.0501,180,502
ACCGGCTCTTAACACA,K50Y,0.1340,0.1340,205,214
ACCGGCTGCGAATTTA,,0.2729,0.2729,2379,1219
ACCGGGAAATTTGGTA,A522V,0.2279,0.2279,919,564
ACCGGGCCATATGCCA,G263C,1.0000,1.8040,129,10
ACCGGGCCTTTTATCA,T318Q,0.3996,0.3996,20,7
ACCGGGGAGAAGCACA,L7P,0.0559,0.0559,218,545
ACCGGGTAAACCCTCT,S6W,0.0532,0.0532,344,905
ACCGGTAAAACAACTT,H295R,nan,nan,0,0
ACCGGTATACGATGCC,G72K W421D L534M,nan,nan,0,0
ACCGGTCTAACCAGCT,G484P,0.0000,0.0000,0,5
ACCGGTGCTCAATGAA,N94H,0.1782,0.1782,17918,14060
ACCGTAAAACCGAAAG,,0.1485,0.1485,1649,1553
ACCGTAACACCCTTAT,,0.0996,0.0996,371,521
ACCGTAACCGACCAGA,G249D,0.0000,0.0000,0,11
ACCGTACAAACTAGAC,L176T Q344N,0.1199,0.1199,138,161
ACCGTACTCGGATGAT,N94E,0.1688,0.1688,2615,2167
ACCGTAGATGCGACAT,S519W,0.2597,0.2597,13,7
ACCGTAGTTTTAAATC,T318V,0.1034,0.1034,193,261
ACCGTATGGTGGCAAC,G286I,0.0000,0.0000,0,8
ACCGTATGTCAATTAT,,0.1730,0.1730,741,599
ACCGTATTATAAAGAA,,0.1386,0.1386,3410,3441
ACCGTCAACACATACG,I164E,0.4289,0.4289,184,60
ACCGTCACAAGCACGT,V-2W K445L,0.3550,0.3550,33,13
ACCGTCACCCACACCA,G205K,0.0000,0.0000,0,11
ACCGTCACTGCCAATA,E89C,0.2652,0.2652,55,29
ACCGTCATTCATATAT,T219M V429N,0.4108,0.4108,47,16
ACCGTCCATTTCTAGA,G345E,0.1795,0.1795,964,751
ACCGTCCGTTGCGCGG,,nan,nan,0,0
ACCGTCGAGCCCGTTG,,0.2145,0.2145,2344,1528
ACCGTCTAATTGACTG,G303A M413I,0.0000,0.0000,0,9
ACCGTGACCCGACCTG,,0.1658,0.1658,2493,2103
ACCGTGCCCAACAGAC,W421P,1.0000,inf,19,0
ACCGTGCCGAACACAG,,0.1926,0.1926,3552,2579
ACCGTGGATGAATACT,,0.1872,0.1872,6477,4839
ACCGTGGGTTGGCTGG,E414K E500N,0.4720,0.4720,27,8
ACCGTGTAAAGCTATG,D231Y I502W,nan,nan,0,0
ACCGTTAAATACAATA,T199A,0.0593,0.0593,75,177
ACCGTTACTCAGACGG,V36S,0.0000,0.0000,0,15
ACCGTTAGACAAGGTG,M30E,0.5993,0.5993,60,14
ACCGTTATTCCCTAAC,L70M Q454T,0.2001,0.2001,1285,898
ACCGTTCCGCAACCTG,N379P,0.0000,0.0000,0,5
ACCGTTGACACATCGC,I517C,0.5594,0.5594,36,9
ACCTAAAAACTAATAA,P324N,0.2419,0.2419,3702,2140
ACCTAAAAACTCTTTC,E407C,0.2508,0.2508,156,87
ACCTAAAGAGCGTACG,A528C,0.0892,0.0892,672,1054
ACCTAAATATTACCTA,,0.1643,0.1643,2971,2529
ACCTAACACACCGATA,,0.0996,0.0996,2356,3307
ACCTAACACGGCTACA,,0.0000,0.0000,0,19
ACCTAACCGGGGTTTG,,0.0541,0.0541,60,155
ACCTAACTAAACAATT,Q490F,0.1069,0.1069,230,301
ACCTAACTAATATAAC,L54V,0.1212,0.1212,616,711
ACCTAAGATCTAGTAG,L402T,0.7312,0.7312,183,35
ACCTAAGGATTATAAT,V377S E508W,0.0000,0.0000,0,5
ACCTAAGTGGAAAACC,L428I,0.0000,0.0000,0,79
ACCTAATAAAAGAATT,N296H,0.0729,0.0729,97,186
ACCTAATGCCCATGTG,F79S G228S,1.0000,5.8035,83,2
ACCTAATGGTTAGCAG,N382E,0.0350,0.0350,23,92
ACCTAATGTTCCATGA,V444T,0.1319,0.1319,33,35
ACCTAATTAACCAGTT,Y195L,0.0000,0.0000,0,6
ACCTACACACATTTCG,C277F,0.0000,0.0000,0,1
ACCTACAGGGGGTTCA,V510M,0.1372,0.1372,7432,7573
ACCTACATATGAACCA,L430P,0.0000,0.0000,0,1
ACCTACCAGAGGAGGC,T23N T422*,0.0000,0.0000,0,7
ACCTACCTACCACTGT,T219I,0.0649,0.0649,625,1346
ACCTACCTGAGAACAC,,0.1076,0.1076,1283,1667
ACCTACCTGATAGGTA,I15K R499Y,0.0000,0.0000,0,20
ACCTACGCGGTAGATC,V223R N379E,0.0831,0.0831,274,461
ACCTACTCGGAGCGCT,G376R,0.1327,0.1327,1836,1935
ACCTACTGAACTTCTA,M30S,0.2328,0.2328,676,406
ACCTACTTACTTAGGG,K328cC,0.1063,0.1063,38,50
ACCTACTTTTATCATC,,0.1744,0.1744,2168,1738
ACCTAGAAATACCGAT,A3H,0.0937,0.0937,1457,2174
ACCTAGAATGACTCTC,D231S,0.2046,0.2046,2350,1606
ACCTAGACAGTGAAAG,C473V,0.0000,0.0000,0,22
ACCTAGCGTTCTTAGT,W421K,1.0000,1.4450,31,3
ACCTAGGATCATCCTT,E358W,0.0860,0.0860,721,1173
ACCTAGGATGCGCCCC,V381I,0.0806,0.0806,2296,3982
ACCTAGTCTTGCATAC,K120Q,0.0000,0.0000,0,88
ACCTAGTGCATGCAAA,Q545N,0.1416,0.1416,246,243
ACCTAGTTTGTAAATA,V272H,0.1280,0.1280,716,782
ACCTATAAAAACTATA,W127F,0.1953,0.1953,4343,3110
ACCTATAACCTACCGC,E31R,0.1700,0.1700,795,654
ACCTATACAGGAAAAT,S167I N322L S543Q,0.0000,0.0000,0,2
ACCTATAGTTACTAAG,G181R,nan,nan,0,0
ACCTATATTATTGTAG,S167M T370R F469A,1.0000,2.0044,43,3
ACCTATATTTCACCAT,T46I,0.3776,0.3776,162,60
ACCTATATTTCCCACG,,0.1748,0.1748,1150,920
ACCTATCGTATAAAAC,I302F,1.0000,5.0344,36,1
ACCTATGAATCAGCCA,,0.1433,0.1433,7395,7218
ACCTATTAATTGTCCT,I80D I297Y,0.0000,0.0000,0,2
ACCTATTATTTCTATG,S519F,0.6792,0.6792,34,7
ACCTATTGCCATTCCT,I87T R229K,0.0000,0.0000,0,2
ACCTATTTAGTTTTCC,S221A G463A,0.2849,0.2849,55,27
ACCTATTTGTGTCCCC,K328V,0.1533,0.1533,318,290
ACCTCACAACGGTTAA,N193V D438M,0.0471,0.0471,101,300
ACCTCACATCTCGGGT,L1M A532T,0.1749,0.1749,1651,1320
ACCTCACCCTAATAGG,N483I,0.1479,0.1479,1209,1143
ACCTCAGGCCCAACCC,I217L M538V,0.3623,0.3623,114,44
ACCTCATAACTAACTA,E246C,0.1817,0.1817,1203,926
ACCTCATAATTCTATG,,0.0682,0.0682,274,562
ACCTCATACTTACCTA,S383W,0.5419,0.5419,62,16
ACCTCATATACTATTT,,0.1496,0.1496,231,216
ACCTCATCGCCTTCAG,L316K,nan,nan,0,0
ACCTCATTTGGCTAAT,G342H,0.0000,0.0000,0,3
ACCTCATTTTATTCTC,L133aW,0.2050,0.2050,195,133
ACCTCCACCACCGAAA,L2S,0.1015,0.1015,5376,7404
ACCTCCACTATAACCC,,0.1126,0.1126,1097,1363
ACCTCCAGCGGATGAC,N116Y K216Y,0.0000,0.0000,0,7
ACCTCCATTGAAAAGA,M30T A526D,0.0000,0.0000,0,25
ACCTCCCTAAAACCAC,,0.2326,0.2326,153,92
ACCTCCCTAAGGCATC,L320N,0.0620,0.0620,63,142
ACCTCCCTCACCACGC,E174P T208S,0.0000,0.0000,0,8
ACCTCCCTGTATGGCC,S480K,0.1503,0.1503,358,333
ACCTCCCTTTACATGG,A532D,1.0000,1.6082,23,2
ACCTCCGAATATATCC,K165N,0.0558,0.0558,722,1809
ACCTCCTATTTTAGAT,,0.2354,0.2354,1924,1143
ACCTCCTGTAAATGAA,A365R,nan,nan,0,0
ACCTCCTGTGAGATGC,E174S,0.0690,0.0690,395,801
ACCTCCTTTACTAAGA,N186A,0.0514,0.0514,82,223
ACCTCGAAAGTAAAAG,V451H,nan,nan,0,0
ACCTCGAAATAGTGAT,N400E,0.0000,0.0000,0,7
ACCTCGACATCGGACT,S133P I252T,0.0000,0.0000,0,2
ACCTCGACCTACTGAT,D348F,0.0469,0.0469,216,644
ACCTCGATAATTAAAT,K45D F338E,nan,nan,0,0
ACCTCGGGAGCATAAC,A495C,0.1346,0.1346,641,666
ACCTCTAATTAGATAT,,0.2603,0.2603,242,130
ACCTCTACGGGGCCAA,T171A,0.2498,0.2498,2074,1161
ACCTCTCCAATGTGCT,F392Y,0.0554,0.0554,155,391
ACCTCTCGTAATCGTA,I243F F469*,0.0070,0.0070,1,20
ACCTCTGATAAAAACT,V272T,0.1548,0.1548,372,336
ACCTCTGCTTTTATAG,E414K N424V,1.0000,1.8180,91,7
ACCTCTGTAAGACAAT,V395N,1.0000,1.6781,36,3
ACCTCTGTCGGTGGTC,,0.7167,0.7167,41,8
ACCTGAAACAAGGGGT,L194V E432K,0.6992,0.6992,60,12
ACCTGAACAAAAAATG,N382S L544M,0.0757,0.0757,26,48
ACCTGAAGTCTCCAGA,,0.0892,0.0892,493,773
ACCTGAATATCTGTGC,C64W,0.4303,0.4303,40,13
ACCTGACATCAAATAC,T520I,0.0000,0.0000,0,1
ACCTGATCACAAGTAC,E119H,0.1246,0.1246,942,1057
ACCTGCAACTAACCCC,N483Q,0.1744,0.1744,474,380
ACCTGCATATGATGCA,S492D,0.1655,0.1655,1563,1321
ACCTGCCAAGTAAAAT,V34H A188V,0.0000,0.0000,0,1
ACCTGCGCAGTTTATA,Y17E Y491H,0.0000,0.0000,0,8
ACCTGCGGGTGACGAG,C281Y E368D,0.0000,0.0000,0,16
ACCTGCGTAATTTTTA,Q142I A532P,0.2156,0.2156,663,430
ACCTGCTCTAAAAATG,,0.2690,0.2690,652,339
ACCTGGACCCACAGTG,G100W,0.0000,0.0000,0,7
ACCTGGACTTGACAAA,V8*,0.0000,0.0000,0,1
ACCTGGCACGCGAAAG,F118N F469E,nan,nan,0,0
ACCTGGCACTGGGAGG,M431K,0.0899,0.0899,18,28
ACCTGGCTTATTGGAG,K157P,0.0000,0.0000,0,9
ACCTGGGACATGTTCG,,nan,nan,0,0
ACCTGGGCGGCTGAGA,Y161C D231E,0.0000,0.0000,0,4
ACCTGGTAATAATAAA,R212S K280G,0.0854,0.0854,262,429
ACCTGTAGTATTAGAG,,nan,nan,0,0
ACCTGTATGGTACAAC,H295T W537E,0.2468,0.2468,30,17
ACCTGTCTCGACAGAA,C305M,1.0000,3.2164,46,2
ACCTGTGCATACATTA,A253D,0.0000,0.0000,0,12
ACCTGTGTATGAAATA,G143K,0.0000,0.0000,0,11
ACCTGTTAGCTTGAAA,T35P L447M S524Y,0.0000,0.0000,0,10
ACCTGTTATTAACTAT,,0.1699,0.1699,243,200
ACCTTAAAAACACCTA,K9F,0.0787,0.0787,99,176
ACCTTAAAATCTCAAA,S480T,0.0000,0.0000,0,20
ACCTTAAACCAAAAGA,I124S,0.1511,0.1511,2051,1898
ACCTTAACATAAGACA,K498L,0.1876,0.1876,55,41
ACCTTAAGTGTCCTCA,N54aT,0.0595,0.0595,696,1635
ACCTTAAGTTCTCGAG,S65Q R328bD,0.4994,0.4994,25,7
ACCTTACAAACGCTAA,P489N,0.1899,0.1899,6980,5141
ACCTTACACAAAAAAC,Q211V,0.1160,0.1160,2243,2705
ACCTTACACATAGATA,S290V,0.1386,0.1386,440,444
ACCTTACAGCCCCATG,N169P D366T F469S,nan,nan,0,0
ACCTTACTAAGCCAGT,L402N,0.1216,0.1216,868,998
ACCTTACTCATACATG,P92aL,0.0542,0.0542,359,926
ACCTTAGTACTATTGG,M292S,0.1776,0.1776,2451,1930
ACCTTAGTATAGAGAA,R229G W350K,0.0000,0.0000,0,8
ACCTTAGTTAAAAATG,Y353H,0.0855,0.0855,22,36
ACCTTATAAACAGTCA,I121V,0.2404,0.2404,612,356
ACCTTATAAAGGCGCC,K380L K450W,0.0000,0.0000,0,3
ACCTTATAGTCAATTA,E31C,0.0663,0.0663,154,325
ACCTTATATTCAGTTT,P92aS,0.0952,0.0952,213,313
ACCTTATCAAACACGG,D159A,0.4477,0.4477,397,124
ACCTTATCCTGAGAAT,E493*,0.0000,0.0000,0,4
ACCTTATCTCGAAGTC,N169I Y258Q,nan,nan,0,0
ACCTTATGCCAATGCT,F118I K450R,0.3346,0.3346,67,28
ACCTTATTATGTAACA,D441Q,0.1436,0.1436,386,376
ACCTTCAGGGTCTTGG,T208A,0.1808,0.1808,3224,2494
ACCTTCATATTATTTC,*551G,0.1199,0.1199,120,140
ACCTTCCCTACGAAGT,N92A C549*,0.2781,0.2781,175,88
ACCTTCCCTGTCCCAA,,0.0790,0.0790,554,981
ACCTTCTCGGAAAGGT,S291Y K445G,0.3405,0.3405,56,23
ACCTTGATAGTTCATT,H117S,0.0000,0.0000,0,1
ACCTTGCGGAAGTAAT,E304H,0.1760,0.1760,355,282
ACCTTGCTAGGTGCTC,,0.1768,0.1768,268,212
ACCTTGGCGGTTTAAA,,0.0611,0.0611,201,460
ACCTTGGTATATCCAT,L51Q R173P,0.0000,0.0000,0,3
ACCTTTAAAACTTACA,P125H,0.1570,0.1570,1371,1221
ACCTTTAATAGATGCA,L314Q T370H F469E,0.0000,0.0000,0,4
ACCTTTACGTAATATG,I243K,0.0000,0.0000,0,3
ACCTTTAGAACCCTAC,S442I V451L,0.1681,0.1681,113,94
ACCTTTAGCAGAGGCT,T37G,0.0000,0.0000,0,1
ACCTTTATGCCGGTGT,G72F,0.0000,0.0000,0,24
ACCTTTATGTGTTCAT,G376A,0.2191,0.2191,2407,1536
ACCTTTCAACGGTAGC,N103D A521P,nan,nan,0,0
ACCTTTCACCCTAATC,,0.1716,0.1716,2354,1918
ACCTTTCCCCTGTAGC,M531*,0.0000,0.0000,0,8
ACCTTTCCCTTTGGTG,,0.2286,0.2286,1980,1211
ACGAAAAAAAAAAACA,S480H,nan,nan,0,0
ACGAAAAAAATAGAAT,N400K,0.0695,0.0695,87,175
ACGAAAAATCGACACT,Q226I,0.0069,0.0069,208,4241
ACGAAAACAGCTAAAA,M388Y,0.0000,0.0000,0,1
ACGAAAACATAAAGAA,K45G P254K,0.0000,0.0000,0,14
ACGAAAACATTAAGCT,N296C,0.1037,0.1037,891,1202
ACGAAAACCCCGAGGT,T318G,0.8740,0.8740,25,4
ACGAAAAGTACGACAT,E407F,0.0951,0.0951,728,1070
ACGAAAATAAAAGAAA,E508D,0.1568,0.1568,1857,1656
ACGAAACCTCGCCAGA,T219R P306W,0.0000,0.0000,0,1
ACGAAACGAAATCTAA,A287N,0.0000,0.0000,0,1
ACGAAACGCAGAGCTT,N475G,0.0000,0.0000,0,71
ACGAAAGACAACAAAG,,0.1332,0.1332,8795,9231
ACGAAAGTGTCTAGAG,L43H,nan,nan,0,0
ACGAAAGTTTAACAAG,L122Q,0.1085,0.1085,208,268
ACGAAATAAATAAAAC,P82aH E358H,0.7197,0.7197,211,41
ACGAAATACGCGACAT,,0.1253,0.1253,396,442
ACGAAATCTGTGGCTA,E255D G352F,0.0000,0.0000,0,4
ACGAAATGCGGGAGTT,Y105R S270Y,0.0000,0.0000,0,1
ACGAACAAAGGATTGA,F338V,0.4195,0.4195,30,10
ACGAACAACCTAAATG,L133aH,0.1603,0.1603,259,226
ACGAACAATGGTGGCG,N169S,0.2630,0.2630,79,42
ACGAACAATTATATTG,,1.0000,inf,14,0
ACGAACACAAGGAAAC,G303N,0.0000,0.0000,0,40
ACGAACAGGTGGCGAT,N443Q,0.0832,0.0832,353,593
ACGAACATACCTCTGC,L54I V347L,0.1466,0.1466,3341,3187
ACGAACCACAGTATAT,S185P,0.0468,0.0468,435,1300
ACGAACCTGTGGTGGC,V26W P215G C546S,0.0000,0.0000,0,4
ACGAACTATTATTAAA,R212D,0.0000,0.0000,0,15
ACGAACTCCCAATAAT,S133M,0.0766,0.0766,750,1369
ACGAACTGCTCATTGA,K32M,0.0686,0.0686,106,216
ACGAACTTTTTAAAAA,L71Y,0.0000,0.0000,0,67
ACGAAGAACTATACGA,,0.2034,0.2034,1801,1238
ACGAAGCTCTGAACAC,P162R,0.2383,0.2383,1334,783
ACGAAGCTTTAATTTC,W343S,0.9090,0.9090,26,4
ACGAAGGCTACTACAA,N483R,0.1506,0.1506,42,39
ACGAAGGGTCATATAA,C549Y,0.0000,0.0000,0,12
ACGAAGTATTACAGTA,D41K W69I,0.0000,0.0000,0,25
ACGAAGTCTAATAATG,A287G,0.1621,0.1621,291,251
ACGAAGTTAGAATAGT,W84F,0.0000,0.0000,0,3
ACGAATAGCTGAGCAA,S221A,0.1043,0.1043,4630,6210
ACGAATATAATGAGGT,N20A G319L,0.0000,0.0000,0,7
ACGAATATTGGACATT,S523V,0.0000,0.0000,0,21
ACGAATCAGAACCGGG,W343P,nan,nan,0,0
ACGAATCCATACATAG,N129F,0.2522,0.2522,3886,2155
ACGAATCCCTACTAGA,I42T L237P E494T,0.0000,0.0000,0,8
ACGAATCTAGTACGTA,E78Q,0.1411,0.1411,1817,1801
ACGAATGCATACAGAC,E107H,0.6712,0.6712,24,5
ACGAATGGAAAAAAAA,H38N E255N,0.0807,0.0807,142,246
ACGAATGGAAATTGTA,E501L,0.0000,0.0000,0,42
ACGAATGTGTGAAACC,K280L,0.1551,0.1551,416,375
ACGAATGTTTAAGGAC,P92aI K372M,0.2062,0.2062,174,118
ACGAATTAGATGGAAA,S6G,0.1456,0.1456,1504,1445
ACGAATTGCCTCATTC,G349S,0.0000,0.0000,0,30
ACGAATTGGGCGGATA,G205W M538F,0.6433,0.6433,23,5
ACGACAAAAAATATCA,N169V,0.1959,0.1959,6745,4816
ACGACAATATGCCAAA,,nan,nan,0,0
ACGACAATCCCTGCAA,I529L,0.0864,0.0864,576,932
ACGACAGTAATAATTC,,0.1067,0.1067,3174,4158
ACGACATACCAAACTT,E78W Q222M,0.1447,0.1447,239,231
ACGACATAGCATAAAA,S492Q,0.1233,0.1233,1061,1203
ACGACATCTACCAAAA,E327Y D441M,0.1527,0.1527,131,120
ACGACATGTAATTACA,L71Y F148Y,0.1054,0.1054,4676,6205
ACGACCACGAACTGAA,L43G,0.4129,0.4129,62,21
ACGACCCAACCGAAGG,L51S,0.0000,0.0000,0,25
ACGACCCCACAACAGC,,0.1934,0.1934,4224,3054
ACGACCGATCAAGTAG,D53P,nan,nan,0,0
ACGACCGCGAACACAT,V204M Y353F D441Y,0.0000,0.0000,0,2
ACGACCGGTCAATAAG,N389G,0.0847,0.0847,2973,4911
ACGACGAGGGGAATTC,N224F,0.1903,0.1903,317,233
ACGACGATTGTATTAA,H244G,0.0309,0.0309,88,398
ACGACGCAACCAGCGC,A218M,0.0992,0.0992,638,899
ACGACGCCACCAAAAC,A373K,0.0000,0.0000,0,15
ACGACGGGATCCATAC,D241S S383N,0.0459,0.0459,157,478
ACGACGTTACGGATGC,M-6C K307A C546P,0.0000,0.0000,0,9
ACGACGTTTCCATTCA,S311G I550W,0.0000,0.0000,0,3
ACGACTAAGAAGCAGG,,0.0839,0.0839,3,5
ACGACTAATACAGCCC,G286C G360F,nan,nan,0,0
ACGACTATTGAGGTAG,T378A,0.1399,0.1399,3287,3286
ACGACTATTGCTTACA,G362H,0.1639,0.1639,109,93
ACGACTCAAAAGTGAC,I178S,0.0000,0.0000,0,13
ACGACTCACTCCCTCT,I42*,0.1251,0.1251,34,38
ACGACTCGATTTTAAC,K472H,0.0000,0.0000,0,3
ACGACTTAGACAAATG,I121S K498F,0.0699,0.0699,70,140
ACGAGAAAAAGATAAA,,0.0965,0.0965,223,323
ACGAGAAAAGAAAAAG,Y201D S207I C477R,0.0000,0.0000,0,8
ACGAGAAACAACATCG,W537L,0.2226,0.2226,226,142
ACGAGAAATACATTGA,K216F K307C,0.0000,0.0000,0,9
ACGAGAAGAACACTAA,L300N,0.0961,0.0961,68,99
ACGAGAAGACCGGTGA,T35K N296A,0.0000,0.0000,0,16
ACGAGAAGCTTCTAGA,,nan,nan,0,0
ACGAGAATCCACAGGC,G263- Y470M,0.0412,0.0412,28,95
ACGAGAATTGGGAACA,V34*,0.2020,0.2020,26,18
ACGAGACAAAGAAAGG,E189N,0.2482,0.2482,1736,978
ACGAGACAGCGATCCG,L455Q,0.0000,0.0000,0,9
ACGAGACCATGGAAAA,L497N,nan,nan,0,0
ACGAGATACTTTACCG,M478A,nan,nan,0,0
ACGAGCACAGCCGTAA,F148C,0.0471,0.0471,61,181
ACGAGCGAAATCTCGG,L325G,0.1630,0.1630,2449,2101
ACGAGCGTTAACTACA,D53G,0.1103,0.1103,574,728
ACGAGCTATGAACAAG,,0.0420,0.0420,24,80
ACGAGCTCCTCCGAGA,E479L,0.0835,0.0835,366,613
ACGAGCTTTGACCAAA,L154Y M346V,0.0000,0.0000,0,2
ACGAGGAAAGGATCGA,D474C,0.1618,0.1618,398,344
ACGAGGATGATCTTAT,L455I,0.1865,0.1865,7838,5876
ACGAGGGTTTATTAGA,A144V F469G,0.0000,0.0000,0,8
ACGAGGTAGCTGTAGC,G205M,0.0000,0.0000,0,4
ACGAGTACGACAACAG,D419E,0.1888,0.1888,451,334
ACGAGTATTCATAACT,L314Y,nan,nan,0,0
ACGAGTCGTCAAGAAA,A214E,0.0916,0.0916,2636,4025
ACGAGTCTACCCTGAC,H110P,nan,nan,0,0
ACGAGTGTAAGTAAAC,V451C,0.1387,0.1387,987,995
ACGAGTTGTAGATTTA,D95W S265W,nan,nan,0,0
ACGATAAACTCACCAG,,0.2181,0.2181,262,168
ACGATAAAGCAAATAC,F118R,nan,nan,0,0
ACGATAAGCGAAAAGG,E78M,0.2316,0.2316,1865,1126
ACGATAATCAATTTAA,,nan,nan,0,0
ACGATACACATACTAA,H276V,0.0920,0.0920,121,184
ACGATACAGGGTAAAA,V56K N483H,0.0742,0.0742,112,211
ACGATACGTAAGAGTG,N400I,0.3873,0.3873,36,13
ACGATACTAGCAGAAG,F469D,0.0000,0.0000,0,14
ACGATACTTGGGTAAT,K125aI D441C,0.1582,0.1582,310,274
ACGATAGAGCGCCATA,R496E,0.1499,0.1499,1387,1294
ACGATATACAATGTAG,L418C,0.0000,0.0000,0,5
ACGATATACCCGTTAA,F79V,0.4637,0.4637,126,38
ACGATATACTCGGCTT,S291E S311A,0.1926,0.1926,1715,1245
ACGATATCCGAAGGCG,R326W,0.0561,0.0561,130,324
ACGATCAAACTTCCTG,R547S,0.0625,0.0625,55,123
ACGATCACCGGATTAG,,0.1121,0.1121,222,277
ACGATCACGCGGTATT,Y491P,0.0000,0.0000,0,5
ACGATCACTTACTTAT,C477V W537D,0.0000,0.0000,0,19
ACGATCATAAACCTAT,,0.1362,0.1362,2965,3045
ACGATCATGTCGATCA,Y98V D487T,0.0000,0.0000,0,19
ACGATCTAAGGGAGAC,W421G,0.4831,0.4831,38,11
ACGATCTAATAAAAGT,N-4R,0.1453,0.1453,1093,1052
ACGATGAAAGAGCTAA,L430P,0.0000,0.0000,0,2
ACGATGCCCAAAACGC,H184F,nan,nan,0,0
ACGATGGCGATTTAGC,G484W,0.0420,0.0420,121,403
ACGATGTAATTAAAAC,,0.1346,0.1346,1217,1264
ACGATGTTTAGTACTG,E255Y S492R,nan,nan,0,0
ACGATTAAACAGGCAG,E89N N408S,nan,nan,0,0
ACGATTAACCTGAGAT,N379M,0.1020,0.1020,1207,1655
ACGATTAATTGTAGGT,Q391H Q454S,0.1609,0.1609,2763,2402
ACGATTAGGGTACAAG,E189I,nan,nan,0,0
ACGATTCAAACGATGA,T132N,0.1720,0.1720,9384,7628
ACGATTCGGAAAATCG,E501Y,0.2208,0.2208,300,190
ACGATTTATGATGTAC,L527R,0.0000,0.0000,0,9
ACGATTTATGTTAAGA,S290L G504N,0.2913,0.2913,50,24
ACGATTTATTATTCCA,L427V Q454L,0.0000,0.0000,0,8
ACGATTTTACATTTAA,,0.1349,0.1349,4925,5106
ACGCAAAACAACCTAA,V151H,0.1544,0.1544,10586,9590
ACGCAAAAGGTATTCG,E493K,0.2139,0.2139,780,510
ACGCAAAAGTTAGCAT,,0.1306,0.1306,2015,2157
ACGCAAATAGCGTCTC,D104Q M346K,0.0000,0.0000,0,10
ACGCAAATTACGGTTG,K445P,0.0000,0.0000,0,7
ACGCAACAACGTTAGA,D419N,0.1364,0.1364,437,448
ACGCAACAGTCGTTTA,I4K,0.4895,0.4895,28,8
ACGCAACATACAGTTC,S133G,0.2221,0.2221,2185,1376
ACGCAACATTAACCAT,G134Y,0.0000,0.0000,0,5
ACGCAAGCGCCCTACG,S207P,0.0000,0.0000,0,8
ACGCAAGGGGCTGAAG,D41S,0.1874,0.1874,686,512
ACGCAAGTGGGGTTCC,Q12R E189T,0.3729,0.3729,136,51
ACGCAATACGATAAAT,G55P L428F,nan,nan,0,0
ACGCAATCCTCGCATA,N278F,0.0910,0.0910,1768,2717
ACGCACAGGAATACCC,,0.0914,0.0914,149,228
ACGCACATCTGACATA,S203W,0.0000,0.0000,0,4
ACGCACCGTTCTGCTA,F399S E500G,0.1725,0.1725,751,609
ACGCACTCAATTAATA,,0.1398,0.1398,1,1
ACGCACTCGTTAAAAC,I15C T511W,0.0890,0.0890,2994,4704
ACGCACTCTCACGTTA,K9M G360C,0.0000,0.0000,0,4
ACGCAGAAACACTCTA,,0.0813,0.0813,1673,2879
ACGCAGAGGGAAGGCC,,0.3120,0.3120,29,13
ACGCAGATGCTCTGAG,Y274S,0.2227,0.2227,43,27
ACGCAGCAAGCCCAGT,N158W,0.3545,0.3545,10138,3999
ACGCAGGAAGCAGGAA,S6E,0.1827,0.1827,934,715
ACGCAGGCCCAGCAGC,Q222N M431I S543W,nan,nan,0,0
ACGCAGGTCTCTTCAG,N169W N278T,0.1783,0.1783,793,622
ACGCAGTATCTCTTTA,V66L,0.1072,0.1072,125,163
ACGCAGTCAGGATAAC,P92aV T266N K506T,0.0709,0.0709,243,479
ACGCATAAACAGTAGT,N483V,0.1229,0.1229,29,33
ACGCATACTTAGAGAT,H295L,0.0000,0.0000,0,5
ACGCATATAGCTTCGA,D11S,0.0000,0.0000,0,14
ACGCATCACATGCTTA,V315S,0.0302,0.0302,30,139
ACGCATGATCTCCAAG,G303F,nan,nan,0,0
ACGCATTAATTAAGCT,S167Q N322R T370G F469L,0.0000,0.0000,0,2
ACGCCAATCTGTGGAC,Y105* H471E,0.0000,0.0000,0,2
ACGCCACAGAGGCCGA,D175C,0.1426,0.1426,156,153
ACGCCACTAACTTATT,,0.1123,0.1123,739,920
ACGCCACTATACGGCT,L108P,0.0000,0.0000,0,3
ACGCCAGATAGAAAAG,H298W,nan,nan,0,0
ACGCCAGCAGGAGCCA,,0.1636,0.1636,2219,1897
ACGCCAGCCATCCCGG,,0.1327,0.1327,941,992
ACGCCATTAGTCGAAA,I164W,0.1188,0.1188,1115,1313
ACGCCCCATATGAGAG,R90C,0.0596,0.0596,304,713
ACGCCCGTAGCGCTGA,L209P,0.0000,0.0000,0,4
ACGCCCGTATTACCAG,,0.1500,0.1500,148,138
ACGCCGGCAGTGAGTT,N443V,0.1849,0.1849,78,59
ACGCCGGCGGACCTGA,K269D,0.5069,0.5069,87,24
ACGCCTCAAAGTTAAT,L96N,0.0951,0.0951,134,197
ACGCCTCAGGCCCTCC,V66R,0.0000,0.0000,0,2
ACGCCTGATGTGGGTT,M431T,0.2840,0.2840,262,129
ACGCCTGTGTAGTTGC,C76E,0.0000,0.0000,0,9
ACGCCTTATACAAGGA,F469G S519I,0.0000,0.0000,0,7
ACGCCTTTTACATAAA,S126G,0.1082,0.1082,99,128
ACGCGAAAGCTCTGGT,N357Y,nan,nan,0,0
ACGCGAAATGGCACCA,S167G D175Y R321E T370L F469R,0.0000,0.0000,0,18
ACGCGAACATCAAAAA,D366T,0.4303,0.4303,40,13
ACGCGACAGCATCGCG,,0.2610,0.2610,112,60
ACGCGATAGCACCTCG,N172L A373F,0.0000,0.0000,0,1
ACGCGCACTGTACTTG,R173I,0.1443,0.1443,1104,1070
ACGCGCGTACCAATAA,E434A,0.2291,0.2291,231,141
ACGCGGAATGGCCTAG,N158V,0.0903,0.0903,31,48
ACGCGGACCAAACGCC,R328bD,0.2725,0.2725,76,39
ACGCGGGTGTTCCATG,,0.1025,0.1025,2194,2994
ACGCGGTATTTGTAAA,,1.0000,inf,1,0
ACGCGGTGCTAACCTA,R227W,0.0417,0.0417,57,191
ACGCGGTTCCAAACAT,,0.1620,0.1620,4258,3676
ACGCGTAACAACACAA,E24R T301V Q513C,0.0962,0.0962,634,922
ACGCGTAAGCTTGAAA,A39G,0.1374,0.1374,3431,3493
ACGCGTACCATTAAAC,S167F,0.1111,0.1111,6106,7687
ACGCGTGACAGACACA,S523W,0.0000,0.0000,0,2
ACGCGTGAGGAAACTC,V261Q,0.1993,0.1993,1267,889
ACGCTAACCTCTATTA,I288F,0.2161,0.2161,924,598
ACGCTACTTTGTTCAC,,0.1586,0.1586,8031,7082
ACGCTAGACACCAAAC,D27N R227Y,0.0866,0.0866,39,63
ACGCTAGCGTTTGACA,,0.1360,0.1360,1626,1672
ACGCTAGGCACAATAC,Y86A,nan,nan,0,0
ACGCTAGTCAACTTGT,N169S Y491F,0.2179,0.2179,6576,4220
ACGCTATGGAGAGCGT,L428E,nan,nan,0,0
ACGCTATTAGCAGTAA,N210Y,0.0000,0.0000,0,14
ACGCTATTGAACCACA,Y518K,0.1721,0.1721,32,26
ACGCTCCCGGAGCTAT,D366N L527Y,0.1074,0.1074,63,82
ACGCTCCTCAACAACA,Y488S,0.1363,0.1363,724,743
ACGCTCCTTGTCAGCA,C466I,0.0000,0.0000,0,4
ACGCTCGGCAACTATG,T279S,0.0000,0.0000,0,3
ACGCTCGTACTGTACA,C14R T511E,0.2297,0.2297,23,14
ACGCTCGTTATCAGAT,D41L T283A,0.2824,0.2824,103,51
ACGCTGAAAAGCAATA,G337I,0.3146,0.3146,27,12
ACGCTGATAATAACGA,R329N,0.2198,0.2198,22,14
ACGCTGATATACTTTG,N20M,0.3657,0.3657,136,52
ACGCTGTCGATGTTGG,V481E C549K,0.0000,0.0000,0,19
ACGCTGTTCCATTGAT,K506S,0.1227,0.1227,500,570
ACGCTTAGAACAAAAT,G360D T422H,0.0000,0.0000,0,6
ACGCTTATATCTATCT,F338T,1.0000,1.6781,24,2
ACGCTTCATCTACACA,I202S,0.0716,0.0716,211,412
ACGCTTCGCGTTATTA,N129R,0.4151,0.4151,932,314
ACGCTTGATACTGATA,,0.2699,0.2699,1785,925
ACGCTTGCCAATAGAG,I202F,0.1300,0.1300,53,57
ACGCTTGTCTATTGAC,K120Q,0.1635,0.1635,9463,8094
ACGCTTTATCCCAAGC,G100R,nan,nan,0,0
ACGCTTTGGGCGTAGT,A528D,nan,nan,0,0
ACGGAAAAGGCTGGGC,F417H,nan,nan,0,0
ACGGAAAATATGGCGA,I517M,0.0527,0.0527,495,1313
ACGGAAACTCAGACCT,I335T,0.3651,0.3651,47,18
ACGGAAATGAATAGAA,S480L,nan,nan,0,0
ACGGAACATCGCGATT,D77L L544M,0.1241,0.1241,150,169
ACGGAACCCCACATTG,V420R,0.0000,0.0000,0,2
ACGGAACGTGTAATTA,F332I,0.1693,0.1693,46,38
ACGGAAGCATGTATAC,,0.0474,0.0474,19,56
ACGGAATAATAACCTA,N169K R321L,nan,nan,0,0
ACGGAATAGATAAATT,A138D,0.0000,0.0000,0,40
ACGGAATCTGGAGCAG,S270I,0.0554,0.0554,42,106
ACGGACAACGAGAAAC,K506M,0.0882,0.0882,302,479
ACGGACAAGCGCTTTC,P254W,0.0000,0.0000,0,4
ACGGACACATAACACG,G337R G349L,nan,nan,0,0
ACGGACATAATGAGCC,,0.1526,0.1526,2043,1872
ACGGACCAGTCTGTAT,P74L R456L,0.0000,0.0000,0,3
ACGGACCGGTGCTAAT,R220L,0.0000,0.0000,0,1
ACGGACCTACATTGAA,,0.4055,0.4055,29,10
ACGGACCTTTGACGGA,F467K,0.0000,0.0000,0,2
ACGGACTAAAATCGAC,S524V,0.0000,0.0000,0,5
ACGGACTCTTGATATC,F232M,0.9929,0.9929,355,50
ACGGAGAAAACCTAGG,S167L F469Y,0.1877,0.1877,204,152
ACGGAGAATACCACTT,A459M,0.0823,0.0823,30,51
ACGGAGAATCCTTTCT,L102M D348W,0.2190,0.2190,83,53
ACGGAGAATTGCGGAT,R456A,0.0963,0.0963,1040,1510
ACGGAGACCTAAGCTA,,0.3183,0.3183,305,134
ACGGAGACGAATTAAA,F338W,0.1827,0.1827,3267,2500
ACGGAGATTCTTATTA,A526N,0.1147,0.1147,793,967
ACGGAGCACTCTTCTT,E190S,0.0000,0.0000,0,21
ACGGAGCCATAAGTAC,S167C,0.1192,0.1192,3620,4246
ACGGAGGCGTTCGACA,G225I,0.3305,0.3305,26,11
ACGGAGGTTCATTAAA,C277W T370I,0.0000,0.0000,0,8
ACGGAGTAATAAAGCT,E426P,0.0000,0.0000,0,3
ACGGAGTAGCTTCCCC,R397Q,0.1503,0.1503,1546,1438
ACGGAGTCCAACACCC,K472N,0.1886,0.1886,3387,2511
ACGGATAAAGAAGTGA,E500A Q513M,0.0453,0.0453,133,411
ACGGATACTTCGATGA,N187G,0.0701,0.0701,828,1651
ACGGATAGGCGCATCC,,0.1057,0.1057,1563,2068
ACGGATGACTAAGCTT,E403W,0.8391,0.8391,24,4
ACGGATGGTAACGCAG,E358N,0.1369,0.1369,1732,1769
ACGGATTACCAAATTA,K380L,0.2740,0.2740,672,343
ACGGCAAACACGGTAA,D375T,0.1503,0.1503,4493,4180
ACGGCAAGCCAGGTTA,F332Y,0.0000,0.0000,0,3
ACGGCACAGTCCTCAG,Q282E,0.6393,0.6393,32,7
ACGGCACTGGCCCCTA,I529*,0.1942,0.1942,25,18
ACGGCAGCCGTAAGTC,N54aV,0.1968,0.1968,11153,7926
ACGGCATCCTCACGGT,N92I,0.0000,0.0000,0,54
ACGGCCCAGTGCTTTA,T163Y,0.0000,0.0000,0,20
ACGGCCCTTTATCTTC,P198S,0.1049,0.1049,3,4
ACGGCCTAAAATCAAA,E78Q L213H,0.1291,0.1291,925,1002
ACGGCGAAGTAGGGAA,,0.1376,0.1376,3422,3477
ACGGCGCATGCCGGAT,,0.0709,0.0709,70,138
ACGGCGCCACCAAACT,V5L,0.1427,0.1427,3282,3216
ACGGGAAATATTTGTA,L453V,0.1825,0.1825,2900,2222
ACGGGAAATGCCTACC,V82F N408E,0.1616,0.1616,5930,5131
ACGGGAACTGGTCCAT,,0.2140,0.2140,2653,1734
ACGGGACAAATACCAG,D53E,0.1647,0.1647,1377,1169
ACGGGACTAGACTTGG,E83C,0.2139,0.2139,26,17
ACGGGATAGCCAATAT,L70S,nan,nan,0,0
ACGGGATCGCATTTAA,Y86A,0.0000,0.0000,0,3
ACGGGCCAAGGATGCT,W234C,0.0000,0.0000,0,22
ACGGGTAAGAAAGACT,F79W G345F,0.1987,0.1987,27,19
ACGGGTAATATTTCCC,Y161W,0.1460,0.1460,379,363
ACGGTAAATCATGTAA,V309I,0.4195,0.4195,177,59
ACGGTACGTGTAACTA,I29Q,0.1915,0.1915,230,168
ACGGTACTCACAATGT,C281Y,0.0000,0.0000,0,1
ACGGTCATCTGTGGAC,N289P,0.0751,0.0751,95,177
ACGGTCATTCCACCAT,A67M,0.0659,0.0659,49,104
ACGGTCGCGGATATAA,G225S,0.6992,0.6992,20,4
ACGGTCGTAAAGGGTT,D474M,0.1375,0.1375,3099,3152
ACGGTCTCCTTATATG,D386I,0.1583,0.1583,4219,3726
ACGGTGCCGTAGGCTA,S290G,0.0000,0.0000,0,25
ACGGTGCTCTCCATGC,E500D,0.1028,0.1028,1550,2109
ACGGTTAGAAATGGCC,,0.1590,0.1590,8189,7202
ACGGTTAGAAGTGTCC,Q282W,0.0000,0.0000,0,5
ACGGTTATCGACGTTT,G249N,1.0000,2.2375,16,1
ACGGTTATTACTCCCG,T35L,nan,nan,0,0
ACGGTTGAAATAACTG,,0.0000,0.0000,0,9
ACGGTTGATAATAACA,,0.1661,0.1661,373,314
ACGGTTTAGGTCTATA,E174S,0.1379,0.1379,637,646
ACGGTTTCCTGCCCGG,H471G,0.0000,0.0000,0,4
ACGGTTTCCTTAAAGT,,0.2639,0.2639,100,53
ACGTAAAAAGAGTACA,N446M,0.6319,0.6319,122,27
ACGTAAAAGGAACACA,M346I,0.0308,0.0308,82,372
ACGTAAAATTTAATAA,G249K,0.0000,0.0000,0,5
ACGTAAACACTATCCA,K156P N248E,0.0000,0.0000,0,1
ACGTAAACAGTATCAC,H117M,0.2860,0.2860,319,156
ACGTAAACTAAGACCA,S524N,0.0000,0.0000,0,9
ACGTAAATTATCCATG,,nan,nan,0,0
ACGTAACACTACAAAA,V135R,0.4195,0.4195,30,10
ACGTAACAGTCGTACA,F118H,0.1479,0.1479,2343,2216
ACGTAACTAAAAGCAA,Q490S,0.3671,0.3671,273,104
ACGTAACTATTCACCA,,0.1600,0.1600,5895,5151
ACGTAAGACAAACGTA,L453I,0.1595,0.1595,4262,3736
ACGTAAGACTGCACAA,,0.0000,0.0000,0,11
ACGTAAGATTCACAAT,,0.1411,0.1411,2481,2459
ACGTAAGCCCAGGTAT,,0.1128,0.1128,2386,2958
ACGTAAGGGGATTCAT,,0.5594,0.5594,16,4
ACGTAAGGTCTATGCA,W421K,0.0000,0.0000,0,1
ACGTAAGTTTAAAATA,T206E,0.0000,0.0000,0,10
ACGTAATACTTTATAA,H18D,0.0000,0.0000,0,8
ACGTAATAGAAACTAC,,0.1580,0.1580,4446,3934
ACGTAATCAAACTACA,G342R,0.0000,0.0000,0,8
ACGTAATGGCGCCTTA,I60K,0.0000,0.0000,0,4
ACGTAATGGGATTCCC,I155S,0.0308,0.0308,132,599
ACGTACCCCCTAGAGA,V135P L544M,0.2747,0.2747,55,28
ACGTACCTAACTAAGA,,nan,nan,0,0
ACGTACTAAAAAGTAC,N33M,0.0986,0.0986,74,105
ACGTACTAAGTGCGAA,L209P,0.0000,0.0000,0,1
ACGTAGAAAGAAAGCA,L213H,0.1266,0.1266,1555,1718
ACGTAGAAAGCCGTGG,N210I,0.0000,0.0000,0,9
ACGTAGAGAACTCATA,R499T,0.1539,0.1539,317,288
ACGTAGCCTGCGTCTT,A91S,0.1475,0.1475,1375,1304
ACGTAGTAAACCATAA,G465C,0.0000,0.0000,0,4
ACGTAGTCCCTTTTAT,P299L,0.1252,0.1252,274,306
ACGTAGTTAAGAAACG,L133aK,0.3171,0.3171,127,56
ACGTATACTGAAGCAA,C52M,0.0000,0.0000,0,16
ACGTATATCAATATAT,T301E N464V,0.0000,0.0000,0,2
ACGTATCAATAAGATA,T485C,0.0840,0.0840,652,1086
ACGTATGCCCAATGAG,N408M,0.1252,0.1252,60,67
ACGTATTACATCAAAA,I514R,0.1667,0.1667,87,73
ACGTATTAGAATAGTT,E479P,nan,nan,0,0
ACGTATTAGTTGAAGG,Y256M,0.0853,0.0853,1072,1758
ACGTATTCGTAGTATT,K262Y M431F,0.2386,0.2386,29,17
ACGTATTGGGGAACAT,,0.1865,0.1865,16,12
ACGTATTTCAACTCGC,N186L E407W,0.9509,0.9509,34,5
ACGTCAAAAAATAAAA,,0.1380,0.1380,3926,3978
ACGTCAAAACAAAGCA,L70S I252W,nan,nan,0,0
ACGTCAAATAAGCAAC,A459H,0.0000,0.0000,0,3
ACGTCAACGAAACCAT,N464Y,0.1091,0.1091,1444,1851
ACGTCAAGAAGATTAG,D104K E432K,nan,nan,0,0
ACGTCAAGTAGTCACC,,0.1895,0.1895,5161,3809
ACGTCACACTGGTCCC,T378D,0.1076,0.1076,431,560
ACGTCACCTAGCTGAA,,0.1398,0.1398,22,22
ACGTCAGCTGTTCCAC,I339W,0.0000,0.0000,0,7
ACGTCATAAAAACACA,V510L I550N,0.0000,0.0000,0,17
ACGTCCAAGTGAACAA,I123M,0.2218,0.2218,1591,1003
ACGTCCACTTATACAC,,0.1249,0.1249,109,122
ACGTCCCATGCCCGTG,,0.1399,0.1399,1429,1428
ACGTCCTTTAGGACCC,H276P W421V,nan,nan,0,0
ACGTCGCTGACCGTAG,L316Y,nan,nan,0,0
ACGTCGGCCAATAAAA,I217A,0.0188,0.0188,31,231
ACGTCGTAAACGCATG,E190F,0.2797,0.2797,26,13
ACGTCTAGACCAGCAC,V309T,0.0820,0.0820,462,788
ACGTCTCCATGAGCTG,I60Y,0.1804,0.1804,729,565
ACGTCTCTTGGATAGC,V505L,0.1604,0.1604,468,408
ACGTCTGACCATAGTT,G342W,0.2051,0.2051,22,15
ACGTCTGCCGAAGTCT,C14L G352P,nan,nan,0,0
ACGTCTTGAAGGTGTA,T23I,0.8979,0.8979,122,19
ACGTGAAGTCAACAAA,N458A,0.0788,0.0788,364,646
ACGTGACACAGTGGAC,E-5T,0.0000,0.0000,0,5
ACGTGACCTGGATCAC,Q226S,0.0000,0.0000,0,17
ACGTGACTACATAACT,V505T,0.1771,0.1771,2021,1596
ACGTGACTACTGGTAT,L455M,0.0685,0.0685,172,351
ACGTGCAAACCCTAAA,Q391W,1.0000,1.8379,92,7
ACGTGCCTATATGCAC,K372R G376W,0.4079,0.4079,140,48
ACGTGCGAAACTATTA,L194D,0.0000,0.0000,0,6
ACGTGCTATAATATAC,P215C,0.0815,0.0815,109,187
ACGTGCTGATGCTGAT,S203A,0.1310,0.1310,238,254
ACGTGCTTATCGAAGT,E479M,0.0366,0.0366,119,455
ACGTGGAAGCTGAATA,Y141F I288E,0.0000,0.0000,0,13
ACGTGGAATAGACTAC,,nan,nan,0,0
ACGTGGAATCTCTCAG,A91E G504C,0.2263,0.2263,123,76
ACGTGGACGAGAATAG,A425R,nan,nan,0,0
ACGTGGACGCGACCGA,D419Y,0.0870,0.0870,28,45
ACGTGGCCCTCTGATC,I87C,0.4720,0.4720,27,8
ACGTGGCTGTCACCTC,T192A,0.1773,0.1773,7795,6147
ACGTGGTATATTTTTT,N169I L507S,0.3906,0.3906,257,92
ACGTGTATAATCAGGC,A218L,0.1411,0.1411,1029,1020
ACGTGTCACCCAGAGA,V315I M431W,0.0765,0.0765,279,510
ACGTGTCTAACGATAT,Q226* I243T,nan,nan,0,0
ACGTGTCTACGAATTA,E78* K120S,nan,nan,0,0
ACGTGTTAACTGATAG,I-3M I182A L418Q,0.0355,0.0355,83,327
ACGTTAAACACCTACA,A160I,0.2733,0.2733,4217,2158
ACGTTAAACTATAGTC,V82C,0.1849,0.1849,1228,929
ACGTTAAATTTAAATT,,0.1229,0.1229,5929,6745
ACGTTAAGGGTTCAAA,I297H,0.0000,0.0000,0,2
ACGTTAGACTGCATAA,N443H,nan,nan,0,0
ACGTTATAGACCGCAT,Y201E,0.0687,0.0687,189,385
ACGTTATCCACCACGG,Y491T,0.3409,0.3409,39,16
ACGTTATCGTAAATAG,I13V,0.0929,0.0929,2525,3802
ACGTTCAAAAAATATA,E479K Y518T,0.0000,0.0000,0,10
ACGTTCAACTCCAGGC,K506Y,0.0357,0.0357,46,180
ACGTTCCCAGGTGGGG,,0.2540,0.2540,634,349
ACGTTCGATGTTACTC,I80K S167Y L455I,0.2118,0.2118,315,208
ACGTTCTAACAGAACT,T206N,0.0280,0.0280,1,5
ACGTTCTATAAGACGA,K196G,0.1338,0.1338,527,551
ACGTTCTCATCACAAA,S6E,0.0842,0.0842,1380,2293
ACGTTCTGATTGGTAA,F79W,0.0702,0.0702,426,849
ACGTTCTTCAAATACC,V34G,0.0000,0.0000,0,2
ACGTTCTTGCGGAGTA,K165F M346I,0.1557,0.1557,187,168
ACGTTGAAATCTCGAA,,0.1459,0.1459,1443,1383
ACGTTGACTGATATCA,,0.2579,0.2579,1230,667
ACGTTGAGCCTCAAAA,R499P,0.1165,0.1165,115,138
ACGTTGATAGTACTGC,Y86D,0.0000,0.0000,0,1
ACGTTGCCACGTATGA,,0.1600,0.1600,4547,3975
ACGTTGCCTAAGAACA,V451S,0.2063,0.2063,59,40
ACGTTGCGTTGTAATT,,0.1491,0.1491,643,603
ACGTTGGCTAAATGAA,A160V Q191S,0.0000,0.0000,0,1
ACGTTGGTAGCAAATC,N296F S523C,nan,nan,0,0
ACGTTTAACACTTTGG,T192M L507E,0.1085,0.1085,104,134
ACGTTTAACGTCCGCG,G333P E493T,0.6611,0.6611,52,11
ACGTTTACAACAATGC,S167I R321S T370R,0.0000,0.0000,0,8
ACGTTTACCTTAAAGC,G181D R482H,0.0000,0.0000,0,12
ACGTTTATAACTGTAC,W84R,0.3916,0.3916,28,10
ACGTTTATACTTTAAG,C52R,0.0000,0.0000,0,5
ACGTTTATGTCGGCTG,V272L,0.1832,0.1832,38,29
ACGTTTATTAACCTTC,G72M,0.1678,0.1678,7008,5839
ACGTTTCTCAAAGTAA,H38P,0.1355,0.1355,31,32
ACGTTTGATTGGGCAC,N401V,0.1974,0.1974,1749,1239
ACGTTTGTACCAAAGG,,0.1514,0.1514,5650,5220
ACGTTTTTAACCCAAG,C76W,0.0000,0.0000,0,8
ACTAAAAATTTCTTAA,P284D,0.0000,0.0000,0,5
ACTAAAACACAGCTGT,W421L,0.0000,0.0000,0,2
ACTAAAACGAAGGGAG,,0.0920,0.0920,2658,4039
ACTAAAACTACTACAT,L331H,0.5244,0.5244,15,4
ACTAAAAGCCTAACCT,,0.0000,0.0000,0,5
ACTAAAAGGAACTAGT,G342C,0.1486,0.1486,17,16
ACTAAAATAAACATAA,,0.0586,0.0586,250,597
ACTAAAATACTATGAT,K498H,0.1329,0.1329,1152,1212
ACTAAAATATATACTC,L409Q,0.0000,0.0000,0,1
ACTAAAATCCTTCTCT,,1.0000,inf,37,0
ACTAAAATTAAACCCA,V152W,nan,nan,0,0
ACTAAAATTAAACCCT,L-1G,0.1087,0.1087,338,435
ACTAAAATTCTATAAG,N389C,0.1684,0.1684,7599,6312
ACTAAACAAAATCATC,,0.1892,0.1892,2609,1928
ACTAAACATATTAGTC,W350I E426M,1.0000,1.2586,18,2
ACTAAACATTCCTAAT,Q226S K445T,0.0000,0.0000,0,1
ACTAAACCAATATCAA,G342Y,0.0000,0.0000,0,2
ACTAAACCATAACACA,,0.0621,0.0621,419,944
ACTAAACGGGCCATTA,F294V,0.0000,0.0000,0,15
ACTAAACTATACGCCC,E479T,0.1121,0.1121,714,891
ACTAAACTATTATCCG,E255V,0.2276,0.2276,5742,3528
ACTAAACTGTAAAAGT,H47E,1.0000,1.0488,30,4
ACTAAAGTGAGATATA,L428D,nan,nan,0,0
ACTAAAGTGAGCAAAT,M-6C L544V,0.0000,0.0000,0,5
ACTAAATAATACTTTT,N94W,0.1419,0.1419,353,348
ACTAAATCCACGCCAC,H295S,0.1472,0.1472,721,685
ACTAACAAATACATCA,,0.1671,0.1671,49,41
ACTAACACAAAGCACA,R229F D441N,1.0000,1.2586,27,3
ACTAACACTCACTTAG,,0.2223,0.2223,1146,721
ACTAACAGAAAAAAAT,A532F,0.1891,0.1891,411,304
ACTAACAGTAGAGGAC,E494L,0.2352,0.2352,565,336
ACTAACATAATTAAGA,T520G,0.1702,0.1702,140,115
ACTAACATTCATCCGA,,0.1787,0.1787,4984,3900
ACTAACCAACCCGCTT,,0.1758,0.1758,1197,952
ACTAACCTACGTTTAC,,0.2628,0.2628,312,166
ACTAACCTATATATAT,D415I,0.0000,0.0000,0,24
ACTAACGCGTCTGCCC,V223A G337R A528D M538C,nan,nan,0,0
ACTAACTCTTAAGTTT,K387L,0.3012,0.3012,28,13
ACTAACTGAACCCTAG,I15D I374A,0.0000,0.0000,0,11
ACTAACTGACCTGACT,,0.1586,0.1586,1158,1021
ACTAACTTTCGTGACC,T206K,0.0000,0.0000,0,13
ACTAAGAACGAACGAA,E500A,0.1372,0.1372,1404,1431
ACTAAGACATCAACCC,E190I,0.0000,0.0000,0,34
ACTAAGACATCAGTTG,L2Q,0.1349,0.1349,163,169
ACTAAGACTAGCTCGC,V8C,0.1306,0.1306,99,106
ACTAAGAGGGCAGGAA,M268I G303S,0.0000,0.0000,0,3
ACTAAGATGGGCTGGC,L102F P162W,nan,nan,0,0
ACTAAGATTGTATTAT,S133T,0.2123,0.2123,1275,840
ACTAAGCATTGGAGAT,,0.1536,0.1536,369,336
ACTAAGCCAAATTCGT,P254D C549L,0.0000,0.0000,0,4
ACTAAGCCACGAGCTA,I297R,nan,nan,0,0
ACTAAGCGACGGACCC,L418Q,0.0779,0.0779,420,754
ACTAAGCTACAGCCAT,L320E *551A,0.1865,0.1865,24,18
ACTAAGGAATCTTATA,E434R,0.1710,0.1710,417,341
ACTAAGGGAAGAGTTA,A522Y,nan,nan,0,0
ACTAAGGGGAAAAAGC,N446R,0.1803,0.1803,245,190
ACTAAGTGACAACTGG,R328bS,0.1918,0.1918,3518,2565
ACTAAGTGTACCTAGA,I302P,0.0000,0.0000,0,4
ACTAAGTTCTTTAAAA,H295P,0.0000,0.0000,0,3
ACTAATAAGACTAACT,N278I,0.1168,0.1168,243,291
ACTAATAATTTAAATT,,0.1711,0.1711,1561,1276
ACTAATACAAACGGTG,Y195C Y201C N278L,nan,nan,0,0
ACTAATACACAGCACG,F469S,0.5734,0.5734,41,10
ACTAATAGTTCACATC,Q359H,0.2419,0.2419,3983,2303
ACTAATATCCATATCT,H38S L427M,0.0716,0.0716,21,41
ACTAATATCTCATTAC,,0.1735,0.1735,9449,7614
ACTAATATGAGTGAAG,,0.1924,0.1924,2795,2032
ACTAATCAATTCAACG,E-5W T301V,0.1822,0.1822,2525,1938
ACTAATCCAATATAAA,E31* S207E,nan,nan,0,0
ACTAATCCATGCCACT,N48A Y161S,nan,nan,0,0
ACTAATCTTTCTTAAA,K450Y,0.1384,0.1384,477,482
ACTAATGAGGTAACGT,Y363W,0.0495,0.0495,410,1159
ACTAATGCCATGCCGT,T378W,0.1799,0.1799,377,293
ACTAATTCGTAAATGT,L455Y,0.0000,0.0000,0,2
ACTAATTTAAAAAATC,E78H,0.1149,0.1149,1694,2062
ACTAATTTGCATACGT,N169S T370N F469P,0.0000,0.0000,0,2
ACTACAAATTCGAACC,,0.2092,0.2092,2301,1538
ACTACAACAGGCACAA,Y258P,0.0000,0.0000,0,23
ACTACAACCAGCTGAT,,0.1762,0.1762,2972,2359
ACTACAACGGACTGCC,,0.1523,0.1523,2658,2440
ACTACAATCCATAGCA,,0.0951,0.0951,3116,4584
ACTACAATTTCATGAC,V5F L409E,0.0000,0.0000,0,9
ACTACACAAAATATAT,I182D,0.0000,0.0000,0,2
ACTACACATTTGCACA,S167V N322P,0.0839,0.0839,18,30
ACTACACCAAATCAAA,G330N R499W,0.5594,0.5594,128,32
ACTACACCACATGTCA,,0.1070,0.1070,423,553
ACTACACCGTCTCAAC,,0.1438,0.1438,4925,4791
ACTACAGAACTGCTGC,G263V P489M,0.1154,0.1154,424,514
ACTACAGACGCACGGC,D441L,0.1466,0.1466,305,291
ACTACAGACTTAAGTA,,0.0369,0.0369,24,91
ACTACAGGTGTCGCTA,T266P,0.0932,0.0932,6,9
ACTACATAAGAGACCT,E501G,0.2371,0.2371,356,210
ACTACATATGACAATA,F233D,0.0000,0.0000,0,44
ACTACATTAAACAATC,V34L L515V,0.0000,0.0000,0,2
ACTACATTACAAAATA,I15D,0.0000,0.0000,0,5
ACTACCAAGTATACTC,F147M,0.1409,0.1409,269,267
ACTACCAGTAGACACC,E174P,0.3433,0.3433,27,11
ACTACCATAAGTATAA,K307E,0.0000,0.0000,0,4
ACTACCATCTAGACAG,Q40R P99T R329N S535N,nan,nan,0,0
ACTACCATTTCCCCTA,G275F,0.2140,0.2140,2777,1815
ACTACCCACTTAAATA,S167F H471I,0.0000,0.0000,0,13
ACTACCCCCCTAAACA,K472A,0.0579,0.0579,111,268
ACTACCCCCTAAGTTG,I374M,0.1181,0.1181,1208,1430
ACTACCCCGCAAACAT,A144T,0.0928,0.0928,428,645
ACTACCGAGGATACAA,,0.0000,0.0000,0,17
ACTACCGTTAAATAAC,V151I,0.2556,0.2556,1844,1009
ACTACCTCTCGATTGT,R81W,0.1069,0.1069,198,259
ACTACCTTACCTCAAG,I202R,0.2797,0.2797,24,12
ACTACGACCTAACACA,H18S,0.1453,0.1453,9538,9179
ACTACGAGCTAATCAG,G352D,0.0000,0.0000,0,8
ACTACGCGTGTCTTAT,V420C,0.2311,0.2311,1000,605
ACTACGGGAATAATAA,I164Q E304K E501K,0.1538,0.1538,220,200
ACTACGTAAGATCCAT,E119C,0.1105,0.1105,275,348
ACTACTAAAACAGAAT,K380C,0.0000,0.0000,0,3
ACTACTAAACCCCAGA,,0.1037,0.1037,241,325
ACTACTAAAGCACATT,,0.0740,0.0740,18,34
ACTACTAACACAACTC,Y98P K411D,0.0000,0.0000,0,7
ACTACTAAGCTAACAA,V261G,0.1737,0.1737,441,355
ACTACTACGAACCGTA,A242Q,0.1153,0.1153,1086,1317
ACTACTAGTGAACCTT,L320C,0.1606,0.1606,340,296
ACTACTATACTACTCC,N410V,0.1136,0.1136,13,16
ACTACTCCCGTCCCTC,V223Y A528V,0.0000,0.0000,0,5
ACTACTGGAGTCCGAT,R173Q,0.1550,0.1550,1210,1092
ACTACTGGGAATGTAT,R452G,0.0891,0.0891,237,372
ACTACTTACTGTATAC,T283V,0.0000,0.0000,0,2
ACTACTTGTTCAACAT,P82aY L544I,nan,nan,0,0
ACTACTTTCGTTATGA,Q25M,0.2797,0.2797,92,46
ACTAGAAAACTAACTC,L325A,0.2068,0.2068,6014,4066
ACTAGAAACAAGCATC,,0.0000,0.0000,0,1
ACTAGAACTAACCTAC,Y17T,0.0000,0.0000,0,9
ACTAGAACTAAGAAAA,I87V,0.1311,0.1311,90,96
ACTAGAATAACATAAT,T436R,nan,nan,0,0
ACTAGAGGAACGATCA,,0.0000,0.0000,0,6
ACTAGAGGAATCAATA,L176T,0.1434,0.1434,3807,3712
ACTAGAGTGCGACATC,V135F,0.3602,0.3602,7250,2815
ACTAGAGTTACTAAGT,E407R,0.2154,0.2154,231,150
ACTAGATCAGATAAAT,K269C,0.0933,0.0933,1325,1987
ACTAGATGATCCTGAA,N443Y,0.0000,0.0000,0,15
ACTAGATTTATGAGGT,K45F K280W,0.0000,0.0000,0,7
ACTAGCCAATGAAAAC,S133N E407D,0.2052,0.2052,3029,2064
ACTAGCCAGAAGTATT,K216S,0.0582,0.0582,711,1708
ACTAGCGATAGAAACT,N446Y,0.1079,0.1079,27,35
ACTAGCGCATTATAAA,,0.1659,0.1659,4111,3466
ACTAGCGGTTTACAAC,,1.0000,1.5383,22,2
ACTAGCGTTTTACTAA,K269R,0.1564,0.1564,6116,5468
ACTAGCTGCTCCCACG,,0.0956,0.0956,4461,6524
ACTAGGAACATAAAGG,R90P,0.2483,0.2483,2285,1287
ACTAGGATAGCAAACA,,0.0986,0.0986,1376,1951
ACTAGGCAAATATTTA,A138M,0.0000,0.0000,0,7
ACTAGGCAAGAGGGCG,S369N V481N,0.7924,0.7924,17,3
ACTAGGCATAAAACCC,K9Q,0.1065,0.1065,99,130
ACTAGGCGCTCCACCT,H295V,0.0000,0.0000,0,6
ACTAGGGCGTAAGCCC,I80C C277Y,0.0000,0.0000,0,1
ACTAGGTATCCCAGTT,L325G,0.1956,0.1956,579,414
ACTAGGTTAACAACAC,,0.0000,0.0000,0,1
ACTAGTAATAAAGCTG,N-4A,0.1429,0.1429,283,277
ACTAGTACATTTCAAA,K412Q,0.0168,0.0168,16,133
ACTAGTACTTCTCCAG,K445N,0.1842,0.1842,83,63
ACTAGTCGCAAAAAAG,D11M F469G,0.0000,0.0000,0,23
ACTAGTGATGGATAGT,R321K,0.0705,0.0705,1247,2473
ACTAGTGGACATGATT,K9F,0.0813,0.0813,2093,3599
ACTAGTTAATGATAAC,F251W,0.2076,0.2076,3359,2263
ACTAGTTAGAACCAAA,L7K L544T,0.0000,0.0000,0,6
ACTAGTTCACTAGATA,V34K I406G,0.0054,0.0054,1,26
ACTAGTTGCAACCTTG,,0.1369,0.1369,2503,2556
ACTATAAAACAGTTCA,E-5I,0.1526,0.1526,7161,6564
ACTATAAACGAAATAC,L108H W350Y A394S,0.0000,0.0000,0,15
ACTATAAGAGTGTCAA,P74Q C76F,0.0000,0.0000,0,2
ACTATAAGCCGTTTAC,,0.1479,0.1479,898,849
ACTATAATGATAAAAG,N-4Y,0.0000,0.0000,0,19
ACTATAATTGACATGC,N172C M531H G533C,0.1780,0.1780,42,33
ACTATACACTTCACCG,,0.1695,0.1695,984,812
ACTATACCGTGACAGC,N116K E493Q,0.0000,0.0000,0,11
ACTATACTCATGAAAA,S85T,0.1376,0.1376,61,62
ACTATAGACCTGCTTG,I384K,nan,nan,0,0
ACTATAGAGGCATTTA,E407G,0.0645,0.0645,36,78
ACTATAGCACGAGCAC,A138V I406N S523E,nan,nan,0,0
ACTATAGGAACATCGG,,1.0000,inf,12,0
ACTATATAGTAGGTAT,,0.2295,0.2295,471,287
ACTATATCATAAGAAA,N186S K307Y,nan,nan,0,0
ACTATATGACCAATAA,S146R A394P V395D,nan,nan,0,0
ACTATATGACCTTTTA,I267P,nan,nan,0,0
ACTATATGTGTAAAGT,L527K,0.0000,0.0000,0,6
ACTATATTTTATCACT,L527D,0.0000,0.0000,0,4
ACTATCAATGTTCAGC,N410G,0.1589,0.1589,2289,2014
ACTATCACAACGTCCG,E501F,0.1805,0.1805,373,289
ACTATCACCATAAACT,S6R,0.1058,0.1058,767,1014
ACTATCACCTCTCTGC,G228P I502E,0.0000,0.0000,0,11
ACTATCAGTTGCTTTC,D95M K157V,0.0000,0.0000,0,7
ACTATCATCATGAGAT,T46*,0.0000,0.0000,0,9
ACTATCATCCGTATCC,,0.1284,0.1284,235,256
ACTATCATGGAAGATG,H183F E190*,1.0000,2.0277,29,2
ACTATCATGTTACTCA,M431K,0.1040,0.1040,58,78
ACTATCCACTCGTTCA,L544Q,nan,nan,0,0
ACTATCCCATAAAGAC,K472Q,0.0598,0.0598,47,110
ACTATCGAGTACAAAC,R482L,0.0000,0.0000,0,18
ACTATCGATGTTACAA,N73K I217D E403Y,1.0000,2.1676,62,4
ACTATCGGCAGCCCCC,V429H,0.0000,0.0000,0,2
ACTATCGTGGCACCAA,,0.1460,0.1460,1447,1386
ACTATCTAAACTGAGA,,0.1758,0.1758,1003,798
ACTATCTAGGAATGTA,P293C,0.0000,0.0000,0,2
ACTATCTGCCATAAAA,S126Y,0.1171,0.1171,4129,4929
ACTATGAAAGTTCGCA,A532V,0.1853,0.1853,167,126
ACTATGACAGTAATCA,F245W,0.1254,0.1254,373,416
ACTATGATACCCATAT,I115R D264Y,0.0000,0.0000,0,3
ACTATGCGCCGTGAGC,N289D,0.1041,0.1041,799,1073
ACTATGGAATGATTCA,,0.2510,0.2510,131,73
ACTATGGCGGGAAATA,A495W,0.1248,0.1248,613,687
ACTATGGGTAGATAAA,N408A,0.2101,0.2101,607,404
ACTATGTCATGCGAAA,C277R P293S,nan,nan,0,0
ACTATGTGGAAATTGT,S185E,0.0000,0.0000,0,16
ACTATTACAAATTGCA,S10E,0.0000,0.0000,0,1
ACTATTACTGGCCGGT,E106M,0.1573,0.1573,2881,2561
ACTATTAGCTTTGTCA,I406C,nan,nan,0,0
ACTATTCATACTATGG,G333M,0.1013,0.1013,223,308
ACTATTCCCCAACGCG,R328bY H471R,0.7458,0.7458,48,9
ACTATTCCCTTCAACG,N169S,0.2714,0.2714,1473,759
ACTATTCCTAGCGTAA,E426Y,0.0000,0.0000,0,12
ACTATTCTATCAAAAT,,0.1461,0.1461,681,652
ACTATTCTCAAACATA,F469Y,0.1576,0.1576,453,402
ACTATTGATTAGCATA,L331H,0.0000,0.0000,0,7
ACTATTGGCAAAGCAA,C305E,0.0000,0.0000,0,1
ACTATTGTCAAAATTA,F232C,0.1780,0.1780,14,11
ACTATTGTGCGCAGAA,R452G,0.0943,0.0943,568,842
ACTATTTAATAAAGCC,W350M,0.0748,0.0748,38,71
ACTATTTATAACGCAC,G263Q,0.1707,0.1707,72,59
ACTATTTTGGACAACC,,0.2231,0.2231,1776,1113
ACTCAAAATAGAACGA,T163G,0.0848,0.0848,348,574
ACTCAAACTGTTGGGG,W343K,nan,nan,0,0
ACTCAAATATAATAAA,F79C,0.3776,0.3776,27,10
ACTCAACACTTAGAGG,G263V,0.2214,0.2214,38,24
ACTCAACCCTTAGCAA,,0.0785,0.0785,137,244
ACTCAAGAAAATGTGA,M346K,nan,nan,0,0
ACTCAAGAAATGTCCA,G205Y A336T,0.0000,0.0000,0,1
ACTCAAGACTATCAAT,R547W,0.1240,0.1240,1117,1260
ACTCAAGATGAGATAG,N169G W234R S369D F469M,0.5419,0.5419,31,8
ACTCAAGTAAGGGCAT,E403A,1.0000,1.0051,115,16
ACTCAAGTGTGATAAC,Q211Y D241G,0.0000,0.0000,0,6
ACTCAATACTATAACG,,0.1335,0.1335,21,22
ACTCAATCATTATGCA,,0.1622,0.1622,516,445
ACTCAATGTCAATGTA,Y470K,0.0812,0.0812,36,62
ACTCACAAACGCCACT,T132K,0.1721,0.1721,5005,4067
ACTCACAGTTAGTGTA,G55I N400E,0.0000,0.0000,0,1
ACTCACATACTAAGCG,H18I N475I,0.2028,0.2028,29,20
ACTCACATGCATTCGT,L43V Y423E,0.0000,0.0000,0,5
ACTCACATTTAATCCT,G504K,0.2549,0.2549,2058,1129
ACTCACCACAAATTAC,,0.1219,0.1219,231,265
ACTCACCAGCATCTAA,A3H S361K,0.1370,0.1370,96,98
ACTCACCCATTGCCCA,,0.1553,0.1553,714,643
ACTCACCGAAGACAAC,K9F,0.1602,0.1602,205,179
ACTCACCGATAAACAT,,0.1133,0.1133,2314,2855
ACTCACGAGGAATACA,,0.1121,0.1121,1551,1935
ACTCACGATGCTGCAT,V26I,0.0577,0.0577,161,390
ACTCACGCAAGAGATA,D441M,0.1761,0.1761,34,27
ACTCACGCAATAACTT,Q25* N424Q N464V,0.0000,0.0000,0,3
ACTCACGGGAGGTTTT,M-6Y,0.0000,0.0000,0,4
ACTCACTTGCTGTTTG,G463C,0.1102,0.1102,253,321
ACTCAGAAAATTATCG,K9L N424F,0.8685,0.8685,118,19
ACTCAGAGGTTCTTAT,T35H D487E,0.1260,0.1260,3863,4289
ACTCAGATTTCCGGCA,R326C,0.0726,0.0726,1018,1962
ACTCAGGATTCTAATC,I164A Y308R G510aD,0.0000,0.0000,0,1
ACTCAGGTACAATTAA,L179C D415R,0.5821,0.5821,154,37
ACTCAGTAAAGGCTCA,,0.1284,0.1284,447,487
ACTCAGTATTCCACAA,N443W,0.0000,0.0000,0,40
ACTCAGTCAGGAATAA,E246K,0.1576,0.1576,925,821
ACTCATATATAGGCAT,,0.1127,0.1127,489,607
ACTCATATCAAATGGG,T283Y,0.0000,0.0000,0,11
ACTCATATCAAGATTC,Y195E,nan,nan,0,0
ACTCATCACACTGACC,E434R,0.1070,0.1070,267,349
ACTCATCACCTTGATT,L430R,1.0000,inf,36,0
ACTCATCATTGCATTC,,0.1294,0.1294,1214,1312
ACTCATCGACGCGAAA,E119I,0.2441,0.2441,316,181
ACTCATGTATTCAGAT,P140H,0.1551,0.1551,142,128
ACTCATGTCTAAAGGA,,0.2111,0.2111,24750,16395
ACTCATTAAAATTACT,E476Y,0.1068,0.1068,2575,3373
ACTCATTAATCGATAC,V377Q,nan,nan,0,0
ACTCATTATACATAAC,T132R,0.2053,0.2053,953,649
ACTCATTTGACAGGAA,F233P,0.0000,0.0000,0,17
ACTCATTTGGAACTAT,C539G,0.0000,0.0000,0,5
ACTCCAAAACAAGCTC,E432K K506I,0.0000,0.0000,0,6
ACTCCAAGGAAGACGA,,0.1116,0.1116,1238,1551
ACTCCAAGTCACAAAC,,0.1176,0.1176,1705,2027
ACTCCAAGTGCGGGGA,M531I,0.1194,0.1194,1869,2189
ACTCCAATCACAGCCA,E107G A317T,0.0000,0.0000,0,2
ACTCCACTAACTTGAT,,0.1682,0.1682,2088,1736
ACTCCAGAGCAAACAT,Q222A,0.1638,0.1638,703,600
ACTCCAGCACTCTAAT,,0.1329,0.1329,154,162
ACTCCAGGACTAGCTA,K259W E493K,0.1205,0.1205,56,65
ACTCCAGGCAATTCTT,A93Q,0.1519,0.1519,5394,4965
ACTCCATACAGATAGA,N193F,1.0000,1.3052,28,3
ACTCCATCTCTTACGA,N400G,0.1950,0.1950,145,104
ACTCCATTAAGCCTAT,D77M,nan,nan,0,0
ACTCCATTTTCGACCA,N92F,0.1969,0.1969,1301,924
ACTCCCAAACTTCGGC,N169P,0.1147,0.1147,328,400
ACTCCCACCAACATAA,A373C,0.0000,0.0000,0,3
ACTCCCACGAAAAGCA,F148P C281F,0.0000,0.0000,0,2
ACTCCCACTCATATTG,I202F,0.0562,0.0562,37,92
ACTCCCCAGAAAATTA,K372M,0.1575,0.1575,3218,2858
ACTCCCCAGCAGAAAA,S361L,0.1017,0.1017,916,1259
ACTCCCCCCGGGCAAT,,0.0883,0.0883,156,247
ACTCCCCTTAATATTA,C52M,0.0000,0.0000,0,7
ACTCCCGAAGTGAAGC,P74W,nan,nan,0,0
ACTCCCGGACTAAAAT,N289M,0.0963,0.0963,1168,1697
ACTCCGAAGACCCCCA,K216R R328aL R405G,1.0000,1.6315,35,3
ACTCCGAAGCATAAAT,,0.1749,0.1749,3086,2467
ACTCCGGAAAGCACCA,,0.2130,0.2130,1753,1151
ACTCCGGGAACTAGAT,E340S E398*,0.0000,0.0000,0,7
ACTCCGGTATAAGACA,A138T,0.0060,0.0060,40,930
ACTCCTAACATGCAGT,Q513P,0.0958,0.0958,795,1161
ACTCCTAGAGGTTAGT,,0.0000,0.0000,0,3
ACTCCTCAGGGCCCCC,N379S,0.0000,0.0000,0,1
ACTCCTCTCATTAAGC,E119H R329Y,0.0000,0.0000,0,2
ACTCCTGCTGCACATA,E407R,0.0273,0.0273,26,133
ACTCGAAAACAATACA,K262G,0.2509,0.2509,61,34
ACTCGAAAATCAAAAA,S167T N296T N322M T370M,0.0000,0.0000,0,11
ACTCGAAAATTACCAA,W343S,0.0000,0.0000,0,2
ACTCGAACTCACACGG,F147T,0.0000,0.0000,0,3
ACTCGAACTGACGTTA,S133R F469N,nan,nan,0,0
ACTCGACGCATCCAGA,,0.1863,0.1863,3168,2378
ACTCGAGAGTTTAATA,,0.1162,0.1162,437,526
ACTCGAGCGAAATGAC,Q12R,0.1524,0.1524,5056,4638
ACTCGAGGAATCTGAT,T199V,0.1662,0.1662,2491,2096
ACTCGATAACGAATGG,K120L I164P,0.7530,0.7530,70,13
ACTCGATGGTTGAGAC,,0.1467,0.1467,192,183
ACTCGCACCTAATGTT,N33Q,0.0725,0.0725,279,538
ACTCGCACTAGGACTC,N410E,0.1191,0.1191,378,444
ACTCGCCAAAGTAGAT,N289H Q545C,0.2913,0.2913,25,12
ACTCGCCAACAACCCT,K262aE,0.1250,0.1250,3348,3746
ACTCGCCATAAGGCAG,,0.1833,0.1833,2348,1791
ACTCGCCTAACCCATT,F233C D441Y,0.0000,0.0000,0,1
ACTCGCGGATAAGGCC,L59M,0.1592,0.1592,1692,1486
ACTCGCTATGCGCAGC,,0.1259,0.1259,63,70
ACTCGGATTCGATGAA,,0.0342,0.0342,69,282
ACTCGGCTTATAACAT,H130S,0.0000,0.0000,0,28
ACTCGGTCGCGGGCAC,L325H,0.1035,0.1035,253,342
ACTCGTAAAAATGGGC,,0.0444,0.0444,319,1005
ACTCGTCAGTCTACCA,G68N,0.0000,0.0000,0,57
ACTCGTGACCCATATT,T370G E479I,1.0000,inf,39,0
ACTCGTGTGCCCAAAT,L213R A257V,0.1981,0.1981,34,24
ACTCGTGTTAGACAGA,L112Q V381E,0.0000,0.0000,0,1
ACTCTAACCAAATGAA,G181W I385Y,0.4661,0.4661,40,12
ACTCTAACCAATAGCA,G68D,0.1929,0.1929,40,29
ACTCTAAGAATAGACC,H47R,0.0000,0.0000,0,7
ACTCTAGAAATCTGCC,Y141I,0.1558,0.1558,3170,2845
ACTCTAGCCAGAGGCG,L54A,0.3941,0.3941,31,11
ACTCTAGGCACCGGCG,,0.0427,0.0427,11,36
ACTCTAGTAATGACGG,V36A,0.3827,0.3827,52,19
ACTCTAGTGTATATAA,I15L F392I,0.0000,0.0000,0,2
ACTCTAGTTCGTGCTC,R90P,0.0664,0.0664,94,198
ACTCTATACGAGGTCA,V152W,0.2990,0.2990,124,58
ACTCTATAGTAGTCCC,G352N,0.0000,0.0000,0,7
ACTCTATTGACCAAAT,E398R,0.0000,0.0000,0,4
ACTCTCACTTAAAAAT,E340Q,1.0000,1.1974,137,16
ACTCTCATACTAATAT,E479K,0.1326,0.1326,1313,1385
ACTCTCCAAAGCGGCC,T266K,nan,nan,0,0
ACTCTCCAGACCTATT,S323M,0.0000,0.0000,0,12
ACTCTCCAGAGAAGAA,I514G,0.1667,0.1667,93,78
ACTCTCCCCAACGAAG,G362D C473W,0.0000,0.0000,0,1
ACTCTCGAAGAAGACA,C466F,0.0000,0.0000,0,4
ACTCTGGAGTCTTTAG,I517D,nan,nan,0,0
ACTCTGTCCCAATTAA,P489I,0.1063,0.1063,1916,2521
ACTCTGTTGACATCGT,W127R,0.4984,0.4984,196,55
ACTCTTAAGATCCGCC,G286V,0.0000,0.0000,0,2
ACTCTTAATGCAACCT,N33P R397S,0.0000,0.0000,0,17
ACTCTTACCACATACG,R90F,0.2167,0.2167,761,491
ACTCTTAGTAAATTAC,,0.1224,0.1224,903,1032
ACTCTTCTCTAAAGAA,S503N,0.1476,0.1476,4116,3899
ACTCTTGTCAGGTATA,G68S,0.1459,0.1459,263,252
ACTCTTTACCGTAAGG,D77N V420S,1.0000,4.1953,30,1
ACTCTTTGCGCCAAAT,,0.1441,0.1441,101,98
ACTGAAAACACGCAGA,Q371P,0.8391,0.8391,48,8
ACTGAAAATTGAAATC,K307N,1.0000,1.2516,179,20
ACTGAAACCCCTAAAT,,0.3905,0.3905,282,101
ACTGAAACCCGTTACT,E434N,0.0000,0.0000,0,17
ACTGAACACTTAGCTC,,nan,nan,0,0
ACTGAACAGTGCCATC,F439S,1.0000,3.7758,54,2
ACTGAACCCACTCTAA,L325Q,0.0468,0.0468,70,209
ACTGAACGACCAGGAA,K328cG,1.0000,1.1537,33,4
ACTGAACGAGAAAGGA,E44S,0.0896,0.0896,785,1225
ACTGAACTCAAAGACA,V309L,0.2409,0.2409,298,173
ACTGAACTCAAGGACC,E508Y,0.1541,0.1541,1171,1063
ACTGAAGAAGAACACA,L177I,0.0000,0.0000,0,5
ACTGAAGATGCTCCTC,Q513L,0.1902,0.1902,3660,2691
ACTGAAGTAGTGTTAC,S10L,0.0000,0.0000,0,2
ACTGAAGTCTTATTTA,,0.0702,0.0702,304,606
ACTGAAGTGCGCAGGT,Y141M,0.1062,0.1062,949,1250
ACTGAATAACGCTCAT,L2W,0.1074,0.1074,546,711
ACTGAATAGATAATGT,I339F,0.5294,0.5294,53,14
ACTGAATAGGACCGAC,L71K A334C,nan,nan,0,0
ACTGAATCCTAAGTAC,V261S,0.2004,0.2004,4267,2978
ACTGAATCTGATAATG,V285C,0.3134,0.3134,390,174
ACTGAATGAACCGTGC,,0.0441,0.0441,46,146
ACTGACAAAACAATAT,V315K,0.1190,0.1190,1300,1528
ACTGACAGCAGTTCAC,V5K G465E,1.0000,2.1909,94,6
ACTGACCGTAAGAATA,T35D,0.0000,0.0000,0,33
ACTGACCGTATCTTAG,T199C,0.1835,0.1835,921,702
ACTGACGCAATTTTAT,E89K E468D,0.1911,0.1911,97,71
ACTGACGTCAATTAAA,V315M G416A K472W,0.0000,0.0000,0,7
ACTGACTAGTTAAGTC,,0.0689,0.0689,1054,2138
ACTGAGAGTTCTAATG,M292I E426L,0.0000,0.0000,0,5
ACTGAGCAACGAAGGG,T283S,0.1018,0.1018,514,706
ACTGAGGATACTATTA,K259Y,0.0000,0.0000,0,99
ACTGAGGGAAGTAAAA,,0.2383,0.2383,1634,959
ACTGAGGGCTAACTAG,L331M K472D,0.1739,0.1739,710,571
ACTGAGTAACGTAGAA,G510aH,0.1759,0.1759,761,605
ACTGAGTATTCCTCCC,,0.0811,0.0811,254,438
ACTGAGTTGATTCAAT,L179N T485L,0.0000,0.0000,0,14
ACTGATACCGCTATAA,L544I,0.1852,0.1852,666,503
ACTGATACTTGGGAAA,Y17C,0.0000,0.0000,0,33
ACTGATATTTACAGAT,E414K,0.0000,0.0000,0,9
ACTGATCGACATGAAA,,0.1559,0.1559,97,87
ACTGATGAAATAATGG,G249A,nan,nan,0,0
ACTGATGCAAAGACGA,*551G,0.1056,0.1056,278,368
ACTGATGCACAGAAAT,,0.0000,0.0000,0,42
ACTGATTATGAAGGAA,N382H,0.2689,0.2689,621,323
ACTGATTGACACACTG,K328cL,nan,nan,0,0
ACTGATTGGACAACTG,W153* N169P Q282H N322D T370E F469W,0.0000,0.0000,0,2
ACTGCAAAGATCCAGA,,0.1506,0.1506,42,39
ACTGCAAAGCCAGTAA,A160K M530D,0.8335,0.8335,149,25
ACTGCAACATTGTTTC,H184F,0.0000,0.0000,0,2
ACTGCAACGAAGTCCT,I335K,0.0000,0.0000,0,1
ACTGCAAGTTAGTAGT,S167V,0.1662,0.1662,2862,2408
ACTGCAATTCCCCAAC,S101Y H471Y,nan,nan,0,0
ACTGCACACTCCAATT,N382Q,0.0000,0.0000,0,9
ACTGCAGCGTTATCTG,C97Y,0.0000,0.0000,0,6
ACTGCAGCTTAAAAAA,V261F,0.1392,0.1392,848,852
ACTGCATAAAGGTCGA,K157M,0.2381,0.2381,441,259
ACTGCATATGCAAAAA,,0.0000,0.0000,0,16
ACTGCATGGGTCACTA,,0.1266,0.1266,4973,5495
ACTGCATGTTATGGTG,G484E,0.0000,0.0000,0,2
ACTGCATTATTCGGAT,E78Q,0.1402,0.1402,346,345
ACTGCCAAACATTAAA,P215L C477Y,nan,nan,0,0
ACTGCCAAACGCAAAA,T378M,0.0962,0.0962,194,282
ACTGCCAATACCTGCT,E273Q,0.1560,0.1560,6492,5821
ACTGCCACGCACCAAA,C477P,0.0000,0.0000,0,11
ACTGCCAGTGTGAGGC,N289W,0.1010,0.1010,2337,3237
ACTGCCCCATACGGGA,V8W,nan,nan,0,0
ACTGCCCCCATCATTC,,0.1912,0.1912,1247,912
ACTGCCCTTAATACTA,S503Y,0.1235,0.1235,1408,1594
ACTGCGGCGACTCAAC,K460G,0.1933,0.1933,376,272
ACTGCGGCGTGTGAGT,V135F A532E,0.0000,0.0000,0,1
ACTGCGGTGTCTAAAT,Q222C,0.0630,0.0630,439,975
ACTGCGTAAAGCATGA,N116R F469Q,0.0000,0.0000,0,2
ACTGCTAACAGGTGAC,L108W,0.0000,0.0000,0,32
ACTGCTAACTGCCGAA,S146A,0.1492,0.1492,1951,1829
ACTGCTATCTGAGGAC,S369D,0.0488,0.0488,475,1360
ACTGCTGCGCACTAAC,H295N N443A,0.0000,0.0000,0,5
ACTGCTGGCCCCTGAA,G484A,0.1256,0.1256,2041,2273
ACTGCTGGTAAACTAT,G376V L409W,0.8111,0.8111,29,5
ACTGCTTACAAAAATG,A253T S270D,0.0000,0.0000,0,2
ACTGCTTCATTAAAAG,L70E,nan,nan,0,0
ACTGGAAAAAAAACTC,A532P,nan,nan,0,0
ACTGGAAATACATGTT,F469K,0.0000,0.0000,0,4
ACTGGAATAATTAGGA,Y488E,0.1010,0.1010,234,324
ACTGGAATCATACTGT,G205K E468L,0.0000,0.0000,0,1
ACTGGACCCCTTTCAA,I243E,0.0000,0.0000,0,1
ACTGGAGGGCTTAAAA,R326Q,0.0476,0.0476,16,47
ACTGGATATAACAAAC,L7G,0.1154,0.1154,876,1062
ACTGGATCACTACCAT,,0.0000,0.0000,0,24
ACTGGCACCTAAAGTC,,nan,nan,0,0
ACTGGCAGATTTAACC,S524I,0.0000,0.0000,0,6
ACTGGCCGACAGACAA,G225F,0.0278,0.0278,244,1226
ACTGGCGAACTCTCAT,K165D,0.0327,0.0327,577,2470
ACTGGCGGAAAAAAGG,,0.0000,0.0000,0,20
ACTGGCTTAGTACAAG,,0.1814,0.1814,288,222
ACTGGGCAGCCACCTG,N193L,0.3046,0.3046,782,359
ACTGGGCGGCATCACA,C52D,0.2237,0.2237,24,15
ACTGGGGAGGAATCTA,G225H,0.0566,0.0566,83,205
ACTGGGGTTAAGAACA,A218P,nan,nan,0,0
ACTGGGTAGTTTCCAA,T206Y,0.1810,0.1810,22,17
ACTGGGTGCAATCGAG,N187G,0.0701,0.0701,7028,14025
ACTGGTATCAATCCTA,L-1S,0.1059,0.1059,1390,1836
ACTGGTATCACACCAT,N424M F469G,0.0000,0.0000,0,28
ACTGGTGTTACCGCTA,N94S L544S,0.5967,0.5967,192,45
ACTGGTTAAGTTGGCA,R81V K238D,0.1398,0.1398,1336,1336
ACTGGTTGTATTTACC,S167P,0.0803,0.0803,54,94
ACTGGTTTCCAGTTAA,L96P E501K,0.1974,0.1974,24,17
ACTGTAAAACACCTGT,C477A,nan,nan,0,0
ACTGTAAGACCATCAA,,nan,nan,0,0
ACTGTAATACCCCCCT,N475S,0.1043,0.1043,91,122
ACTGTACCACCAAAGT,D487C,0.3574,0.3574,92,36
ACTGTATATAATGTCC,,0.1365,0.1365,207,212
ACTGTATCTCGAGCGC,M-6H A144P Q391L,0.0000,0.0000,0,12
ACTGTATGAACTCACT,N92C A365T,0.5255,0.5255,124,33
ACTGTATTCAAATGTC,T206F,0.7175,0.7175,118,23
ACTGTCAACAAGGGTG,,0.0986,0.0986,495,702
ACTGTCCAACATCGAA,E407A E432K,0.1521,0.1521,99,91
ACTGTCCCACCAGACC,Q391H,0.2227,0.2227,2581,1621
ACTGTCGCTAATCATT,N169C R321S,0.0000,0.0000,0,9
ACTGTCTACAGGACGA,C76Y *551W,0.0000,0.0000,0,2
ACTGTCTCAAAAAATT,,0.0000,0.0000,0,1
ACTGTCTCCGAGAGTA,W537G,0.0000,0.0000,0,9
ACTGTGAAGACTCCGA,Y363M,nan,nan,0,0
ACTGTGAATATCTCTG,Q391E,0.1092,0.1092,1604,2055
ACTGTGAGCATGACTC,I124A,0.0000,0.0000,0,2
ACTGTGCATAAATGCG,L544T,0.7609,0.7609,370,68
ACTGTGGATAAAGCAC,F469S,0.0000,0.0000,0,6
ACTGTGGCCGCATGAA,I236D,0.3589,0.3589,77,30
ACTGTGGGACTGCAAC,G143Y,0.1998,0.1998,2853,1997
ACTGTGTAACGTAAAC,S291V,0.1990,0.1990,14508,10195
ACTGTGTACTCAGGCG,E273K,0.1015,0.1015,627,864
ACTGTGTATAAGGACA,,0.0865,0.0865,1359,2196
ACTGTGTCTCCAAATC,A137R,0.2096,0.2096,3119,2081
ACTGTGTGGATTTCAG,L112D,0.0000,0.0000,0,5
ACTGTGTTAGAAAAAA,H354M,0.0902,0.0902,587,910
ACTGTTAAATCTTGTG,A160Q,0.1346,0.1346,1378,1432
ACTGTTAGATAGTGTA,,0.1294,0.1294,1662,1796
ACTGTTATACAGAGAG,K411W,0.0481,0.0481,11,32
ACTGTTCATAGTCTAA,V395A,0.1866,0.1866,754,565
ACTGTTCATGCACAAA,,0.1868,0.1868,4013,3004
ACTGTTCCAATTAAAT,R482T,0.1034,0.1034,224,303
ACTGTTGAGAAGAAGA,K62N H184P,0.0000,0.0000,0,9
ACTGTTGCAAAATTAC,T370G F469E,0.1563,0.1563,19,17
ACTGTTGCAAGTATGA,G275N,0.2047,0.2047,947,647
ACTGTTGCAATCCGTG,P74H S311H D375K,0.7458,0.7458,32,6
ACTGTTGTACAGATCA,S65M P239T,1.0000,1.4823,53,5
ACTGTTTGGTCGGAGG,H184C,nan,nan,0,0
ACTGTTTTTCGTTATC,F439H,0.0000,0.0000,0,29
ACTTAAAAACTTACAG,S185Y,0.0000,0.0000,0,8
ACTTAAAAGAAGACGC,Y141I,0.1043,0.1043,830,1113
ACTTAAAATGTAGTCA,N-4G I406F Q545K,0.1642,0.1642,155,132
ACTTAAACACATTAAT,G181V F469T,0.0000,0.0000,0,10
ACTTAAACTATACCAC,L7S N475A,0.0000,0.0000,0,5
ACTTAAAGAACCATAA,,0.1035,0.1035,506,684
ACTTAAAGATGATTTC,,nan,nan,0,0
ACTTAAAGCATATATC,H183G,0.0000,0.0000,0,1
ACTTAAAGGGCGCACC,F332C,1.0000,1.1032,71,9
ACTTAAAGTCAAAAAA,,0.1935,0.1935,530,383
ACTTAAAGTCCTTAAT,,0.2743,0.2743,153,78
ACTTAACATTTTACTC,N20L A459S,nan,nan,0,0
ACTTAACGAAGCTTAA,L325T,0.1549,0.1549,8289,7481
ACTTAACTAAAATAAG,,0.1197,0.1197,926,1082
ACTTAACTCCCGATAA,K411T E501K,0.1675,0.1675,297,248
ACTTAAGGTGCTAGCT,L177D K310Q,nan,nan,0,0
ACTTAAGGTTCGGTAC,N443K,0.1730,0.1730,73,59
ACTTAAGTACCCAGCG,S167Y N322D T370S,nan,nan,0,0
ACTTAATAATTAACAA,N169A,nan,nan,0,0
ACTTAATATCTTTGGA,S383R I502A,1.0000,1.1887,17,2
ACTTAATATTCAGGTT,N248K L455A,0.0000,0.0000,0,4
ACTTAATCAAGCTATC,,0.1321,0.1321,515,545
ACTTAATTACAGCTGC,,0.1281,0.1281,2661,2904
ACTTAATTCGTGATGC,,0.1536,0.1536,4849,4415
ACTTACAAAATATCCG,T199W S523I,0.0000,0.0000,0,6
ACTTACAAGCCATCTC,V315I,nan,nan,0,0
ACTTACAATGGGAGTC,I166S,0.1018,0.1018,651,894
ACTTACACAGTAAACT,D386A,0.1337,0.1337,678,709
ACTTACACCCGACACT,A317M K387Q,0.5394,0.5394,54,14
ACTTACACTTCCACCA,P489M,0.3389,0.3389,315,130
ACTTACAGCTAGGCAA,E393Y,0.0000,0.0000,0,11
ACTTACCAATTCTACT,H298G D441L,0.0499,0.0499,5,14
ACTTACCACATAAAGA,Y353E,nan,nan,0,0
ACTTACCACTTCACAG,T436H,0.0000,0.0000,0,12
ACTTACCATTTGATCA,R405W,nan,nan,0,0
ACTTACCCTACAGTCG,N54aW L527*,0.0000,0.0000,0,7
ACTTACCGTATACCTT,Y423F,0.1398,0.1398,54,54
ACTTACCGTTTATATT,K120G,0.1186,0.1186,39,46
ACTTACCTCTCCATAT,D474P,0.2084,0.2084,1647,1105
ACTTACCTGTGGGGGT,N129H M431K,0.2517,0.2517,639,355
ACTTACGGACAATATA,D95C,0.0937,0.0937,852,1272
ACTTACGTCGGAATAC,,0.1377,0.1377,378,384
ACTTACTAGACAATTG,L437V,0.0000,0.0000,0,4
ACTTACTATAGCTAAT,E434R,0.1527,0.1527,570,522
ACTTACTCAAGCGACC,,0.1981,0.1981,1126,795
ACTTACTTTGTTTAGA,R397W D474A,0.0941,0.0941,1998,2970
ACTTAGAAGCACTTAC,E107K K238V,0.0000,0.0000,0,14
ACTTAGATAGCATAAT,R227L V377T,0.0554,0.0554,152,384
ACTTAGCAGCTCTCTT,G319P,0.0000,0.0000,0,6
ACTTAGCGAAAACTAA,R452I,nan,nan,0,0
ACTTAGCTTATATGAA,I29H I335Q,0.0000,0.0000,0,9
ACTTAGGATGAGGTGA,M292D H471N,nan,nan,0,0
ACTTAGTCATATACCA,R149M,0.1423,0.1423,1623,1595
ACTTAGTTCTAATCAA,V272K H354M,0.1271,0.1271,219,241
ACTTATAAATAAGGGC,T171L,0.1190,0.1190,1791,2105
ACTTATAACAGTTGGT,,0.1634,0.1634,3617,3095
ACTTATAAGTTTAAAA,K32H,0.0987,0.0987,790,1119
ACTTATAATAACCCAT,,0.2170,0.2170,315,203
ACTTATAATAACTCCC,Y86D,0.2564,0.2564,22,12
ACTTATATATCACTAG,T422I,0.0000,0.0000,0,2
ACTTATATTATGCCGA,S247A,0.1494,0.1494,3998,3743
ACTTATCAGTAAATTC,D41P,0.2228,0.2228,188,118
ACTTATCAGTTTAAAC,C76S,nan,nan,0,0
ACTTATCGGCAAGCCT,,0.1047,0.1047,1589,2123
ACTTATCTGGAAAAGC,P140S,0.1973,0.1973,5348,3791
ACTTATGTGTGAAGTT,S519M,nan,nan,0,0
ACTTATTATAAGCTCC,,0.2109,0.2109,3116,2066
ACTTATTATTCCAATA,D41A Q191S,0.0000,0.0000,0,8
ACTTATTGCTGCACAC,R397S,0.0980,0.0980,1159,1654
ACTTCAAAATTCATTC,R114T,nan,nan,0,0
ACTTCAAAGATCTAAT,S509N,0.1622,0.1622,6527,5627
ACTTCAAAGTGGGATA,C477L,0.1103,0.1103,41,52
ACTTCAATTTGATCAG,E44K C76* K307C,nan,nan,0,0
ACTTCAATTTGATCGG,C76* K307C,0.6604,0.6604,85,18
ACTTCACCGTTATTTT,,0.0524,0.0524,203,542
ACTTCACCTACGGACC,L-1Y,0.1240,0.1240,1820,2053
ACTTCACTCCTAAATT,E461D,0.1474,0.1474,918,871
ACTTCAGAGTTTGACA,C281V V395R,1.0000,inf,23,0
ACTTCATAACAGAAAA,N169C N322K S442K,0.0000,0.0000,0,2
ACTTCATATGAGTACG,N408L,0.0999,0.0999,2031,2842
ACTTCATATGTAGCCA,D104T,0.1158,0.1158,101,122
ACTTCCAAAGCATGTA,,0.0143,0.0143,8,78
ACTTCCATACTTGGGC,T511K,0.0000,0.0000,0,2
ACTTCCATTAGCTTCC,M413L,0.0952,0.0952,3845,5648
ACTTCCCAAAGCCATT,Q40* K157C,nan,nan,0,0
ACTTCCCACCATCATG,T511K,0.0718,0.0718,215,419
ACTTCCCGTATCCTAA,V429G,0.0000,0.0000,0,2
ACTTCCCTACAATTAC,K157C A495H,0.0000,0.0000,0,48
ACTTCCGAGTTACTCA,,0.1211,0.1211,1719,1985
ACTTCCTAGCACAAGA,,0.0930,0.0930,3279,4933
ACTTCCTCCTAGAGAT,G376T,1.0000,1.0628,38,5
ACTTCCTGTTCATAAG,T520A A526S M531I,0.1227,0.1227,1128,1286
ACTTCGAAGCCCTGGG,Y491A,0.0000,0.0000,0,11
ACTTCGACTCGATTTT,N379K K380L,0.9789,0.9789,49,7
ACTTCGACTGATCATA,N458C,0.3030,0.3030,13,6
ACTTCGATAGAGATCA,L7F,0.0262,0.0262,3,16
ACTTCGCAATACACGG,S323G G342L,1.0000,1.0348,74,10
ACTTCGCGTGTATCCC,,0.0000,0.0000,0,22
ACTTCGCTAAACCTCC,S323C,0.1761,0.1761,1870,1485
ACTTCGCTTAATATAA,M531D,nan,nan,0,0
ACTTCGGACAAAGATG,C305R,0.1693,0.1693,23,19
ACTTCGGATCCTAACA,S185V I243F,0.0000,0.0000,0,2
ACTTCGTGCCCGCTCG,N92P F294P,0.0000,0.0000,0,13
ACTTCTAACCAACAAC,L497E,0.0768,0.0768,600,1092
ACTTCTATAAAACGAA,S247I,0.5361,0.5361,23,6
ACTTCTATTCATTCAC,D175L,0.1977,0.1977,687,486
ACTTCTCAAGAGGAAA,A91E,0.1371,0.1371,1487,1517
ACTTGAAACATACCAA,,0.1728,0.1728,3261,2639
ACTTGAAATCCAACTC,M-6C V36M,0.2059,0.2059,53,36
ACTTGAAGAAGAGGTT,A3I,0.1088,0.1088,221,284
ACTTGAATCCGACTAG,T46I,0.1661,0.1661,4101,3452
ACTTGACAAAACAATA,K196G,0.0794,0.0794,231,407
ACTTGACCACATAGTA,D375I,0.0906,0.0906,455,702
ACTTGACTAACTAAGA,L133aK,0.3730,0.3730,41091,15404
ACTTGAGGAATTAAGT,K387P,0.6619,0.6619,71,15
ACTTGATAAAAAAGAT,,0.0000,0.0000,0,22
ACTTGATCTCCATGTT,,0.0847,0.0847,112,185
ACTTGATTCAGAGAAC,E304M,0.0811,0.0811,360,621
ACTTGCAGTCACAGTA,D63Q,0.4111,0.4111,147,50
ACTTGCATGGCACAGT,E304L,0.0876,0.0876,213,340
ACTTGCGTTCCGGCTT,E479- S480-,0.0000,0.0000,0,33
ACTTGCTCGACAAGTA,E24V N458R,nan,nan,0,0
ACTTGCTGCTTTTTAC,R328aM,0.0000,0.0000,0,5
ACTTGGCTAGTGTACA,V204G,0.2035,0.2035,409,281
ACTTGGGTAAATTTAA,F332L,0.2311,0.2311,1122,679
ACTTGGTAAGACACAG,,0.0431,0.0431,29,94
ACTTGTCTGGGAAAAT,N129L,0.2380,0.2380,4506,2648
ACTTGTGAACAAACTA,M-6A A67S L455I,1.0000,2.3354,167,10
ACTTGTGCTTTAACCA,K216E E432K,nan,nan,0,0
ACTTGTTACACACAAA,F332P,1.0000,1.0372,89,12
ACTTTAACCAGCAAAG,R329W,0.0000,0.0000,0,5
ACTTTAACCGCTTTCA,V481P,nan,nan,0,0
ACTTTAACGCTAACGG,C466W,0.0000,0.0000,0,1
ACTTTAAGACCATGAA,A19N,0.1868,0.1868,159,119
ACTTTAATATCAAAGT,G416K,0.2797,0.2797,18,9
ACTTTACAAAAAGACT,I339E,0.6777,0.6777,63,13
ACTTTACAATACTAAA,,0.1193,0.1193,911,1068
ACTTTACGACAATAGT,T132Q T390R,0.5457,0.5457,320,82
ACTTTACGAGATCGTA,,0.1200,0.1200,3445,4013
ACTTTACGCACATATA,N20S W234A A242S,0.0000,0.0000,0,14
ACTTTAGAAGTTCGAT,Q191F D386G,0.0000,0.0000,0,3
ACTTTAGCCATATTTT,,0.2681,0.2681,324,169
ACTTTAGCGATATATC,Y274W,0.1824,0.1824,403,309
ACTTTATAAAGAAAAA,D438R,0.2809,0.2809,229,114
ACTTTATAACATCAAA,P254M,0.0000,0.0000,0,40
ACTTTATAATACCCTC,,0.1552,0.1552,1205,1086
ACTTTATATCCAATAC,E432M,0.3185,0.3185,230,101
ACTTTATCGGTCAGCG,G319N,nan,nan,0,0
ACTTTCCAAGAGTATA,F233S,0.0182,0.0182,107,822
ACTTTCCCGGATACGA,C281V T422N,0.0000,0.0000,0,9
ACTTTCCGAGAAAAAG,,0.1561,0.1561,6723,6021
ACTTTCCTAACAAACA,T266R,1.0000,3.4961,50,2
ACTTTCGCACTAATTG,P306M,0.0000,0.0000,0,5
ACTTTCTAGTATTATC,D449N,0.1349,0.1349,1057,1096
ACTTTGAGAAATCGAG,G510aE,0.0696,0.0696,226,454
ACTTTGAGTTGTTACC,,0.1548,0.1548,1700,1536
ACTTTGCACTTCAGAA,I384V,0.0999,0.0999,1630,2282
ACTTTGTAATATTATG,,0.1333,0.1333,710,745
ACTTTGTCCAACCGGA,G345N,0.1220,0.1220,89,102
ACTTTGTCGAAAACAG,N193K,0.3337,0.3337,10714,4490
ACTTTTACCGAACCAC,H354Y,0.0789,0.0789,79,140
ACTTTTCAGTCACCGT,F338W,0.1620,0.1620,1281,1106
ACTTTTCCCACAGCAG,W180C G345Y,1.0000,1.1696,92,11
ACTTTTGTTTGACTGC,A365Q,0.0000,0.0000,0,18
AGAAAAAAAAAACTAA,G337N T485L,nan,nan,0,0
AGAAAAAAAACGAGTC,A522Y,0.0000,0.0000,0,3
AGAAAAAAAAGATGGG,N197Q,0.1867,0.1867,5447,4079
AGAAAAAACTATTAAA,C139R,0.0932,0.0932,22,33
AGAAAAAAGAAAAGAT,,0.1281,0.1281,734,801
AGAAAAAATAACAGAA,E190G,1.0000,1.1187,16,2
AGAAAAACAGCACATA,I121M,0.1122,0.1122,557,694
AGAAAAACCAGCAAGC,I302S,0.0000,0.0000,0,13
AGAAAAACTCCAACAG,I15N,0.0000,0.0000,0,4
AGAAAAAGAAGCTAAT,K262T,0.2351,0.2351,153,91
AGAAAAATACACAAAC,,0.1877,0.1877,4149,3091
AGAAAAATTAAATCAA,,0.1362,0.1362,37,38
AGAAAACAATCGAGTC,P74Q,0.0000,0.0000,0,38
AGAAAACAATTCAAAC,P215S,0.6526,0.6526,56,12
AGAAAACACTGCCCCA,A317R,1.0000,2.0277,29,2
AGAAAACAGCGTTTCA,E-5T A67T,0.1365,0.1365,124,127
AGAAAACATCTTTCAG,,0.1142,0.1142,17489,21414
AGAAAACATGCAAAGA,Y274L,0.2925,0.2925,366,175
AGAAAACCTAAAATAG,L331G,1.0000,1.6082,23,2
AGAAAACCTTATAGCT,Q545*,0.0000,0.0000,0,5
AGAAAACGAGGTATGC,S270R,0.0000,0.0000,0,3
AGAAAACTATATACCT,,0.1568,0.1568,1112,992
AGAAAACTTAGGCGGG,M-6Q,0.2670,0.2670,21,11
AGAAAAGGGGGCTAAA,A365V,0.2855,0.2855,49,24
AGAAAAGTACACAGAC,N197K,0.0841,0.0841,458,762
AGAAAAGTCCGTAGAT,P162C E340S,0.2997,0.2997,30,14
AGAAAAGTGCTTAGAA,L-1A A218G,0.0764,0.0764,1429,2614
AGAAAATACGATTGAT,S290D,0.1480,0.1480,565,534
AGAAAATCCACTAATA,N289L,0.1180,0.1180,4114,4875
AGAAAATCGGAACGCC,L409V,0.1203,0.1203,1316,1530
AGAAAATGGGCTGAAC,E-5D,0.0490,0.0490,41,117
AGAAAATGGTTCATGC,K412I,0.1550,0.1550,51,46
AGAAAATTAATCTCGC,F399K,1.0000,inf,17,0
AGAAACAACCTCCTTG,P145W,0.1021,0.1021,1388,1901
AGAAACAACTTTCCGA,D386C,0.2864,0.2864,2232,1090
AGAAACACAAAGGAAC,W127N,0.0602,0.0602,961,2232
AGAAACACAGTCTGCC,G303K,0.0000,0.0000,0,1
AGAAACACAGTGTTTA,,0.0813,0.0813,271,466
AGAAACACCAGTACCC,,0.0537,0.0537,126,328
AGAAACACGAAGGCTC,N48A,0.4858,0.4858,66,19
AGAAACATCTAGTTGT,,nan,nan,0,0
AGAAACCCAGTGAATG,F79W,0.1847,0.1847,465,352
AGAAACCTTAAAAATA,,0.0806,0.0806,3121,5416
AGAAACGAAAGGCGCT,G68M M346S,nan,nan,0,0
AGAAACGAACATAACG,C64Y S167K R321Q,nan,nan,0,0
AGAAACGAGGCACACT,D375M,0.3185,0.3185,2009,882
AGAAACGCAAAAACAG,E434K,0.0000,0.0000,0,2
AGAAACGGATTAAAGC,,0.1471,0.1471,2831,2691
AGAAACTAAGGACACT,I302H,0.0000,0.0000,0,10
AGAAACTAATTACTAA,L112T D159N L507I,0.0680,0.0680,121,249
AGAAACTACACTGCCT,,0.0000,0.0000,0,6
AGAAACTCCTTGAGCC,H184G,0.0000,0.0000,0,11
AGAAACTCTAGGTAAT,,nan,nan,0,0
AGAAACTCTATAAAAT,Y351R,0.0000,0.0000,0,16
AGAAACTGATTTACGG,E501Q,0.1438,0.1438,7688,7474
AGAAAGAAACGCCATA,K57R,0.0631,0.0631,209,463
AGAAAGAACCAAGTTG,,0.1507,0.1507,1015,942
AGAAAGAATAAGAGGT,,0.1746,0.1746,362,290
AGAAAGACAATGTACG,N158V,0.2912,0.2912,11310,5431
AGAAAGACTGAATATT,L7D V309M,0.0000,0.0000,0,5
AGAAAGATAATTGACC,,0.2246,0.2246,1330,828
AGAAAGATCAAGCAGA,Y486F,0.0000,0.0000,0,1
AGAAAGATTGAAGCGA,E255Q,0.0884,0.0884,2347,3713
AGAAAGCAATAAAAGA,R114W,0.1587,0.1587,580,511
AGAAAGCACACGCCCA,,0.1272,0.1272,271,298
AGAAAGCACATTGTCT,E403N,0.2331,0.2331,5,3
AGAAAGCTCTCATTGT,I15Y,0.0000,0.0000,0,3
AGAAAGGGTTATCTAC,G341E,0.1204,0.1204,531,617
AGAAAGGTAAATATCA,I15Q M111I,nan,nan,0,0
AGAAAGGTATCTCACC,G376K,0.0000,0.0000,0,14
AGAAAGTAACCAAACT,D240C K506S,0.1547,0.1547,52,47
AGAAAGTAACCGGTAA,C277E,nan,nan,0,0
AGAAAGTAGATTTTTC,I517Q,1.0000,1.0838,31,4
AGAAAGTCGGGGAAGA,I15Q,nan,nan,0,0
AGAAAGTCTATGTTTG,K328cA V505W,0.2479,0.2479,39,22
AGAAAGTTAAAAACAG,G333D I374D,nan,nan,0,0
AGAAAGTTTCACGTTG,S383K,0.0000,0.0000,0,5
AGAAATAAATTATCCA,,0.0383,0.0383,95,347
AGAAATAACCCTAAAG,,0.1774,0.1774,780,615
AGAAATAAGAAAAGGG,N169S R321D T370V,0.0000,0.0000,0,7
AGAAATAATACAGACC,I87K,0.4278,0.4278,52,17
AGAAATAATATTCTCT,,0.2221,0.2221,1501,945
AGAAATAGCCATACTA,,0.0000,0.0000,0,2
AGAAATAGGGACAAAA,,0.1983,0.1983,8544,6024
AGAAATATACACAATT,S535G,0.1654,0.1654,1732,1464
AGAAATATGGAGTGGA,V8C S101N,0.1646,0.1646,1894,1609
AGAAATATTTGCGGCT,,0.1797,0.1797,12058,9381
AGAAATCATAAAGATA,W234G G330F,0.0000,0.0000,0,9
AGAAATGAACAGTCTA,,0.1205,0.1205,1535,1782
AGAAATGCTCATGGAG,,0.0951,0.0951,3624,5330
AGAAATGGGCAAAAAA,H295L,0.0000,0.0000,0,2
AGAAATGTCCCAGAAC,,0.1252,0.1252,615,687
AGAAATGTTAACACAG,L122M,0.0724,0.0724,922,1780
AGAAATTATCTCTACA,Y274N,0.3077,0.3077,22,10
AGAAATTATTACCAAA,E479H,0.0548,0.0548,991,2531
AGAAATTCACAATAGA,D264W,0.0742,0.0742,340,641
AGAAATTCTGCGTTCA,V272S,0.1718,0.1718,780,635
AGAAATTGATCCTGGA,N210L,0.2098,0.2098,27,18
AGAAATTGTCTCCTAT,,0.1572,0.1572,2306,2051
AGAAATTGTTATAATA,E304V,0.1190,0.1190,171,201
AGAAATTTAGAGGATT,T370K F469M,nan,nan,0,0
AGAAATTTGATGTCAA,G342F,0.8857,0.8857,57,9
AGAAATTTTCATTTTC,T283I K328cN,0.0000,0.0000,0,8
AGAACAAAACAAGTGA,N400H,0.0853,0.0853,191,313
AGAACAAAACGTCCTA,E461R,nan,nan,0,0
AGAACAAACCTAGTAA,,0.2060,0.2060,10487,7118
AGAACAAACGAACCGA,R173T S361G,0.0000,0.0000,0,44
AGAACAAATACCTGCA,V-2E F417S,0.9662,0.9662,76,11
AGAACAACGTAAATAG,G349L,0.0000,0.0000,0,7
AGAACAACGTATCCAT,V66I,0.0000,0.0000,0,21
AGAACAAGTTATTCGC,,0.1179,0.1179,488,579
AGAACAATCACCACCA,K307Q,0.2914,0.2914,248,119
AGAACAATCAGATGCG,I514R C539Y,nan,nan,0,0
AGAACAATGAACAACT,K109S,0.1416,0.1416,739,730
AGAACAATGGACCTAA,I514Q,0.2797,0.2797,78,39
AGAACACGGAAAAATC,P299T W350Y,0.0790,0.0790,582,1030
AGAACACTAAACAATG,K411G,0.0000,0.0000,0,6
AGAACAGACATCCGAC,N169H K259M D474N,0.2056,0.2056,4351,2960
AGAACAGTACATGGCA,Y98D I302Y,0.0000,0.0000,0,12
AGAACAGTTGACGTGA,I217C E368K,0.2125,0.2125,79,52
AGAACATAGGCCTTAA,L455I,0.0765,0.0765,29,53
AGAACATAGTTAAGTA,,0.1674,0.1674,3863,3228
AGAACATCGGATTACG,A160F,0.1706,0.1706,122,100
AGAACATGAAAGCTAC,G181K,nan,nan,0,0
AGAACATGCTTGAAGT,D348Q,0.0444,0.0444,358,1128
AGAACATGGAACCTGT,F332M,0.2478,0.2478,397,224
AGAACATTAGAGCTTT,,0.1588,0.1588,6128,5398
AGAACCAAAGTTGAAT,N382L A394T,0.0000,0.0000,0,1
AGAACCAACAATGTGA,N169A T283A,0.0920,0.0920,229,348
AGAACCAACTTTATCA,N158H,0.1196,0.1196,65,76
AGAACCCATCGTTAAA,G345Y,0.1443,0.1443,323,313
AGAACCCATTATTATC,R229V,0.0000,0.0000,0,7
AGAACCCATTGTTTAA,,0.1213,0.1213,1858,2142
AGAACCGAGTAGCAAC,A334M L462R,nan,nan,0,0
AGAACCGGAATTGTAG,V88R G100D,0.0000,0.0000,0,1
AGAACCGGAGCGAGTT,K62N,0.1675,0.1675,97,81
AGAACCGGATTAAGAT,K109E A214R,0.0000,0.0000,0,28
AGAACCGGCGGTTCTG,,0.0551,0.0551,1144,2906
AGAACCGTACAGATGT,P58G,0.0000,0.0000,0,15
AGAACCTCCCTGAATA,W234M Y491I,0.0117,0.0117,1,12
AGAACGAAAATTCGCA,T283G G341V R456W,0.0000,0.0000,0,12
AGAACGAAATCAATTT,,0.1773,0.1773,1259,993
AGAACGAACAAATACC,,0.1301,0.1301,748,804
AGAACGAAGGTAAAAT,,0.1718,0.1718,2053,1671
AGAACGACCTAGAGTA,K216T,nan,nan,0,0
AGAACGATAGACATGT,L43N S480D,nan,nan,0,0
AGAACGCTATACTCAT,,0.1331,0.1331,627,659
AGAACGCTTTGAGAAT,L112K,0.9323,0.9323,20,3
AGAACGGTAACCACTC,R328aS,0.4925,0.4925,81,23
AGAACGTAAAACGAAC,V-2I A253L R482C,0.0000,0.0000,0,5
AGAACTAAACATATGT,H117N,0.1525,0.1525,1049,962
AGAACTAAAGTGCGGC,,0.1543,0.1543,32,29
AGAACTAATCCAAGTA,Q344K,0.1013,0.1013,63,87
AGAACTACCTTGGACA,Q282W,0.0000,0.0000,0,23
AGAACTACGAGCTATT,D457Y,0.0868,0.0868,353,569
AGAACTATATTGTTCC,Q25R G225H,0.0823,0.0823,90,153
AGAACTATCGTATATA,L437S,0.0000,0.0000,0,1
AGAACTATTAGTGAAA,Q359M,0.1105,0.1105,1263,1599
AGAACTCGCGATAAAA,K313E,0.0000,0.0000,0,20
AGAACTGAAGGCGAAG,,0.1303,0.1303,2016,2163
AGAACTGCGTATCGCG,G362N,0.2004,0.2004,665,464
AGAACTGTACTCTCAT,,0.1892,0.1892,349,258
AGAACTTGCTCTTAAT,,0.1488,0.1488,1080,1015
AGAACTTGGAGGTCAC,P293T D419R,0.0000,0.0000,0,7
AGAACTTTAATTCAAA,R328aC,0.3406,0.3406,95,39
AGAAGAACGGACCTTA,E479W,0.0880,0.0880,78,124
AGAAGAACGTACCACG,A160P Q391R,0.0000,0.0000,0,8
AGAAGAACTATTACAA,C477Q,0.0000,0.0000,0,7
AGAAGAATAAACGTAA,,0.1786,0.1786,304,238
AGAAGAATATTGTTCG,E393N,0.0866,0.0866,179,289
AGAAGAATCCTAGCAA,,0.1752,0.1752,600,479
AGAAGAATGTTAAAGA,,0.1166,0.1166,6688,8020
AGAAGACAACTAAGCC,,0.1125,0.1125,2286,2842
AGAAGACATGTGTGAA,A144W E368K L409Y,0.8857,0.8857,19,3
AGAAGACTAAAATTTT,S523P,0.0000,0.0000,0,2
AGAAGACTGGTATAAA,,0.0207,0.0207,100,674
AGAAGACTTCCATAAT,K165Y,0.1208,0.1208,5809,6727
AGAAGACTTCGGCGAC,P74R W343K,0.0000,0.0000,0,2
AGAAGAGACAAGACGC,L133aG,0.1184,0.1184,642,758
AGAAGAGCAACTATAA,V505W,0.2064,0.2064,2066,1400
AGAAGAGGAGACGCTA,Q513G,0.0000,0.0000,0,12
AGAAGAGGTCCCAATT,N129E,0.1371,0.1371,1228,1253
AGAAGATACAGGATTT,S270A,0.0907,0.0907,2199,3392
AGAAGATAGCTCATAA,R220W,0.0000,0.0000,0,4
AGAAGATCCCCGCAAC,T520D,0.0000,0.0000,0,9
AGAAGATCGATCCCCA,F417H,0.2517,0.2517,18,10
AGAAGATGTACCTAAC,,0.0000,0.0000,0,8
AGAAGATTGTTTAATA,,0.1201,0.1201,640,745
AGAAGCAAATAGAATC,Y512K,1.0000,3.9156,28,1
AGAAGCATACTTGAAA,R321T D366N T370S,0.0000,0.0000,0,7
AGAAGCATGTAAGGTT,M478R,0.0000,0.0000,0,1
AGAAGCCAATCAAATG,P299K,0.1622,0.1622,1096,945
AGAAGCCACCAAAGTC,V272P,0.1147,0.1147,73,89
AGAAGCCTTGCGTGGT,P198F A364V,0.0498,0.0498,275,772
AGAAGCGACTAATTTT,L194G L331H,0.7246,0.7246,57,11
AGAAGCGGACATAGAA,,0.1955,0.1955,2020,1445
AGAAGCTTGCATGACT,A67W F469W,nan,nan,0,0
AGAAGGAAACTGAAGT,A137T,0.0000,0.0000,0,140
AGAAGGACGGGATATG,I502Y,0.0000,0.0000,0,5
AGAAGGACGGTATTTA,R329T,0.5815,0.5815,158,38
AGAAGGCAATGAACCG,D159T F469P,nan,nan,0,0
AGAAGGCTAGTTAAGC,,0.1030,0.1030,2140,2906
AGAAGGGTTGGTCCTC,R229G E368K M413I F469C,0.0000,0.0000,0,7
AGAAGGTGTGAGGTAC,I42T P125I,0.0000,0.0000,0,1
AGAAGTAAAAATTCAA,A137G,0.0725,0.0725,679,1309
AGAAGTAAAATCAGGA,E508N,0.1329,0.1329,591,622
AGAAGTAAATCTAAAC,L154Q,0.0000,0.0000,0,25
AGAAGTAACAAGTATA,Y105R,0.0692,0.0692,419,847
AGAAGTATAGAGTACC,N379S S523N,0.0000,0.0000,0,3
AGAAGTATTTACCGCT,N483L,0.0786,0.0786,1614,2872
AGAAGTGAATACCACA,I87T Q454W,0.0622,0.0622,4,9
AGAAGTGTTCATACGT,,0.0672,0.0672,37,77
AGAAGTTAAAAGTGAT,N169A,0.0487,0.0487,71,204
AGAAGTTACCACCGGA,Y258K V510A,0.0000,0.0000,0,4
AGAAGTTCCCATTCCA,S311T,0.0000,0.0000,0,24
AGAAGTTCCTCAATAA,K196N,0.0857,0.0857,694,1133
AGAATAAACATGGAAA,V347A G352V A373V S383P,0.0000,0.0000,0,2
AGAATAAAGCGTGTCG,K9Q,0.0780,0.0780,553,991
AGAATAACGGGTTAGT,Y512E,0.1259,0.1259,63,70
AGAATAATAAAACTTC,,nan,nan,0,0
AGAATAATATTATTTA,R328aE,0.4289,0.4289,92,30
AGAATAATGATTTAAT,S22V G341V,0.1946,0.1946,32,23
AGAATACAAGTCACTA,,0.1263,0.1263,401,444
AGAATACTGATGAAAT,E174K,0.0532,0.0532,399,1048
AGAATAGAAAAAAAAT,W84V N458Y,nan,nan,0,0
AGAATAGACTAACTAG,,0.1283,0.1283,1820,1983
AGAATAGCACACCCAG,T23A,0.0000,0.0000,0,3
AGAATAGTAAATAGTG,,0.0819,0.0819,1966,3355
AGAATATAAGAAGACT,I260R,0.3694,0.3694,140,53
AGAATATAGAAGTACT,C277V,0.0599,0.0599,9,21
AGAATATATAGCTGTA,V135E,0.2652,0.2652,404,213
AGAATATCTGGTGACG,,0.0494,0.0494,95,269
AGAATATGACACCACA,A394Q,1.0000,1.8646,40,3
AGAATATGCAATATCC,V285H,0.1903,0.1903,1301,956
AGAATATGTAACCGTG,N-4G E476V,0.2054,0.2054,18518,12606
AGAATATGTCATTATA,S221F,0.0000,0.0000,0,1
AGAATATTGCGGTTTA,,0.0000,0.0000,0,56
AGAATCAAAGTTCCTG,D419N E479K,0.3072,0.3072,268,122
AGAATCACTACCTTCC,F399I,0.0000,0.0000,0,3
AGAATCATAAAAAGCG,Y17R,1.0000,1.3635,234,24
AGAATCATGTACACAG,,0.1560,0.1560,58,52
AGAATCCAGCTACCTT,A317V,0.1662,0.1662,479,403
AGAATCCCGTAAGAGC,M478D,0.0000,0.0000,0,4
AGAATCCGACAAATCA,I385V R496E,0.0903,0.0903,760,1177
AGAATCCTCCGAACTT,T370N E432A,0.0000,0.0000,0,8
AGAATCCTCTGCCCTA,A317V,0.0141,0.0141,36,357
AGAATCCTGTGAATAG,,0.1454,0.1454,841,809
AGAATCCTGTTAAACC,N382D,0.1654,0.1654,162,137
AGAATCGGCGAAATGG,R456P,0.0000,0.0000,0,5
AGAATCGTACCCTATA,K45N I406E,0.0000,0.0000,0,1
AGAATCGTGTAACAAT,N408Q,0.1532,0.1532,470,429
AGAATCTAGCAAGCGG,,0.2900,0.2900,253,122
AGAATCTCACCTACAA,D53A,0.1943,0.1943,746,537
AGAATCTTGACTGATT,,0.1860,0.1860,129,97
AGAATCTTGCAGACAA,Y105H,0.1310,0.1310,1076,1149
AGAATGAAAAATGATC,F332R G504V,nan,nan,0,0
AGAATGAGAAAACAGT,N186K,0.1598,0.1598,112,98
AGAATGAGTCCATGAA,S22G T485E,0.0778,0.0778,326,586
AGAATGATAACTCATC,G143K R496G A521W,1.0000,6.8523,49,1
AGAATGCATAGCGGAA,D264C,0.2358,0.2358,86,51
AGAATGCGATGCAACA,Y351M V420L,0.8740,0.8740,75,12
AGAATGCGTAGAGTTG,M-6N,0.0000,0.0000,0,1
AGAATGCTCATAAGAT,,0.1076,0.1076,1011,1314
AGAATGCTGCAAGCTG,K450N,0.2589,0.2589,287,155
AGAATGCTTATTACAG,I202M,0.2239,0.2239,1140,712
AGAATGGAACTTAGAT,V-2A Y470S,0.0720,0.0720,173,336
AGAATGGTATTTTAGG,L-1K,0.3922,0.3922,129,46
AGAATGGTGACGACTT,V510G,0.1184,0.1184,391,462
AGAATGGTTTTTGATT,I550E,nan,nan,0,0
AGAATGTACGCACCAC,T23W W153* Q226K F294W,0.0000,0.0000,0,1
AGAATGTCAAAATAAC,S290F R405I,0.2670,0.2670,21,11
AGAATGTCGGCAATAA,,0.0000,0.0000,0,2
AGAATGTGGGTACTTC,C14*,0.0000,0.0000,0,20
AGAATTAAATCGATCA,M111Q L462K,0.8484,0.8484,91,15
AGAATTAAATGAGACC,G376M,0.0480,0.0480,154,449
AGAATTACGAAGAGCT,M111G G349R,0.0000,0.0000,0,5
AGAATTAGATAGTAAC,C466K,nan,nan,0,0
AGAATTAGCGGAAAGT,,0.0000,0.0000,0,11
AGAATTAGCTCCTATA,W350T Y448C N464D K472R,0.0000,0.0000,0,5
AGAATTCAAAAGATTC,S167K R321K T370W F469V,0.0000,0.0000,0,38
AGAATTCCAGCTAATC,K262D,0.1573,0.1573,9,8
AGAATTCTCACATCCA,,0.1486,0.1486,492,463
AGAATTGAATTACAGC,,0.1429,0.1429,1120,1096
AGAATTTAAAGAAAAG,,0.1005,0.1005,1204,1675
AGAATTTAGGACCTCC,K196R,0.1802,0.1802,1687,1309
AGAATTTAGGAGATAA,L177G A532D,0.0000,0.0000,0,39
AGAATTTTAATCTTAT,L447A,0.0000,0.0000,0,10
AGAATTTTATTACTGT,Q344T,0.1570,0.1570,1779,1585
AGACAAAAAACAAGAT,K498S V505L,0.2878,0.2878,819,398
AGACAAAACAATTTTA,,0.1527,0.1527,3567,3267
AGACAAAATTAAAACA,K50A,0.1711,0.1711,6049,4944
AGACAAACTAAGATGT,T35I,0.1638,0.1638,1164,994
AGACAAACTACAGTCA,N-4V N73K T163Q,nan,nan,0,0
AGACAAAGCAAAAAGA,P162R,0.1806,0.1806,3111,2409
AGACAAATCTTAGAAA,,0.1258,0.1258,1503,1671
AGACAACACCAACGAA,,0.0000,0.0000,0,3
AGACAACGTTAAAAAA,T192V,0.1072,0.1072,974,1271
AGACAACTCCCAAATA,,0.1490,0.1490,2659,2495
AGACAACTCTGAAGTT,N389D,0.0000,0.0000,0,6
AGACAAGACATCTAAA,,0.1221,0.1221,632,724
AGACAAGGATAGCACG,D175Q,0.1191,0.1191,872,1024
AGACAAGGTACTACGA,E434I,0.1101,0.1101,37,47
AGACAATAACCCCCTA,,0.1659,0.1659,344,290
AGACAATACCACGACG,K307V,0.0000,0.0000,0,21
AGACAATAGAAATGTA,T370L F469P,0.0000,0.0000,0,6
AGACAATAGACTCATT,,0.1243,0.1243,1822,2050
AGACAATCAACGAGTT,E327G,0.1247,0.1247,883,990
AGACAATCGATAAGTA,R227L S509L,0.0000,0.0000,0,4
AGACAATCTGATTCTT,L7S,0.0880,0.0880,1039,1651
AGACAATGTCCCGTCT,G333W,0.1650,0.1650,289,245
AGACAATTAAATAAAA,F79Y,0.1017,0.1017,868,1194
AGACAATTTTCAAGCT,F467S,nan,nan,0,0
AGACACAAAAACATGC,R404H,0.0000,0.0000,0,28
AGACACAAATATTGCT,,0.1855,0.1855,1779,1341
AGACACATCCTTCTTG,,0.1490,0.1490,490,460
AGACACATCGAGAACA,E78G,0.2159,0.2159,4909,3180
AGACACCAAAGTGCGA,Y86I Y258Q,0.0000,0.0000,0,2
AGACACCCCGACGAAA,E246H,0.1213,0.1213,2373,2735
AGACACCCGGTATGCG,L194R,0.2397,0.2397,252,147
AGACACCTAATTCTAA,A3S G134K,0.5069,0.5069,174,48
AGACACTAACCAACGG,Y161L,0.0000,0.0000,0,59
AGACACTTACCGTCTA,H117D,0.0961,0.0961,362,527
AGACAGAAAAAAAGAG,M388A,0.5594,0.5594,28,7
AGACAGAAACGCAAGA,,0.1263,0.1263,5080,5626
AGACAGACACTATCGA,P162L V381Q,0.2904,0.2904,27,13
AGACAGACTCCCAAAT,F79N *551V,0.0775,0.0775,92,166
AGACAGATGTATTCCA,I13P K450E,0.0000,0.0000,0,7
AGACAGCACACCATTA,E255I,0.0918,0.0918,1210,1843
AGACAGCTCCTACCCA,,0.0908,0.0908,126,194
AGACAGGAGGCACAGC,M-6F,0.0000,0.0000,0,10
AGACAGGAGTTAACGA,,0.1003,0.1003,1190,1659
AGACAGTAAGGATAAC,R452Y,0.1211,0.1211,828,956
AGACAGTACGAGAGTA,K269G,0.0211,0.0211,32,212
AGACAGTCAACGAAGA,G333L K460L,0.1463,0.1463,2940,2811
AGACAGTCAGAAACTG,V-2W K460R,0.1145,0.1145,451,551
AGACATAAAAGCCGTT,P128T,0.1017,0.1017,2986,4106
AGACATAAGAAACGTA,G463C,0.2282,0.2282,62,38
AGACATAAGGCGACAT,S203A,0.0519,0.0519,517,1392
AGACATAAGGTCGGAC,A532E,0.9090,0.9090,26,4
AGACATACTAACGCTA,S311K,0.2214,0.2214,19,12
AGACATATAAGATCCC,K372A,0.2215,0.2215,445,281
AGACATATTACTAAAA,C546V,0.1175,0.1175,2654,3160
AGACATATTCTTCTAA,R114M S523Y,0.0000,0.0000,0,38
AGACATCCTAGCAAAG,Y274M E434F,0.0000,0.0000,0,2
AGACATCGGGACATTA,A287T N389D,nan,nan,0,0
AGACATCTAACAACGC,R328aF,1.0000,1.8957,122,9
AGACATCTACTGAGGC,L43G I182P,nan,nan,0,0
AGACATGGATCTTGCC,R397C,0.1075,0.1075,123,160
AGACATGGTGGAAGAA,A521S,0.0411,0.0411,57,194
AGACATGTTGCCCATA,S290M,0.1160,0.1160,102,123
AGACATTACAAAAGTA,Q40M H295R,nan,nan,0,0
AGACATTACATCACCA,V82M,0.2618,0.2618,249,133
AGACATTATGAAGTGT,E-5P Y161E,0.8391,0.8391,18,3
AGACATTTAAGCGTTA,N357G,0.4062,0.4062,61,21
AGACATTTACAGGAGT,,0.1690,0.1690,492,407
AGACCAAAAAGTATAA,I115W,nan,nan,0,0
AGACCAAACATATGCC,I385S,0.1061,0.1061,529,697
AGACCAATTAGTTACT,L179D,0.0000,0.0000,0,16
AGACCACATTAATAAA,D77E,0.1549,0.1549,1345,1214
AGACCACTATATGCGA,R328bT,0.1724,0.1724,1471,1193
AGACCACTATTATCAC,L176S,nan,nan,0,0
AGACCAGAAATCACGT,L51I P82aL A253M,nan,nan,0,0
AGACCAGATTCTACAA,S543*,0.3761,0.3761,78,29
AGACCATAAGAAGGAT,,0.0911,0.0911,505,775
AGACCATACCCCATCG,S361R,0.1340,0.1340,1619,1689
AGACCATATAAACTTA,D63P,0.0000,0.0000,0,3
AGACCATCCTAGAGAG,Y353P,0.0000,0.0000,0,2
AGACCATCCTTTGTCA,P198Y,0.0530,0.0530,702,1852
AGACCATTAAAGACAT,G360Y,nan,nan,0,0
AGACCATTATTTAACA,R114N,1.0000,1.2935,37,4
AGACCCAAAAATAGAG,N94I E479Y,0.1245,0.1245,423,475
AGACCCAAACAAGCAC,S133E,0.1115,0.1115,122,153
AGACCCAAACTTCATG,R81M L418H G542D,0.5667,0.5667,77,19
AGACCCACATTCTTGT,C281A,0.0000,0.0000,0,16
AGACCCACTCTTGCGC,T318E,0.0000,0.0000,0,1
AGACCCATAAACCCAT,V395F,0.1510,0.1510,908,841
AGACCCATACCCAGCA,A373T I529S,0.0000,0.0000,0,3
AGACCCATAGCTATAA,Y488N,0.1378,0.1378,755,766
AGACCCCCCTAAAAAT,L54E S133G,0.0000,0.0000,0,9
AGACCCCGTTATTAAT,W537I,0.0000,0.0000,0,31
AGACCCGATCAAACCA,,0.0859,0.0859,909,1479
AGACCCGGACAAGACC,Y17E E403N,0.0000,0.0000,0,2
AGACCCTAAGCGATGA,N312L,0.1464,0.1464,607,580
AGACCGAAAAGTATAT,Q222L,0.0717,0.0717,8628,16830
AGACCGAAATCAACTC,A91R,0.1072,0.1072,352,459
AGACCGAATGAGCATG,E31N T485I,0.8091,0.8091,81,14
AGACCGCATCTCCCTA,,0.1824,0.1824,7494,5744
AGACCGCGGAAAGCGA,E190K,0.0000,0.0000,0,2
AGACCGGTAAGAGATA,,0.1489,0.1489,345,324
AGACCGTACTGATTCA,,0.0973,0.0973,858,1233
AGACCTAAACAAAGAG,N322G F469P,0.0000,0.0000,0,27
AGACCTAACTTTCCTT,S291F,0.3991,0.3991,468,164
AGACCTAAGAGATGTA,E340R,0.4958,0.4958,39,11
AGACCTCACAATATTA,A160W,0.1646,0.1646,1303,1107
AGACCTCTTGAGATAC,E414N,0.1353,0.1353,179,185
AGACCTGCTTACATTA,W84P,nan,nan,0,0
AGACCTGGACGGATCT,A3H I121S F332K,1.0000,1.0255,22,3
AGACCTGTAATGCAAC,D231A,0.0620,0.0620,323,729
AGACCTTAACAGGCTT,K125aG,0.1898,0.1898,729,537
AGACCTTACAATGGTA,P215L,0.7866,0.7866,45,8
AGACCTTATTGTAACG,S22K,0.1607,0.1607,208,181
AGACCTTTCGATCCAC,S85Y,0.0000,0.0000,0,9
AGACGAAAAAATCTAA,R81Q,0.0914,0.0914,626,958
AGACGAAAAACACCTT,G16E,0.0000,0.0000,0,1
AGACGAACAGATACTC,K50W,0.1412,0.1412,1254,1242
AGACGAACTAAAGGCC,G68F,0.0000,0.0000,0,2
AGACGAACTTATGTTC,H244D,0.0159,0.0159,278,2451
AGACGAATCTATAACG,E24I,0.1982,0.1982,1192,841
AGACGAATTATCTGAT,,0.0718,0.0718,131,255
AGACGACAAGATGTAA,P284V A336H,0.9509,0.9509,34,5
AGACGACAGCTAGACG,,0.1586,0.1586,1575,1389
AGACGACCAAATTACA,D175K,0.0899,0.0899,81,126
AGACGACCACGGACAA,P92aC,0.1519,0.1519,2182,2009
AGACGACTCCCAGAGT,T266E,0.0652,0.0652,286,613
AGACGACTCGCTAGCG,R114K,0.1052,0.1052,73,97
AGACGACTTCCATACC,,0.1168,0.1168,3128,3745
AGACGAGAACCTATTA,N20L *551T,1.0000,1.3635,78,8
AGACGAGAAGTGTAAA,E31S,0.0940,0.0940,6097,9068
AGACGAGACACAATGG,T171I,0.0954,0.0954,841,1233
AGACGAGATTGTCACG,,0.2227,0.2227,371,233
AGACGAGGACACCATG,L209C,0.2083,0.2083,657,441
AGACGATACGGACTAA,P284C,0.1032,0.1032,897,1216
AGACGATACGGCCGTA,E89T,0.1271,0.1271,2282,2511
AGACGATAGGAATTCA,E-5C F417I R547K,1.0000,1.4684,84,8
AGACGATATTATTACA,Y17C Q391V C539Y,0.2466,0.2466,67,38
AGACGATCCTTATCAG,K50H,0.1338,0.1338,400,418
AGACGATGTATGATAG,,0.0000,0.0000,0,6
AGACGCACTAAGCCAA,G143S,0.1728,0.1728,2311,1870
AGACGCATAGTATTCC,L331N,1.0000,2.8668,82,4
AGACGCATGCACCAAA,,0.0976,0.0976,1572,2252
AGACGCCGTCGAAGGC,,0.0173,0.0173,19,154
AGACGCTGGAAAGATT,L102W A459Y,nan,nan,0,0
AGACGGAAAATGAGCC,D175Y G181I,1.0000,3.2164,46,2
AGACGGACACACTTAA,K165M,0.0834,0.0834,5352,8971
AGACGGACAGATATGA,T485C,0.1210,0.1210,2551,2948
AGACGGCGTTTGGCCA,C473F,nan,nan,0,0
AGACGGCTTATAACTG,L507G,0.1710,0.1710,1181,966
AGACGGGAGATAGGAA,D95E,0.1253,0.1253,4446,4964
AGACGGTACGACTAAT,K372N,0.0754,0.0754,340,631
AGACGTAAAAATGGAA,S383W,nan,nan,0,0
AGACGTAAAAGTTACT,A214D,0.0817,0.0817,5331,9123
AGACGTACCGAGACGT,G134H,0.0000,0.0000,0,3
AGACGTAGTAACCAGG,N129I,0.2798,0.2798,4484,2241
AGACGTATATACTAAG,I514Y,0.1128,0.1128,1703,2111
AGACGTATTACAATCC,L507R,0.2191,0.2191,2682,1712
AGACGTCTAAGGCCCC,Y168C N169S I182V K196R T200A K216R,0.0000,0.0000,0,5
AGACGTGAACTAAGTA,T219C L447N,0.5827,0.5827,25,6
AGACGTGACAACAAAG,A425C T520S,0.0000,0.0000,0,6
AGACGTGTAAATAAAT,,nan,nan,0,0
AGACGTGTCCTACCTC,H110V A373C,0.0000,0.0000,0,3
AGACGTTCTAAAAAAT,L402R,0.0000,0.0000,0,19
AGACTAAAGAAATACA,D348C,0.1371,0.1371,1767,1802
AGACTAAAGGCGTAAA,N94W Q226T N382D,0.0000,0.0000,0,2
AGACTAAATACGATCG,D159T,0.1175,0.1175,2613,3109
AGACTAAATTGCATAG,N20I S361N,0.0000,0.0000,0,3
AGACTAACAGATAGCA,G376S V510M,0.1488,0.1488,299,281
AGACTAAGCTCTCCCG,Y448V,0.1046,0.1046,172,230
AGACTAATACCACCGA,A425G,0.2264,0.2264,34,21
AGACTACACATATACG,A317Y S356I,0.0000,0.0000,0,3
AGACTACCTAGGAAAG,L402D,0.1981,0.1981,17,12
AGACTACTAAATCAGA,E403D,0.0000,0.0000,0,2
AGACTAGATTATAATA,L507V,0.1400,0.1400,984,983
AGACTAGGCTGGTTGC,S270G,0.0735,0.0735,71,135
AGACTAGGGGACATGG,R435D,0.1175,0.1175,79,94
AGACTAGTACAGGACC,Q391S,0.3230,0.3230,194,84
AGACTATACCAAGCGG,,0.1613,0.1613,5096,4418
AGACTATCGGGACGAA,,0.1111,0.1111,453,570
AGACTATTAGACGAAA,L2F K9N I406L,0.0702,0.0702,237,472
AGACTATTGCTATGTC,S383F,0.0930,0.0930,113,170
AGACTCAAAACCCTAC,K216N S480V,0.0251,0.0251,23,128
AGACTCAACAAGAGCT,E398F,0.0000,0.0000,0,59
AGACTCACTGCTGGTT,G275S,0.1311,0.1311,613,654
AGACTCAGAAATAAAT,L112S G416I,nan,nan,0,0
AGACTCAGGGACACCG,,0.1362,0.1362,1594,1637
AGACTCCATACAGATA,E31K K445C,0.9672,0.9672,83,12
AGACTCCCAGCCGGAA,L176F,0.1923,0.1923,66,48
AGACTCCCTATGTCAT,F232H P306N,0.5794,0.5794,58,14
AGACTCGATAAGGAAG,I217V,0.0884,0.0884,429,679
AGACTCGTCTCGTACA,,0.0000,0.0000,0,1
AGACTCGTGATATAAG,W343D,0.0000,0.0000,0,8
AGACTCTCGCCACTAT,H117T D264N,0.0000,0.0000,0,2
AGACTCTTACCATCCA,L43T,0.0000,0.0000,0,3
AGACTCTTGAAAAGCG,Q211F I385R,0.0580,0.0580,430,1037
AGACTCTTGCTGGATC,M413- E414- D415- G416- F417- L418-,0.0000,0.0000,0,12
AGACTGAAACCGGAAT,Y168T I385R R499D,0.0000,0.0000,0,69
AGACTGAAGAGTGCAA,D441Q,0.2403,0.2403,122,71
AGACTGATAGAGATAT,C139Y N322S K367E F469N,0.0000,0.0000,0,19
AGACTGATGCCTCTGA,R404K,0.1889,0.1889,381,282
AGACTGGAAAGGACAT,F469A R547K,0.9789,0.9789,21,3
AGACTGGAAATTCACA,V82T G504R,0.0345,0.0345,42,170
AGACTGGATACAGAGA,A257T K472F,0.0000,0.0000,0,1
AGACTGGTGAAGAGTA,S126G,0.1182,0.1182,180,213
AGACTGTAAAATGCTC,Q25W N424W,0.1721,0.1721,16,13
AGACTGTCTCTTCATA,R173G R220G F294C,0.0000,0.0000,0,5
AGACTGTGAGGAAATG,V66S A334D,1.0000,inf,29,0
AGACTTAACCATAAAG,I267N,0.0000,0.0000,0,1
AGACTTAAGTCTTCAG,L176C S291E,0.0592,0.0592,174,411
AGACTTACAAATTATA,M111L,0.0815,0.0815,74,127
AGACTTAGAGGTGACT,E106R L213P,0.0000,0.0000,0,25
AGACTTAGATATCCTG,,0.1416,0.1416,5971,5895
AGACTTCTGAAAATCC,C549A,0.0000,0.0000,0,106
AGACTTGAGTAGCTAA,Y86S D348G Y491N,0.0000,0.0000,0,2
AGACTTTATACCACAA,I202P M388I,0.0000,0.0000,0,12
AGACTTTCACATGTCG,G72F E398P,0.0000,0.0000,0,16
AGACTTTCTCCGCTCT,Q12G G396L,0.1848,0.1848,37,28
AGACTTTGAACATTAA,D77Y E414K K450P,0.0000,0.0000,0,4
AGACTTTGTGATAGTA,V34Q,0.0000,0.0000,0,11
AGACTTTTCGGCAACC,R456P,0.0000,0.0000,0,2
AGAGAAAAAAATAGAC,G396I,0.0851,0.0851,56,92
AGAGAAAACATACGAA,S136K Y351*,0.4295,0.4295,43,14
AGAGAAAACGTATTTA,Y488T,0.1412,0.1412,104,103
AGAGAAAACTCCCCAA,,0.2062,0.2062,8229,5581
AGAGAAAATCATGATT,A214S E255I E403M,0.0000,0.0000,0,7
AGAGAAAATGTTTCTA,T200A,0.1028,0.1028,979,1332
AGAGAAACAGAATTGT,Y168I,0.1267,0.1267,2867,3165
AGAGAAACAGATAGCT,Y258G,nan,nan,0,0
AGAGAAACCAAGGAAT,N443M,0.1128,0.1128,1034,1282
AGAGAAACTGGGTACT,L194S H471R,0.0000,0.0000,0,5
AGAGAAAGCGACACTT,C549S,0.0964,0.0964,286,415
AGAGAAATAACCAGTA,I124G,0.1231,0.1231,3125,3549
AGAGAAATCAAGCTTT,V8W,1.0000,4.2652,61,2
AGAGAAATTCCTAAAT,M292K,0.0000,0.0000,0,56
AGAGAACAGTCATGTG,,0.1325,0.1325,3441,3633
AGAGAACGAAAACAAG,V5P C466K,0.0000,0.0000,0,1
AGAGAACGGGAGTGTG,P74Y R456E,nan,nan,0,0
AGAGAACTTGGCCATA,L-1Q L320M K460C,0.1681,0.1681,719,598
AGAGAAGAAAGCTAAA,P299Y,0.0117,0.0117,27,324
AGAGAAGAATAAATGA,L409S Y512R,0.0000,0.0000,0,2
AGAGAAGACAAGAAAC,A373E,0.0000,0.0000,0,8
AGAGAAGTCGAAGCTC,C14D,0.0000,0.0000,0,3
AGAGAATAAGCGTACA,,0.0681,0.0681,189,388
AGAGAATACCTCAAAT,N92C,0.1963,0.1963,1979,1410
AGAGAATACGGCCTAT,V5Y,0.0766,0.0766,470,858
AGAGAATATTTGCAGA,M431R,0.2550,0.2550,31,17
AGAGAATGAGGTCTTA,P99A A528E,0.0000,0.0000,0,1
AGAGAATGCGAAATTC,,0.1052,0.1052,228,303
AGAGACAAAACATTGG,,0.0710,0.0710,1008,1985
AGAGACACAAGAAACT,E494I,0.3770,0.3770,62,23
AGAGACACCCCCTATG,D264Q,0.0000,0.0000,0,3
AGAGACAGTCGTCAAA,C64Y I217T,nan,nan,0,0
AGAGACCAGAATTAGA,I385M,0.1270,0.1270,99,109
AGAGACCCAAAGCCTG,I182V,0.1506,0.1506,1580,1467
AGAGACGATCGCTCTA,V26W,0.7552,0.7552,27,5
AGAGACGGACCATCAG,I4V P82aK,0.1084,0.1084,62,80
AGAGACTAAACACAAT,N458K,0.0000,0.0000,0,8
AGAGACTAGTCCTACG,E327K,0.1072,0.1072,2267,2957
AGAGACTCATTAATAA,S167L V451D,0.0000,0.0000,0,5
AGAGAGAAGAGTCCAG,C277*,0.0000,0.0000,0,2
AGAGAGACGTTTACTC,F392L,0.0000,0.0000,0,11
AGAGAGAGACCAAAAG,N169Q R321N T370L F469R,0.0000,0.0000,0,5
AGAGAGCATAGATTGA,F332L,0.1923,0.1923,4633,3370
AGAGAGCCATGGTTAT,N48F F118S A287E,0.0000,0.0000,0,11
AGAGAGCCTGAAATTG,,0.1068,0.1068,5954,7793
AGAGAGGACAATCTCA,D241N,0.1547,0.1547,104,94
AGAGAGGATATGAACG,A365Q,0.0000,0.0000,0,4
AGAGAGTCCGGGCAAT,P306S,0.0000,0.0000,0,6
AGAGAGTCGACGCAAC,G275S E407K,0.0000,0.0000,0,7
AGAGAGTCGGAATTGG,F439R,nan,nan,0,0
AGAGAGTGAATCCCAT,G376L T520R,0.0000,0.0000,0,4
AGAGAGTTACAGCATA,H244F,0.1527,0.1527,2493,2283
AGAGATACAATTTATC,F467Y,0.0436,0.0436,43,138
AGAGATACACTTTAGC,D241M V309W G337R,0.0000,0.0000,0,23
AGAGATAGTTACTAAT,M230Q T370L F469S,1.0000,4.8945,35,1
AGAGATCAGTAACAAA,P239S,nan,nan,0,0
AGAGATCCCTCATAAT,H130Q,0.2646,0.2646,70,37
AGAGATCCGTAGGCTC,N483L,0.1311,0.1311,627,669
AGAGATCGTAAAGGTG,R499E,0.1969,0.1969,283,201
AGAGATCTACTATGAA,A317G,0.0328,0.0328,26,111
AGAGATCTCATCCGAA,,0.1808,0.1808,8393,6493
AGAGATGAATAGACCT,L331D,0.0000,0.0000,0,3
AGAGATGTGTATTATG,F332A,0.0559,0.0559,18,45
AGAGATTAACAAAATA,K262aN,0.1393,0.1393,1483,1489
AGAGATTACAAAGAAA,S207T,0.1239,0.1239,3154,3559
AGAGATTCTGGACCCG,K372R,nan,nan,0,0
AGAGCAAAGAACCACC,E500V,0.0321,0.0321,97,423
AGAGCAAAGATAGTAA,,0.1442,0.1442,1660,1610
AGAGCAACCCGGTCCG,Y491V,0.0000,0.0000,0,3
AGAGCAACGGTATAAT,A521M,0.0218,0.0218,19,122
AGAGCAAGCGCACGAT,E327K W350D,nan,nan,0,0
AGAGCAATCGTATAAT,T163A,0.1011,0.1011,447,618
AGAGCACCTAAAAATT,,0.1616,0.1616,446,386
AGAGCAGAAAACTGAT,H117W,0.1153,0.1153,658,798
AGAGCAGAAGAAATGC,,0.0000,0.0000,0,41
AGAGCATATTTCCGAA,,nan,nan,0,0
AGAGCATCAGATCACA,S6M,0.0621,0.0621,857,1929
AGAGCCACGTCTGTTG,F245C,0.1270,0.1270,89,98
AGAGCCAGAATATAAG,P162C V381M,0.0000,0.0000,0,2
AGAGCCAGATACAGAC,G416A,0.0542,0.0542,169,436
AGAGCCATATTTAATG,E494L,0.1167,0.1167,574,688
AGAGCCCCCCCGCCGT,,0.1314,0.1314,2240,2384
AGAGCCCGAATCTTAC,Y470S,0.0746,0.0746,24,45
AGAGCCTCCCAGATTA,K372Q,0.1506,0.1506,2622,2435
AGAGCGAAACACGAAA,Q359P,1.0000,1.8459,66,5
AGAGCGATCAGGTAAT,Y351M,0.0000,0.0000,0,2
AGAGCGTAAACGAATT,G286E L437S,0.0000,0.0000,0,13
AGAGCGTGTAAGATGT,G362T,0.2020,0.2020,52,36
AGAGCTACGATTATTA,T370E F469R,0.2360,0.2360,27,16
AGAGCTATGCAACTCA,,nan,nan,0,0
AGAGCTGAGGCAGAGG,N289C,0.1495,0.1495,619,579
AGAGCTTAAACTACCA,P306S,0.0000,0.0000,0,15
AGAGCTTAATGTAATA,,0.0857,0.0857,459,749
AGAGCTTGCCCACTAC,I302G,nan,nan,0,0
AGAGCTTTTGCAGATC,H354D,1.0000,1.3984,20,2
AGAGGAAAAACGCTGA,V56K G319S R456A M478I,nan,nan,0,0
AGAGGAACATCCTTCT,I123V,0.1685,0.1685,441,366
AGAGGAAGAAAATTCC,H354A,0.1149,0.1149,1610,1960
AGAGGAAGATACCTCG,N296P,nan,nan,0,0
AGAGGAATGGAGGCCG,A365L,1.0000,1.6416,270,23
AGAGGAATTTCTTACT,C466L,0.0000,0.0000,0,2
AGAGGAGTGACCTTAA,K262aV,0.1300,0.1300,789,849
AGAGGATAACCGGACC,R114K T192G F399V,0.0000,0.0000,0,2
AGAGGATACCCAAATA,K450Q,0.1323,0.1323,2561,2706
AGAGGATACTCTGACT,A3W L213S,0.1010,0.1010,2317,3209
AGAGGATAGAAATAAG,G275F,0.1716,0.1716,54,44
AGAGGATAGACGTACA,A39Y V377N,nan,nan,0,0
AGAGGATGAGCTGACC,I29V,0.0996,0.0996,527,740
AGAGGATGTTGGATGC,A522F,0.0000,0.0000,0,2
AGAGGATTAAAAAACT,K9T,0.2076,0.2076,95,64
AGAGGCAACCCCTCAC,Q191V F467V,nan,nan,0,0
AGAGGCTAAATTAGCA,L430M,0.1341,0.1341,746,778
AGAGGCTCTATCAATA,C549I,0.0159,0.0159,22,193
AGAGGGACCACCCATG,N408D,0.1134,0.1134,291,359
AGAGGGATGAAAACAA,S167T D366Y T370I,0.0000,0.0000,0,6
AGAGGGCATGATCTAA,P299C A495V,0.0000,0.0000,0,26
AGAGGGGCTGAAAATA,S247Q C477S,0.0000,0.0000,0,1
AGAGGGTCTAGATCAT,S290V,0.2034,0.2034,1399,962
AGAGGTAATCATGTCA,P58H G100Q,0.0000,0.0000,0,10
AGAGGTAGATAACAAA,G319N V481K,0.0000,0.0000,0,1
AGAGGTATAAAAAATA,E403A,0.3178,0.3178,25,11
AGAGGTCCATACGTCT,T163C,0.3078,0.3078,328,149
AGAGGTCTAAGACCGC,N424W,0.0000,0.0000,0,2
AGAGGTCTTTTGGCAT,,0.0743,0.0743,127,239
AGAGGTGATTTGCTTT,H295Y,0.0000,0.0000,0,7
AGAGGTGTCGTCCACG,F147M,0.1768,0.1768,373,295
AGAGGTGTGTCTACCG,F147D P299I,0.0000,0.0000,0,6
AGAGGTTGCAAAAAGA,N186Y,0.1012,0.1012,76,105
AGAGGTTTCCAACCCG,F147A,0.0000,0.0000,0,1
AGAGTAAACACCAATA,A93S,0.1017,0.1017,1498,2060
AGAGTAAACCGCAGTA,E131W,0.4085,0.4085,8596,2943
AGAGTAACAACATCAA,A253P A522G,0.1144,0.1144,18,22
AGAGTAACGCATAAAC,E24K,0.1490,0.1490,3645,3421
AGAGTAACGGTAATGG,N400Y,nan,nan,0,0
AGAGTACAACTTTCAA,I115K,0.0000,0.0000,0,1
AGAGTACACCATAAAA,,0.1728,0.1728,19742,15980
AGAGTACCTACTCAAG,L331W,0.1305,0.1305,14,15
AGAGTACTATAAGAAT,M431I,0.1554,0.1554,20,18
AGAGTACTGTTATAAC,I374V M413Y,0.4407,0.4407,104,33
AGAGTAGCAAAATAAA,Y161H Y201C V420L,0.0000,0.0000,0,9
AGAGTAGGACCTGGAA,,0.0434,0.0434,32,103
AGAGTATAAGCGAATC,S311H,1.0000,1.4264,51,5
AGAGTATATCAGGCGT,,0.0375,0.0375,51,190
AGAGTCAAACCAGACA,E78V A425G,0.0000,0.0000,0,5
AGAGTCACAATTTAAG,I252V,0.0708,0.0708,274,541
AGAGTCACTTGCTGAG,,0.1076,0.1076,761,989
AGAGTCCGCCGCAAAC,G330Q,0.0000,0.0000,0,1
AGAGTCGATCATCACA,P198G,0.0489,0.0489,542,1551
AGAGTCGCATAAACCA,E246T,0.1035,0.1035,1178,1592
AGAGTCTCTAAACGTA,E-5* T370A,0.1132,0.1132,17,21
AGAGTCTTTCTCAATA,N94C,0.1483,0.1483,2024,1908
AGAGTCTTTTCTACAA,R326Q,0.1607,0.1607,931,810
AGAGTGAACTCAAAGG,K196A L402M,0.1257,0.1257,142,158
AGAGTGACGGCGACTC,L515K,0.0000,0.0000,0,3
AGAGTGACTCCTGAAC,L1A,0.0519,0.0519,282,760
AGAGTGATAGTTACTT,,0.0872,0.0872,149,239
AGAGTGATGGTCATGG,T200K,0.0000,0.0000,0,3
AGAGTGCAACTCGAAG,Y423F,0.0000,0.0000,0,6
AGAGTGCACTAATCAA,,0.1139,0.1139,132,162
AGAGTGCAGGGGCTTC,V34C,0.1433,0.1433,42,41
AGAGTGTGCATAACCC,R456L,0.1994,0.1994,1001,702
AGAGTTAATAAGAAGG,L527C,0.1428,0.1428,143,140
AGAGTTATTCTATCAG,K328cQ,nan,nan,0,0
AGAGTTCAATAATATG,T511G,0.0000,0.0000,0,14
AGAGTTCCACTGCCAA,E89H D474Y,0.1398,0.1398,30,30
AGAGTTCTGATCCGGC,L427I,0.0040,0.0040,1,35
AGAGTTCTGTGTTCAA,V36T,0.0000,0.0000,0,1
AGAGTTGAGACGATCA,Q40C,nan,nan,0,0
AGAGTTTGCGGAACAA,G416P G465E,nan,nan,0,0
AGAGTTTTAAGTAGTC,G342A,0.1471,0.1471,101,96
AGAGTTTTTTCATGTG,W350G,0.4195,0.4195,42,14
AGATAAAAAACAACAA,L507I G510aC,0.1190,0.1190,662,778
AGATAAAAAATCAACT,I252L,0.1313,0.1313,306,326
AGATAAAAAATTTGTC,Y258C,0.4922,0.4922,88,25
AGATAAAAAGATAAAC,L430W,1.0000,1.0663,61,8
AGATAAAACGTACCGC,G49R,0.0951,0.0951,709,1043
AGATAAAAGTACACAC,T200N,0.4841,0.4841,45,13
AGATAAAATGATGGGA,,0.0000,0.0000,0,54
AGATAAAATTAAGAGA,N278K,0.1027,0.1027,310,422
AGATAAACTGAGTAAT,Y491N,0.0721,0.0721,1374,2666
AGATAAAGCTGAAATA,L527T,0.0000,0.0000,0,1
AGATAACAAAAGTGAC,I166C,0.0605,0.0605,32,74
AGATAACCGTCACGCA,W69L,0.1708,0.1708,1657,1357
AGATAACGACTATATG,N379A,0.1469,0.1469,728,693
AGATAACTAACCGAAA,,0.1502,0.1502,608,566
AGATAACTTAGTCCAA,E393H K460D,nan,nan,0,0
AGATAAGAAATTGCCA,I87P,nan,nan,0,0
AGATAAGACCAAAATT,N483H,0.1113,0.1113,82,103
AGATAAGAGCCCGAGG,F232L,0.1491,0.1491,1682,1578
AGATAAGCTGTGACAT,,0.1321,0.1321,561,594
AGATAAGGATTACACC,E44I R405K,0.0000,0.0000,0,2
AGATAAGGTACGTTCC,,0.1084,0.1084,2500,3226
AGATAATAAACGGGAA,S270W,0.0000,0.0000,0,6
AGATAATAAACTGGAC,P92aW,0.1317,0.1317,1642,1743
AGATAATAGAGTTATA,I548H,1.0000,1.2120,416,48
AGATAATCAGAGATAT,L527W,0.4020,0.4020,46,16
AGATAATCCAAAAACG,A526Y,0.0000,0.0000,0,6
AGATAATCGCGAACCC,,0.1328,0.1328,189,199
AGATAATCTGATAAAT,V26E,0.9964,0.9964,57,8
AGATAATGAAAGCACT,K328C,0.1651,0.1651,124,105
AGATAATGAACCAAAG,N169D R321E T370V F469S,0.0000,0.0000,0,4
AGATAATGCACAGCGC,Y491N,0.0709,0.0709,340,671
AGATAATGGTTAACGA,S356E,0.0986,0.0986,483,685
AGATAATGTGCCCGTA,G396M,0.0890,0.0890,49,77
AGATAATTAAAATCAA,Q40S A188Y,0.1208,0.1208,2850,3299
AGATAATTAGACCGAG,,0.1282,0.1282,7731,8435
AGATAATTTACAAAGG,L122W,0.1673,0.1673,4647,3884
AGATACAATCCACACA,H38R R173K,0.0625,0.0625,865,1936
AGATACACAAACTAAC,A373Q V444M,0.0000,0.0000,0,2
AGATACACAATGCACT,N169L R321Q T370R F469T,0.0000,0.0000,0,4
AGATACACATAAAATA,K380E,nan,nan,0,0
AGATACAGACATTACT,,nan,nan,0,0
AGATACAGAGGATTCT,N94L,0.0659,0.0659,431,915
AGATACAGTGACGTAA,Y141V E327G,0.1847,0.1847,280,212
AGATACATAAAGTAAC,L71Q,0.0000,0.0000,0,3
AGATACATAGATTTCG,V5P E398D,0.2502,0.2502,34,19
AGATACATTACGCACA,,0.0841,0.0841,279,464
AGATACATTGGGATAT,A459W,0.0000,0.0000,0,2
AGATACCACTCCCCTC,G360D,0.0000,0.0000,0,16
AGATACCCTGGCGTCC,K310S,0.0000,0.0000,0,10
AGATACCGACTGGACT,M346H,nan,nan,0,0
AGATACCGCTTACTAA,T279L,0.0614,0.0614,134,305
AGATACGAAATATTCT,I80F L437I,0.0000,0.0000,0,1
AGATACGTTAGGATGT,D11S,0.2610,0.2610,84,45
AGATACTATCTATACT,T283Y V377D,0.0000,0.0000,0,2
AGATACTCAATTTACC,H295I,0.0000,0.0000,0,1
AGATAGAAACAGCGAT,N278P,0.3045,0.3045,233,107
AGATAGAACGAACTCA,C14H R90E C97F,0.0000,0.0000,0,9
AGATAGAAGGATTTCA,R435T,nan,nan,0,0
AGATAGAAGGCTGCAA,A91K C549R,0.0000,0.0000,0,113
AGATAGAATGATAAAA,L59H,nan,nan,0,0
AGATAGACAAAGTAAA,,0.2131,0.2131,2024,1328
AGATAGACTGAAATTG,N312D N357K,0.7088,0.7088,223,44
AGATAGAGATCATCTC,S247Y A495V,0.0000,0.0000,0,1
AGATAGAGATTGAACC,,0.1109,0.1109,814,1026
AGATAGAGTGTCTAGT,L409N,0.0000,0.0000,0,6
AGATAGCTTTGTCACG,R114N,0.0000,0.0000,0,6
AGATAGGCGTAAGCCA,P82aC,0.0956,0.0956,240,351
AGATAGGGGATTACAA,T378C L515P,0.0000,0.0000,0,6
AGATAGGGTAACTGCA,A521K,nan,nan,0,0
AGATAGGTATAAGGGT,H47R N382M,nan,nan,0,0
AGATAGTCCTAATCAA,V451L,0.1069,0.1069,4541,5942
AGATAGTTAAAAGACC,V451C S509L,0.0739,0.0739,2341,4429
AGATATAAATAAATAA,V272E,0.0878,0.0878,238,379
AGATATAGATTTCCGG,I252P,0.0000,0.0000,0,1
AGATATAGGTAAAACC,,0.0000,0.0000,0,1
AGATATATAAGAAACA,V420W,0.0000,0.0000,0,1
AGATATATACTTAAAC,N186P I297N,nan,nan,0,0
AGATATATTCCCTCCT,N193G,0.0986,0.0986,511,725
AGATATCAAACGAATA,T171G L507Q,0.1839,0.1839,292,222
AGATATCTAGCAAACA,E432H I529P,0.0000,0.0000,0,3
AGATATGAGCGAGCAA,I529H,0.1521,0.1521,62,57
AGATATGATCAAACAA,,0.1646,0.1646,226,192
AGATATTAAGATTCAA,S311L,0.0181,0.0181,18,139
AGATATTGTAAATACT,K156D,0.0000,0.0000,0,11
AGATCAAAATATTAAG,F417E,0.0000,0.0000,0,13
AGATCAAACTAACCCA,Q40V,0.1665,0.1665,10044,8434
AGATCAAACTGTAGCC,M413F,0.3305,0.3305,26,11
AGATCAACAACAACCT,,0.0677,0.0677,806,1666
AGATCAACGATGAAGA,P293C,0.0000,0.0000,0,13
AGATCAACTACTGGTT,L320Y,0.0000,0.0000,0,1
AGATCAACTATCCCGC,E501H,0.1135,0.1135,1581,1948
AGATCAACTCTGTAAA,V135M,0.0551,0.0551,39,99
AGATCAAGATCAGTTA,,0.1162,0.1162,2717,3270
AGATCAAGGATAAAAT,Y105I L122Q,0.0926,0.0926,948,1431
AGATCAATGAAAAAAA,N187T H298Y,0.1184,0.1184,3413,4031
AGATCACAAGATAATA,N48Q R499L,0.0000,0.0000,0,8
AGATCACACAATTAAC,S167I R321L,0.0000,0.0000,0,36
AGATCACACATCATAA,P140H G484D,0.2006,0.2006,274,191
AGATCACCAAGTATAT,G286I A334T,0.3596,0.3596,18,7
AGATCACTGCAGCATA,L70Q,0.0000,0.0000,0,3
AGATCAGAACGACGCA,W127* E189V,nan,nan,0,0
AGATCAGACATGATTT,E476C,0.1191,0.1191,1817,2133
AGATCAGGCAAGTCAG,S133Y A459W,0.0000,0.0000,0,6
AGATCAGTAGATACAA,G504M,0.1839,0.1839,6116,4650
AGATCAGTGAACAATA,I302D K498M,1.0000,1.8879,54,4
AGATCATAGAATGCCT,W127N,0.0996,0.0996,500,702
AGATCATCTGATAGCC,,0.1950,0.1950,6781,4864
AGATCATTGTACGAAG,,0.1220,0.1220,1042,1194
AGATCCAAAATCATAG,N48*,0.0000,0.0000,0,11
AGATCCAACCTGCCAG,,0.1195,0.1195,775,907
AGATCCAATTTTGAGA,K328cE,0.0350,0.0350,1,4
AGATCCAGGCTACAAC,Y105W R321K T370R F469A,0.0000,0.0000,0,18
AGATCCCATAAATGGC,F467H,0.0000,0.0000,0,6
AGATCCCGCTGGAGCA,T485Y,0.1408,0.1408,722,717
AGATCCTCTGACACGA,K157G,0.1122,0.1122,471,587
AGATCCTGAGCAACAA,M413F,0.0000,0.0000,0,5
AGATCGAACTCAAGTA,E461H,0.0000,0.0000,0,2
AGATCGAATAGTTTAA,Y98W,0.0000,0.0000,0,4
AGATCGAATATCTTTA,R90I,0.1326,0.1326,1518,1601
AGATCGACCACTGATA,N172S,0.1871,0.1871,364,272
AGATCGACCATGTGGC,G463N,0.1577,0.1577,495,439
AGATCGAGGATGCATG,N186L E407W,0.6393,0.6393,32,7
AGATCGATTATATTTA,T163I F469S,nan,nan,0,0
AGATCGGGCCTTTCCA,V8S,0.0399,0.0399,55,193
AGATCGGTAGCTCAAC,R435K,0.1384,0.1384,1066,1077
AGATCGGTATACGTGT,E-5*,0.0000,0.0000,0,3
AGATCTAAAATTACTC,,0.0733,0.0733,317,605
AGATCTAGTTGAAATC,Y518T,0.1573,0.1573,18,16
AGATCTCATGCGCCCG,,0.0842,0.0842,333,553
AGATCTCTTTCCTTAG,L177I,0.1956,0.1956,400,286
AGATCTGCAATAAAAA,V66P,0.0894,0.0894,964,1508
AGATCTGCATTAAATC,G349I,1.0000,1.3052,56,6
AGATCTGCGTGGGTTC,L2I S369Y F469C,nan,nan,0,0
AGATCTGTCCAACCGG,K372R L462W,0.1218,0.1218,716,822
AGATCTGTCTTAACTC,N94P,0.0000,0.0000,0,17
AGATCTGTCTTAAGCG,I267G,0.1277,0.1277,21,23
AGATCTGTTAAACTAC,K307R,0.2845,0.2845,649,319
AGATCTTCCGAAGGAC,E255Y,0.1412,0.1412,4605,4561
AGATGAAACTCAAAAC,I123T,0.1062,0.1062,955,1257
AGATGAACACTAGTCA,R329E,0.6992,0.6992,105,21
AGATGAACGACGAGAA,H355R A365G,0.2331,0.2331,35,21
AGATGAATCTGTCACG,P254H,1.0000,1.3518,29,3
AGATGAATTCTCTATT,S247E K472P,0.0000,0.0000,0,6
AGATGACAAACCAGAA,R482L,0.0000,0.0000,0,7
AGATGACAATGAGCCA,L-1T,0.0573,0.0573,61,149
AGATGACCGCTATAGG,E468V,0.0767,0.0767,491,895
AGATGACCTTTTCCGA,K165H,0.0881,0.0881,1463,2323
AGATGACGACAGTAAA,T266G,0.1388,0.1388,129,130
AGATGACGACTGCTTC,F232L,0.1039,0.1039,329,443
AGATGACGTTTAAACA,,0.2462,0.2462,81,46
AGATGACTCTAGTCAA,,0.0647,0.0647,413,893
AGATGACTGCTGCTTT,,0.1730,0.1730,2345,1896
AGATGAGAAATACCAA,G181D G205I,1.0000,1.1887,17,2
AGATGAGCAAGTAGAA,,nan,nan,0,0
AGATGAGCCGGTATGC,L194F G504V,0.0000,0.0000,0,17
AGATGAGCGAAGGCGA,R435E,0.0585,0.0585,23,55
AGATGATAACATAACT,T378R,0.1600,0.1600,412,360
AGATGATAAGATAATC,L213Q,0.0767,0.0767,848,1546
AGATGATAAGGTCTTC,C466H,0.0000,0.0000,0,14
AGATGATAGTAGTAAC,,0.1182,0.1182,968,1145
AGATGATGACGAGAGA,G49T,0.1048,0.1048,980,1308
AGATGATGATTTGAGC,C139P,0.3410,0.3410,278,114
AGATGATTTAAACACG,G143T E246Y,0.0000,0.0000,0,4
AGATGCAATAGAAACA,L428N,0.1846,0.1846,33,25
AGATGCAATCTTGTAG,L209M I217K N389H,1.0000,1.1421,49,6
AGATGCATGTCGAGCT,L96V H354R,0.3135,0.3135,408,182
AGATGCATGTTCTATA,F399V,1.0000,inf,26,0
AGATGCATTCGATTCA,P254R G263C,0.6578,0.6578,127,27
AGATGCCAAACAATGG,G396R,0.0000,0.0000,0,2
AGATGCCATAACTACC,G205P,0.0000,0.0000,0,1
AGATGCCCTACACAGA,A93T N169R L177I A522V,0.1041,0.1041,198,266
AGATGCCTGTGTCATT,,0.0608,0.0608,535,1231
AGATGCGAATAATGGA,G263D G342M R456N,nan,nan,0,0
AGATGCGACATACCAC,G72W E174K G542D,0.0000,0.0000,0,4
AGATGCGGTGTAACAT,G55Y V505N,0.2564,0.2564,66,36
AGATGCGTAGAACGGA,M-6Y N186C,0.0000,0.0000,0,2
AGATGCTGCAATTAGT,K313D,0.0935,0.0935,617,923
AGATGCTGGGATAGCT,E24Q N296G,0.1312,0.1312,61,65
AGATGCTTTCAAATCG,,0.1381,0.1381,955,967
AGATGGAACAAATAAA,N408D,0.0386,0.0386,67,243
AGATGGAACCTATTCA,N33M,nan,nan,0,0
AGATGGATAACGCAAA,G504D,0.1445,0.1445,591,572
AGATGGATATCGCTAG,K259P E358K,0.0000,0.0000,0,9
AGATGGCTTATCACCC,,0.1970,0.1970,593,421
AGATGGTTGAAAGTTT,E327K,0.0150,0.0150,26,242
AGATGTAGCAACCTTA,T283E,0.0000,0.0000,0,1
AGATGTAGCGTCATAA,R321Q T370F F469M,0.0000,0.0000,0,5
AGATGTATTATTGACG,G286A D487S,nan,nan,0,0
AGATGTCCACTCAAAA,G352K,0.0000,0.0000,0,11
AGATGTCGATTCCACG,G275M,0.1856,0.1856,138,104
AGATGTCGGATATCAT,R81G K280T,0.1620,0.1620,864,746
AGATGTGTCCAATAAT,Q371R Y518T,1.0000,2.0821,134,9
AGATGTTACCAGACGA,T171I,0.2446,0.2446,3905,2233
AGATGTTTTAGGACGG,S146N,0.1627,0.1627,640,550
AGATTAAAAAACTTTG,H183E,0.0000,0.0000,0,5
AGATTAAAACGATTGA,P58Q,nan,nan,0,0
AGATTAAATTAAGGAT,N357D,0.3170,0.3170,68,30
AGATTAAGACAGTGGA,D348N A373S,0.0643,0.0643,34,74
AGATTAATACTAAGTT,S203F,0.0898,0.0898,1395,2172
AGATTACCAATAAGTA,D41Q,0.1978,0.1978,3814,2697
AGATTATAACACCTAA,,0.0718,0.0718,504,982
AGATTATAAGCTGGTT,E89D N401H,0.0000,0.0000,0,11
AGATTATATGGTAATT,K280H,0.1139,0.1139,513,630
AGATTATCAATGCAAT,E131N,0.2578,0.2578,5364,2910
AGATTATCACTAAGTG,Y98W R220H,0.0000,0.0000,0,1
AGATTATCTGATGTAG,A373C,nan,nan,0,0
AGATTATCTTAACATT,S543I,0.2845,0.2845,1367,672
AGATTATTAAACCGTG,C52N T279V D438N,1.0000,1.1787,59,7
AGATTATTTTGCCCCT,A19S S221E,0.2352,0.2352,37,22
AGATTCAAACCGGTAA,D27E,0.1999,0.1999,1235,864
AGATTCACACCCAACG,I217M,0.1543,0.1543,149,135
AGATTCCTATGCAAAA,,0.1707,0.1707,83,68
AGATTCGAATGTATTC,R220V,0.0000,0.0000,0,9
AGATTCTAACCAAAGT,L515M,0.0667,0.0667,31,65
AGATTCTATGAACTAG,,0.1516,0.1516,309,285
AGATTGAAATAAGATT,F233E,0.0682,0.0682,694,1423
AGATTGAACCCGACCA,N379S,0.1342,0.1342,191,199
AGATTGACGTCGCTCA,D441C,0.1130,0.1130,84,104
AGATTGAGAAAATCAA,N169S D415V,0.1568,0.1568,74,66
AGATTGAGAAACATGA,N169L K367L F469T,0.0000,0.0000,0,1
AGATTGCAATCAACTA,N103H,0.0602,0.0602,442,1026
AGATTGGAACTGAAGG,A3T,0.0000,0.0000,0,23
AGATTGGCCTCCTGAT,C14E,0.0000,0.0000,0,16
AGATTGGTGTAAAGCT,V309K,0.0000,0.0000,0,10
AGATTGTGAAATAAAA,T192K N289D,0.1682,0.1682,1411,1173
AGATTGTTCTAAAAAC,P145Y,0.2728,0.2728,954,489
AGATTTAAAAATTAGC,I42L I202R,nan,nan,0,0
AGATTTACAGAAGATC,,0.0886,0.0886,154,243
AGATTTACAGTTCTTA,V377Y,0.0000,0.0000,0,2
AGATTTACATAGCTAC,L61Y,0.0000,0.0000,0,10
AGATTTACATCTAGGA,K498S,0.0299,0.0299,52,243
AGATTTAGTCTGAACT,,0.1870,0.1870,246,184
AGATTTATCCCCATAC,,0.1741,0.1741,3182,2556
AGATTTCGCAACCGTT,N92K,0.1490,0.1490,1259,1182
AGATTTCTAACTGATT,G362H,0.3072,0.3072,123,56
AGATTTCTCCAAACCC,,0.1551,0.1551,1131,1020
AGATTTCTTATAACAA,,0.1735,0.1735,1180,951
AGATTTGAATCTTGAG,A521C,0.1149,0.1149,872,1061
AGATTTGTAACAAAAG,,0.0000,0.0000,0,54
AGATTTTATAAACAGT,C466L,nan,nan,0,0
AGATTTTATACTCACA,K450R,0.1436,0.1436,5183,5049
AGATTTTCCCAATACT,Y491G,0.5367,0.5367,142,37
AGCAAAAAATAACATG,V204L,0.0381,0.0381,654,2398
AGCAAAAAATAGTATC,F251H,0.0000,0.0000,0,16
AGCAAAAACTGGTACT,Y258D,0.0000,0.0000,0,3
AGCAAAAAGGAGACTC,S480M,0.0912,0.0912,317,486
AGCAAAAAGTCAAATT,N443S,0.0572,0.0572,313,765
AGCAAAACCACGCGGG,A93I Q391V,0.1079,0.1079,54,70
AGCAAAACGCCTCAAG,,0.1217,0.1217,67,77
AGCAAAAGATCGATAT,,0.0000,0.0000,0,3
AGCAAAATGAAACATA,H440V,0.0000,0.0000,0,5
AGCAAACAATATGAGT,V223I,0.0629,0.0629,546,1214
AGCAAACATTATTTCG,E500G,0.1199,0.1199,3545,4134
AGCAAACCTCTATGCA,N169A,0.1447,0.1447,1130,1092
AGCAAACGCCCAGGCT,A67W,0.3356,0.3356,36,15
AGCAAACGTGATCACA,,0.1222,0.1222,1340,1533
AGCAAACTAATTGGCT,S65F S85F,0.0000,0.0000,0,17
AGCAAACTGGATTAAG,G510aH,0.1817,0.1817,960,739
AGCAAAGAATTCACTA,R173V,0.1584,0.1584,2059,1818
AGCAAAGCAACAGCTT,S291K,0.1525,0.1525,3599,3300
AGCAAAGCTCAAAAAA,G72V H354Y,0.1047,0.1047,2119,2829
AGCAAAGCTGAACCGA,N289Q,0.1249,0.1249,879,984
AGCAAAGTACTGATAT,G55R D240V,0.0505,0.0505,121,335
AGCAAAGTAGAGAACA,E-5L L527V,0.0000,0.0000,0,61
AGCAAAGTCAAAAACT,,0.1324,0.1324,993,1049
AGCAAATGGCCCATTG,A188K,0.0508,0.0508,229,631
AGCAAATTTGTAGTCA,,0.1359,0.1359,2773,2853
AGCAACACCTCTTGGG,T171V,0.2342,0.2342,1097,655
AGCAACAGAACCAATT,F147N,0.5244,0.5244,30,8
AGCAACATCTCTCAGC,D264E,0.0738,0.0738,999,1892
AGCAACATGGTGCAAG,T436L C539P,0.0000,0.0000,0,7
AGCAACATTAATATTC,S133F,0.0618,0.0618,114,258
AGCAACCCTACGAACT,H117E,0.1162,0.1162,672,809
AGCAACCTAAGACACG,S133Y,0.0704,0.0704,1231,2445
AGCAACGTTCCGAACG,D241G,0.1136,0.1136,3216,3960
AGCAACTCGAACTCCT,E273L,0.1895,0.1895,3693,2725
AGCAAGAAATTAAATA,G416P,nan,nan,0,0
AGCAAGACATCAAAAA,R229V,0.0000,0.0000,0,7
AGCAAGACGATCTATT,W180G,0.0505,0.0505,26,72
AGCAAGAGAAAGAAGG,D264I,0.6493,0.6493,65,14
AGCAAGCCTCGGCAAT,I288R,0.0000,0.0000,0,20
AGCAAGCTTAGAAAGA,E508V,0.0469,0.0469,160,477
AGCAAGGCACACCCGA,E403G A532Y,0.0000,0.0000,0,3
AGCAAGGCTGCTACCA,A336D Q344T,0.3146,0.3146,9,4
AGCAAGGTGGAGAAAT,A137Y,0.0629,0.0629,1203,2676
AGCAAGTAAAAACCTT,K9W L320N,0.0000,0.0000,0,7
AGCAAGTCAATAATAA,Y195D,0.2349,0.2349,42,25
AGCAAGTTACTAAGAC,T200H,0.2797,0.2797,18,9
AGCAATAGTTTGCTCA,N464L,0.0000,0.0000,0,17
AGCAATATATCGTCTC,G396V,0.0000,0.0000,0,11
AGCAATATCAGTAGCT,N193S Q490V,0.2952,0.2952,57,27
AGCAATATTTAAATTA,G68M K412S,0.0000,0.0000,0,1
AGCAATATTTTACAAC,,0.0981,0.0981,195,278
AGCAATCAGCTTCTGC,G345W,0.2175,0.2175,56,36
AGCAATCATGTTATGA,,0.0565,0.0565,42,104
AGCAATCTAACATTCA,N193S,0.1712,0.1712,846,691
AGCAATCTGCATAAGA,T266Y Y486I,0.0000,0.0000,0,5
AGCAATGACCTTAAAA,G396P,0.3729,0.3729,64,24
AGCAATGCTTGCGCCG,T318D,0.0000,0.0000,0,5
AGCAATGTTCGCCTAA,L2C V5L,0.1290,0.1290,346,375
AGCAATTACATTGTTA,,0.1476,0.1476,4465,4229
AGCAATTAGGCCTTCT,G349D W350L K367M S523F,0.2550,0.2550,31,17
AGCAATTCATTGAAAC,V429M,0.0819,0.0819,65,111
AGCAATTGCGTGAGCT,L71G K372R Q391G,nan,nan,0,0
AGCACAAAAACATGAA,E119K,0.1376,0.1376,10513,10686
AGCACAAAGAACCTTA,A160H,0.1933,0.1933,2422,1752
AGCACAACCAACGCAC,M478Q,0.0000,0.0000,0,32
AGCACACAATTTGAAA,N169P R321P T370C,0.0000,0.0000,0,3
AGCACACCCAGTTTTG,R326S,0.0766,0.0766,288,526
AGCACAGCTCTAACAA,S509I,0.0000,0.0000,0,9
AGCACATAATAAACTT,G286A,0.6060,0.6060,26,6
AGCACATGCACACTTA,V444T,0.0361,0.0361,164,636
AGCACCAAGATGAAAG,D95N E119K E432K V510M W537*,0.0000,0.0000,0,3
AGCACCAAGCCCTCCA,D53A,0.1236,0.1236,5459,6174
AGCACCAATAGACCAA,S203L,0.0792,0.0792,1582,2793
AGCACCACCTAGCAGC,L428K,0.0000,0.0000,0,14
AGCACCATAGATATCT,P92aC D231I,0.0000,0.0000,0,5
AGCACCGTTAGTTCAC,T192S I502P,0.2641,0.2641,51,27
AGCACCTTAGAACTCG,V135D,0.0922,0.0922,376,570
AGCACCTTCATGTATA,L70F Q282L,nan,nan,0,0
AGCACCTTGCAAACAT,K9I,0.0000,0.0000,0,6
AGCACGAAAACATGTG,M-6I,nan,nan,0,0
AGCACGAAACTATCCA,,0.0748,0.0748,23,43
AGCACGAAGCGAAGAA,W69N,1.0000,1.3705,98,10
AGCACGACGCTTCCAG,S22L,0.3380,0.3380,29,12
AGCACGACGGATATTA,N357A,0.0000,0.0000,0,1
AGCACGAGCCAATGAG,T46C,0.1300,0.1300,2839,3055
AGCACGATAACATGGT,,0.0847,0.0847,3166,5229
AGCACGTGACCGTTAC,I123C,0.0667,0.0667,407,853
AGCACGTTTCACCCAT,N312P,0.1304,0.1304,275,295
AGCACTAAATAAACAT,T200Y,0.0000,0.0000,0,19
AGCACTAAGATATGCC,,0.1894,0.1894,7343,5423
AGCACTAATAACTCAG,E327V,0.2001,0.2001,1159,810
AGCACTACAGGACTGG,,0.2045,0.2045,854,584
AGCACTAGGCATTAAT,S22G Y491*,nan,nan,0,0
AGCACTATTAAACAGA,K125aM P324H,0.1943,0.1943,8198,5901
AGCACTATTGTTACAT,N278Q,0.1178,0.1178,16,19
AGCACTCCTGAATTCA,L102R,0.2477,0.2477,62,35
AGCAGAACAAGGAAGG,Y141T,0.0586,0.0586,156,372
AGCAGAACACACATCA,P92aQ,0.1220,0.1220,825,946
AGCAGAACCCAAAGCT,H18G L447M,1.0000,2.6850,96,5
AGCAGAGACGATGTCA,,0.3452,0.3452,79,32
AGCAGATATCAGAGGT,N197D,0.0637,0.0637,560,1229
AGCAGATCCGCTCCAA,,0.1337,0.1337,985,1030
AGCAGATGAGTACAAC,H117Y,0.2338,0.2338,214,128
AGCAGCAAAGAACTTG,P239C,0.0851,0.0851,11601,19059
AGCAGCAACAGCAATC,W537H,0.1549,0.1549,185,167
AGCAGCAATAGAGAAC,G49T,0.0533,0.0533,80,210
AGCAGCAATAGGTATC,V-2I K328cM,0.0000,0.0000,0,14
AGCAGCATCGACATAT,,nan,nan,0,0
AGCAGCCCAACTAACC,T219K,0.1466,0.1466,1974,1883
AGCAGCGCAGATGAAA,V135M,0.0539,0.0539,995,2583
AGCAGCGCCTTCGTGC,,0.0000,0.0000,0,2
AGCAGCGGATACAAGA,L7P,1.0000,inf,41,0
AGCAGCTGGAAAGCCT,K57G,0.3041,0.3041,1270,584
AGCAGGAAGGCATAAT,F147G L455H,0.0000,0.0000,0,1
AGCAGGATCCAGCAGA,Q142C Y274C,nan,nan,0,0
AGCAGGCCTCATTGAC,I124V,0.0597,0.0597,252,590
AGCAGGCTATTGCTGT,V-2Q Y98T,nan,nan,0,0
AGCAGGTATGATTAGC,A334K N458S,0.1566,0.1566,28,25
AGCAGTAATGACCAAC,M478R,0.3636,0.3636,39,15
AGCAGTAATGATAGTC,E107Y,nan,nan,0,0
AGCAGTACACCGCTGA,N150M,0.0573,0.0573,50,122
AGCAGTAGATCTCAAC,K460E,0.0903,0.0903,368,570
AGCAGTATCATTCTAA,L176Y,0.2447,0.2447,203,116
AGCAGTATGTAATCCA,A394S,0.1529,0.1529,47,43
AGCAGTCAGTTACGCC,R321L N464H,0.0000,0.0000,0,27
AGCAGTCTATCCTATC,,0.1070,0.1070,470,614
AGCAGTTAACGACAGG,F467Y,0.1140,0.1140,141,173
AGCAGTTCTGTAAAGA,G134S N475P,0.0000,0.0000,0,6
AGCATAAACAGCTAGA,N169G F469*,0.0000,0.0000,0,1
AGCATAAAGAGGATAG,G228D K498M,0.2272,0.2272,39,24
AGCATAAAGTTAAGTA,L527Y,0.0000,0.0000,0,20
AGCATAAATACGAGAA,S167A R321A T370S F469D,0.0000,0.0000,0,4
AGCATAACATCTACAT,C14Y R81V,0.0000,0.0000,0,2
AGCATAACATGATGAG,E31K L409S,0.0000,0.0000,0,22
AGCATAACATTACGGT,E246D L331Y,0.0000,0.0000,0,8
AGCATAAGGTGCGCTG,T171P,0.1172,0.1172,4510,5381
AGCATAAGTCAAATTG,S167D T370L F469W,0.3925,0.3925,87,31
AGCATAATAAACACGT,A334V,0.2060,0.2060,439,298
AGCATAATTCGCTTCA,,0.1512,0.1512,1269,1174
AGCATACTAACATTCT,,0.1052,0.1052,489,650
AGCATAGATTCCGCCA,F147I L213G,0.0000,0.0000,0,2
AGCATAGGGCCATTTA,R90E,0.2403,0.2403,4443,2586
AGCATAGTTCACGCCG,G330Y,0.1431,0.1431,481,470
AGCATATAGAAACAAA,V510R,0.2435,0.2435,505,290
AGCATATATAAATAAA,D63H,0.1393,0.1393,504,506
AGCATATGAATGGCTG,G465I,0.0000,0.0000,0,6
AGCATATGACCATTAT,L179I,0.2490,0.2490,219,123
AGCATATTGTATAATG,,0.0839,0.0839,30,50
AGCATATTTGACCTCT,N322T T370S F469P,nan,nan,0,0
AGCATCAAGTATAAAT,N21D V420T M530K,0.0000,0.0000,0,6
AGCATCACTGGCGGTA,G349T,1.0000,inf,34,0
AGCATCATATGGAATA,E432*,0.0000,0.0000,0,7
AGCATCCTAAAACACC,R328bG T370F F469H,nan,nan,0,0
AGCATCGTGGTTGTGT,F294K,0.0000,0.0000,0,9
AGCATGAACTGCTAGT,A218E,0.0000,0.0000,0,6
AGCATGACTAGATGCA,G68N,0.0756,0.0756,20,37
AGCATGGCAGAAAATG,G225* E255V,0.0000,0.0000,0,5
AGCATGGTACGCAAGA,H183K,1.0000,inf,24,0
AGCATGTTTACATAGA,T163M,0.0882,0.0882,2281,3618
AGCATTACGACTAGTC,G249R L320D M478H,nan,nan,0,0
AGCATTATACAATCTG,F332S,nan,nan,0,0
AGCATTCAAGTATAAT,E358K N458S,nan,nan,0,0
AGCATTCTCAGGAAAA,G319F,nan,nan,0,0
AGCATTGCATGAATAA,A137W,0.0623,0.0623,293,658
AGCATTTAACATTGAA,K328cG E432K,0.0000,0.0000,0,2
AGCATTTTTCAATCAA,,0.0770,0.0770,344,625
AGCCAAAAAAATGGTA,S133A,0.0000,0.0000,0,23
AGCCAAAAAATACGTA,D449N,0.0497,0.0497,1005,2825
AGCCAAAAACCCACAA,Q490N,0.1723,0.1723,6346,5150
AGCCAAAACCGGACGT,,0.0477,0.0477,92,270
AGCCAAAATATGCCAT,G352D E476C,nan,nan,0,0
AGCCAAAATGCTGCGC,,0.1709,0.1709,3170,2594
AGCCAAACAGCCTAAC,E461T,0.0000,0.0000,0,33
AGCCAAAGAAAACCCT,E414C,0.0000,0.0000,0,18
AGCCAAATACCGTGTG,L51H V395M,0.0000,0.0000,0,4
AGCCAAATCACTCGGT,,0.0000,0.0000,0,10
AGCCAAATCTATAGAG,I339Q D487N,nan,nan,0,0
AGCCAAATGCTATAAC,N172Q,0.1018,0.1018,214,294
AGCCAAGAAAACTTGG,G303D F469D,0.0000,0.0000,0,11
AGCCAAGAAATCAGCC,F294V,0.0000,0.0000,0,7
AGCCAAGCCGATTATA,I514P,0.0000,0.0000,0,3
AGCCAAGGCGTTTAAG,I517Y,0.1233,0.1233,171,194
AGCCAAGGCTTAGTGA,L-1S S291Q N401K,0.0890,0.0890,1967,3089
AGCCAAGTAACCGCAC,S167L R321F F469E,0.0100,0.0100,1,14
AGCCAAGTCTCTCGTG,Y105H,0.1047,0.1047,164,219
AGCCAAGTTACCCCGC,N172E R547K,0.0763,0.0763,48,88
AGCCAATAAAAGGACT,Q211Y,0.0739,0.0739,820,1552
AGCCAATAACCAAATA,,0.1518,0.1518,5313,4894
AGCCAATGTATCAAAC,L59E A67T A91V,0.0000,0.0000,0,6
AGCCAATTTGCCTGCT,A425C,0.0000,0.0000,0,10
AGCCACAATGACCATA,W343T,1.0000,2.0976,30,2
AGCCACATTATCGCAA,I217L,0.2189,0.2189,335,214
AGCCACCAATGGACAG,D487H,0.0799,0.0799,8,14
AGCCACCGAGAAGACG,T208N,0.1007,0.1007,113,157
AGCCACGAGCGGCTGA,V66K G249E,0.2204,0.2204,52,33
AGCCAGAGGCACGCAT,K472H,0.0731,0.0731,421,805
AGCCAGCGTAAACAAG,,0.1048,0.1048,1069,1426
AGCCAGGTTGGCGACG,,0.1297,0.1297,2380,2566
AGCCAGTAACTCGTGA,,0.1834,0.1834,337,257
AGCCAGTAGGAAAGCA,,0.1004,0.1004,6086,8473
AGCCAGTATTTAAACA,D348R,0.0000,0.0000,0,30
AGCCAGTCATACGAGT,E434T,0.0975,0.0975,892,1279
AGCCAGTTATTGATCT,P198T G533D,1.0000,4.1953,30,1
AGCCATAAAAAAGTGA,E340G Q391E,nan,nan,0,0
AGCCATAAGCCCGTAT,,0.1572,0.1572,118,105
AGCCATAATAAACCAC,L402V,0.1762,0.1762,698,554
AGCCATAGTCAAAAAA,E434V,0.0000,0.0000,0,22
AGCCATATGCCGTACG,M431V,0.8111,0.8111,87,15
AGCCATCACTATACCG,D63L F294L,0.0000,0.0000,0,5
AGCCATCAGATCTTGG,,0.1413,0.1413,195,193
AGCCATCCGGTGTAAT,,0.0735,0.0735,1727,3288
AGCCATCGTAATGCGC,,0.1356,0.1356,953,983
AGCCATGGAGTCCAAT,,0.0649,0.0649,116,250
AGCCATTAGGGTATTA,K262aF,0.1295,0.1295,100,108
AGCCATTGTTGGGCTC,K313A,0.1100,0.1100,1136,1444
AGCCCAAACTCAGTGT,,0.1103,0.1103,1883,2387
AGCCCAAAGAATTGAA,K109Q R456W,0.0506,0.0506,122,337
AGCCCAACAAACTTTG,E189F C281E N446H,0.7132,0.7132,51,10
AGCCCAATAGAGTCCG,N73G I121V F469A,nan,nan,0,0
AGCCCACACTGTATGT,V309L K380N,0.0000,0.0000,0,2
AGCCCACCGAGGCCTA,M30I E500P,0.1160,0.1160,510,615
AGCCCACCTTTGTGCA,S85M,nan,nan,0,0
AGCCCACTACAAATAG,L54F,0.1157,0.1157,904,1093
AGCCCACTCAAGACGT,N408F,0.0000,0.0000,0,128
AGCCCAGAATTTATTA,I182Y,0.1108,0.1108,202,255
AGCCCAGATTAAACCT,D487C,0.1256,0.1256,607,676
AGCCCAGGATGCCCGA,N248H,0.1840,0.1840,25,19
AGCCCAGTACAGCGCC,C76F,0.0000,0.0000,0,1
AGCCCAGTGCAACTGG,G352K,0.0000,0.0000,0,2
AGCCCATAGGTGGTTA,Q226A,0.0159,0.0159,20,176
AGCCCATCAGAAACCC,N150W L177F,nan,nan,0,0
AGCCCATTCTCTATAT,N-4K,0.1592,0.1592,1945,1708
AGCCCCAAATTGACTA,Q371D,0.1161,0.1161,186,224
AGCCCCATACCTTGTG,,0.1428,0.1428,1843,1805
AGCCCCATTCGCAAAG,N400D M431L,1.0000,2.3773,51,3
AGCCCCCAAAGAGACA,,0.0000,0.0000,0,4
AGCCCCCCTAATGAAG,N224A,0.1632,0.1632,994,852
AGCCCCCGGATGTAAC,A373D,1.0000,4.1953,30,1
AGCCCCTCTTTGAAAT,Q545M,0.0944,0.0944,56,83
AGCCCGAATATTGCCC,G330W,0.0359,0.0359,78,304
AGCCCGATTGGATATA,L61R,nan,nan,0,0
AGCCCGCATACACCAA,I335W,0.1110,0.1110,100,126
AGCCCGGAAGCAAGAA,,0.0000,0.0000,0,2
AGCCCGGATACGTCCC,G303P,nan,nan,0,0
AGCCCGTATCTTTCGT,G228W,0.3803,0.3803,155,57
AGCCCTATAATTCAAA,K269Y,0.1388,0.1388,266,268
AGCCCTCATTAAGATC,N250M,0.0000,0.0000,0,36
AGCCCTCCAATATTAG,V34L,0.2797,0.2797,126,63
AGCCCTCGGCATTGGT,D419K,0.7458,0.7458,16,3
AGCCCTCGTTACATAA,N443E,0.7691,0.7691,77,14
AGCCCTTCTATTTAAT,,0.0611,0.0611,83,190
AGCCCTTGTCATTATG,E31G,0.1734,0.1734,243,196
AGCCGAAATGACCCCG,,0.1334,0.1334,4163,4363
AGCCGAAGTATTCAGA,V261Y,0.2005,0.2005,228,159
AGCCGAAGTTTACCAA,M75W L237M I384E R452Q,0.0000,0.0000,0,21
AGCCGAATGATATCCA,I406M,0.1068,0.1068,1034,1354
AGCCGACCGCATCAGC,C281H,0.0000,0.0000,0,33
AGCCGAGGAACTAAAT,N92T K387D,0.3030,0.3030,78,36
AGCCGATCATGCCGTA,R220*,nan,nan,0,0
AGCCGCAATAAATTGC,E83Y G484P,0.0000,0.0000,0,44
AGCCGCAGAATATGAA,H354Y,0.1337,0.1337,1277,1336
AGCCGGAATATATAGA,V261G S523L,1.0000,1.1187,56,7
AGCCGGAGGTATCCGA,G330F,0.1589,0.1589,918,808
AGCCGGCAAATAACTT,,0.1463,0.1463,316,302
AGCCGGCATTTTAGAA,T370K,0.3916,0.3916,42,15
AGCCGGCCATAGTCTC,E119Y I374G,0.0000,0.0000,0,3
AGCCGGCTGCGTACCT,N446Y,0.1571,0.1571,4258,3790
AGCCGGGACGTTCACA,R321M S369P F469G,0.2727,0.2727,39,20
AGCCGGGTTTAATAGT,I385C,0.1241,0.1241,150,169
AGCCGGTACCATAATA,,0.1465,0.1465,4469,4266
AGCCGGTGATGTTGTT,T301R,0.0000,0.0000,0,3
AGCCGTAGTACAAATT,A137I I252F,0.0000,0.0000,0,2
AGCCGTGCATATACCC,L59A,0.2376,0.2376,277,163
AGCCGTTTTTCAAACC,V395R,0.2314,0.2314,1496,904
AGCCTAAAATATACAT,,0.1763,0.1763,3586,2845
AGCCTAACAATGATGT,Q545A,0.3120,0.3120,29,13
AGCCTAACTGACAAAT,A19Q,0.1230,0.1230,271,308
AGCCTAAGAAATAAAG,R328aP,0.4195,0.4195,15,5
AGCCTACGACGGAAGG,,0.1033,0.1033,368,498
AGCCTACGCGCTACAC,S6Q E494Y,0.1015,0.1015,74,102
AGCCTAGAGCAGCTGT,S6P N401D,0.0749,0.0749,1031,1924
AGCCTAGCAGCACGAA,D41Y,0.0994,0.0994,6940,9768
AGCCTATAGTTTGTAA,S207K,0.0000,0.0000,0,64
AGCCTATCATTAAGAT,T283K,0.0000,0.0000,0,4
AGCCTATTAACGCACA,,0.2449,0.2449,1063,607
AGCCTCAATTACTAGA,,0.1267,0.1267,629,694
AGCCTCACTAGACGTT,T318L,0.1537,0.1537,277,252
AGCCTCAGCCGGGTAA,P324T,0.1190,0.1190,2120,2491
AGCCTCAGCCTGCCCA,V8P,0.0000,0.0000,0,7
AGCCTCCCATACTTAC,N250A,0.1052,0.1052,246,327
AGCCTCGCTACCGCCA,E44D L418M,0.1349,0.1349,82,85
AGCCTCTCGAAACTTC,W127N,0.0859,0.0859,460,749
AGCCTGAACAAGTAGA,A334E,0.0000,0.0000,0,7
AGCCTGAATCGAAACC,,0.0677,0.0677,358,740
AGCCTGCCCAGATTAA,,0.0000,0.0000,0,1
AGCCTGGAATAAGACG,P128S K472V,0.1202,0.1202,55,64
AGCCTGTTGCAAAAAC,G349K M431I,0.0000,0.0000,0,1
AGCCTTAGGACAAACG,S503E,0.1611,0.1611,1835,1593
AGCCTTATAAATTTTA,E327S,0.1542,0.1542,708,642
AGCCTTCATAAATCGC,K307P,0.0000,0.0000,0,4
AGCCTTGTAAAAAAAG,K109M G360D M413F,0.0000,0.0000,0,5
AGCCTTGTTGGGGACA,T206S,0.2694,0.2694,366,190
AGCGAAAAAATAAATA,Q513T,0.1854,0.1854,712,537
AGCGAAACTAATCATT,A521K,0.0000,0.0000,0,33
AGCGAAAGTAAGGGAC,N458W,0.0000,0.0000,0,11
AGCGAAATAGCATAAG,,0.1038,0.1038,927,1249
AGCGAAATTCACTGGA,N458E,0.0000,0.0000,0,10
AGCGAACAAAGAAACC,H110T,0.0000,0.0000,0,8
AGCGAAGAAGAAGGAT,G376H,0.0367,0.0367,85,324
AGCGAAGACTCGAAAG,W153C K498G,nan,nan,0,0
AGCGAAGTATAGCCTG,K472H A532T,0.1150,0.1150,51,62
AGCGAAGTGCTCTCAA,A214I,0.1499,0.1499,1000,933
AGCGAATAGTAGTTAG,V315N,0.1471,0.1471,2932,2787
AGCGAATCGACTCCGT,I166P R173I H298W,0.0000,0.0000,0,1
AGCGAATGACCAATAC,I529D,0.0000,0.0000,0,8
AGCGAATGGTCTAATG,S503I,0.1689,0.1689,1651,1367
AGCGACATCAAATATT,E432D,0.0000,0.0000,0,19
AGCGACCACAAAAGTT,K412A,0.1378,0.1378,2076,2107
AGCGACCGCTAGCAGG,N21H N382R,0.0000,0.0000,0,15
AGCGACCTGTGATACA,R326S,0.1494,0.1494,624,584
AGCGACGGGCGACTTA,H47W,0.0890,0.0890,271,426
AGCGACTGCAATAGCA,T132G L544G,0.1898,0.1898,19,14
AGCGAGAAAGTTTCAA,E31V,0.0616,0.0616,182,413
AGCGAGAATCGATGCA,I406C,0.0000,0.0000,0,1
AGCGAGCAACAATATA,,0.1788,0.1788,124,97
AGCGAGGGGTTATTGA,E255T,0.1703,0.1703,705,579
AGCGATAATTAGAGGT,A138P,0.0000,0.0000,0,7
AGCGATACCTAGGCAG,Y161L F469V,0.0000,0.0000,0,3
AGCGATCCTGTAACAG,L-1H R405H,nan,nan,0,0
AGCGATTAAAATAAAA,V204F L418V,0.1038,0.1038,745,1004
AGCGATTCGATATAGT,,0.0933,0.0933,1293,1939
AGCGATTTCGTCGGCA,N475E,nan,nan,0,0
AGCGCAACTACACCCT,V223A,0.0701,0.0701,199,397
AGCGCAAGTACAAATA,,0.1372,0.1372,360,367
AGCGCAAGTCAACTGC,Q282F E468Q A495T,0.0000,0.0000,0,13
AGCGCAATTTTAGAGC,F251G,1.0000,3.8107,109,4
AGCGCACGAATTACAA,I124D S125bI,0.0163,0.0163,26,223
AGCGCACTCCAATTTG,L108D,0.0000,0.0000,0,5
AGCGCAGGATAATACT,,0.0000,0.0000,0,81
AGCGCAGTGAATCTGA,K9R K280I,0.0930,0.0930,6373,9578
AGCGCCCTCCCTCTCA,E493R E500*,0.0381,0.0381,6,22
AGCGCCTGTTGAATTT,E468C,0.1070,0.1070,371,485
AGCGCGAAACCTAGAA,A253Q,1.0000,2.1776,109,7
AGCGCGACGTTATCCA,V-2G Q513F,0.1037,0.1037,2006,2705
AGCGCGTTAAATTTTG,L544R,0.0000,0.0000,0,9
AGCGCTAAGCAACTGT,,nan,nan,0,0
AGCGCTAGTATATAAA,T301H,0.2438,0.2438,251,144
AGCGCTATCAAAGGTA,L122P,0.0834,0.0834,127,213
AGCGCTCAGGAACGGC,D231S,0.0212,0.0212,22,145
AGCGCTCTAAAGAGCC,N424F,0.4195,0.4195,9,3
AGCGCTGGTGTCTGGG,E508A,0.0967,0.0967,1263,1826
AGCGCTTAAAGGTTGC,N446E,0.1310,0.1310,945,1009
AGCGCTTCACATGATT,G55P,0.0000,0.0000,0,7
AGCGCTTGGCAGCGAA,E107S,0.0000,0.0000,0,24
AGCGCTTGGCGAGTAG,S509R,0.1717,0.1717,248,202
AGCGCTTTTAAGGGCC,L7G L437P,0.0000,0.0000,0,9
AGCGGAACAGAAAAAC,N116D,1.0000,1.3052,28,3
AGCGGAATTTGGCAGG,L154Q,0.0000,0.0000,0,14
AGCGGAGTGTTCTGGT,,0.2642,0.2642,752,398
AGCGGATAACGCATAA,D77E,0.0566,0.0566,32,79
AGCGGATCCGACCTTG,K412S,1.0000,1.7964,167,13
AGCGGATTTAACGGAC,,0.1292,0.1292,3830,4145
AGCGGCATGCAATGAT,G225V,0.2797,0.2797,12,6
AGCGGCCAGAAAATAA,G330M,0.4475,0.4475,48,15
AGCGGCCGGATACGCG,L1S,0.0367,0.0367,296,1129
AGCGGCTAGTTACGTG,F245W,0.1530,0.1530,4532,4143
AGCGGGACAGTAACCC,K380W,0.2610,0.2610,28,15
AGCGGGAGAATCATAA,,0.1372,0.1372,5802,5915
AGCGGGATCCAGTAAC,F469Y,0.1065,0.1065,1036,1360
AGCGGGATGAGTATTA,L447Y,nan,nan,0,0
AGCGGGCACTATTGAG,S492V,0.1148,0.1148,1192,1452
AGCGGGTAACTGGGAA,I252R D348W,nan,nan,0,0
AGCGGTAACATTTTCA,Y195F,0.3207,0.3207,133,58
AGCGGTAGAACACTAT,,0.0000,0.0000,0,1
AGCGGTCCAAATCCCA,Q142L,nan,nan,0,0
AGCGGTGCAAAAAAAC,N210R V381C,0.4458,0.4458,102,32
AGCGTAAAATGGTCAA,E327D,0.0398,0.0398,203,713
AGCGTAAATAAACTCA,Y491G,0.0000,0.0000,0,5
AGCGTAGAACCTAAGA,I339Q,0.0000,0.0000,0,8
AGCGTAGAATTTTTTG,,0.1808,0.1808,75,58
AGCGTAGATTGTGGCT,L430G,0.0000,0.0000,0,5
AGCGTAGCATAAGGTT,E174V,0.1613,0.1613,128,111
AGCGTAGCCAAACCTA,L154I,0.1629,0.1629,927,796
AGCGTAGGTTAGGACT,A39W,0.2379,0.2379,8307,4883
AGCGTATAATAGCATA,N54aM,0.0679,0.0679,33,68
AGCGTATAATGATCCC,N433P,0.0000,0.0000,0,19
AGCGTCAAACCATATA,I548W,0.1834,0.1834,257,196
AGCGTCAAATGGTAAC,,0.1525,0.1525,1554,1425
AGCGTCAAGTAATAAA,R496K K506D,0.1209,0.1209,1687,1952
AGCGTCAGGCCACGCT,,0.0623,0.0623,472,1060
AGCGTCCAGACCCACT,Y308Q,1.0000,4.0555,58,2
AGCGTCCAGTAATCAG,K109H,0.3059,0.3059,35,16
AGCGTGAAAACAGCAT,G271A,0.0657,0.0657,77,164
AGCGTGGGAAGCTGAA,K157E,0.0000,0.0000,0,1
AGCGTGTATCACAAAA,A253W,0.0000,0.0000,0,2
AGCGTGTTTCAATCTT,L54I,0.0994,0.0994,1009,1420
AGCGTTACCTACTATT,K259D,0.5594,0.5594,24,6
AGCGTTATAGAAAAGC,,0.0843,0.0843,261,433
AGCGTTCTTTAAATAG,L112F,0.3729,0.3729,64,24
AGCGTTTAAAAAAAAT,S113W,1.0000,1.8180,39,3
AGCGTTTAAACGACAC,Y488V,0.0799,0.0799,228,399
AGCGTTTACAAATTTA,,0.1852,0.1852,2322,1753
AGCGTTTCATGAAAAC,K9V,0.0671,0.0671,427,890
AGCTAAAAATGGACCC,,0.1331,0.1331,59,62
AGCTAAAAGTAGTCAC,N248H,nan,nan,0,0
AGCTAAAAGTAGTTAC,N248H,0.0862,0.0862,37,60
AGCTAAACGCACGAAC,S126D,0.1887,0.1887,398,295
AGCTAAAGAACCGAAC,I384S,nan,nan,0,0
AGCTAAATGCCAAGAT,M-6S,0.0000,0.0000,0,4
AGCTAACAAAGAATCC,Q371S,0.1488,0.1488,331,311
AGCTAACAAGGATTGA,R328bC,0.0291,0.0291,30,144
AGCTAACATTCGATAT,W343D,1.0000,1.1187,56,7
AGCTAACCACAAATGA,L427E,0.3216,0.3216,46,20
AGCTAACCACTAACTT,S207F,0.1442,0.1442,1541,1494
AGCTAACTAATACATA,N475K,0.2383,0.2383,92,54
AGCTAACTCCGAGATG,T266N E273K,0.1841,0.1841,1423,1081
AGCTAAGACATTATAC,D159G N296W,nan,nan,0,0
AGCTAAGACTAACATA,E89W,0.0551,0.0551,618,1569
AGCTAAGACTGGGCTG,H117Y,0.0000,0.0000,0,55
AGCTAATATAGTAGGC,Y274S,0.0000,0.0000,0,10
AGCTAATGTTAATAAT,,0.1026,0.1026,709,966
AGCTAATTCACTCCTA,C76Y M413P,0.0000,0.0000,0,1
AGCTACAATAGAAATA,,0.0723,0.0723,31,60
AGCTACAATCCAAAAA,L54Q,0.0000,0.0000,0,11
AGCTACAATCTGTCGT,T23Y C549A,0.0000,0.0000,0,6
AGCTACACAATCGAAT,,0.1789,0.1789,55,43
AGCTACACGCCTGCCT,E24T,0.1388,0.1388,1368,1378
AGCTACAGGAGCCTGA,L209Q G330D,0.0000,0.0000,0,8
AGCTACATAAACAACA,R90W,0.1748,0.1748,5,4
AGCTACATCCTTATCC,S203A,0.0696,0.0696,229,460
AGCTACCCCTCTCCGA,S126Q,0.1738,0.1738,3645,2933
AGCTACCGAATAGAAA,G100H,0.6193,0.6193,31,7
AGCTACGCCACATATG,,0.1229,0.1229,428,487
AGCTACTTCCTTTAAC,T283S,0.1732,0.1732,2050,1655
AGCTAGAAAACACTCA,N446Y,0.0773,0.0773,263,476
AGCTAGAAGTTCTAAC,S311Y,0.0000,0.0000,0,14
AGCTAGAATATTACCA,I4E A521V,1.0000,1.8879,27,2
AGCTAGAATTAAACCC,S323F,0.1830,0.1830,3012,2302
AGCTAGACGTACCGCT,A257K,0.0000,0.0000,0,2
AGCTAGCCTACAAAGT,,0.0774,0.0774,26,47
AGCTAGGGCCAAATAC,T132Q,0.1055,0.1055,648,859
AGCTAGGTAAAACCCA,K445H,0.0890,0.0890,3154,4957
AGCTAGGTAATGCCAC,,0.1240,0.1240,1444,1628
AGCTAGTAAGGTGCAA,N169D L177I,0.0000,0.0000,0,17
AGCTAGTGACTAATTC,D41L,0.1624,0.1624,512,441
AGCTATAAAATAAAAT,C466I,0.0000,0.0000,0,1
AGCTATACAAAAGCAA,P162C,1.0000,inf,1,0
AGCTATAGTTCAAATA,A526H,0.0000,0.0000,0,2
AGCTATCGGCGCAAGT,,nan,nan,0,0
AGCTATGCAAACTATA,V8L E358T,0.0000,0.0000,0,2
AGCTATGTCAAATAGG,G319S,0.0000,0.0000,0,26
AGCTATGTTGCAATTC,N408P,0.0000,0.0000,0,2
AGCTATTAAAAACAAA,R482T,0.1095,0.1095,469,599
AGCTATTCAAAATGGC,T37E,0.0000,0.0000,0,2
AGCTATTCGAAAACAC,M388W,1.0000,inf,4,0
AGCTCAAATACAATTA,V5A,0.1065,0.1065,1391,1827
AGCTCAAATCCTAAAC,,0.2101,0.2101,981,653
AGCTCAACACAAAGTA,Q359I,0.0945,0.0945,154,228
AGCTCAACGCCTAGGT,W180R,0.0000,0.0000,0,4
AGCTCAACTACATTAG,D95W,0.0000,0.0000,0,8
AGCTCAACTGTTTTAT,,0.1916,0.1916,825,602
AGCTCACACAAAAGTA,T35M,0.0801,0.0801,520,908
AGCTCAGGTAAAACTC,E403C,0.0000,0.0000,0,2
AGCTCAGTGGCCAGCC,R321L F469A,0.0000,0.0000,0,5
AGCTCATAAGCAGAGA,A138E N443S,0.0000,0.0000,0,3
AGCTCATAAGGCCGGA,Y161M,0.3724,0.3724,1510,567
AGCTCCCTATCATTTA,N382T,0.1615,0.1615,888,769
AGCTCCCTTACACCCT,Y488C,0.0000,0.0000,0,24
AGCTCCCTTGATAGCC,I517G,0.4708,0.4708,101,30
AGCTCCGAAAAGAAGT,D474G,0.0908,0.0908,259,399
AGCTCCGATAAATACA,,0.0839,0.0839,449,748
AGCTCCTACTCCAAAA,,0.2014,0.2014,360,250
AGCTCCTGAATGTCCT,,0.1051,0.1051,3915,5211
AGCTCCTGGAATGGTT,,0.1503,0.1503,1280,1191
AGCTCGAGGTGAGAGA,E398D,0.0466,0.0466,15,45
AGCTCGCACATTATAT,W69* Y168W,0.0000,0.0000,0,2
AGCTCGCCCTCCAAGT,K372P,1.0000,inf,24,0
AGCTCGTAATATAGTT,H298A,0.1795,0.1795,484,377
AGCTCTAAACAAAAGA,Q282K,0.2373,0.2373,56,33
AGCTCTAAGTCGACCT,A459E,0.1079,0.1079,27,35
AGCTCTACGCTCATGT,Y488A,0.0507,0.0507,46,127
AGCTCTAGAAACATGC,R227D Q454*,1.0000,inf,34,0
AGCTCTATAATTAAGG,E273Y,0.0247,0.0247,18,102
AGCTCTATCAAAAAAA,S480V,0.0153,0.0153,7,64
AGCTCTCAACAATCTA,Q454G,0.0013,0.0013,1,111
AGCTCTCGAGCAACAG,,0.4349,0.4349,311,100
AGCTCTCGGAGGCCGC,,0.1659,0.1659,280,236
AGCTCTCTTGTCGTAC,,0.0928,0.0928,156,235
AGCTCTGGTAAAGCTG,M530D,0.0000,0.0000,0,16
AGCTGAACACGATGTA,A532I,0.0787,0.0787,139,247
AGCTGACATAAGATTC,,0.0208,0.0208,14,94
AGCTGACTGGGAGCGG,H244A,0.1140,0.1140,1671,2049
AGCTGATATTTCATCA,I42A,0.2331,0.2331,55,33
AGCTGATGATGAGAAC,,0.1786,0.1786,106,83
AGCTGATGGAATTATG,S146G,0.0759,0.0759,1948,3590
AGCTGATTAGGACATT,S101L,0.1293,0.1293,465,503
AGCTGCAATTTAAAAC,N48D T208C,0.1219,0.1219,197,226
AGCTGCACAAGCATTA,T318G,0.0000,0.0000,0,2
AGCTGCACTAACATTA,S503K,0.3170,0.3170,34,15
AGCTGCCATACTTTTC,R90C,0.1623,0.1623,166,143
AGCTGCGACCATAGAT,T35D H183M F439C,0.0000,0.0000,0,1
AGCTGCGCGTGCATAC,S136A,0.1940,0.1940,344,248
AGCTGCGGGGCGCCGC,N224A G342L,0.0000,0.0000,0,3
AGCTGCTACTTTATGT,M292N,0.1178,0.1178,1286,1526
AGCTGCTGAAAGAGAT,D77H,0.0876,0.0876,392,626
AGCTGGAACTTAAAAC,R90K,0.2365,0.2365,1395,825
AGCTGGAATCTCCAAG,S323F,0.1315,0.1315,1890,2010
AGCTGGGCCTTCATTT,N169A N322Y F469E,nan,nan,0,0
AGCTGGTACGCACACC,A39T G271Y *551P,0.0679,0.0679,136,280
AGCTGGTGTAGACGGG,,0.1787,0.1787,2651,2075
AGCTGTAAATACGTAC,,0.1448,0.1448,87,84
AGCTGTAAGCGTTATA,P74W,0.0000,0.0000,0,1
AGCTGTCAGCCCGGAC,Q545K,0.2046,0.2046,967,661
AGCTGTCATAAGAAAT,,0.0308,0.0308,199,904
AGCTGTCCACCTAGCT,S290C,0.1143,0.1143,277,339
AGCTGTGATTACATAG,D441F,0.0853,0.0853,61,100
AGCTGTGCCTGATCAA,P162S,0.1321,0.1321,7397,7833
AGCTGTTGTCATCGAT,,0.1141,0.1141,1108,1358
AGCTTAAATAACCGAA,Y491E,1.0000,inf,39,0
AGCTTAAATTAGACAG,I252W,0.0000,0.0000,0,4
AGCTTAATAAATACGA,,0.1281,0.1281,686,749
AGCTTAATAACCCAAA,M-6H G225R P324N,nan,nan,0,0
AGCTTACACTATTTGA,E414Y,0.1932,0.1932,134,97
AGCTTACTAAACACCG,,0.1394,0.1394,1446,1451
AGCTTACTAAGACCAC,T206E A425F,0.3196,0.3196,32,14
AGCTTAGATCCGCACC,A495Y,0.1723,0.1723,700,568
AGCTTAGATTATTTAG,D63Y Y448M,0.1958,0.1958,21,15
AGCTTAGCAGTAAGTG,N458G,0.0687,0.0687,138,281
AGCTTATAATACCCAC,G396A,0.2290,0.2290,506,309
AGCTTATACTTTACCC,,0.2199,0.2199,272,173
AGCTTCAAGCTATAAG,D63K G333Q,0.7530,0.7530,70,13
AGCTTCACATGGATTT,G100C R482T,0.2597,0.2597,26,14
AGCTTCGCGCATCTGT,Q359L,0.1200,0.1200,1959,2282
AGCTTCTCTAATATGT,D441W,0.1576,0.1576,5005,4441
AGCTTGATTTGCTTAT,H295Y L320P,1.0000,1.0139,29,4
AGCTTGGACATGCCCG,*551P,0.0922,0.0922,124,188
AGCTTGGTAAAAAAGT,E24I T28S,0.1968,0.1968,864,614
AGCTTGTCTTATAGAA,S207H,0.0000,0.0000,0,22
AGCTTTCAAGTAAGAA,K157F,0.1469,0.1469,643,612
AGCTTTCCAGAAAAGT,R404T G510aD,0.1073,0.1073,300,391
AGCTTTGGGAACTAGG,F147E,nan,nan,0,0
AGCTTTTATTTTTATT,R212A,0.1026,0.1026,256,349
AGCTTTTCCAAAAACT,I178W,0.0000,0.0000,0,53
AGCTTTTCGACCCTTG,K450P,0.0000,0.0000,0,7
AGCTTTTCTCCGCTCA,L176K S311H,0.0000,0.0000,0,9
AGGAAAAAAAGCATCA,,0.1586,0.1586,1676,1478
AGGAAAAAATGCCCGG,,0.2003,0.2003,179,125
AGGAAAAAGCTGTAAA,A137K,0.2409,0.2409,770,447
AGGAAAAAGGCCGCAT,K367S F469V,0.0000,0.0000,0,37
AGGAAAAATAGATTAC,H298E S523G,0.0000,0.0000,0,2
AGGAAAACATGCCATT,E24*,0.0000,0.0000,0,1
AGGAAAACTCTATACG,S270H,nan,nan,0,0
AGGAAAATAGCCATCA,V505D,0.6065,0.6065,360,83
AGGAAAATAGGTATAC,V481D,0.0000,0.0000,0,36
AGGAAAATCTCACTAT,P74V,0.0633,0.0633,520,1149
AGGAAAATGACACTAC,L108M N186S,0.1049,0.1049,138,184
AGGAAACACTACAACC,,0.1268,0.1268,845,932
AGGAAACGCCATCACC,I4*,nan,nan,0,0
AGGAAACGGGATTAAA,E78D,0.1516,0.1516,477,440
AGGAAACTGGCTACCG,S133H,0.0770,0.0770,427,775
AGGAAAGATAATGGGT,T171R,0.1750,0.1750,284,227
AGGAAAGGTCGCCATC,M478A,0.0000,0.0000,0,6
AGGAAAGTTCACATAT,,0.0595,0.0595,66,155
AGGAAATAAGACAAAA,G341C,0.0000,0.0000,0,12
AGGAAATAATACACCC,P489M,0.1390,0.1390,847,852
AGGAAATCCCCTGGGG,S207M,0.1625,0.1625,709,610
AGGAAATCTTAGATGC,P58D I121P,0.0000,0.0000,0,12
AGGAAATTTCGCAAGG,,0.1641,0.1641,3069,2615
AGGAACAAAAAACGAG,,0.1224,0.1224,616,704
AGGAACAAAGGGGTGA,T390C,0.1404,0.1404,3042,3030
AGGAACAAATTCACGG,G352T F392L,0.0000,0.0000,0,3
AGGAACAACTACATTA,,0.1689,0.1689,1117,925
AGGAACAATTCAATAG,D419A,0.1114,0.1114,380,477
AGGAACCAAATAATGC,K196A,0.1500,0.1500,5094,4749
AGGAACCAAGAGCCTG,S311N E476H,0.3474,0.3474,77,31
AGGAACCAATGATACC,A521S,0.0000,0.0000,0,19
AGGAACCATTATCATA,K460S,0.7342,0.7342,105,20
AGGAACCCGGCGTTTG,G68T,0.0000,0.0000,0,1
AGGAACCTCAGCGTTT,G100C E273N,0.0000,0.0000,0,2
AGGAACTCATCGCAAA,L447M,0.1486,0.1486,1501,1413
AGGAACTCTTCATGAA,Y351* D415T,0.0000,0.0000,0,10
AGGAAGAAATTCAAAT,R227K,0.0000,0.0000,0,7
AGGAAGAACATGCAAC,,0.0791,0.0791,499,882
AGGAAGAGCCAACTAT,K62G L544K C546Y,0.1357,0.1357,33,34
AGGAAGCATATCAGCA,P198A,0.0668,0.0668,5211,10904
AGGAAGCTAATACATG,E174H,0.1066,0.1066,453,594
AGGAAGGAGAAAACCT,,0.1911,0.1911,4941,3615
AGGAAGGATAGGGAAA,E174C,0.1201,0.1201,961,1119
AGGAAGGGAATAACGA,T171N I182G,0.0000,0.0000,0,31
AGGAAGTCGCTCCATG,H244D H440F,0.0000,0.0000,0,3
AGGAATAGACCGTAAC,S492I,0.0825,0.0825,917,1554
AGGAATAGCGTATAAT,K165Y,0.0777,0.0777,414,745
AGGAATATCCTCTTAC,E434I I548S,nan,nan,0,0
AGGAATCATTATTCGC,,0.1005,0.1005,406,565
AGGAATCTAACTCAAC,I121R K262aE,0.1315,0.1315,4715,5013
AGGAATGACGCTTGAC,N169C R321L D487K,0.0000,0.0000,0,3
AGGAATGCAGACAAAC,N379G,0.1138,0.1138,83,102
AGGAATTAATACAAAG,A253N I514Q,nan,nan,0,0
AGGAATTACCCCGCTC,L402C,0.1368,0.1368,178,182
AGGAATTACGACGTGA,H183W,0.0000,0.0000,0,4
AGGAATTGAGGCCTAC,N54aH,0.2273,0.2273,317,195
AGGAATTGCATCTCAC,R405D,nan,nan,0,0
AGGAATTTCAACGGCA,K380R,nan,nan,0,0
AGGACAAAAATTAGAT,R435Y,0.4195,0.4195,18,6
AGGACAAAGGCCTAAC,V66P,0.1250,0.1250,1975,2210
AGGACAAATACTTGCA,R329E,0.0000,0.0000,0,9
AGGACAATAACAGTCA,E468P,0.0000,0.0000,0,5
AGGACACATAGTGCCA,R173H D487Q,0.0000,0.0000,0,4
AGGACACTCGTAGAAC,L112S,0.0000,0.0000,0,6
AGGACAGAACAGATTA,,0.0000,0.0000,0,29
AGGACAGGTAGTATGT,,0.0000,0.0000,0,17
AGGACATACGCAGCAT,L1Y,0.0000,0.0000,0,7
AGGACATCACGGGTAC,G143T,0.1166,0.1166,181,217
AGGACATCGGCTTGTT,,0.0985,0.0985,1553,2204
AGGACATTCTTTACTA,D231S,0.1308,0.1308,2919,3122
AGGACCACGATGTGTA,T23K F251G,0.0000,0.0000,0,1
AGGACCCTCTATTTCA,V223E D264L,nan,nan,0,0
AGGACCCTGGGTACGG,,0.0917,0.0917,185,282
AGGACCGTCTGTTCAC,,0.1763,0.1763,1146,909
AGGACCTCTCCGTAAT,N193W R397C,0.1724,0.1724,4170,3383
AGGACGAACTATCTTG,,0.1734,0.1734,1204,971
AGGACGAATTCGCCAA,T318I,0.1398,0.1398,1759,1759
AGGACGATTTTTTAGA,G465A,0.0612,0.0612,74,169
AGGACGGATCAACTGT,,0.1119,0.1119,44,55
AGGACGGATTACATAA,A67I,0.2982,0.2982,226,106
AGGACGGGTTTGCCAA,,0.1012,0.1012,841,1162
AGGACGTAAAAGTAAT,T206E,0.0000,0.0000,0,19
AGGACGTATAGCCAAC,Q191K,0.0000,0.0000,0,4
AGGACTAAAGAGATAA,M-6G D449G,0.0000,0.0000,0,2
AGGACTAGAACTTCTG,K450R,0.2183,0.2183,256,164
AGGACTAGTCGCACTC,S356L,0.1198,0.1198,1453,1696
AGGACTCCAACTTGAA,,0.1665,0.1665,4824,4052
AGGACTCTATGACAGG,N169P,0.1407,0.1407,1293,1285
AGGACTGAACGGGAGA,F245A,0.0000,0.0000,0,15
AGGACTGCGGTTTTGC,I155W,0.1748,0.1748,195,156
AGGACTGGGTGAAGAT,T390E A526R,0.0000,0.0000,0,5
AGGACTTAACAAATGA,D11L,0.0000,0.0000,0,2
AGGAGAATGTATTCGA,S167* R321Y D366S T370D F469T,0.0000,0.0000,0,4
AGGAGACACCGAGAAT,T318W,0.3799,0.3799,326,120
AGGAGACACTAGCAAT,K472L,0.1261,0.1261,1675,1858
AGGAGACATTGCCTTT,,0.1244,0.1244,860,967
AGGAGACCCAACTATG,Q222S,0.1071,0.1071,7941,10366
AGGAGACCCGCTCGCA,,0.1356,0.1356,379,391
AGGAGACGATATTACT,,0.2576,0.2576,105,57
AGGAGAGTCCAAAAGC,S10L,0.4303,0.4303,40,13
AGGAGATGAAAAGAAA,D419M,0.0000,0.0000,0,3
AGGAGATTAACAAACA,A91S N94F,0.0912,0.0912,2269,3479
AGGAGCACATGAGCCC,A39I N483H,0.0606,0.0606,49,113
AGGAGCCAGCCTAAAA,Y201F K328N,0.0000,0.0000,0,3
AGGAGCCATCCCCAAA,T485K,0.1071,0.1071,1167,1524
AGGAGGAAAATTGATA,K45C,0.1337,0.1337,1977,2068
AGGAGGCATGACTGGT,N169P R321P T370A F469R,nan,nan,0,0
AGGAGGCGAGAAAATT,,0.1316,0.1316,3500,3720
AGGAGGGAAGAATGAC,I182V,0.2207,0.2207,576,365
AGGAGGGTACCGTAAT,I517D,nan,nan,0,0
AGGAGGTAGCTATAAC,E78R S247W,0.0000,0.0000,0,11
AGGAGTAATCTAGTGA,N169H N322K D366V T370R,0.0000,0.0000,0,9
AGGAGTATGCATTGTA,V8M A257Q,0.4265,0.4265,61,20
AGGAGTCTGCGGGGAT,A528V,0.3412,0.3412,305,125
AGGAGTGCCTTAACTC,I60R,0.0000,0.0000,0,84
AGGATAAAACGAGGAG,V5Y,0.0210,0.0210,29,193
AGGATAAAGAATACCA,R496C,0.0000,0.0000,0,4
AGGATAAAGTCAAGAT,Y486H E500*,nan,nan,0,0
AGGATAACCAACGCAG,,0.1130,0.1130,480,594
AGGATAAGGCTCCTCA,E106H,0.1564,0.1564,1244,1112
AGGATAATATCCTAAA,E407T,0.1231,0.1231,22,25
AGGATAATTTCTATAG,V444Q,0.0000,0.0000,0,1
AGGATACAAAAAAGTC,,0.1796,0.1796,673,524
AGGATACCCGAAGCGA,Q391K V429A,0.3996,0.3996,20,7
AGGATACCTACATAAA,N458H,0.0341,0.0341,71,291
AGGATACCTGTACATA,,0.1431,0.1431,87,85
AGGATACTTATTATTC,G504R,0.1222,0.1222,1156,1323
AGGATAGTAGGACATA,T192W,0.0463,0.0463,54,163
AGGATATAAATCCTAA,D241R I406G,nan,nan,0,0
AGGATATATCTGCTTG,V66K E246A,0.0000,0.0000,0,5
AGGATATTCGCGCTTA,E119V,0.0518,0.0518,90,243
AGGATATTTGTTTAAA,S323G G337L,0.4704,0.4704,37,11
AGGATATTTTTCGAAG,L453N,0.1113,0.1113,597,750
AGGATCAAGAGCTGTA,S356H,0.1598,0.1598,224,196
AGGATCACTCATTAAC,G337I,0.0000,0.0000,0,1
AGGATCACTTATTTAA,G16M,0.1398,0.1398,1,1
AGGATCCTATCAAACC,N20P,0.0000,0.0000,0,11
AGGATCGATCGGGCAA,N169L S369F F469R,nan,nan,0,0
AGGATCGGAACGAAAC,N169R R321P T370F,0.8391,0.8391,72,12
AGGATCGTTAAAGCAC,M530R,0.0000,0.0000,0,32
AGGATCTTAAAGACCT,R227W R456Q F467S,0.5594,0.5594,48,12
AGGATCTTACAGTGTA,L314V,0.0000,0.0000,0,27
AGGATCTTCAACGCCC,,0.1597,0.1597,2410,2110
AGGATGAATCAACAAA,T390V S442N,0.1322,0.1322,2663,2818
AGGATGACGTCTACAA,I514P,0.0000,0.0000,0,30
AGGATGCAGGCTCCAA,F469L,0.1251,0.1251,681,761
AGGATGCGGAGCTTTT,D41W G416I,1.0000,1.0348,37,5
AGGATGGAATAAACCA,L54I,0.0000,0.0000,0,44
AGGATGTAACCCATGA,E304F,0.1345,0.1345,150,156
AGGATGTAATACCCCT,,0.1457,0.1457,395,379
AGGATGTACCTTCTTA,,0.1767,0.1767,115,91
AGGATGTTTACACCTA,,0.1194,0.1194,327,383
AGGATGTTTAGATCCC,I166H,0.1136,0.1136,6800,8370
AGGATTAAAAAAACCT,N169Q N322I T370D F469D,nan,nan,0,0
AGGATTAACAATGAAA,,0.1183,0.1183,1415,1672
AGGATTAACTAGTATC,V505T,0.2227,0.2227,836,525
AGGATTAAGCCAATGA,G349H,0.0000,0.0000,0,18
AGGATTAGAAGGACAG,Y491G W537L,0.9323,0.9323,20,3
AGGATTAGGAAGTCAA,D11R C139K,0.0000,0.0000,0,1
AGGATTAGGATACATA,D95W,0.1049,0.1049,24,32
AGGATTCGATCTCCCC,R149W S519C,0.0000,0.0000,0,117
AGGATTGAAACGCACA,,0.0560,0.0560,392,979
AGGATTGTTAAACGGA,M413V,0.1109,0.1109,353,445
AGGCAAAAACCATTAC,D231A,0.0651,0.0651,326,700
AGGCAAAAAGACCAAG,W153T,0.0000,0.0000,0,4
AGGCAAAAATTCAAAT,V135I,0.1373,0.1373,486,495
AGGCAAACGGTAAAAG,K506D,0.1637,0.1637,1889,1614
AGGCAAACTCTTCACG,K372W,0.1090,0.1090,2236,2869
AGGCAAAGCACTGTCT,E393C,0.1576,0.1576,728,646
AGGCAAATAGCCAAAA,,0.2256,0.2256,771,478
AGGCAAATCTACTACA,E434L,0.0000,0.0000,0,6
AGGCAACGATAATCAC,V395K,0.1572,0.1572,344,306
AGGCAATAATGAAAGG,N169P N322P V429N,0.0000,0.0000,0,5
AGGCAATTACTTGAAA,,0.0824,0.0824,168,285
AGGCACAAGACATAGT,P198H G510aM,0.0697,0.0697,1512,3032
AGGCACAGAAAAACGC,T163I,0.1121,0.1121,206,257
AGGCACCCCTGATACC,E468P,0.6669,0.6669,62,13
AGGCACCTCCCTCATG,,0.0291,0.0291,25,120
AGGCACGATCACGCTC,I517R,0.0000,0.0000,0,8
AGGCACTGATGATTTT,,0.2104,0.2104,331,220
AGGCACTGGGAACTAA,L179V T279S,0.1611,0.1611,2957,2567
AGGCACTTGTATTACA,S543L,0.2429,0.2429,33,19
AGGCAGAAAACAGACG,,0.0900,0.0900,74,115
AGGCAGATAAGCATTA,L515F,1.0000,1.8529,106,8
AGGCAGCCTGCGGACA,E494C,0.1551,0.1551,4141,3734
AGGCAGCTGTTATAGT,,0.0000,0.0000,0,122
AGGCAGGAATAGCGAA,F332S,1.0000,1.1187,24,3
AGGCATAAAGACCTTG,S6E,0.1102,0.1102,1269,1610
AGGCATACTCCACCTG,F332Q,0.0000,0.0000,0,20
AGGCATAGCTACAAAG,P489A,0.0000,0.0000,0,43
AGGCATATACATATAA,,0.1467,0.1467,576,549
AGGCATCGTCAAAGGA,S523N,0.7246,0.7246,57,11
AGGCATCTTAATTCAA,I42A,nan,nan,0,0
AGGCATGCATACCCCT,Q40F,0.0000,0.0000,0,7
AGGCCACAAAGGTGTC,K125aE Y448C,0.0000,0.0000,0,24
AGGCCACAACAGGGAC,R321M F469V,0.0000,0.0000,0,1
AGGCCAGAACACATTG,Y86Q,0.1678,0.1678,24,20
AGGCCATTTGCCCGTC,Q226C,0.0000,0.0000,0,9
AGGCCCATCAGAAGAC,T132N V510Y,0.1166,0.1166,4363,5233
AGGCCCCCGACAGCAC,V56Q,0.1404,0.1404,1378,1373
AGGCCCTCAAAACTTG,,0.2380,0.2380,2056,1208
AGGCCCTCGCCTTTTC,A522V,0.1394,0.1394,346,347
AGGCCCTGCGATCATA,L96D,0.1444,0.1444,64,62
AGGCCGAATCCAGCTG,W69S,0.1588,0.1588,771,679
AGGCCGACCAAGGCCG,S524V,0.0000,0.0000,0,6
AGGCCGAGTAAACCTT,G263M,0.0599,0.0599,39,91
AGGCCGATCCTATTAT,,0.2002,0.2002,1978,1382
AGGCCGATGACAAGGA,K165R,0.0950,0.0950,1525,2244
AGGCCGCAGCAGTATC,E501D,0.1810,0.1810,506,391
AGGCCGCGAGACTCGT,P128A,0.0781,0.0781,139,249
AGGCCGGAGAAACAGA,A521S,nan,nan,0,0
AGGCCTACACGTCTGA,I42A,0.0000,0.0000,0,10
AGGCCTAGCGCACCTT,H244N,0.1146,0.1146,1996,2435
AGGCCTATCATCAAAA,S323R,0.1068,0.1068,320,419
AGGCCTCTTACCCGCA,S492V,0.1233,0.1233,559,634
AGGCCTTAGTCCTTAT,G205H,0.3962,0.3962,51,18
AGGCGAAAGAAGTAAC,L418T,0.0000,0.0000,0,9
AGGCGAACTAACCTAT,R321G A365F,nan,nan,0,0
AGGCGACCCTAATACG,V505F,0.0783,0.0783,337,602
AGGCGACGCAAACAGA,R328bP,0.0746,0.0746,309,579
AGGCGAGCCACAGAAC,D487M,0.0860,0.0860,185,301
AGGCGATTAGTAAGAG,L2E Q142M E407P,0.0000,0.0000,0,7
AGGCGCAACATAAAAA,G68E,1.0000,4.2652,61,2
AGGCGCCAAAATCACG,A144N A336T,0.0762,0.0762,79,145
AGGCGCGACTGACATC,K57E,0.1572,0.1572,708,630
AGGCGCTAAAGGCGCT,,0.1243,0.1243,1133,1275
AGGCGGAAGCTGACGC,,0.0954,0.0954,1142,1674
AGGCGGAATGACAACC,L122W,0.0928,0.0928,150,226
AGGCGGATCAAAAAAA,C14Y,0.0000,0.0000,0,1
AGGCGGCGCTCACCGC,T378A,0.1000,0.1000,1531,2141
AGGCGGCTTTCTCACG,F469R,0.0000,0.0000,0,1
AGGCGGGTTCCGGGAG,P58H,0.0000,0.0000,0,6
AGGCGGTTGTGACCAT,K32P,0.1363,0.1363,1743,1788
AGGCGTCCAACTTTAG,E89K F332P,0.1229,0.1229,29,33
AGGCGTTGATTCGCAA,A317V,0.0355,0.0355,213,839
AGGCGTTTGTATAACG,S221F,nan,nan,0,0
AGGCTAAACTGTTAGA,D474P,0.0780,0.0780,339,608
AGGCTAAATAATAATG,,1.0000,1.0255,22,3
AGGCTAAGGTGTACTA,I374E,0.2389,0.2389,41,24
AGGCTAATAGATTGAG,Q391R,0.0874,0.0874,75,120
AGGCTAATTTCCTGAC,K120Q N357G,0.0000,0.0000,0,13
AGGCTACCACCGAACG,A521K,nan,nan,0,0
AGGCTACCTGTGAGTT,N464C,0.0697,0.0697,387,777
AGGCTACTCATCCCAG,E-5G,0.0914,0.0914,562,860
AGGCTACTTAAAACTT,I252R M531V,0.0000,0.0000,0,18
AGGCTAGTGAAGTGAT,Y201I L316V,0.0770,0.0770,337,612
AGGCTATAAGTCGAAT,K262I,0.1804,0.1804,227,176
AGGCTATCCCTGGCAT,D441R,0.1630,0.1630,430,369
AGGCTATGTACTCAAA,C52L V510W,nan,nan,0,0
AGGCTCCATCACGAAA,K125aY,0.2169,0.2169,6237,4022
AGGCTCCTGATCCAAA,,0.1595,0.1595,1920,1683
AGGCTCTACACAAATT,N186Y,0.0300,0.0300,26,121
AGGCTCTTGAAGAGGC,S503K,0.1977,0.1977,1141,807
AGGCTGAACCCTTGAA,E494Q,0.0813,0.0813,912,1568
AGGCTGAACTAGGGTA,,0.0000,0.0000,0,5
AGGCTGCGTCGAAAAA,A364V,0.1474,0.1474,1884,1787
AGGCTGGAAGGTTTGG,N210W A495V,0.0000,0.0000,0,234
AGGCTTCTAGCGGTGA,,0.2495,0.2495,132,74
AGGCTTGGTCAATGGA,T46Y,0.0273,0.0273,68,348
AGGCTTTGGTTAGCAG,E246S *551Q,0.5265,0.5265,64,17
AGGCTTTGTACAGAAT,L331N,1.0000,1.5694,101,9
AGGGAAATCTCGTATT,Y256E,0.1058,0.1058,559,739
AGGGAACCGTGAAACC,R499A,0.1084,0.1084,627,809
AGGGAACGTCGATATC,S146T C477E,0.0000,0.0000,0,5
AGGGAAGAAACGATGG,F467I,nan,nan,0,0
AGGGAAGGTAAGTAGT,,0.0359,0.0359,60,234
AGGGAATAACTATGTT,Q371S,0.1031,0.1031,1071,1453
AGGGAATAGTCACTTT,R547L,0.1221,0.1221,69,79
AGGGACAGACTCAACA,I164D,0.0000,0.0000,0,17
AGGGACATCCGAAAAA,,0.0892,0.0892,449,704
AGGGACGACCAAACAA,M230R,nan,nan,0,0
AGGGACGCACAGCCCC,K269M R328aW,0.1910,0.1910,56,41
AGGGAGACCAAGAGAA,K506I,0.4040,0.4040,78,27
AGGGAGCAGCACCCAC,T485S,0.1107,0.1107,7118,8989
AGGGAGCCATTGCAAG,Q282H,0.0000,0.0000,0,14
AGGGAGCTGATACCAT,S113G C139K,0.0000,0.0000,0,3
AGGGAGGCATGAAACA,L-1*,nan,nan,0,0
AGGGAGTAATTGATTA,T200L K445E,nan,nan,0,0
AGGGAGTCTACAATTA,,0.0917,0.0917,730,1113
AGGGAGTGTCCTCAAG,R321M F469V,nan,nan,0,0
AGGGATACTGTACAAA,,0.1241,0.1241,696,784
AGGGATATGAACTATG,D375P K380N,nan,nan,0,0
AGGGATCTAGACATAA,L133aQ N357V,0.2185,0.2185,25,16
AGGGATGACCCAGGAA,N103M,0.1673,0.1673,421,352
AGGGATGATTGAGTTA,,0.1553,0.1553,3683,3317
AGGGCAAAAAGATTTG,A91M,0.1427,0.1427,346,339
AGGGCAAAAAGTGTAG,N33K,0.1203,0.1203,1329,1545
AGGGCAAACGAATAGA,,0.1014,0.1014,166,229
AGGGCAACTAGTAAAC,C466S,0.0000,0.0000,0,15
AGGGCACCAGAAGAAA,,0.1831,0.1831,927,708
AGGGCACCGCCCGCCT,S126I F232L,0.1111,0.1111,313,394
AGGGCACTCATACGAC,T279G,0.1498,0.1498,814,760
AGGGCATCCAACGCAA,I297F,0.5621,0.5621,205,51
AGGGCATTTGTAGTAT,G228V,0.2749,0.2749,57,29
AGGGCCAATCTTAACC,D11Q I115N,0.0000,0.0000,0,1
AGGGCCGCTTACAAAG,C477E,0.0000,0.0000,0,3
AGGGCGATCTGCTGTT,T163E,0.0433,0.0433,577,1865
AGGGCGCATAGGCCAA,N169A,0.2020,0.2020,39,27
AGGGCGCATTTTTCAA,P58T A137T,nan,nan,0,0
AGGGCTAACTCCCGGT,D474V,0.1532,0.1532,92,84
AGGGCTACTTAACCGA,L70E,0.6078,0.6078,113,26
AGGGCTATAAGAGCCC,C14* L462P,0.0000,0.0000,0,7
AGGGCTGAACGACCAG,Y353R,0.0000,0.0000,0,5
AGGGCTGATATTATGA,H298I,0.2054,0.2054,119,81
AGGGCTGGAGACAAAG,M292V,0.1268,0.1268,3582,3952
AGGGCTTTATCATTTC,,0.1411,0.1411,3650,3617
AGGGGACAAATAAGCA,K328R,0.0480,0.0480,191,556
AGGGGACAGGAAACCC,K125aV,0.2448,0.2448,520,297
AGGGGACATTACATCG,C76G,0.0000,0.0000,0,30
AGGGGACTGATCACAC,P489N,0.1267,0.1267,29070,32092
AGGGGAGATATAGGCT,,0.0000,0.0000,0,1
AGGGGATAATGAGGAA,P125G K380N,0.0000,0.0000,0,5
AGGGGATCACGATAGA,N21R,1.0000,1.0466,232,31
AGGGGCCTATAAAATT,,0.0000,0.0000,0,19
AGGGGCGATCTTTTAA,Q142C,0.1670,0.1670,1494,1251
AGGGGCTAAAGATCCG,V26M,0.0000,0.0000,0,35
AGGGGGCGAAGAAAAT,L-1E,0.0183,0.0183,49,374
AGGGGGCTACCGTAAG,V152P,nan,nan,0,0
AGGGGGGAAGAATGAC,,0.0857,0.0857,57,93
AGGGGGGAATAGATTC,I178W,0.0000,0.0000,0,25
AGGGGGGCGCACCCGT,I550V,0.2911,0.2911,1147,551
AGGGGTATAATCATGG,D95F,0.0584,0.0584,155,371
AGGGGTGCAACACAAT,I302D,0.0000,0.0000,0,2
AGGGGTGGTCAGTTAT,,0.1241,0.1241,346,390
AGGGGTTCTGACGTAA,E500M,0.0861,0.0861,176,286
AGGGTAAATCGAAGCA,R435F,0.0000,0.0000,0,4
AGGGTAACAGAATATT,K328N,0.1556,0.1556,2815,2530
AGGGTAATCCGTGCCG,E255I,0.4079,0.4079,35,12
AGGGTACAAAAGGAAT,Q371G S503N,0.0000,0.0000,0,163
AGGGTACTGTAGATTT,G333A,0.3496,0.3496,210,84
AGGGTACTTCGAGACA,,0.0453,0.0453,900,2777
AGGGTATTACTAATTG,P128S,0.1502,0.1502,10199,9495
AGGGTCATGAAAGAGT,*551H,0.0207,0.0207,8,54
AGGGTCGAAAGCAATA,V36D I166V,0.0000,0.0000,0,5
AGGGTCTATATTACCT,L108E,0.0000,0.0000,0,13
AGGGTGAGTTACGGCA,M-6R,0.0000,0.0000,0,2
AGGGTGCACAGAGCTG,N312A,0.1821,0.1821,746,573
AGGGTGGACCAGTCCC,I217N,0.0000,0.0000,0,2
AGGGTGTGAACTTAGG,I60V,0.2234,0.2234,1342,840
AGGGTGTTACTAAAAA,Y105T,nan,nan,0,0
AGGGTTATCACTAGTG,S383K,0.1373,0.1373,53,54
AGGGTTGTGCCATGCG,H276D,0.2450,0.2450,573,327
AGGTAAAAACACCTCA,,0.1067,0.1067,1129,1480
AGGTAAAAAGATATCC,G228V T235C,0.0000,0.0000,0,3
AGGTAAAAGAAAATCG,S167G G303L L427H,nan,nan,0,0
AGGTAAAAGACACAAA,,0.1610,0.1610,8582,7453
AGGTAAAAGATCGAGT,H38I Q282K,0.0000,0.0000,0,5
AGGTAAAAGTACACGG,C14P Y363*,0.0000,0.0000,0,7
AGGTAAACACATTTCC,M75E,0.1387,0.1387,13137,13246
AGGTAAACCCTGAAAC,A19G,0.0850,0.0850,76,125
AGGTAAACGAGACTAC,,0.1879,0.1879,12595,9373
AGGTAAAGATTTTTAC,L515C,0.0000,0.0000,0,21
AGGTAACATGAAAACC,,0.0989,0.0989,3162,4472
AGGTAACATGACTGAC,K460N,0.2058,0.2058,490,333
AGGTAACCATGGACAA,M531E,0.7501,0.7501,59,11
AGGTAACGCAGAAAAG,V315A,0.0421,0.0421,160,531
AGGTAACTCGGCGCTC,V395M S523Y,0.0000,0.0000,0,3
AGGTAATCTAATAGAA,C546G,0.2948,0.2948,683,324
AGGTACATAACTAACA,,0.0653,0.0653,28,60
AGGTACGATCCCCACA,G360K,0.0000,0.0000,0,10
AGGTAGAACAACACGA,H295R,1.0000,1.0908,78,10
AGGTAGAAGACCCTGG,V36F G303L,0.0000,0.0000,0,7
AGGTAGCCTGTATACC,T46R,0.0778,0.0778,392,705
AGGTAGTGACCCCCAG,R212C L437M,0.0453,0.0453,157,485
AGGTAGTGGCAATAGT,V223H,0.1577,0.1577,194,172
AGGTATAAATATCAGT,G143R H440F,0.0000,0.0000,0,10
AGGTATAACAAAAAAA,G49D N475L,0.4195,0.4195,24,8
AGGTATAATTATTTAA,,0.0548,0.0548,123,314
AGGTATAGACCCTGGA,,0.0000,0.0000,0,17
AGGTATATAGCCGAAA,C76R R227F,0.0000,0.0000,0,3
AGGTATCAAAACATTT,,0.1030,0.1030,296,402
AGGTATGGACTCTGAC,L102C,0.0652,0.0652,542,1162
AGGTATGTTCCCATTG,S207A,0.2220,0.2220,300,189
AGGTATTACGCGCAAA,C473I,0.0000,0.0000,0,3
AGGTATTACTTTACAA,E414T,0.1121,0.1121,2353,2935
AGGTATTCAACCTTAA,,0.1397,0.1397,2570,2573
AGGTATTCAAGAGATA,M268F,0.1766,0.1766,48,38
AGGTATTTAAATTAGG,K387W,0.1693,0.1693,23,19
AGGTATTTAGCATGTT,K216H,0.0416,0.0416,52,175
AGGTATTTCGCGTAAA,,nan,nan,0,0
AGGTCACTCCATGACG,,0.1185,0.1185,200,236
AGGTCATACTCAAAAT,Y258G,0.0000,0.0000,0,3
AGGTCATCCTTATTAC,R149Q,0.1573,0.1573,1418,1261
AGGTCATTTCTCCCTC,A287M,0.0000,0.0000,0,3
AGGTCCCCAGCCGAAG,K50E S125bY,0.1311,0.1311,15,16
AGGTCCGCATGCTGCA,I384C Q513H,0.0000,0.0000,0,8
AGGTCCGCTAAGGACG,S207E,0.1141,0.1141,3242,3975
AGGTCCGTTATGATGC,,0.1453,0.1453,2940,2829
AGGTCCTAAAACGGGT,,0.4795,0.4795,48,14
AGGTCGAATCCATAGT,L455Q,0.0000,0.0000,0,2
AGGTCGACCAGAGGTT,I252E,0.0000,0.0000,0,4
AGGTCTAAAGATCTCA,G510aM,0.0969,0.0969,1073,1548
AGGTCTTACCAGAATG,,0.1257,0.1257,363,404
AGGTCTTATATACTTG,W153P F251L S290I,nan,nan,0,0
AGGTCTTCTATCAAAC,F245I,0.1144,0.1144,1558,1904
AGGTGAAATAAAAGAG,S167N N443P,0.0000,0.0000,0,4
AGGTGAAATTAATAGT,,0.1186,0.1186,419,494
AGGTGACAATAAACAC,N197M W350C,0.0000,0.0000,0,1
AGGTGACTTGGCTACT,,0.1352,0.1352,2697,2789
AGGTGATATTGCAACC,,0.1237,0.1237,852,963
AGGTGCAATCATTAAA,L314R,1.0000,2.7969,20,1
AGGTGCCATAAACTTG,V-2Y,0.1050,0.1050,1320,1758
AGGTGCCATAGATGAA,V26E,0.0000,0.0000,0,3
AGGTGCTTGATTCATA,,0.1879,0.1879,348,259
AGGTGGATTAGAATAT,K328I,0.1313,0.1313,2092,2228
AGGTGGCTCACGCAAT,,0.2153,0.2153,194,126
AGGTGGGAGGAAAAAA,T192L,0.1464,0.1464,2341,2236
AGGTGGGCTAATACAT,V451E,0.2131,0.2131,32,21
AGGTGTAAAACACCTA,M268I Y363W Y491C T520A N541D,0.0000,0.0000,0,8
AGGTGTAAACAGAGTT,S133Q L194T,0.0000,0.0000,0,76
AGGTGTATACAATCGA,V309W,nan,nan,0,0
AGGTGTCCGTGATGTG,I4W V395I,0.2063,0.2063,385,261
AGGTGTTAGACTAAAC,E358Y,0.0637,0.0637,1371,3012
AGGTTAACACCCAATC,R173W,0.1060,0.1060,857,1131
AGGTTACAATAGACGT,D240L,0.1051,0.1051,118,157
AGGTTACACTTAGTAC,K269G,0.0810,0.0810,55,95
AGGTTACCGATAATAA,C466Q,0.0000,0.0000,0,2
AGGTTACGATATTTCA,,0.1487,0.1487,741,697
AGGTTAGACCTACCGA,L427H,0.0000,0.0000,0,15
AGGTTAGACTCTAAAA,I-3*,0.0000,0.0000,0,4
AGGTTATAAAATGCAA,N248M,0.0000,0.0000,0,138
AGGTTCCAAATAAGAA,G337H,0.0000,0.0000,0,3
AGGTTCCAGTATGAAT,L71N,0.0000,0.0000,0,2
AGGTTCCCCCTTGACA,,0.0843,0.0843,445,738
AGGTTCCGCCGCATGG,M531I,0.1281,0.1281,1598,1744
AGGTTCGCGAGGACGA,N248M N424P,0.0000,0.0000,0,10
AGGTTCTAGAAAACAT,G396C,0.0684,0.0684,244,499
AGGTTGACTCCCGCTA,,0.2039,0.2039,2901,1990
AGGTTGATAGGACGCA,,0.1618,0.1618,1513,1308
AGGTTGCAATAAGCTG,,0.0000,0.0000,0,12
AGGTTGCACTTATGCC,V66M,0.0991,0.0991,1034,1459
AGGTTGCCTAAGCCAT,V34R,0.0000,0.0000,0,9
AGGTTTAAATTATTAA,D241S G376C,0.1581,0.1581,260,230
AGGTTTCGATAACTAA,Q359R,0.1465,0.1465,221,211
AGGTTTGATTCCAGCA,L43W,1.0000,inf,5,0
AGTAAAAAAATCAAGA,S167L R321* T370N F469E,0.0000,0.0000,0,6
AGTAAAAAAGAAATAA,T208P L316V G342P,nan,nan,0,0
AGTAAAAACTCAGAGC,V309W,0.0000,0.0000,0,7
AGTAAAAATCGGTTAA,N169V,0.2645,0.2645,174,92
AGTAAAACGGGAGTAT,M-6T,0.0000,0.0000,0,2
AGTAAAAGCGTGCTCC,,nan,nan,0,0
AGTAAAAGGAAAAGGC,S492A A495S,0.0932,0.0932,858,1287
AGTAAAAGTAATGAAA,,nan,nan,0,0
AGTAAAATACACTCAA,C277Y A394S F399C M478I,0.0000,0.0000,0,13
AGTAAACACACTATTC,T208R,0.1512,0.1512,226,209
AGTAAACCAATTAGCC,G303R,0.0000,0.0000,0,13
AGTAAACCATCTATTA,,0.1799,0.1799,4817,3745
AGTAAACCCTGGTTGC,E426G,0.0000,0.0000,0,18
AGTAAACCGACCATAA,L209P,0.0000,0.0000,0,8
AGTAAACTATGGCGCT,,0.1174,0.1174,115,137
AGTAAACTTTCCGACG,,0.1431,0.1431,3097,3027
AGTAAAGCAAGTGTGC,T46P F467D,0.0000,0.0000,0,5
AGTAAAGCACCACATC,K157T,0.1398,0.1398,1501,1501
AGTAAAGCATAAGAAA,L515K,0.4545,0.4545,26,8
AGTAAAGGCAGCAACT,F294R,1.0000,inf,33,0
AGTAAAGGTCTTAAAG,G333E,0.0000,0.0000,0,3
AGTAAAGTAATATCAC,N169L N322S T370L,nan,nan,0,0
AGTAAAGTAGACTAAC,R173A,0.1459,0.1459,873,837
AGTAAAGTTCTTAAAA,T35K,0.0723,0.0723,353,683
AGTAAATAAGTCAACA,,0.0839,0.0839,1532,2553
AGTAAATCCGCAGGCA,W84Q,0.0000,0.0000,0,7
AGTAAATTAATGCAAA,Q222T,0.0680,0.0680,353,726
AGTAAATTGTATACTA,L462C,0.0849,0.0849,1085,1787
AGTAACAACATGGATC,R227G E393Y,0.5171,0.5171,159,43
AGTAACAAGACAACCC,,0.0754,0.0754,364,675
AGTAACACAAGCTCAA,H183F,0.0599,0.0599,15,35
AGTAACACATTCTAAC,S492E,0.1151,0.1151,1432,1740
AGTAACACTAGAGGTG,L133aH,0.2679,0.2679,1389,725
AGTAACAGCCATCAAA,G396R,nan,nan,0,0
AGTAACATCGGAACTG,S126H,0.0931,0.0931,267,401
AGTAACATTCAATATG,G55R L108A,0.0000,0.0000,0,2
AGTAACCCAACACATG,P92aE,0.2554,0.2554,42,23
AGTAACCCCATAATAA,N20I R328aL G510aD,nan,nan,0,0
AGTAACGACGGGTACG,G134W,nan,nan,0,0
AGTAACGATCGGTAAT,M75I R404T,0.1739,0.1739,1793,1442
AGTAACGCCAATGGTA,K9R L331K,0.0000,0.0000,0,7
AGTAACTAGCTATTCG,A532Y,0.0000,0.0000,0,3
AGTAACTCAACAGCTC,M388E,0.0000,0.0000,0,4
AGTAACTCATAGTAAA,A144Y,0.1849,0.1849,390,295
AGTAACTCGGAAGGTA,N210A A522T,0.0000,0.0000,0,3
AGTAACTGCAGATTAA,,0.1294,0.1294,6482,7006
AGTAACTTAAACTATA,Q12H Y17M,0.1696,0.1696,3120,2572
AGTAACTTACACCTAG,S369N F469S,nan,nan,0,0
AGTAAGAAACGTATGA,H244S P306M,0.7691,0.7691,33,6
AGTAAGAATACCATAA,T206S,0.1987,0.1987,1181,831
AGTAAGACTGACACTG,R212Q,0.0766,0.0766,1483,2709
AGTAAGACTTATCCAC,N312T,0.0980,0.0980,394,562
AGTAAGATTAATTATT,,0.1398,0.1398,1035,1035
AGTAAGCAATTCCCCA,D474K,0.3583,0.3583,164,64
AGTAAGCATGATAAGG,H295V A365S,nan,nan,0,0
AGTAAGCGAATGCACC,I121H H471N S524T,0.0000,0.0000,0,2
AGTAAGCTATAGGACC,I267V D415M,0.1731,0.1731,26,21
AGTAAGGAGCCTGCAG,L437W,nan,nan,0,0
AGTAAGGCAACTTATT,C466A,0.0000,0.0000,0,14
AGTAAGTATAGACCTA,N408P,1.0000,4.4750,32,1
AGTAAGTATGTACATT,,0.1154,0.1154,1491,1807
AGTAAGTGAATGCTCG,G225V,0.1502,0.1502,29,27
AGTAATAAAACGAGAC,A317G,0.1127,0.1127,286,355
AGTAATAATAACGAAA,,0.0622,0.0622,417,937
AGTAATAATGTAACTC,F79D H298S,0.3496,0.3496,85,34
AGTAATAATTCAAAAC,K313P G504R,0.0000,0.0000,0,1
AGTAATAGTAAAACTT,R499E,0.2148,0.2148,616,401
AGTAATATAAAAGACC,E414K L507Q,0.0000,0.0000,0,2
AGTAATATAAGAATTG,N103A G205T,0.0404,0.0404,125,433
AGTAATATGCCAACCA,K372S,0.0000,0.0000,0,20
AGTAATATTCGACGCA,V66T N475H,0.0000,0.0000,0,9
AGTAATATTTCCAACA,F338L,0.1971,0.1971,437,310
AGTAATCAAGTTCTGA,S10I G330T,0.0000,0.0000,0,7
AGTAATCACTTGTTAT,N169R,0.2088,0.2088,1681,1126
AGTAATCATACAAATA,R220H,nan,nan,0,0
AGTAATCCAAAAGGCA,Y274S A521Q,nan,nan,0,0
AGTAATCCACGCCTTA,K156D,0.0000,0.0000,0,1
AGTAATCTAATAGACA,,0.0897,0.0897,331,516
AGTAATCTAATCCACA,,0.0481,0.0481,43,125
AGTAATGGCACGGTAA,N94Y,0.1602,0.1602,9702,8470
AGTAATGTCCTAAACT,N379S L462P V510R,nan,nan,0,0
AGTAATGTTTAATTAG,C277R,0.0000,0.0000,0,15
AGTAATTCGTTATTAA,N21Q,0.0000,0.0000,0,47
AGTAATTGACGACAAA,P82aW,0.1130,0.1130,481,595
AGTAATTGTCTGAACT,W350H G416C,0.0000,0.0000,0,7
AGTAATTTAAGATAAA,,0.6340,0.6340,68,15
AGTAATTTCTATTTCT,P293W,0.0000,0.0000,0,2
AGTAATTTCTTGGATC,A364K,0.4958,0.4958,39,11
AGTAATTTGATATGCA,A425V E501K,0.1958,0.1958,28,20
AGTACAAAAGATCGAA,N54aP,0.0000,0.0000,0,3
AGTACAAAATATACAG,R321L D366T F469T,0.0000,0.0000,0,7
AGTACAAATCGACAGC,D63N S356K,0.1382,0.1382,582,589
AGTACAATCCCGAGGT,L497E,0.1230,0.1230,73,83
AGTACAATTACGGAAT,D375Q,0.1329,0.1329,287,302
AGTACACAACAAGGTG,P145N,0.2032,0.2032,4750,3269
AGTACACAACATCTAA,H298G,0.0196,0.0196,52,371
AGTACACACAGTATGA,E255D V395H,0.7092,0.7092,71,14
AGTACACTTAAATTTG,N224A P324H,0.0758,0.0758,2844,5247
AGTACAGAAAATTTTT,C52R W69M,0.0000,0.0000,0,2
AGTACAGAAATATACT,D438R,0.1014,0.1014,325,448
AGTACAGCATTGACGC,,0.2016,0.2016,516,358
AGTACAGTACAAGCGA,N48F E398R,0.1305,0.1305,14,15
AGTACAGTCGATGAAT,S22E F294L R496F,nan,nan,0,0
AGTACATAAACTGCAA,,0.0000,0.0000,0,1
AGTACATACCATGGGC,N278R,0.0000,0.0000,0,25
AGTACATATAATAGAA,R229P,0.0000,0.0000,0,12
AGTACATCTCCCTCCA,,0.1531,0.1531,9692,8853
AGTACATTCACACACT,R328bK,0.1883,0.1883,1819,1351
AGTACCAAAGACACAA,G134I,0.2474,0.2474,46,26
AGTACCAAATAATTGA,R326D,0.2904,0.2904,54,26
AGTACCATCCACTACA,W234R,0.0000,0.0000,0,3
AGTACCATGAGCAACG,I155R,0.0280,0.0280,1,5
AGTACCATGCTATCAA,G352D,0.0000,0.0000,0,9
AGTACCCTACTTACGC,I13F C97N,0.0000,0.0000,0,10
AGTACCCTCCCAATAC,N169H R321N F469A,0.0000,0.0000,0,1
AGTACCTCGCCAACAC,A526C,0.1739,0.1739,3371,2711
AGTACCTCTATATATG,N410Y E501*,0.0000,0.0000,0,4
AGTACCTTCGTTGAAA,N389H,0.1137,0.1137,1290,1586
AGTACGACCATAAGGG,H110C N187Y,0.0972,0.0972,198,285
AGTACGACTAATTTAG,D159W,0.4995,0.4995,1711,479
AGTACGAGATCTACCT,,0.1064,0.1064,4881,6413
AGTACGCTTGTGCCCA,F232C,0.0000,0.0000,0,4
AGTACGGCGATATCTC,,0.2214,0.2214,616,389
AGTACGGTAACGCGGC,D348T,0.2521,0.2521,146,81
AGTACGTAAGACACCA,K372P,0.0000,0.0000,0,3
AGTACGTCTGAAATTA,P128N,0.1434,0.1434,808,788
AGTACGTGCAAGAAGT,F399V,0.3263,0.3263,28,12
AGTACGTGGAGTTTTT,,0.1284,0.1284,481,524
AGTACTAATGGCCTAT,,0.1015,0.1015,1375,1894
AGTACTACTCGCTGTA,Y98K,0.1667,0.1667,31,26
AGTACTAGCAGCCGTA,A459M,0.1277,0.1277,21,23
AGTACTATAACGGTAT,E479K,0.2557,0.2557,245,134
AGTACTCAGAACACCT,S167Y C473E,0.0000,0.0000,0,8
AGTACTCCAAACTAGT,,0.1508,0.1508,1962,1819
AGTACTGATTATCCGT,Y161E,0.0000,0.0000,0,1
AGTACTGTTCAGGGCG,,0.0819,0.0819,1493,2549
AGTACTTAATATCCTG,C52G D95Y,nan,nan,0,0
AGTACTTTATACGCAT,,0.0404,0.0404,26,90
AGTAGAAAGATGTAAT,,0.1060,0.1060,2588,3414
AGTAGAAATGAAATAA,M30L,0.1032,0.1032,321,435
AGTAGAACACTAAGTA,L455P,0.0000,0.0000,0,15
AGTAGAACTTAGGGGT,R326Q,0.1305,0.1305,2496,2675
AGTAGACGCCCTGCTA,V88L Y195S,0.3687,0.3687,29,11
AGTAGACTGCAGTAAA,H440E,0.5244,0.5244,30,8
AGTAGAGAGAACATCT,,0.1801,0.1801,1668,1295
AGTAGAGGAGGATGAC,S10G,0.1326,0.1326,2672,2818
AGTAGAGTGTATAGCT,K328E,0.4040,0.4040,130,45
AGTAGATAGTTTAGGA,K280D,0.0938,0.0938,208,310
AGTAGATCAACGGATT,A495K,0.1048,0.1048,278,371
AGTAGATGGATGGGAC,P128C,0.0000,0.0000,0,16
AGTAGATTCTCAGTAA,N-4M,0.0506,0.0506,438,1211
AGTAGATTTATCAAGC,S311C,0.1636,0.1636,2547,2177
AGTAGCAAACCTTTTA,S85C A91S,0.0503,0.0503,27,75
AGTAGCAAGACGCAAT,K310G,0.0428,0.0428,64,209
AGTAGCATAACTCAAG,S167I,0.1315,0.1315,3200,3403
AGTAGCCAAATGAAAA,T266G R547N,nan,nan,0,0
AGTAGCCAGCCAGTTT,L2R,0.0000,0.0000,0,4
AGTAGCCCCTAATCCT,A188F,0.0000,0.0000,0,10
AGTAGCCGGAGCATCC,S383L,0.3396,0.3396,34,14
AGTAGCGAATTTTCTA,P82aG,0.0927,0.0927,222,335
AGTAGCGGCTTTAGAC,N92L,0.1348,0.1348,1528,1585
AGTAGCGGGTCACGCG,M431L,0.0645,0.0645,267,579
AGTAGCTGGCTTAAAT,A425F,0.0000,0.0000,0,6
AGTAGCTGGTCAATTC,E403A,0.7691,0.7691,33,6
AGTAGCTTACTTACTA,L300M G337E,0.0000,0.0000,0,3
AGTAGCTTTGAATAAG,V223M,0.1538,0.1538,363,330
AGTAGGACTTGCTTCT,V429G,nan,nan,0,0
AGTAGGATAAATGAAG,N408E,0.0675,0.0675,305,632
AGTAGGCGATAACTTG,,0.0776,0.0776,76,137
AGTAGGTGGAAATGCT,,0.1010,0.1010,1497,2072
AGTAGTAAGGCTTTTA,H355S,0.0950,0.0950,555,817
AGTAGTAGCAAGCAAG,,0.1501,0.1501,6965,6488
AGTAGTCAATGCACCC,N401L,0.0000,0.0000,0,41
AGTAGTCACACTCTTC,D95W E501C,nan,nan,0,0
AGTAGTGAGACTTATG,A364E,0.3758,0.3758,86,32
AGTAGTGTATCTCATC,T46M,0.1076,0.1076,360,468
AGTAGTTACAATTCCC,M230E,0.4322,0.4322,34,11
AGTAGTTATAGGCTCT,R149W,0.0251,0.0251,21,117
AGTAGTTATTCAATAG,,0.1126,0.1126,1072,1331
AGTAGTTCCCAGCATT,G55V,0.1763,0.1763,29,23
AGTAGTTGAATACACT,I529C,0.1266,0.1266,191,211
AGTATAAAAAAAGTTA,K57A G330L,nan,nan,0,0
AGTATAAAAATACGAA,H355Q,0.5221,0.5221,112,30
AGTATAAAGTAATAAG,K50R,0.1266,0.1266,3306,3651
AGTATAAATGACAACG,,0.1362,0.1362,37,38
AGTATAACCGGGCGAC,G376Y,0.1698,0.1698,17,14
AGTATAAGGACCCGCC,D53I S207P,0.0000,0.0000,0,1
AGTATAAGGAGCGAGA,P198R L497H,0.1498,0.1498,75,70
AGTATAATAAAAAACG,T37G G360H C539Y,0.0000,0.0000,0,2
AGTATAATGATCCTCT,L7E W153S,0.2139,0.2139,26,17
AGTATACAACAGTTAT,I217T,0.0455,0.0455,27,83
AGTATACCAGAAGAAT,E273K,0.1037,0.1037,89,120
AGTATACCTGGAAAAG,K196M,0.2332,0.2332,9422,5649
AGTATACGGCAATGGG,E-5K D231L,0.0000,0.0000,0,6
AGTATACGTCTTATAA,S10V,0.7991,0.7991,40,7
AGTATACTACGATAAA,L453P,0.2557,0.2557,64,35
AGTATACTACTTTTAA,S101Q C466I,nan,nan,0,0
AGTATAGAATTATAGC,T200V,0.1334,0.1334,6477,6790
AGTATAGTATACGCAG,L70Y,0.0000,0.0000,0,8
AGTATAGTATCCCAAA,A394D,0.0000,0.0000,0,1
AGTATAGTCCTCCCAA,S519L A521S,0.0000,0.0000,0,9
AGTATAGTCGCGATAT,,0.1296,0.1296,76,82
AGTATATAAAACTATA,P254L,0.3596,0.3596,18,7
AGTATATATGTACAAT,G263C,0.0000,0.0000,0,2
AGTATATCCTGACACG,G16F,1.0000,7.9711,57,1
AGTATATGATCCGCCT,,1.0000,1.2726,91,10
AGTATCAGTATTCAAT,K109R M111I H440S,nan,nan,0,0
AGTATCATACACATAG,K387E,0.0000,0.0000,0,28
AGTATCATACTTATTG,N186D L536R,0.0000,0.0000,0,1
AGTATCCACAAACAGT,L428Q,0.4020,0.4020,23,8
AGTATCCACCGAATTA,K313R,0.1630,0.1630,3933,3374
AGTATCCAGGCGCAGT,M530N,0.1340,0.1340,1777,1854
AGTATCCATACTGAAT,F392V,0.5967,0.5967,64,15
AGTATCCCCATATCTT,M30S,0.1960,0.1960,1641,1171
AGTATCCGATTTAGGA,S291G,0.1287,0.1287,276,300
AGTATCGTTCCCGAAT,G504V L507A,0.1405,0.1405,203,202
AGTATCTGATAAAAAA,L51P A526N,0.0000,0.0000,0,14
AGTATGAACCTGAGCT,A336D,0.3312,0.3312,45,19
AGTATGAACGCCATCT,A257K,nan,nan,0,0
AGTATGAAGTCTCTAT,N424C,1.0000,1.6781,24,2
AGTATGAAGTTATTCC,T485D,0.1531,0.1531,1738,1587
AGTATGACAAAGATCA,E83I,0.0741,0.0741,195,368
AGTATGACACGATATG,T436W,nan,nan,0,0
AGTATGACAGGTGCTG,V151S,0.0728,0.0728,412,791
AGTATGATATGCCTAT,I80T E432K I514P,nan,nan,0,0
AGTATGATTCCATCAT,A521D,0.2061,0.2061,28,19
AGTATGCACTACCTCA,K62D,0.1610,0.1610,350,304
AGTATGCATATAAATC,Y363E,0.0000,0.0000,0,3
AGTATGGTTGAAGTCA,Q344W,0.1135,0.1135,697,859
AGTATGTTTTAAAACT,N169V,0.1961,0.1961,938,669
AGTATTAAGAGTATTC,,0.0861,0.0861,32,52
AGTATTCAAGCAGGGA,A334S S442N,0.0000,0.0000,0,37
AGTATTCACCATTACA,G337E H440F,0.0000,0.0000,0,4
AGTATTCCGATGTAAA,E493V,0.1685,0.1685,12349,10246
AGTATTCTGCAGATAA,N296H,0.2517,0.2517,45,25
AGTATTCTTCAAGAAG,,0.1237,0.1237,4196,4744
AGTATTGAGCCACGAC,,0.2144,0.2144,46,30
AGTATTGTTAGACAGG,M111S F233S,0.2244,0.2244,138,86
AGTATTTTAAATCCAC,V5R F439I,1.0000,2.0277,29,2
AGTCAAAAGATTTATC,L179H C277H,0.0000,0.0000,0,5
AGTCAAACAATAAAAA,F148Y,0.1536,0.1536,993,904
AGTCAAAGGAAGTAAG,S221N Y491F,0.0473,0.0473,113,334
AGTCAAATATGCCTGT,C305G R321L,nan,nan,0,0
AGTCAAATATTATGCC,G341L T422I,0.0000,0.0000,0,1
AGTCAAATGGAATACG,M530T,0.0000,0.0000,0,3
AGTCAAATTAGACCCA,I252E,0.0000,0.0000,0,1
AGTCAACACCCGTAAA,,0.1507,0.1507,236,219
AGTCAACCATCCGCGA,T520P,0.0000,0.0000,0,8
AGTCAACTCGGTCAGG,,0.1041,0.1041,1009,1356
AGTCAACTGACATTAC,L102F,0.1168,0.1168,823,985
AGTCAAGTCGAGCCGA,E494M,0.0956,0.0956,590,863
AGTCAATAAGCCAACT,,0.2337,0.2337,254,152
AGTCAATCCTACTCCT,I115G,nan,nan,0,0
AGTCAATCCTACTGTG,L331D,0.0000,0.0000,0,9
AGTCAATCGAGTGCAT,G72N,0.1564,0.1564,132,118
AGTCAATTACGGTTGA,F118K,0.1636,0.1636,922,788
AGTCACAAAGACCCTA,,0.1684,0.1684,954,792
AGTCACACATACAAAG,I514W,0.1501,0.1501,3031,2824
AGTCACATTGTGTCCC,D104K S519D,0.0000,0.0000,0,1
AGTCACCACATTAGCA,W180G,0.6712,0.6712,24,5
AGTCACCTGTTACCTA,,0.1376,0.1376,877,891
AGTCACGCACTAAATT,K411Q,0.1576,0.1576,3366,2987
AGTCACGCCACCAAGT,P293M,0.0000,0.0000,0,1
AGTCACGTAATAGCCA,A253Y,0.1891,0.1891,5985,4427
AGTCACGTTCACGAGT,E358K,0.0675,0.0675,233,483
AGTCACTAGATCTAAG,K262A,0.2075,0.2075,233,157
AGTCAGAAAACCACAC,H38D,0.1178,0.1178,523,621
AGTCAGAAATTGACCA,M478A,0.0000,0.0000,0,8
AGTCAGAAGATGTCGT,E-5L,0.1168,0.1168,3899,4668
AGTCAGACACGTCCGG,,0.1643,0.1643,578,492
AGTCAGACCGCTGCAA,A188D,0.1055,0.1055,546,724
AGTCAGAGTCGCTAGT,T199W E414V,0.1275,0.1275,227,249
AGTCAGCAAATCATAT,P82aE,0.3433,0.3433,135,55
AGTCAGCATATCTGAG,S492K,0.1453,0.1453,3518,3387
AGTCAGGAAGATTGGC,W127K,0.0000,0.0000,0,5
AGTCAGGATCTAACTA,L453H,0.0595,0.0595,60,141
AGTCAGTCCAATCAAT,P306L T422I,nan,nan,0,0
AGTCAGTCGGCCTAAC,,0.1175,0.1175,42,50
AGTCAGTGCGTATCCA,,0.1564,0.1564,2197,1964
AGTCATAACTCTTCAA,E398V,0.0000,0.0000,0,1
AGTCATAATATATAGA,,0.0000,0.0000,0,4
AGTCATAGGTCCGCTT,D240W,0.2091,0.2091,7636,5107
AGTCATCAGAGTCCCA,Q211F,0.1293,0.1293,234,253
AGTCATCGGTAGCAGT,,0.1004,0.1004,605,843
AGTCATTAAAATACGA,I374F,0.1251,0.1251,2022,2261
AGTCATTTTATATTAT,S492W,0.1345,0.1345,125,130
AGTCCAAGTTTAAAAA,I217D,0.0000,0.0000,0,18
AGTCCAATACCGTGAG,G510aV,0.0489,0.0489,36,103
AGTCCAATAGTCCCTA,S167E,0.0823,0.0823,3701,6285
AGTCCACCAATTGAGG,,0.2040,0.2040,2158,1479
AGTCCACGACCGTATG,V420F T511A,0.0000,0.0000,0,1
AGTCCACTTCGCCTGT,,0.1089,0.1089,260,334
AGTCCAGAACAGATAG,H18N G376C V395C,0.0000,0.0000,0,28
AGTCCATAACACCACC,A93T,0.1556,0.1556,818,735
AGTCCATACATGCAAT,H355V,0.1349,0.1349,109,113
AGTCCATACGTTTGAG,K57F,0.1450,0.1450,1683,1623
AGTCCATGTCGTAAAT,C473W,nan,nan,0,0
AGTCCCACTATAAAAA,L133aP,0.4096,0.4096,3863,1319
AGTCCCACTTTACTTC,R114W,0.1209,0.1209,320,370
AGTCCCATACACAGAG,G319D,0.5034,0.5034,36,10
AGTCCCATGCACTCTA,P99A N250D K259R Y274C S480Q,nan,nan,0,0
AGTCCCATTTATCCAT,,0.0489,0.0489,21,60
AGTCCCCACGCAACTG,S509R,0.1910,0.1910,1179,863
AGTCCCCAGGAACTAA,A528R,nan,nan,0,0
AGTCCCCATAAAGGAG,K238A,0.0240,0.0240,52,303
AGTCCCCGGGTAAACC,N464F,0.1263,0.1263,410,454
AGTCCCCTAAACTTAG,M431E,0.0000,0.0000,0,17
AGTCCCGATTTCGATT,Y423D,0.0000,0.0000,0,5
AGTCCCGCGGTGCAGT,S146R,0.1718,0.1718,1226,998
AGTCCGATACCCTGGA,F467P,0.0000,0.0000,0,5
AGTCCGATGTCTAGAA,D240F,0.0725,0.0725,56,108
AGTCCGCCATGTAGCA,D386Y,0.0638,0.0638,411,901
AGTCCGGATGCCCTAT,D63E,0.1893,0.1893,1758,1299
AGTCCGTACTGTAGCC,A532N,0.0000,0.0000,0,11
AGTCCGTTAAACAGAG,L2M R220G,0.0000,0.0000,0,9
AGTCCTAAATGGGCTA,S167N S369I F469W,0.0000,0.0000,0,8
AGTCCTATTCGGTCGT,,0.1837,0.1837,11204,8528
AGTCCTTAATGATGTA,,0.1299,0.1299,629,677
AGTCCTTTGTGGCTAA,Y423I,1.0000,1.8180,338,26
AGTCGAACGAAACGAC,P82aQ L316Q,0.0000,0.0000,0,29
AGTCGACCGTACCATC,S10Y,0.0000,0.0000,0,2
AGTCGATCAGAAATGA,M388W,nan,nan,0,0
AGTCGATCTTTTACCA,,0.0630,0.0630,50,111
AGTCGATGTCGATAAC,T485V,0.1612,0.1612,5722,4965
AGTCGCCGAATAATAA,Y448V,0.1819,0.1819,359,276
AGTCGCTCGACAACGT,F118Y,0.1136,0.1136,525,646
AGTCGCTCGCCAAACC,T378N V505W,0.4607,0.4607,224,68
AGTCGCTGCCGAGCTA,M478V,0.1951,0.1951,240,172
AGTCGGATAGCACTTC,N92M G286V,0.0000,0.0000,0,4
AGTCGGCCCGAACCAA,F233Y,0.1685,0.1685,781,648
AGTCGTAACGAATATT,V204Q,0.0000,0.0000,0,10
AGTCGTCGGGAGTAAT,G100C,0.1815,0.1815,379,292
AGTCGTGAAATACTAC,L402K,0.1548,0.1548,31,28
AGTCGTTGTGTAAAAG,N424I,0.0000,0.0000,0,6
AGTCTAAAAGCGTCAC,,0.1904,0.1904,3770,2769
AGTCTAAATAAAAAAT,,0.0923,0.0923,1142,1731
AGTCTAAATACAGTCC,,0.1052,0.1052,361,480
AGTCTAAATAGAAGAT,S290P,0.0000,0.0000,0,61
AGTCTACAACTGCCCA,K62H G225R,0.0829,0.0829,230,388
AGTCTACGCATGGAAC,F338S G484L,nan,nan,0,0
AGTCTACTCAATATTG,K32T V505A,0.0934,0.0934,731,1095
AGTCTAGACACACAGT,*551K,1.0000,1.1234,241,30
AGTCTAGATGTCCGGA,I260S E398M,0.0000,0.0000,0,1
AGTCTAGGGTAACTAG,P82aS,0.1932,0.1932,134,97
AGTCTATACAGGTGGT,G463T,0.1199,0.1199,1037,1209
AGTCTCAAACAACGAA,D95E,0.1756,0.1756,4258,3390
AGTCTCAACGTAGGAC,G100S,0.1203,0.1203,265,308
AGTCTCAACTCAAGTA,M111Y,0.0000,0.0000,0,53
AGTCTCCTTTAATGTG,V315H T370S F469P,0.0000,0.0000,0,8
AGTCTCGATTTAAACG,,0.2269,0.2269,4052,2497
AGTCTCTGTTACAACT,E106R P324H,0.3077,0.3077,33,15
AGTCTCTTTTGACAAA,I60A,0.1334,0.1334,866,908
AGTCTGAACCGGCTCG,F439C Y491P,nan,nan,0,0
AGTCTGACCCCCGATC,T208Q,0.1550,0.1550,6521,5884
AGTCTGCGAAACAAAC,P58Q,0.0000,0.0000,0,9
AGTCTGCGCGACTCAA,N322G T370G,nan,nan,0,0
AGTCTGCGGCATCCAA,,0.1837,0.1837,9961,7582
AGTCTGTATCCTCATA,N401V,0.2137,0.2137,269,176
AGTCTGTTACTAAACA,S6N L154R,0.1667,0.1667,31,26
AGTCTGTTCGATACCA,L418A,0.0000,0.0000,0,2
AGTCTGTTTTCAGAGG,I514P,0.0000,0.0000,0,3
AGTCTTAAAAGGATAT,S311C,0.1547,0.1547,522,472
AGTCTTAAACAAAATT,T171D,0.0000,0.0000,0,26
AGTCTTAATTTGTTAA,V135R,0.4195,0.4195,21,7
AGTCTTAGGTTATTGG,,0.1345,0.1345,9203,9571
AGTCTTATATATACCA,C539M,0.1544,0.1544,3680,3333
AGTCTTATATTCGCGA,E174N,0.1247,0.1247,504,565
AGTCTTCTTTGCTAGA,K445S,0.1463,0.1463,270,258
AGTCTTGACCTCTAAA,G504K,0.1273,0.1273,275,302
AGTCTTGCTGTTTTTA,Y491R,0.1905,0.1905,2252,1653
AGTCTTTAAGAATATA,A91F,0.0570,0.0570,200,491
AGTCTTTACCTAAATA,E327R M431I,0.0000,0.0000,0,7
AGTCTTTCGAAACTGA,,0.0000,0.0000,0,5
AGTCTTTCGATTAATT,E500I,0.1165,0.1165,75,90
AGTCTTTTCTATGCGG,M531F,0.1425,0.1425,903,886
AGTGAAAAAAAACCTT,E83A T279I A287M,0.5533,0.5533,91,23
AGTGAAAACCATTTAA,Q391P,0.2031,0.2031,1435,988
AGTGAAACTCATCCAA,V444M,0.0739,0.0739,465,880
AGTGAACAACTTAACA,G484D,0.1224,0.1224,1309,1495
AGTGAACCCAAACTGC,V36M,0.0323,0.0323,3,13
AGTGAAGAACAAAAAG,I302P,0.0000,0.0000,0,3
AGTGAAGACTCGACTA,,0.0478,0.0478,14,41
AGTGAAGTGGATATTC,E131I,0.4998,0.4998,218,61
AGTGAATAGACACTAG,I115Y,0.0000,0.0000,0,1
AGTGAATGATTGAGTT,Y161G,0.0000,0.0000,0,8
AGTGAATGGGCTCAAA,N187Q,0.0346,0.0346,312,1261
AGTGAATTGGTGCAGA,K262aC,0.0979,0.0979,499,713
AGTGACAAACGGATGA,A394W,0.0000,0.0000,0,39
AGTGACAAGCTTATTC,V395E,0.0697,0.0697,177,355
AGTGACATCTGGACGA,L430K,nan,nan,0,0
AGTGACATTGAATATC,N289K,0.1321,0.1321,3665,3881
AGTGACCAATCCACAT,E358C,0.1311,0.1311,2632,2808
AGTGACTAAAAATGAA,K259W M530F,nan,nan,0,0
AGTGACTAGCATTACT,N54aW S323V,0.1383,0.1383,456,461
AGTGAGAAACATATGA,G16P,0.0000,0.0000,0,1
AGTGAGCAAATGGAAA,N54aG D441N,0.0000,0.0000,0,2
AGTGAGCGTTGAACCA,,0.1392,0.1392,896,900
AGTGAGTAAGCAGTAT,N210D G362D,0.0000,0.0000,0,4
AGTGAGTAGTATACGC,C281K,nan,nan,0,0
AGTGAGTCCAATCACA,Y86T,nan,nan,0,0
AGTGATAACCTATATC,A317T,0.3693,0.3693,103,39
AGTGATAACGTGGGCC,M-6V,nan,nan,0,0
AGTGATAAGCTCTAAA,K156T,0.0506,0.0506,263,727
AGTGATACACCATCTC,L455G,0.4195,0.4195,9,3
AGTGATACACTCGAGT,S480Y,0.1215,0.1215,186,214
AGTGATACCTGTCATT,L43M,nan,nan,0,0
AGTGATAGTGACAATT,,0.1448,0.1448,87,84
AGTGATATAGTAAAAG,N483Y,0.1593,0.1593,4379,3843
AGTGATCAATGAAACA,V347D,0.3962,0.3962,34,12
AGTGATCCACTTAAAA,H110Y V315Y,0.2937,0.2937,21,10
AGTGATCCTACATTCA,R404P,0.0000,0.0000,0,5
AGTGATGAAAGAAACA,,0.1519,0.1519,88,81
AGTGATGTCGACTATT,C281H,0.0000,0.0000,0,10
AGTGATTCAGTTCGTT,G16W,nan,nan,0,0
AGTGATTGAAAATAAC,T163Q,0.1516,0.1516,2198,2027
AGTGATTTCCATAGAA,H244M,0.0667,0.0667,186,390
AGTGCAAAAAAAATAC,V66F T163S,0.0477,0.0477,190,557
AGTGCAAAACCCTCAG,,nan,nan,0,0
AGTGCAAACTTCTAAA,N224V,0.5467,0.5467,86,22
AGTGCACCGATAAATA,,0.1385,0.1385,211,213
AGTGCACTTGTGTTAC,E368K K498Q S519N,0.4825,0.4825,69,20
AGTGCAGGTAGCAAAT,N408Y,0.1099,0.1099,11,14
AGTGCAGTTGCTACCT,N483I,0.1335,0.1335,839,879
AGTGCATACAACGTAG,G465I,nan,nan,0,0
AGTGCATGAATTTAAC,,0.0705,0.0705,1401,2778
AGTGCCAAAGTCTAAA,T378C,0.0954,0.0954,830,1217
AGTGCCAAGCCAACAT,P284F,0.0000,0.0000,0,15
AGTGCCAGGAACTAAG,E407F,0.1167,0.1167,1379,1653
AGTGCCCATACTAAGG,E119Q S125bI T200I N322T T370G F469R I548L,nan,nan,0,0
AGTGCCCATGCAAATA,G463P,0.1935,0.1935,948,685
AGTGCCCCAACTTTTG,Y86V,0.0000,0.0000,0,4
AGTGCCCGGATATGCC,N464I,0.4195,0.4195,18,6
AGTGCCGCCTTATTTC,T132W,0.3151,0.3151,721,320
AGTGCCGTATTGCCAA,I29W S136H I297E,1.0000,2.7409,98,5
AGTGCCTCTTGAGAAA,Y141F,0.1050,0.1050,790,1052
AGTGCCTGAATTACCC,L43M L430M,0.4939,0.4939,166,47
AGTGCCTTTCACTTTT,I87L E304K K411V G465E,0.1645,0.1645,20,17
AGTGCGAAACCCTCAG,,0.0894,0.0894,356,557
AGTGCGACTCGTAGAC,Q222K Y351H,nan,nan,0,0
AGTGCGATAAAATCTA,H440R,0.0000,0.0000,0,12
AGTGCGATTGGATATA,N54aD D441M,0.0000,0.0000,0,34
AGTGCTACGTATCGGA,Y258H,0.0774,0.0774,26,47
AGTGCTCAATCAAAAT,D419E,0.0513,0.0513,229,624
AGTGCTGCAAAGTACC,L7S,0.0264,0.0264,179,947
AGTGCTTACAAACAAA,T171Y,0.0889,0.0889,620,975
AGTGCTTACCAAAAAT,I87E,nan,nan,0,0
AGTGGAAAGGAATTAC,E24D E398N,0.1996,0.1996,1330,932
AGTGGAACGCCAAACT,P293L,nan,nan,0,0
AGTGGAACTTGTCAGT,N382V N464L,0.0000,0.0000,0,21
AGTGGACACATTGAAC,G465W,0.0000,0.0000,0,1
AGTGGACGACGGCTCC,I202S V395G M478I,0.4280,0.4280,101,33
AGTGGAGTTAGCCTCA,M111A,0.1165,0.1165,110,132
AGTGGATGCTAACGAC,N379L,0.0845,0.0845,273,452
AGTGGCAGAACAAAAT,V36I,0.0000,0.0000,0,20
AGTGGCATCAAGATAG,G376E,0.1552,0.1552,182,164
AGTGGCTTACAGATTT,,0.0416,0.0416,33,111
AGTGGGACAGCATACG,R173A,0.1449,0.1449,3617,3490
AGTGGGCCGCCGAGTG,W84N,0.0000,0.0000,0,2
AGTGGGCGCTCATAAA,L61E,nan,nan,0,0
AGTGGGTGTAACCAAA,,0.0726,0.0726,27,52
AGTGGTAACTCAAATC,W69E,nan,nan,0,0
AGTGGTACGTATCCAG,,0.1499,0.1499,4065,3793
AGTGGTATATACAAAA,I288Y N296S D419Y,nan,nan,0,0
AGTGGTCCGAATTTAA,,0.1193,0.1193,6614,7753
AGTGGTCCGATTATTG,T266F,nan,nan,0,0
AGTGGTTAACTAACTA,K310N,0.0000,0.0000,0,4
AGTGGTTGGTTGGAAA,,0.1377,0.1377,193,196
AGTGTAAAAACAGCGC,I514R,0.3661,0.3661,356,136
AGTGTAACCGACAAAC,R227W V451A,0.2083,0.2083,219,147
AGTGTAGCCGTGACTA,D63G T283F,0.0000,0.0000,0,8
AGTGTCAACTAAAGCA,I-3E,0.0548,0.0548,3146,8035
AGTGTCTAACGTTTAA,L213E,0.1256,0.1256,4934,5494
AGTGTCTGCGGAACGG,N48W,0.0000,0.0000,0,26
AGTGTGACAAGATGTC,T485G K506R,0.1116,0.1116,2127,2665
AGTGTGTCTAAAAGTA,C281P,0.0000,0.0000,0,2
AGTGTGTGATACGAAA,D104H G416S,0.3117,0.3117,107,48
AGTGTTACAATAACGA,P145M,0.5587,0.5587,7759,1942
AGTGTTCCAACACCAG,E189Y,0.4005,0.4005,1260,440
AGTGTTCCACATCGCT,I260W E500V,0.0000,0.0000,0,2
AGTGTTGGATGAGCCC,F469D,0.0000,0.0000,0,8
AGTGTTTTCTACCCTG,S203Q,0.0483,0.0483,334,967
AGTTAAACCTTTTGAT,A137T N278H,0.0000,0.0000,0,132
AGTTAAAGCGAGGATA,,0.1093,0.1093,918,1174
AGTTAAATAAGTACTG,K9P E340Y,0.0000,0.0000,0,2
AGTTAAATCATAGAAG,H47V,0.1403,0.1403,1884,1878
AGTTAACACTCTTTAA,D415S,0.0943,0.0943,614,911
AGTTAACCCGAGCATA,N464L,0.1532,0.1532,23,21
AGTTAACGCAGGACGA,Y256K M530K,1.0000,1.8413,79,6
AGTTAAGACATTTAAA,,0.0000,0.0000,0,1
AGTTAAGACCGCCCCC,A160I,0.1833,0.1833,3966,3025
AGTTAAGCTATTTAAG,A317Q,0.7791,0.7791,39,7
AGTTAAGGCAAATGAT,,0.1098,0.1098,929,1183
AGTTAAGTTAAGGCGT,A425R,0.0000,0.0000,0,10
AGTTAATAGGATAAAG,A522R,0.0000,0.0000,0,1
AGTTAATAGTAGCTAA,I385N,0.0000,0.0000,0,14
AGTTAATCTCCGTACC,D63G G263M,0.0000,0.0000,0,8
AGTTAATCTTATTGAA,K50I R149K E403K R405K E426K E432K R435K,0.0000,0.0000,0,7
AGTTAATTAGACGAAT,K328cQ,0.0000,0.0000,0,14
AGTTAATTGACAACTA,G143H,0.0313,0.0313,89,398
AGTTAATTTACCCAAG,,0.1122,0.1122,2717,3387
AGTTACACACTCCATG,N33K S167R F469K,0.0000,0.0000,0,5
AGTTACACCTAACGTA,N389D,0.1924,0.1924,161,117
AGTTACATATTTAACT,H110M E174Q,0.1520,0.1520,924,850
AGTTACCAATACTACT,C473Y,0.0000,0.0000,0,12
AGTTACCCACCCCCCT,M538P,0.0000,0.0000,0,9
AGTTACCCAGTTTTTC,H47V,0.1156,0.1156,3616,4376
AGTTACCGAAGCCATT,F469P,nan,nan,0,0
AGTTACGGATTATCTC,V272E,0.1093,0.1093,190,243
AGTTACGGGTACCCAG,A373M,0.0000,0.0000,0,2
AGTTACTAAATAACAT,,0.1613,0.1613,2592,2247
AGTTAGATGCCTGCCT,R499E,0.0000,0.0000,0,77
AGTTAGGACTATTAAG,,0.0685,0.0685,307,627
AGTTAGGCTCGAAAAT,D241L G352H,0.0000,0.0000,0,11
AGTTAGTCGAATCGTA,M111K K269H C477N,0.8857,0.8857,95,15
AGTTATAACCGTTCTT,I123P,0.0000,0.0000,0,1
AGTTATAATTCTCGGG,R321Q T370L F469G,nan,nan,0,0
AGTTATATAAAGAGAA,L7S,0.0813,0.0813,2637,4537
AGTTATATAACGATTT,D27N,0.0000,0.0000,0,118
AGTTATATAGAAAGAT,T206L N464P,nan,nan,0,0
AGTTATCAACATTAAT,,0.1605,0.1605,1018,887
AGTTATCACCTTATCA,L402N,0.1505,0.1505,1435,1333
AGTTATCATTCTCTTA,W234I,0.1588,0.1588,67,59
AGTTATCCAGCTACGC,M431R,0.2504,0.2504,154,86
AGTTATGAACGCATTA,S167T M478L,0.5194,0.5194,26,7
AGTTATGAACGGCCAG,,0.1884,0.1884,6254,4643
AGTTATGATCTATGGT,S509I,0.0958,0.0958,501,731
AGTTATGCAGCCATCT,I406D,1.0000,1.2985,65,7
AGTTATGGACAGACCT,H117C,0.1069,0.1069,162,212
AGTTATTAAACAAGTG,P215L Q222R R496H,0.0000,0.0000,0,4
AGTTATTCAAGCACCC,V36F,nan,nan,0,0
AGTTATTGGATTTAAG,I29V,0.1258,0.1258,529,588
AGTTCAAACAAGATCT,A459D,0.0000,0.0000,0,3
AGTTCAAACCACTTCA,M388Y,0.1165,0.1165,5,6
AGTTCAAAGCGAACCC,I-3P S167G N322M,0.0224,0.0224,68,425
AGTTCAAATATATAAC,V347L,0.1759,0.1759,205,163
AGTTCAAATCGGAATA,L237P R405L G542C,nan,nan,0,0
AGTTCAACATGAATTT,L112G,0.0000,0.0000,0,7
AGTTCAACCGCTGACT,,0.1741,0.1741,864,694
AGTTCACAGGACGCCA,,0.1070,0.1070,3865,5049
AGTTCACCCCAGCAAG,L96K N322T,0.0000,0.0000,0,21
AGTTCACGTCAGAACG,L7N,0.0563,0.0563,339,842
AGTTCATAAAAATGAT,H38Q A39T A526F,0.0000,0.0000,0,11
AGTTCATATCTTAGCT,L331G,0.0000,0.0000,0,13
AGTTCATCAACATGAT,T279S,0.1428,0.1428,524,513
AGTTCATTCCAACTAA,M346D,0.0000,0.0000,0,2
AGTTCATTTATAAAAT,M75A,0.1136,0.1136,879,1082
AGTTCATTTATATTAA,L428T,0.0000,0.0000,0,28
AGTTCCAAAGGTACCC,C546L,0.1373,0.1373,4296,4376
AGTTCCAAATCCAAGG,L409P,nan,nan,0,0
AGTTCCCGTGCAAACA,V152R P254H,1.0000,1.9578,28,2
AGTTCCGAATATTAAG,L-1Y,0.1059,0.1059,650,858
AGTTCCGTCTTAGCAA,L497H,0.1671,0.1671,515,431
AGTTCCTTAATAAGTA,T35L R326L,0.1879,0.1879,344,256
AGTTCCTTGCCGTTGA,I4Q,0.1224,0.1224,70,80
AGTTCGAAACGCACCC,Y105G,0.0668,0.0668,342,716
AGTTCGAACGGGAAGT,S361T,0.1942,0.1942,2920,2103
AGTTCGAATAGACATG,S136G I155Y A532V,0.4651,0.4651,143,43
AGTTCGAATTATATTC,D487F,0.0976,0.0976,1585,2270
AGTTCGCACGTGGTTA,N382F,0.5179,0.5179,100,27
AGTTCGCTAGCGGACG,E246A,0.0985,0.0985,1325,1881
AGTTCGGCAATACAAT,,0.0683,0.0683,42,86
AGTTCGGGCGCATGGT,,0.1641,0.1641,582,496
AGTTCGTAAACAACAA,S291G,0.0788,0.0788,875,1552
AGTTCGTAACTTATAT,,0.1409,0.1409,1503,1492
AGTTCGTCTGAAGCAA,S136Y,0.1307,0.1307,57,61
AGTTCTATTGGGGAGT,K498T,0.1675,0.1675,837,699
AGTTCTCAATAACACA,,0.1511,0.1511,2674,2474
AGTTCTCTTAGGTATG,H355N Y512T,0.0000,0.0000,0,1
AGTTCTGCCCCATACA,V204M N464K,nan,nan,0,0
AGTTCTTCAACTCTGT,K506R,0.1557,0.1557,353,317
AGTTCTTTAAGGCTCG,S146F,0.1065,0.1065,99,130
AGTTCTTTGACATCTA,M431I,nan,nan,0,0
AGTTGAACCATACTGC,,0.1929,0.1929,891,646
AGTTGAAGTATCAGTA,,0.1768,0.1768,1110,878
AGTTGAATCACTTTCA,,0.0000,0.0000,0,11
AGTTGAATGGATGACT,T279H,0.0715,0.0715,1090,2133
AGTTGACAAGTCGATG,,0.1155,0.1155,1729,2094
AGTTGACTCCTACGAA,R81W,0.2399,0.2399,4208,2453
AGTTGACTTATTTTTA,P284E,0.1028,0.1028,233,317
AGTTGCAAAAGATTGA,H244Q,0.1359,0.1359,172,177
AGTTGCAATGGTCTAG,Y86W,0.0000,0.0000,0,3
AGTTGCAGGTACCATA,D231K,0.1717,0.1717,259,211
AGTTGCCGACACCATT,A364H,1.0000,1.7620,63,5
AGTTGCCTGTGACTCT,,0.1919,0.1919,3181,2318
AGTTGCGAGAACCTTA,N158P,0.1131,0.1131,72,89
AGTTGCGCATACCCGG,E501F,0.1778,0.1778,323,254
AGTTGCGGAATCACGA,N158K I548V,0.3158,0.3158,3823,1693
AGTTGGAGCATAGCCG,T318A,nan,nan,0,0
AGTTGGAGGGCTCAAA,D240F W343L,0.0000,0.0000,0,5
AGTTGGATGGCCTTAC,T132L,0.3623,0.3623,114,44
AGTTGGGTAAACGCGA,F251T K310W,0.4278,0.4278,52,17
AGTTGGTCGACGCATA,D159H,0.1576,0.1576,462,410
AGTTGTAAACTACCAT,K57G F338G,0.0000,0.0000,0,3
AGTTGTCAACCATTAC,L154E M431H,0.0000,0.0000,0,5
AGTTGTCAGAAAAAGG,E432K N443F,0.1178,0.1178,32,38
AGTTGTCCAGGCTACC,L133aK T520Y,nan,nan,0,0
AGTTGTCCTGAGGAAA,W153M R321P F469N,0.2650,0.2650,36,19
AGTTGTCTACACTTAA,K50T,0.0000,0.0000,0,11
AGTTGTGAGTAGAAGT,K9N D264V,0.0000,0.0000,0,7
AGTTGTGGTTGCAGAC,S524H,nan,nan,0,0
AGTTTAAAATATCGGG,N248T,0.1311,0.1311,448,478
AGTTTAAAATTGACAA,E358F,0.0365,0.0365,61,234
AGTTTAAACTCCTATA,A67V,0.0522,0.0522,53,142
AGTTTAACCAGTCACG,I260C,0.1840,0.1840,125,95
AGTTTAACGCCTAGTG,N197M W537I,0.1140,0.1140,84,103
AGTTTAAGGAAACGGG,E501K,0.2659,0.2659,561,295
AGTTTACAGACTCCAG,E131M I502N,nan,nan,0,0
AGTTTACCTAACATGA,L2A,0.1076,0.1076,334,434
AGTTTACTATATAATA,S167*,0.0000,0.0000,0,6
AGTTTACTCCCTAACA,Y423A,0.5873,0.5873,21,5
AGTTTAGAATTATGAA,F399Q,nan,nan,0,0
AGTTTAGAATTATGTC,E500F,nan,nan,0,0
AGTTTAGGCATCACTG,Q25E,0.0893,0.0893,622,974
AGTTTAGGCATGGCTT,Y423R E494K,0.0000,0.0000,0,5
AGTTTAGGTTATTAAA,L176K,0.0000,0.0000,0,1
AGTTTATATCATTCGC,G345W,0.0679,0.0679,206,424
AGTTTATCCGAATTAG,Q282L,0.6817,0.6817,39,8
AGTTTATCCGTCGGGA,I123S,0.0000,0.0000,0,16
AGTTTATGGACAAATG,E434H,0.3496,0.3496,25,10
AGTTTATTTTCCTTAC,A3G,0.0343,0.0343,26,106
AGTTTCAGTGATTAAA,R321P D366V T370C,nan,nan,0,0
AGTTTCGAGCCACACC,N446R,0.0693,0.0693,592,1194
AGTTTCGCGGACGTAT,G337I,0.0000,0.0000,0,2
AGTTTCTCATGGACCA,,0.1419,0.1419,772,761
AGTTTCTTTCCCAAAC,C466I,0.8624,0.8624,37,6
AGTTTGAGGACACTAA,I297D A317T,0.0000,0.0000,0,8
AGTTTGATAACGACTA,T390S W421*,0.0000,0.0000,0,10
AGTTTGGGTTTAACAA,Y161N,0.0000,0.0000,0,10
AGTTTTAACAATTAAA,V505I,0.1957,0.1957,403,288
AGTTTTAACAATTATA,,0.1331,0.1331,7414,7789
AGTTTTAACCATACAT,T35E R435K,nan,nan,0,0
AGTTTTAACGTGCAGG,,0.1461,0.1461,1094,1047
AGTTTTAATACAGCTT,,0.0882,0.0882,1275,2021
AGTTTTACATCTAAAT,,0.1006,0.1006,1939,2695
AGTTTTACTCGCGCAG,V82D,0.1913,0.1913,1345,983
AGTTTTAGTGTAAATA,T28E I339M Y518M,0.0000,0.0000,0,6
AGTTTTATAAACTGGA,I13Q G349Q,0.0000,0.0000,0,2
AGTTTTATACTGAAGT,S221Y,0.1481,0.1481,18,17
AGTTTTATTGCCCATA,E106N,0.2147,0.2147,261,170
AGTTTTCAGTCAGCCA,M75L,0.1305,0.1305,2781,2981
AGTTTTCATAACCGTG,N210R,0.0000,0.0000,0,3
AGTTTTCCAAGTTATA,L108Y D159F,0.0000,0.0000,0,8
AGTTTTCTCAACAATA,M530A,0.1315,0.1315,221,235
AGTTTTCTCCGTCCGG,,0.1803,0.1803,4109,3187
AGTTTTTAACTTATGT,L7P F467G,nan,nan,0,0
AGTTTTTCCATCTATA,,0.1211,0.1211,7143,8249
AGTTTTTCTGTCATTC,D240E,0.0975,0.0975,447,641
ATAAAAAAATTCAATT,I385N,0.0000,0.0000,0,1
ATAAAAAAATTTTCTA,A19N M538S,0.1967,0.1967,128,91
ATAAAAAACAGCAAGT,E24S,0.1444,0.1444,4805,4653
ATAAAAAACTTATAAC,N322G D366V T370A F469R,0.0000,0.0000,0,1
ATAAAAAAGCGCACAC,Y353N,0.0000,0.0000,0,14
ATAAAAAAGGTACATA,M531W,0.2323,0.2323,1065,641
ATAAAAAATCGTATTC,,0.6992,0.6992,20,4
ATAAAAAATGCTAGAA,V66M E508Y,0.1488,0.1488,1285,1208
ATAAAAACAAAATTGC,L213E,0.0960,0.0960,138,201
ATAAAAACCTCAATGT,S356T E393Y,0.2074,0.2074,89,60
ATAAAAACTGGAACCT,M111V V420G,0.0000,0.0000,0,12
ATAAAAAGGAGATAAA,I374F,0.1057,0.1057,362,479
ATAAAAAGTAACTTTG,F332Q,0.5959,0.5959,98,23
ATAAAAAGTGAACCAT,N172I,0.0000,0.0000,0,40
ATAAAAATAACAGATG,W421V,0.3335,0.3335,31,13
ATAAAAATAGAAGCAG,L102P F294E,0.0000,0.0000,0,2
ATAAAAATCCAAACAC,M230L F469Q M530W,0.5962,0.5962,81,19
ATAAAAATGAAACCCC,V381K,0.0000,0.0000,0,8
ATAAAAATGAAATTGG,P140L A364I,0.2313,0.2313,1335,807
ATAAAACAAAAAGTTA,E106A,0.2226,0.2226,191,120
ATAAAACACGTGCAAT,,0.2607,0.2607,770,413
ATAAAACAGAGAGACC,L61K,nan,nan,0,0
ATAAAACATAGACAAA,V395Q,0.1070,0.1070,248,324
ATAAAACCATGCAGGC,R456Q W537*,0.2964,0.2964,568,268
ATAAAACCCAATACCA,P145R,0.4314,0.4314,2332,756
ATAAAACCCAATCAGC,E89K,0.0816,0.0816,56,96
ATAAAACCGAAGATGA,G352M T511L,1.0000,3.1565,158,7
ATAAAACCTAGACTGA,,0.1691,0.1691,1605,1327
ATAAAACCTCCTCTTA,A242T,0.1398,0.1398,17,17
ATAAAACCTGCGCTTT,L7A,0.1589,0.1589,75,66
ATAAAACGTAGCACAA,H117V Y470P,0.0000,0.0000,0,8
ATAAAACTAACTAACT,S270L,1.0000,1.1362,65,8
ATAAAACTAATCTCAT,L428W,0.1936,0.1936,299,216
ATAAAACTGGACCGCT,S265N K445E,0.5943,0.5943,34,8
ATAAAACTTCCAGGCA,K120W,0.1653,0.1653,39,33
ATAAAACTTTGATCTT,C477H,0.0000,0.0000,0,17
ATAAAAGAAATATGAA,P74G,nan,nan,0,0
ATAAAAGATTAGAATG,,0.1439,0.1439,466,453
ATAAAAGCGACGTTGA,D441C,0.0000,0.0000,0,3
ATAAAAGCTCCACGTG,,0.1090,0.1090,687,881
ATAAAAGGTTATGTGG,I297G E508K,0.0000,0.0000,0,9
ATAAAAGTCTCATATG,W69F,0.0502,0.0502,66,184
ATAAAAGTTCACACAG,H117T,0.1351,0.1351,775,802
ATAAAATAAATTTTGA,R482W,0.0000,0.0000,0,57
ATAAAATAATACGAAT,L418S,0.2605,0.2605,190,102
ATAAAATAATCCAGTT,P140S,0.3365,0.3365,296,123
ATAAAATAGCTAGTGC,S85M Y512M,0.0000,0.0000,0,5
ATAAAATCATAGATGC,G55L,0.1067,0.1067,2245,2942
ATAAAATCTTTTAGTT,L122P,0.1449,0.1449,2669,2576
ATAAAATGAAGAGCTT,A39V,0.0655,0.0655,422,901
ATAAAATGAAGATACT,,nan,nan,0,0
ATAAAATGACAAAATA,,0.6837,0.6837,88,18
ATAAAATGATTAGAAT,P145C N289R,0.1322,0.1322,87,92
ATAAAATGCAGTCGTA,K120L,0.1077,0.1077,1117,1450
ATAAAATGTAAGGCCA,K460A Y470C,0.0000,0.0000,0,2
ATAAAATTCCACCAAG,M-6W,0.0000,0.0000,0,2
ATAAAATTGCAATTAT,,0.1056,0.1056,37,49
ATAAAATTTTGCCGAA,N312E,0.1611,0.1611,295,256
ATAAACAAACAATCGG,I123F,0.1072,0.1072,1201,1566
ATAAACAAACCTGCAT,E493I,0.2075,0.2075,4614,3109
ATAAACAACAAACCCC,F147C Y488H,0.0000,0.0000,0,1
ATAAACAACGTGACAT,S85H,0.0000,0.0000,0,2
ATAAACAACTTAGATG,A67V,0.0000,0.0000,0,94
ATAAACAATTAACAAC,P145S,0.3160,0.3160,296,131
ATAAACACAAGCCCAC,F233H,0.1289,0.1289,1147,1244
ATAAACACGTTATCCA,P215M,0.0000,0.0000,0,2
ATAAACACTTAGAGGA,M230V,0.3337,0.3337,2785,1167
ATAAACATTCGTCGAG,K262D,nan,nan,0,0
ATAAACCACGTAAATT,G55A,0.0787,0.0787,27,48
ATAAACCCCACTCTAT,,0.0754,0.0754,339,629
ATAAACCCCTGAACTA,E131M,0.3341,0.3341,2850,1193
ATAAACCGAAGACGTC,S6P Q282E,0.0000,0.0000,0,1
ATAAACCGATCATAAA,D419Q,0.1322,0.1322,275,291
ATAAACCGCACTACTT,D441N,0.0795,0.0795,104,183
ATAAACCTTTGTACAA,L447I,0.1259,0.1259,4137,4594
ATAAACGAAACGCCAA,E83C,0.0000,0.0000,0,12
ATAAACGAACCATGTA,,0.1187,0.1187,1934,2279
ATAAACGATACCACAA,N169S R499K,0.2254,0.2254,2426,1505
ATAAACGATAGACAGT,,0.2109,0.2109,4731,3137
ATAAACGCCTCCAGAG,Y448R D487N,1.0000,2.7269,39,2
ATAAACGCGATCGGGA,,0.0000,0.0000,0,4
ATAAACGCTTGCGCTC,H440Y,0.9369,0.9369,67,10
ATAAACGGTTTAACTG,W350I,0.2807,0.2807,267,133
ATAAACTAATATGATA,,0.2178,0.2178,6469,4153
ATAAACTATATAGATT,Q490P,0.1171,0.1171,36,43
ATAAACTATGCTAATA,,0.0687,0.0687,162,330
ATAAACTATGGGTCTC,,0.2642,0.2642,2178,1153
ATAAACTCTGGAACAA,G337K,0.0000,0.0000,0,17
ATAAACTGAGGAAGAG,L112G,0.1642,0.1642,27,23
ATAAACTGAGTATCAT,N464V,0.6865,0.6865,54,11
ATAAACTTAGTTGAAT,A188R H440N,0.6865,0.6865,54,11
ATAAACTTGTCCCGAA,I406P,1.0000,1.1467,123,15
ATAAACTTTACAAACA,,0.1384,0.1384,2406,2431
ATAAACTTTTGGCTAG,E106A G352T,1.0000,1.0721,69,9
ATAAAGAAACAGAAAC,N169T,0.2352,0.2352,45234,26900
ATAAAGAAACTGTCTT,K498F,0.2058,0.2058,621,422
ATAAAGAAGAATATTA,P58E,nan,nan,0,0
ATAAAGAAGCTTCTAC,G319Y,0.0000,0.0000,0,2
ATAAAGAATCAAGTTT,A214D G484Q,0.1040,0.1040,735,988
ATAAAGACATAACATA,S136P,0.0000,0.0000,0,18
ATAAAGACCACAATAA,K411W E414*,0.0000,0.0000,0,1
ATAAAGACGGTGAGGG,I164E D375N,0.2797,0.2797,26,13
ATAAAGACTCTGTTAT,D95M,0.0000,0.0000,0,11
ATAAAGACTGAAAGCT,C277R,0.0000,0.0000,0,2
ATAAAGATAAAGCCGC,I115N,nan,nan,0,0
ATAAAGATAATAAGTT,G72T,0.0527,0.0527,101,268
ATAAAGATACAATACG,L462T,0.1248,0.1248,524,587
ATAAAGCGTGGCCGCA,,0.1646,0.1646,5926,5035
ATAAAGCTATACAACG,M531L,0.2024,0.2024,2738,1892
ATAAAGCTTATTTCAA,H130P P489D,0.2680,0.2680,23,12
ATAAAGGACCCGTTCA,H184C,0.7924,0.7924,34,6
ATAAAGGAGTAAAGAG,,0.1713,0.1713,2785,2274
ATAAAGGGTACAATCG,T206V R227W,0.7458,0.7458,32,6
ATAAAGGTAGATCGGA,G100Y,0.1448,0.1448,29,28
ATAAAGGTATACTTTG,D415Q,0.0833,0.0833,345,579
ATAAAGTAGATCGGGA,T199Y L237M S503N,0.0731,0.0731,1360,2601
ATAAAGTCATCCATTT,P58D,0.0000,0.0000,0,2
ATAAAGTTAAAATAAC,,0.1661,0.1661,3208,2701
ATAAAGTTACAATGAA,A93F,0.2432,0.2432,200,115
ATAAAGTTAGCTGACA,K196C,0.1951,0.1951,2924,2096
ATAAAGTTCAAGTAAA,L409Q,nan,nan,0,0
ATAAATAAAAACAAAA,,0.1803,0.1803,14048,10897
ATAAATAAGAACAAGA,I217A,0.0498,0.0498,769,2160
ATAAATAATGGAAATC,N169S E273K E403M,nan,nan,0,0
ATAAATACACTCTTTT,M-6C G376Y,0.3962,0.3962,34,12
ATAAATACATGTCCCA,D104H,0.0681,0.0681,409,840
ATAAATACCATTCTAA,A39I,0.1304,0.1304,5269,5651
ATAAATAGGAACGTTC,P99R D159N A336P,0.0000,0.0000,0,4
ATAAATAGGAATTGAC,,0.1162,0.1162,837,1007
ATAAATATATCCTGAC,,nan,nan,0,0
ATAAATATGCATAACA,N322T T370R F469M,0.0000,0.0000,0,20
ATAAATATTAGTGGAG,F245E W537*,nan,nan,0,0
ATAAATATTATAATGG,N410H,0.2155,0.2155,4324,2806
ATAAATCAACCCAACT,,0.1386,0.1386,2079,2097
ATAAATCAAGTTGAAT,D11N,0.0000,0.0000,0,28
ATAAATCACCAACTAA,N464L,0.0000,0.0000,0,12
ATAAATCAGAACACAA,Y488E,0.1259,0.1259,289,321
ATAAATCATTGTTATG,L209M,0.1360,0.1360,997,1025
ATAAATCCTAACACAA,I178Q,nan,nan,0,0
ATAAATCGCAATAATC,A532L,0.0000,0.0000,0,32
ATAAATCTAACCCAGA,S85F,0.0000,0.0000,0,11
ATAAATGAAACCAGTG,L7C P254A,0.0160,0.0160,30,263
ATAAATGATGTCTGAT,F118R,0.0070,0.0070,1,20
ATAAATGCCGAGGGTC,L176Y,0.0971,0.0971,75,108
ATAAATGCCTTAGTTC,Y512P,0.0254,0.0254,22,121
ATAAATGCGAGCAATG,S323L,0.1006,0.1006,523,727
ATAAATGCTCGAAGTA,Q222V S523N,0.0000,0.0000,0,7
ATAAATGGGAAAGCTT,I29W R404P,nan,nan,0,0
ATAAATGGGGTTTTTT,N210R,0.0000,0.0000,0,27
ATAAATGGTTATCGTG,R404Q S543V,0.2724,0.2724,187,96
ATAAATGTACATACAG,E24A,0.1924,0.1924,1025,745
ATAAATGTATACACAT,R405K I550D,0.0000,0.0000,0,4
ATAAATGTTTGCAAAG,F118G,0.1163,0.1163,242,291
ATAAATTAGATTGAAA,,0.2477,0.2477,4075,2301
ATAAATTAGGTCAGCC,N21V A521V,0.0000,0.0000,0,5
ATAAATTCCCGGACCA,P74N,0.0000,0.0000,0,43
ATAAATTGACACTCTT,H184A G337V,0.0000,0.0000,0,12
ATAAATTTGCGTAAAG,T208I R547Y,0.1373,0.1373,109,111
ATAACAAAAAGCAGTA,N289E,0.1501,0.1501,73,68
ATAACAAAATACAGAA,L133aR,0.6193,0.6193,31,7
ATAACAAACGTTAGCG,G49P,0.0677,0.0677,216,446
ATAACAAACTAAAAAT,,0.1352,0.1352,1163,1203
ATAACAAAGTCAAAAA,P125D,0.1425,0.1425,9073,8904
ATAACAAATAAACGCA,I87C N382K,nan,nan,0,0
ATAACAACACATCATA,E304P,0.0000,0.0000,0,86
ATAACAACTAAAACAG,R81P,0.9589,0.9589,48,7
ATAACAACTAAAGTTC,L102Y,0.0265,0.0265,142,749
ATAACAACTTCGATAT,,0.2026,0.2026,255,176
ATAACAAGAAGGCTAA,,0.1129,0.1129,1939,2401
ATAACAAGGAGAACGC,L7Y K165N,0.0608,0.0608,843,1939
ATAACAATACAGTCAT,M111I Y161H Q226D,nan,nan,0,0
ATAACAATTCAGAGCA,S265T,0.1243,0.1243,24,27
ATAACACACAACTACT,H276E,0.2160,0.2160,5216,3377
ATAACACAGCTTCACT,Q371M,0.1694,0.1694,132,109
ATAACACCGATCTCAG,P74E,0.3765,0.3765,35,13
ATAACACGATCCAAGA,,0.2054,0.2054,354,241
ATAACACGCGACGACC,,0.0000,0.0000,0,24
ATAACACGGAAACACG,V82F,0.1446,0.1446,855,827
ATAACAGACTCTAACC,H38M,0.1215,0.1215,1008,1160
ATAACAGCAGACGTTA,N475P,0.0255,0.0255,46,252
ATAACAGCCGATGTGA,G55A Y491H,0.0436,0.0436,147,471
ATAACAGCGTCGCAGT,L112P,0.0000,0.0000,0,1
ATAACAGGTCATAGCA,S10D A138R,0.0000,0.0000,0,16
ATAACATAAATATGAG,K50Q,0.1749,0.1749,2759,2206
ATAACATAAGTGTAAC,,0.2153,0.2153,927,602
ATAACATAATATAAGA,M478P,0.0000,0.0000,0,6
ATAACATACACCGGAC,L1Y,0.0972,0.0972,1064,1531
ATAACATACGGGCCCT,A459Q G465V,nan,nan,0,0
ATAACATCCACATCAA,Y512W,0.1518,0.1518,4907,4521
ATAACATCTATTTTCC,R328aW,0.2408,0.2408,93,54
ATAACATGACGCGCCA,I550Q,0.6545,0.6545,117,25
ATAACATGCATTATTT,,nan,nan,0,0
ATAACATGCCCCACCT,G143E K387Y,0.1892,0.1892,226,167
ATAACATTCAATCCAA,C473K,0.0000,0.0000,0,3
ATAACATTTTGAATCC,N312H,0.1684,0.1684,483,401
ATAACCAAAAAACTAG,S356M,0.1798,0.1798,117,91
ATAACCACGAAGATGT,L59C Y258Q,0.0000,0.0000,0,18
ATAACCACTAAAAGTG,I87Q,0.6526,0.6526,28,6
ATAACCAGGATAATAA,E494Y,0.1923,0.1923,755,549
ATAACCAGTCACATGA,M292Y G303V K460R,0.2797,0.2797,32,16
ATAACCAGTTGACTAT,L544S,0.2015,0.2015,49,34
ATAACCATACAAGCTT,W153E,nan,nan,0,0
ATAACCATATTCAATC,R328aQ,0.0740,0.0740,9,17
ATAACCATGAAAACGT,H183K,nan,nan,0,0
ATAACCATGTTAAATC,A394K,nan,nan,0,0
ATAACCCATTTCGGAT,,0.1501,0.1501,514,479
ATAACCCGATGCAGTG,,0.1301,0.1301,666,716
ATAACCCTAGGTTCTA,I15W,0.0000,0.0000,0,5
ATAACCCTAGTCACCC,T200R M431I,0.0000,0.0000,0,2
ATAACCGATGGGCGAA,,nan,nan,0,0
ATAACCGTCATTGCTG,R329F,1.0000,1.7768,216,17
ATAACCGTTATACCGT,Q545S,0.1617,0.1617,1019,881
ATAACCTAAGTACTCA,I243V,0.1753,0.1753,3365,2684
ATAACCTATTCCTTAC,N312L,0.1245,0.1245,7139,8022
ATAACCTCTTCTATCT,S133D Y488R,0.0677,0.0677,260,537
ATAACCTGCTAGCACC,R90P,0.1652,0.1652,1258,1065
ATAACCTGGCCCCAAA,Y353R,0.0000,0.0000,0,5
ATAACCTTCCTATTAG,,0.2035,0.2035,1841,1265
ATAACCTTGCCGACGG,Q222S,0.0955,0.0955,540,791
ATAACCTTGTGAAACA,H298M,0.0000,0.0000,0,75
ATAACGACAACATGGA,,0.1174,0.1174,6512,7760
ATAACGAGTATACTAA,,0.1733,0.1733,1534,1238
ATAACGATCGCTCGTA,H244Q,0.1457,0.1457,25,24
ATAACGATCGTATGAC,H244K,nan,nan,0,0
ATAACGATTAGCTCCC,L320K,0.1119,0.1119,16,20
ATAACGCAAGTTATAA,,0.1017,0.1017,416,572
ATAACGCAGAACCAAA,V429Q,0.0000,0.0000,0,2
ATAACGCAGTTTCTTT,,0.1789,0.1789,550,430
ATAACGCATATTAACC,L515A,0.1598,0.1598,8,7
ATAACGCTCGCCACAC,N54aE,0.1130,0.1130,808,1000
ATAACGCTCGTACGCA,E107M,0.3709,0.3709,61,23
ATAACGGTCAACCACC,,0.0000,0.0000,0,92
ATAACGTCGACTCGGA,E119C,0.0852,0.0852,526,863
ATAACGTGAATCAAGC,,0.0307,0.0307,25,114
ATAACGTGCTTGGTAT,,0.1080,0.1080,478,619
ATAACTAAAGATGTAA,A522M,0.0790,0.0790,1045,1850
ATAACTAACAAAAAGC,E407L,0.1063,0.1063,95,125
ATAACTAACATAATTA,K32Q,0.0644,0.0644,188,408
ATAACTAACTGTACCA,D53G A334K,0.2836,0.2836,73,36
ATAACTAATACTTTCA,,0.0446,0.0446,68,213
ATAACTAATATACAAG,T283G,0.0000,0.0000,0,7
ATAACTAATATCCGAA,,0.0783,0.0783,383,684
ATAACTAATTCTTGTG,,0.1676,0.1676,1859,1551
ATAACTACCCGATCGA,,0.1471,0.1471,4237,4028
ATAACTACGGAAGACA,S543D,0.0927,0.0927,61,92
ATAACTACGTATCACT,G345P,0.2460,0.2460,95,54
ATAACTACTATATGAC,D241H T436I,0.0000,0.0000,0,7
ATAACTAGCTCCCGTT,L54W,0.0855,0.0855,55,90
ATAACTAGTTACAGCT,K445P,0.0000,0.0000,0,12
ATAACTATAGATAAGA,P306C V381H,0.0000,0.0000,0,1
ATAACTATAGGGCGCT,,0.1727,0.1727,1977,1601
ATAACTATGACAAATC,C52K,0.0000,0.0000,0,8
ATAACTATGTAGCAGC,S10A E190K,0.1852,0.1852,380,287
ATAACTATTAAAAATA,R328bS,0.2583,0.2583,229,124
ATAACTCATCAAGTTG,N-4D W180* M431G R456Q M478I,nan,nan,0,0
ATAACTCATCAGGTTG,N-4D M431G,0.5244,0.5244,60,16
ATAACTCCCACAACAA,,0.1868,0.1868,3134,2346
ATAACTCGAATACTAT,L314G P489N,0.4518,0.4518,84,26
ATAACTGAACAACTAT,G349N,0.0000,0.0000,0,1
ATAACTGAAGACCATT,D386Y,0.2110,0.2110,3163,2096
ATAACTGAATAATAGT,Q391V,0.4283,0.4283,49,16
ATAACTGAGTTAACTA,,0.0000,0.0000,0,8
ATAACTGCAAGTGCGT,L209E,0.1892,0.1892,4606,3405
ATAACTGCTATTCAGA,T279H,0.0000,0.0000,0,47
ATAACTGGATAATACT,V5G M292I,0.1042,0.1042,321,431
ATAACTTAAATCCTTT,T171P,0.0829,0.0829,115,194
ATAACTTAAGCGAAGT,N210W,1.0000,1.1654,50,6
ATAACTTATAAATACC,H18L,0.3063,0.3063,747,341
ATAACTTATTTATGAC,G72W E493Y,nan,nan,0,0
ATAACTTCATAACATT,Q142Y,0.1469,0.1469,1079,1027
ATAACTTCTTGCAAAT,K259A,0.1863,0.1863,935,702
ATAAGAAAAAGTCCAC,N379D,0.0000,0.0000,0,13
ATAAGAAAAATAATAC,Q490R,nan,nan,0,0
ATAAGAAACTAACCTA,T208E,0.1942,0.1942,2902,2090
ATAAGAAACTGCACAG,V261E,0.1366,0.1366,42,43
ATAAGAAAGCTTACCG,I80K,0.2145,0.2145,3460,2256
ATAAGAAATAAATGGA,L7N K328cD,0.4370,0.4370,25,8
ATAAGAACCCTAAGGA,,0.1366,0.1366,1873,1918
ATAAGAAGAAAGATAA,I385A,0.1242,0.1242,902,1016
ATAAGAAGTTCTCATA,F469M,0.1071,0.1071,98,128
ATAAGAATCCCGCCAT,Y256C,0.0000,0.0000,0,70
ATAAGAATGTTAAAAT,V420F,0.2907,0.2907,106,51
ATAAGAATTTTTAATT,I550H,0.1958,0.1958,77,55
ATAAGACACAGGCTGC,H440P,0.0000,0.0000,0,10
ATAAGACACTAATATC,,0.2022,0.2022,5615,3883
ATAAGACTACAGTATT,S524E,nan,nan,0,0
ATAAGAGGGGTAGTAT,F245I,0.0712,0.0712,168,330
ATAAGAGGGTAATTAG,I166L,0.1976,0.1976,236,167
ATAAGAGTAATCAATC,I124R,0.2010,0.2010,1919,1335
ATAAGATAGAAACTGC,L71D,0.0000,0.0000,0,7
ATAAGATAGTGACGAT,L102D A459G,0.0000,0.0000,0,1
ATAAGATCAAAAAGCC,S247G,0.1242,0.1242,3774,4251
ATAAGATCAAAACGAT,P306W,0.1398,0.1398,142,142
ATAAGATCAAGAGCAG,R90G,0.1119,0.1119,92,115
ATAAGATCCAGCATTA,T23K F245G,0.0000,0.0000,0,10
ATAAGATCTACTATAA,T219Q,0.0621,0.0621,255,574
ATAAGATTAAGTGTAG,S167Y D264N N322I T370M F469L,0.0000,0.0000,0,13
ATAAGATTACCACTTC,S247Y N433L,0.2331,0.2331,15,9
ATAAGCAAAACTGAAA,A3G,0.1203,0.1203,706,821
ATAAGCACAAATATTC,A144G,0.1305,0.1305,4256,4560
ATAAGCACTAGTTTAT,N458G,0.0000,0.0000,0,134
ATAAGCATCTACTTGG,,0.2038,0.2038,704,483
ATAAGCATGTATTATT,H183W A526T A532S,0.3418,0.3418,22,9
ATAAGCCATACAGATG,P92aT,0.1802,0.1802,598,464
ATAAGCCATATTACCA,K262V Y274C,nan,nan,0,0
ATAAGCCCGGACTGCC,K156S,0.1322,0.1322,483,511
ATAAGCCGGAAGACGA,S523F,nan,nan,0,0
ATAAGCGGATTACCAA,,nan,nan,0,0
ATAAGCTAAAAACATC,L70M,0.1251,0.1251,814,910
ATAAGCTCCCCACCGC,F392E,0.1193,0.1193,174,204
ATAAGCTGTGATAACA,Y363K,0.1096,0.1096,29,37
ATAAGCTTCTCACGCT,A19T L209K,0.0000,0.0000,0,4
ATAAGCTTTAAAACAA,G72A L96P,0.0000,0.0000,0,8
ATAAGCTTTGTCATAG,Y161V E461G,0.0000,0.0000,0,16
ATAAGGAAGAGTCGCA,I217G,0.2506,0.2506,129,72
ATAAGGACGTCTAAAC,F294D,0.0000,0.0000,0,4
ATAAGGAGCACAGTAC,,0.0974,0.0974,181,260
ATAAGGATAAGAGCTA,V8W D27R,0.0000,0.0000,0,10
ATAAGGCATAGAGTTT,,0.1388,0.1388,1186,1195
ATAAGGCTAACAATAA,W69V R227W E414V,0.0000,0.0000,0,2
ATAAGGCTAGATCAAA,,0.4684,0.4684,211,63
ATAAGGGAATTAATCA,,0.1450,0.1450,647,624
ATAAGGGACCTTATGT,S6W E119K Y308D,0.0000,0.0000,0,4
ATAAGGGACGGACATT,E24V,0.1445,0.1445,988,956
ATAAGGGCATGAGTCG,L544Y,0.0000,0.0000,0,21
ATAAGGGTTGCCCCAA,E327V,0.1465,0.1465,4751,4534
ATAAGGTATCTATGTA,K498Q,0.1681,0.1681,4725,3930
ATAAGGTTGAAAACAA,,0.0724,0.0724,1402,2707
ATAAGGTTGATATAAT,S503E,0.1667,0.1667,205,172
ATAAGGTTTATCTGAA,L102P I335G,0.0000,0.0000,0,1
ATAAGTAAAAGCTTAA,G275N,0.1999,0.1999,8998,6294
ATAAGTAAATAAAATA,P125Y,0.2331,0.2331,160,96
ATAAGTAACGTTTGTT,K157P,0.0000,0.0000,0,11
ATAAGTACAGAAGGGA,S523V,0.0000,0.0000,0,8
ATAAGTACAGACATCT,W84S E327D,0.0000,0.0000,0,2
ATAAGTACATCAGGGG,Y258F,0.0961,0.0961,396,576
ATAAGTACCACTCTAG,L497T,0.1370,0.1370,2523,2576
ATAAGTACTATCTTAA,,nan,nan,0,0
ATAAGTAGAGATATAT,Y518Q,0.0000,0.0000,0,13
ATAAGTATAGCCGAGC,,0.1220,0.1220,717,822
ATAAGTATGGAACATT,E131W,0.4000,0.4000,4148,1450
ATAAGTCAACTATGGA,G360W,0.0000,0.0000,0,20
ATAAGTCCAAGAACCA,I123K,0.0000,0.0000,0,6
ATAAGTCCATATACCA,L300P F467G,0.2697,0.2697,27,14
ATAAGTCCGAACCGTT,N73Y,0.7025,0.7025,216,43
ATAAGTCGTACATTCT,I115Y,nan,nan,0,0
ATAAGTCGTTACGTGT,K9N K120Y,0.1733,0.1733,2025,1634
ATAAGTGACCGTAACG,L430F,0.2924,0.2924,23,11
ATAAGTGCTCTTAACA,G134C R405E,0.0000,0.0000,0,8
ATAAGTGGGCAGTAAT,,0.1033,0.1033,467,632
ATAAGTGTTAACAATC,N210R,0.1632,0.1632,21,18
ATAAGTGTTTAAAAAG,Y256F,0.2037,0.2037,973,668
ATAAGTTGCTCATGGA,S356E,0.1862,0.1862,819,615
ATAAGTTGGTAAACGA,T485L,0.1350,0.1350,2074,2149
ATAATAAAATAATAGG,N186R,0.0000,0.0000,0,6
ATAATAAAATTAGGGT,I267M I529D,0.0000,0.0000,0,5
ATAATAAAATTTAACC,Q513C,0.1545,0.1545,2527,2288
ATAATAAACAGAGACG,Q142V,0.1616,0.1616,253,219
ATAATAAAGTCAATTT,,0.0908,0.0908,50,77
ATAATAACAAGACTCA,Y486M,0.0000,0.0000,0,1
ATAATAACAAGCCAAA,V-2T,0.0000,0.0000,0,7
ATAATAACCAAGCTTC,L402F F469S,0.4428,0.4428,38,12
ATAATAACTCATAGGA,P299Y,0.1710,0.1710,1908,1560
ATAATAACTCTAATCA,A93H,0.0416,0.0416,11,37
ATAATAAGCAGTGTTT,N73P,0.0000,0.0000,0,3
ATAATAAGCTGTAAAT,S369Y F469S,0.0000,0.0000,0,9
ATAATAAGTAGCCAAC,,0.1903,0.1903,4449,3269
ATAATAATATAGAAAA,,0.1992,0.1992,638,448
ATAATAATATCCAACC,S265M,0.0000,0.0000,0,7
ATAATAATATCGCGTT,V395D,0.0994,0.0994,344,484
ATAATACACGATAAAA,L300R,0.0449,0.0449,26,81
ATAATACATGAAAAAA,R229K,nan,nan,0,0
ATAATACCACTATCAG,K32F,0.0630,0.0630,142,315
ATAATACCTGATACGT,,0.1745,0.1745,3289,2636
ATAATACGGTGGACTC,Y195A,0.0000,0.0000,0,14
ATAATACTAATTGAAA,M292G,0.0000,0.0000,0,5
ATAATACTATGTAATT,G396Q E403K,1.0000,2.8668,82,4
ATAATAGAAAAGCGAG,F118I T370Q,nan,nan,0,0
ATAATAGATGCGCACA,E493*,0.0000,0.0000,0,8
ATAATAGCGAGAGAAA,A19V G181E,0.0000,0.0000,0,1
ATAATAGCTCAGTTCA,P162K,0.2382,0.2382,2729,1602
ATAATAGTAACCACTT,G337Y,0.0000,0.0000,0,6
ATAATAGTCAGCAAAA,,nan,nan,0,0
ATAATATAAGACAGTA,P140E M230I,0.0000,0.0000,0,4
ATAATATAGGCAAAAT,A257V,0.0812,0.0812,378,651
ATAATATATCATATAT,,0.1442,0.1442,4104,3981
ATAATATCCCTATTGA,I164A,0.1911,0.1911,1286,941
ATAATATCGGGCTCGA,L455N,0.0000,0.0000,0,12
ATAATATTTCAAGGTA,L54T,0.0720,0.0720,35,68
ATAATATTTCTAGCCA,Y308A,0.0699,0.0699,8,16
ATAATCAAAACTATGC,K262W,0.2144,0.2144,46,30
ATAATCAAAGTTAATA,,0.1200,0.1200,815,950
ATAATCAACTGGCTCC,,0.2296,0.2296,10916,6649
ATAATCAGAGGCTGAT,I529K,0.1231,0.1231,22,25
ATAATCAGCAACCTAA,Q490L,0.1582,0.1582,1996,1764
ATAATCAGTAAGAAAA,L418C,0.8670,0.8670,31,5
ATAATCATATAGTAGA,E273F,0.1477,0.1477,1426,1350
ATAATCCAAAAACTGG,Y363R,0.0000,0.0000,0,16
ATAATCCAAATTTTTC,S203N V204G,0.2010,0.2010,286,199
ATAATCCATCCCATTA,A287P,0.0000,0.0000,0,2
ATAATCCCACTAGGAA,,0.2016,0.2016,1602,1111
ATAATCCCCAGTCGAT,L54P K498I,nan,nan,0,0
ATAATCCCCTTTGCGC,Y353N,nan,nan,0,0
ATAATCCCGTACAATG,,0.0000,0.0000,0,6
ATAATCCGAGGATACC,K62C I502L,0.2029,0.2029,618,426
ATAATCGAATATAATA,L154I,0.0442,0.0442,24,76
ATAATCGAGATGCAAT,E407Q I548L,0.8950,0.8950,32,5
ATAATCGCACACTGGG,,0.0679,0.0679,312,643
ATAATCGGCAAGTTAG,P58K,0.0000,0.0000,0,8
ATAATCGTATTAAGAG,,0.1013,0.1013,71,98
ATAATCTAACCTCATG,V-2N,0.0526,0.0526,193,513
ATAATCTACAATACGT,V285I I385T,0.0874,0.0874,20,32
ATAATCTAGAAATACA,,0.1142,0.1142,2807,3437
ATAATCTATCAGGTAC,D441F,0.1593,0.1593,7098,6230
ATAATCTGGAAAATTG,I302G Q513L,0.0000,0.0000,0,32
ATAATCTTACTACTTG,N400K,0.1285,0.1285,239,260
ATAATCTTCGCGAGTA,I123H,0.0000,0.0000,0,9
ATAATGAAAAACCGAA,S503A,0.1709,0.1709,2215,1812
ATAATGAAAAGTCAAC,E414M,0.0937,0.0937,1083,1617
ATAATGAATAATTGGA,T200H,0.0000,0.0000,0,10
ATAATGAATTGTGGAA,G352H,nan,nan,0,0
ATAATGATAGCAACGA,F147V,0.2331,0.2331,35,21
ATAATGATGTTATTCA,D449I,0.0869,0.0869,948,1525
ATAATGCAATCAAAGG,K450E,0.2725,0.2725,152,78
ATAATGCCAAGGAATC,L544M,0.1196,0.1196,236,276
ATAATGCCAGTAAAGT,M478E,nan,nan,0,0
ATAATGCTACATTCTT,S126D G465C,nan,nan,0,0
ATAATGCTATTAATTG,,0.0530,0.0530,22,58
ATAATGGACATCATCG,N410L,1.0000,inf,10,0
ATAATGTAATAAAACA,,0.1543,0.1543,4229,3834
ATAATGTACCTACAGA,F392E,0.0943,0.0943,273,405
ATAATGTCGTATCCTA,R328aT,0.0000,0.0000,0,2
ATAATGTGCAAGATCT,E107Y,0.0000,0.0000,0,18
ATAATGTTGAGAATGA,F233A,0.0659,0.0659,311,660
ATAATGTTGTAAAAAC,M-6W L108H,nan,nan,0,0
ATAATGTTTATTTCCT,I202M,0.1925,0.1925,2518,1829
ATAATTAACTCCTCGG,R496V,0.0913,0.0913,376,576
ATAATTACAGTTGTGG,D77P F469T,0.0000,0.0000,0,4
ATAATTACTAGAGACG,I335M,0.3846,0.3846,374,136
ATAATTAGTGTTGTCT,P324A,0.2190,0.2190,4710,3008
ATAATTATAAAATAAA,Y488I,0.0480,0.0480,23,67
ATAATTATACAAACAT,,0.1740,0.1740,5013,4030
ATAATTATCTATATAA,K328H,0.1688,0.1688,717,594
ATAATTATTCCACCAG,L59F,0.0694,0.0694,69,139
ATAATTCAAAGAACAG,H355M,0.1038,0.1038,613,826
ATAATTCAGGTCAATT,T46I P293E,0.0000,0.0000,0,7
ATAATTCATAACCAGC,H117Q S125bL,0.1779,0.1779,2026,1593
ATAATTCATAACTATT,K125aE,0.1975,0.1975,3004,2127
ATAATTCATTATTCAC,K216H,0.0664,0.0664,559,1178
ATAATTCCATAATTGA,K109E V481P,0.0000,0.0000,0,30
ATAATTCGGCATGCTT,K328cF,0.0000,0.0000,0,8
ATAATTCTGATGCATG,,0.1866,0.1866,371,278
ATAATTCTTTACCACA,S133H,0.1175,0.1175,2645,3147
ATAATTCTTTGCGGTG,D104H,0.0604,0.0604,60,139
ATAATTGACTAAGGAA,S383Q,0.1098,0.1098,245,312
ATAATTGATCTTACCG,A425K,0.0000,0.0000,0,5
ATAATTGTTATGTATA,A394L S523R,0.3962,0.3962,34,12
ATAATTTAACTTATGG,Q191E,0.0000,0.0000,0,19
ATAATTTAGGGTTTAT,C477L,0.0000,0.0000,0,1
ATAATTTATTATCGAT,N248T,0.0000,0.0000,0,35
ATAATTTCATTACTCG,,0.1820,0.1820,95,73
ATAATTTCCAAGGTGA,N401A,0.1451,0.1451,3012,2903
ATAATTTTACCCTCAC,,0.2879,0.2879,35,17
ATAATTTTCGGAAAGG,I335S,0.0000,0.0000,0,5
ATACAAAAAAGTGCAC,R404L,0.1272,0.1272,323,355
ATACAAAAAGACTTGA,,0.2221,0.2221,297,187
ATACAAAACTCTCCGG,V315I,0.1939,0.1939,8802,6349
ATACAAACACTAAAAT,F147C,0.1608,0.1608,23,20
ATACAAACATACAAGA,,0.1200,0.1200,4064,4735
ATACAAACGAGGCAGA,L455C,0.1798,0.1798,27,21
ATACAAACTTAATTGC,C281K K445A,0.0000,0.0000,0,1
ATACAAAGCCCGGTTG,S10W,0.0000,0.0000,0,5
ATACAAAGGATCCTAC,F118H,0.1504,0.1504,227,211
ATACAAAGGGCTACAA,L409A,0.4711,0.4711,64,19
ATACAACAATTGAGTG,E44W,0.1383,0.1383,2289,2314
ATACAACACAGTGCTT,,0.1258,0.1258,536,596
ATACAACACTCTAGAA,,0.1268,0.1268,874,964
ATACAACATAACAAGC,T46V A160D,0.0000,0.0000,0,53
ATACAACCGTACCATG,,0.2093,0.2093,241,161
ATACAACCTACACACG,H110Q,0.2632,0.2632,64,34
ATACAACCTCGTTCTA,L194K,0.0000,0.0000,0,12
ATACAACGGGAAATGA,I124K,0.1249,0.1249,920,1030
ATACAACGTTATGTTC,S265L,nan,nan,0,0
ATACAACTATCTAGTT,R227E,0.0000,0.0000,0,84
ATACAAGAACTAACAC,P198H,0.0548,0.0548,753,1920
ATACAAGACAAAATCT,I87A,0.0000,0.0000,0,2
ATACAAGATATGTGAG,L213G,0.0000,0.0000,0,33
ATACAAGGCCTGTCTA,K412V,0.0000,0.0000,0,39
ATACAAGTATCGGAGG,,0.1369,0.1369,8233,8412
ATACAAGTCTGTACAA,,0.0747,0.0747,205,384
ATACAAGTTATAATGT,S523L,0.0000,0.0000,0,4
ATACAAGTTATCCTTG,D77P,0.1870,0.1870,1305,976
ATACAATAATATGATG,L209M,0.0000,0.0000,0,9
ATACAATACAACCTCA,N483V,0.2304,0.2304,117,71
ATACAATACTTCGATA,,0.2296,0.2296,1548,943
ATACAATCATAGCCAT,I260T D441G,0.0000,0.0000,0,2
ATACAATCCCTGAACC,,0.0430,0.0430,434,1413
ATACAATCTGATTTTT,I60F P284I,0.0000,0.0000,0,10
ATACAATGCTGATGAA,,0.1477,0.1477,1594,1509
ATACAATTAAGTACTA,V377H,0.0000,0.0000,0,2
ATACACAAAGCATAAA,K120Y C546*,0.0000,0.0000,0,4
ATACACAAAGGCTGTA,P128V,0.0490,0.0490,294,839
ATACACACCACGTCAG,E89K F399G,0.2884,0.2884,33,16
ATACACATACGATCAA,G484A,0.1022,0.1022,1122,1535
ATACACATTCCGTGCG,L325E,0.1848,0.1848,407,308
ATACACATTTGATCTC,M111N,0.2120,0.2120,47,31
ATACACATTTGCAGGT,,0.1513,0.1513,634,586
ATACACCAACGACTAG,A257R,0.0000,0.0000,0,7
ATACACCAACTTCAAG,I-3Y K498V,0.0711,0.0711,116,228
ATACACCACAAGAAAC,M-6Q,0.0000,0.0000,0,8
ATACACCGGTAACCAT,N103V A522S,0.0000,0.0000,0,47
ATACACGAAAAGAAAG,Q226M,0.0098,0.0098,50,717
ATACACGGGTAACCCC,,0.0968,0.0968,27,39
ATACACGTTTACAATA,A138T S323R,0.0121,0.0121,58,670
ATACACTAAATTGCAT,A334Y N433G,0.0000,0.0000,0,5
ATACACTACATAAATA,D264R,nan,nan,0,0
ATACACTAGCTCATAG,,0.1544,0.1544,2690,2436
ATACACTCCAAGACGT,,0.1091,0.1091,2885,3697
ATACACTCCAGAATAT,T208K,0.2392,0.2392,183,107
ATACACTTAACTAAGG,L177D A532L,nan,nan,0,0
ATACAGACAATCACAT,,0.0942,0.0942,62,92
ATACAGACGGAAGAAA,P293C,0.1355,0.1355,31,32
ATACAGAGAAGCTAAC,P74H P198H V444Y,0.0000,0.0000,0,18
ATACAGCAAGACTAAA,,0.1256,0.1256,917,1021
ATACAGCCCTAGTAGC,F294H Y470T,0.0000,0.0000,0,3
ATACAGCGCATCACTA,,0.1518,0.1518,1738,1601
ATACAGCTATACTATG,,0.0000,0.0000,0,8
ATACAGCTATTTAACA,,0.1221,0.1221,4467,5116
ATACAGGAACCATAGA,I155E,0.0000,0.0000,0,5
ATACAGGAGGTCGGGG,,0.1220,0.1220,1197,1372
ATACAGGCTGAACATC,S221K F417W,0.0000,0.0000,0,8
ATACAGGGCTAATGGA,R326H,0.0000,0.0000,0,17
ATACAGTAAACCTTCT,V66R,nan,nan,0,0
ATACAGTAAATTCCGG,L61P,0.2404,0.2404,55,32
ATACAGTAGATAAAAC,K262F,0.9323,0.9323,20,3
ATACAGTGTTTACTCC,,0.0917,0.0917,293,447
ATACATAAATGACACC,G341S,0.1218,0.1218,798,916
ATACATAACATAATAG,,0.1354,0.1354,941,972
ATACATACCTGAACTA,D415Y,0.0772,0.0772,58,105
ATACATACTCTGTTAA,F233Q,0.0880,0.0880,566,899
ATACATAGATCCAAAT,L453I,0.1373,0.1373,1895,1930
ATACATCAAGATCAAT,D438M,0.0699,0.0699,299,598
ATACATCAATCCGTCA,E-5H H117D E508K,0.2837,0.2837,497,245
ATACATCATCTCCCCG,Q191V,0.3196,0.3196,16,7
ATACATCATGTAATTT,,0.0819,0.0819,998,1705
ATACATCATTGCAAAT,N20H Y353P,0.0000,0.0000,0,9
ATACATCCAAAGAGAA,D53N K280H,0.1625,0.1625,1117,961
ATACATCCACAATTGC,T46P,0.0000,0.0000,0,11
ATACATCCTATTGTCT,F232R,0.0000,0.0000,0,19
ATACATCCTTACAAAA,,0.1503,0.1503,202,188
ATACATCGACCGGATG,A364E L402M,0.3321,0.3321,19,8
ATACATCTAAAAGAGA,,0.1512,0.1512,2006,1855
ATACATCTTAACCGGC,H355F,0.1648,0.1648,1491,1265
ATACATGACTTGTCAG,I374L,0.0991,0.0991,163,230
ATACATGCAGATAATC,L54C,0.0000,0.0000,0,2
ATACATGTAATCGTAT,R404K,0.1292,0.1292,617,668
ATACATTATATCTTCC,H471A,0.0000,0.0000,0,8
ATACATTCAATCCATA,,0.1607,0.1607,2123,1848
ATACATTCTTATACCT,A425Y,0.0000,0.0000,0,4
ATACATTGCTTAGCCA,A3W,0.1220,0.1220,500,573
ATACATTGTGATTAAA,Q142F,0.2772,0.2772,2797,1411
ATACATTGTGTCCCTT,S509E,0.1696,0.1696,4837,3988
ATACCAACTCAAAGCG,R328aQ R435K,nan,nan,0,0
ATACCAAGCCCGAGCC,D415W,0.0000,0.0000,0,19
ATACCAAGTCTACCGG,L122D N464E,0.0000,0.0000,0,33
ATACCAATAACAGAGG,,0.1304,0.1304,2151,2306
ATACCAATAACCTGTT,T219F,0.1327,0.1327,1888,1989
ATACCAATTCGTGAAG,W537H,0.0000,0.0000,0,12
ATACCACACTCCTAAT,G416R,0.1791,0.1791,146,114
ATACCACATATGTTTC,L154G,0.1923,0.1923,22,16
ATACCACATTAGATAA,R326Q,0.1201,0.1201,1553,1808
ATACCACGCCTTAAAA,R329C R405S,1.0000,4.0088,86,3
ATACCACTCAAACACT,W127C H184M,0.6526,0.6526,42,9
ATACCAGAGTAAGTAA,T163I F469R,0.0000,0.0000,0,3
ATACCAGAGTTCTAAT,K32W W537K,0.8449,0.8449,145,24
ATACCAGCAACAAATT,E432K,0.0000,0.0000,0,1
ATACCAGCGTTTAGAA,D231H,0.1221,0.1221,165,189
ATACCATAAAGAAACA,,0.1153,0.1153,2183,2647
ATACCATAATCAACGG,Q12M H38N,0.1100,0.1100,81,103
ATACCATATCAATTCG,S291K,0.0000,0.0000,0,16
ATACCATATTATCAGC,K269M,0.1665,0.1665,538,452
ATACCATGAACAATCT,,0.1615,0.1615,1718,1488
ATACCATGTACTACAT,Y308Q,0.3949,0.3949,96,34
ATACCATGTATAGTGG,S523L,1.0000,3.9156,28,1
ATACCATGTTGACAAA,,0.1453,0.1453,2305,2218
ATACCATTCAAACTAA,C14P,0.0000,0.0000,0,5
ATACCATTGTTGAAAA,,0.1887,0.1887,5589,4143
ATACCCAAGTGATTCC,Y201M S369A F469R,0.0000,0.0000,0,9
ATACCCAATACGTCAT,L70S,0.0000,0.0000,0,1
ATACCCAATTACTTGT,S480R,0.2220,0.2220,408,257
ATACCCACTAGACAAT,D104S,0.1946,0.1946,2987,2146
ATACCCACTTTTCCGG,I13W,0.4958,0.4958,39,11
ATACCCAGAAGAATGA,H298A,0.1501,0.1501,365,340
ATACCCAGAATATCCC,P299N I529Y,0.2483,0.2483,245,138
ATACCCAGGAGTTTTC,L213I,0.1101,0.1101,1194,1516
ATACCCCACAGCGGGC,N382E,0.1804,0.1804,307,238
ATACCCCCTGCTTACC,Q226M,0.0142,0.0142,223,2194
ATACCCGAGCAAGGTG,S480M,0.1233,0.1233,1858,2107
ATACCCTACATAGGAA,A373S,0.3016,0.3016,110,51
ATACCCTGAAAAGTTA,T28M L300E G510aT,nan,nan,0,0
ATACCCTGGTACCCCC,P162E,0.2478,0.2478,1235,697
ATACCCTGTATACGAT,D415T,0.0000,0.0000,0,3
ATACCGAAAAAATAAA,E468Y,0.1639,0.1639,5538,4724
ATACCGAAAGCCCTCA,,0.1451,0.1451,5585,5384
ATACCGAAAGGGATGT,D175R M431I,1.0000,2.7108,252,13
ATACCGAAGGGACCAT,A287P R456W,0.0000,0.0000,0,9
ATACCGACTACATCGC,I42N F467L,nan,nan,0,0
ATACCGCAAAATTCAC,S185E N446S,0.0000,0.0000,0,1
ATACCGCCGACAATTC,,0.1697,0.1697,335,276
ATACCGGAGAGCGCGT,,0.1760,0.1760,336,267
ATACCGGGATGGGTAA,E255A,0.1069,0.1069,3692,4831
ATACCGGTGAAGAAAT,Q371H,0.1369,0.1369,47,48
ATACCGTGTCAATAAA,V377T,0.0864,0.0864,1794,2904
ATACCTAAAGTTAACA,,0.0000,0.0000,0,114
ATACCTAAATTTCACC,G396T,0.1594,0.1594,1676,1470
ATACCTAATGCCTTAC,,0.1957,0.1957,1338,956
ATACCTACAAAACTTA,Q371K T378I Y488E,0.0000,0.0000,0,1
ATACCTAGAAACATCC,K62M,0.1833,0.1833,15283,11658
ATACCTAGAGAGCTTA,I164N,0.0362,0.0362,51,197
ATACCTATAAGCGCGG,,0.1210,0.1210,1087,1256
ATACCTATCCAGTTGT,S203R N458K,0.7808,0.7808,67,12
ATACCTATCGACAGCA,M111S K262R,0.1342,0.1342,95,99
ATACCTCAACCCCCAT,K380W,nan,nan,0,0
ATACCTCACTTTAGCA,N408Y,0.0358,0.0358,22,86
ATACCTCCATCCGTAC,I42S,nan,nan,0,0
ATACCTCTTCCTCAAT,,0.1335,0.1335,3781,3962
ATACCTGAACAAATAA,M30G R149F,0.0000,0.0000,0,3
ATACCTGAATAGGCCA,V261W,0.1152,0.1152,56,68
ATACCTGATAGACTTT,N187E,0.0240,0.0240,1598,9319
ATACCTGGCACACTTC,N116S,0.3677,0.3677,213,81
ATACCTGTAGAAGAAA,G376S,0.1606,0.1606,705,614
ATACCTGTTCACAACC,A394N,0.0000,0.0000,0,12
ATACCTTAATATAAAG,A242F,0.0842,0.0842,555,922
ATACCTTCCAATAGAA,A138R S270M,0.0000,0.0000,0,2
ATACGAAAACTTTTGG,T511E A528T,0.0968,0.0968,128,185
ATACGAAAAGCAAGTG,S167I R321E T370A F469L A522S,nan,nan,0,0
ATACGAAATAAATTAG,H354E,0.1398,0.1398,30,30
ATACGAACCTTATAGT,N92E,0.1620,0.1620,5051,4359
ATACGAATAAATACTT,L70K,nan,nan,0,0
ATACGAATTGCTATGT,V135K,0.0000,0.0000,0,6
ATACGACAGGACTTTT,I-3C,0.1986,0.1986,2485,1750
ATACGACATCAAGCCA,F233R,0.0456,0.0456,110,337
ATACGACCAAATATAG,E-5K A425C,0.2386,0.2386,58,34
ATACGACTCCTCCTTC,E246Q,0.1593,0.1593,1276,1120
ATACGAGATAAGTTTC,,0.1487,0.1487,67,63
ATACGAGCCAACTAAA,L1S E432K,nan,nan,0,0
ATACGAGCCTATATGC,V395A,0.1023,0.1023,340,465
ATACGAGGCTCCCTCT,D175C T422S,0.1289,0.1289,319,346
ATACGAGGGGTTAAAC,,0.0994,0.0994,502,706
ATACGAGTCCACGGCA,G225Y,nan,nan,0,0
ATACGATACTCCGAGA,V34M,0.0000,0.0000,0,8
ATACGCAAAGTGATTT,C549T,0.2475,0.2475,292,165
ATACGCAAGAGATACA,V347M N382V,0.1248,0.1248,1582,1773
ATACGCAAGGACACAA,L428C,1.0000,1.5150,65,6
ATACGCCCCATAACCG,P239R,0.0656,0.0656,445,948
ATACGCGAAAAAGTCC,C139H,0.1504,0.1504,71,66
ATACGCGTTCGCGAGG,,0.0000,0.0000,0,4
ATACGCTAACCTGCCA,N21V I374K,0.0000,0.0000,0,2
ATACGCTGAACTCCTA,T390W,0.1372,0.1372,157,160
ATACGCTTCTAACCGT,L447F,0.0000,0.0000,0,5
ATACGCTTGGGACTTT,H295E,0.1911,0.1911,4655,3407
ATACGGAGAGTGAAGA,Q344M,0.0585,0.0585,635,1518
ATACGGATAACCCTAA,A91H,0.1264,0.1264,3235,3579
ATACGGCCGTGGGTTC,T46L,0.1316,0.1316,16,17
ATACGGCGATATTCAT,F294Q,0.0000,0.0000,0,2
ATACGGGGTTAAAAAT,N20K,nan,nan,0,0
ATACGGTCAGAGAAAT,V-2M M230K,0.0000,0.0000,0,3
ATACGGTCGACAGAAA,N54aD,0.1612,0.1612,1351,1172
ATACGTAAATCTAAAA,E398I,0.0000,0.0000,0,13
ATACGTAACAGGCAGG,S356K,0.2194,0.2194,193,123
ATACGTATAAAAGGGA,,0.2092,0.2092,187,125
ATACGTATATAAGGGG,G341T,0.0940,0.0940,387,576
ATACGTATCTATAGAC,P293V,0.1447,0.1447,1106,1069
ATACGTATGTTATACC,H183Q E403K,0.0000,0.0000,0,4
ATACGTATTCCACGCT,G100D,0.0000,0.0000,0,2
ATACGTCCTGTTGAAA,,0.0553,0.0553,51,129
ATACGTCTTCGACCTC,V223K,0.1943,0.1943,664,478
ATACGTGAAATAGACC,L7F,0.1353,0.1353,890,920
ATACGTTACACCAAGT,R90W,0.0975,0.0975,726,1041
ATACGTTTTTGATCTG,R405W,1.0000,1.8957,122,9
ATACTAAAAAGCATTA,V151D,0.0000,0.0000,0,1
ATACTAAAACAGAACA,L437Y,0.1865,0.1865,40,30
ATACTAAAAGGCTCAG,,0.0000,0.0000,0,1
ATACTAAAGAAAAAAT,N169M,0.1599,0.1599,3058,2675
ATACTAACAATAAGAG,G49C,0.0000,0.0000,0,28
ATACTAATAAACCTAA,L112S R404H,0.1627,0.1627,121,104
ATACTAATGTTCTGCC,I243C,nan,nan,0,0
ATACTAATTAAGATTC,S6M W343N,1.0000,2.1909,47,3
ATACTAATTAGAAAAA,E407Y,0.0000,0.0000,0,2
ATACTACCGTCAACAG,A242S,0.0763,0.0763,144,264
ATACTACGGGTTCAAG,N424C,0.1398,0.1398,25,25
ATACTACGTACCATAA,,0.0637,0.0637,247,542
ATACTACTAGATTGGT,E501W,0.0891,0.0891,223,350
ATACTAGATGATACAT,L133aA E190*,0.2218,0.2218,276,174
ATACTAGCGGAAGATA,,0.2306,0.2306,1469,891
ATACTAGCTACGGGTT,D95Q,0.2258,0.2258,3420,2118
ATACTAGGTCAGTGAT,A91Q,0.2028,0.2028,1263,871
ATACTATAGCACGACT,,0.1544,0.1544,3198,2897
ATACTATTATCAAATG,,0.1270,0.1270,188,207
ATACTCAAACATCAAT,H298G,0.0697,0.0697,150,301
ATACTCAAATGACGCA,N475A,0.1105,0.1105,347,439
ATACTCACCTGTGGAA,Q191N L325M,0.1040,0.1040,93,125
ATACTCAGAAATTCGG,N443T,0.1216,0.1216,120,138
ATACTCATGTCGAAGG,,0.1727,0.1727,1120,907
ATACTCCAACAGAATA,,0.1865,0.1865,140,105
ATACTCCACCAGAGAC,Q545F,0.3776,0.3776,162,60
ATACTCCCGCCACTTG,H276Y S492N,0.2782,0.2782,7125,3581
ATACTCCTGATACATT,P239S S291L F469G,0.0000,0.0000,0,15
ATACTCGATATAGGTG,V8S,0.1051,0.1051,481,640
ATACTCTCCTCTTCCT,T28S,0.0631,0.0631,569,1261
ATACTCTCTGAATAGT,I80V,0.1499,0.1499,7222,6737
ATACTCTTTCAAGTGT,N33V,0.0000,0.0000,0,12
ATACTGAACGTTAAAA,L102W,0.1460,0.1460,5349,5123
ATACTGACCACATGGA,E119A,0.0868,0.0868,545,878
ATACTGATGGAAATAA,R227V,0.0577,0.0577,206,499
ATACTGATTAGCCTCA,Y161C,0.0000,0.0000,0,1
ATACTGCAACTTAAAC,I260N,0.6239,0.6239,58,13
ATACTGCTCAACGTAG,N433R,0.1818,0.1818,26,20
ATACTGGAAAAAATAC,T318S,0.1398,0.1398,182,182
ATACTGGACGAGAGGC,E107C R321V S369L,nan,nan,0,0
ATACTGGCCAGAATAC,K445E,0.1865,0.1865,176,132
ATACTGGCCATACGAT,K411E,0.0109,0.0109,22,282
ATACTGGTCGGTAGAA,S167C R321L T370V,0.3687,0.3687,58,22
ATACTTAATATGGGAC,E119K V377Y,0.0000,0.0000,0,13
ATACTTACGAAAATCT,N296W,0.0000,0.0000,0,3
ATACTTACGATAGCAG,L2P Q391H,nan,nan,0,0
ATACTTATAGCAGTCT,N248A T378I Y491K,0.0965,0.0965,713,1033
ATACTTATCATTAGAA,S523I,0.0000,0.0000,0,7
ATACTTCAACTAGAAA,G463I,0.1907,0.1907,409,300
ATACTTCAGAAAATAC,K313E,0.1091,0.1091,170,218
ATACTTCATAAAAAAT,K120E N169S,0.3254,0.3254,698,300
ATACTTCGCCAACGCG,S85K,0.1357,0.1357,1463,1508
ATACTTCGGCGTAAAG,Y351W,0.5794,0.5794,58,14
ATACTTCTATGAGAAA,P128H,0.0945,0.0945,25,37
ATACTTCTGTGTAACA,V82A E414G,nan,nan,0,0
ATACTTGAATAGCGAC,G286Q,0.0000,0.0000,0,2
ATACTTGCTCATAGAC,Q545T,0.1419,0.1419,1033,1018
ATACTTGTTTATAGCA,S311Y,0.0000,0.0000,0,1
ATACTTTAAAAACGTA,S509V,0.0832,0.0832,166,279
ATACTTTATCCTATGT,Y195F,0.3663,0.3663,55,21
ATACTTTCAAAGAAAC,,nan,nan,0,0
ATACTTTTGTCTCCAA,V510H,0.1532,0.1532,2230,2036
ATACTTTTTGCGATAT,N475V,nan,nan,0,0
ATAGAAAAAACACAAT,,nan,nan,0,0
ATAGAAAAAAGTGCCC,S101H R328aP,0.0000,0.0000,0,5
ATAGAAAATGGTGATT,G205F L320N,0.0000,0.0000,0,4
ATAGAAATAGGCGTGC,,0.1350,0.1350,986,1021
ATAGAAATCACTTAGT,I155V L418W,1.0000,1.1654,25,3
ATAGAAATCTTCCGTA,D241S,0.2208,0.2208,90,57
ATAGAAATTAGGTTGT,K498*,0.0000,0.0000,0,23
ATAGAAATTCAGCTAT,E403W,1.0000,3.2863,47,2
ATAGAACAAGCTGAAA,F417M,0.0000,0.0000,0,35
ATAGAACAGAAGATAC,G249R,0.0000,0.0000,0,8
ATAGAACAGTTAGCGA,P92aS E501W,0.2267,0.2267,1556,960
ATAGAACATAAATACG,S247R Q344R Y351C Y353C H355R S356G E358G,0.0000,0.0000,0,2
ATAGAACATCCCACAG,K259R L402E,0.0749,0.0749,30,56
ATAGAACGACAAGTTC,L447W,0.0000,0.0000,0,9
ATAGAAGATCGTAATA,,0.1164,0.1164,2456,2950
ATAGAAGGCGTCCACT,H38A,1.0000,1.0588,53,7
ATAGAAGTCAAGACGT,S6L W180M,nan,nan,0,0
ATAGAAGTCGATGTAT,,0.0276,0.0276,16,81
ATAGAATAAATTTATC,Y98S,0.0000,0.0000,0,19
ATAGAATAATGTTTTG,,0.0756,0.0756,139,257
ATAGAATACGTCCCGG,Y161F A257R,nan,nan,0,0
ATAGAATAGGGAAATT,P299A,0.1175,0.1175,984,1171
ATAGAATAGTTAATTA,K165V,0.1165,0.1165,30,36
ATAGAATCAATTAAAA,S519F,nan,nan,0,0
ATAGAATCCCAATTTA,R220M K307R,nan,nan,0,0
ATAGAATGGCTAAGAC,E340D,0.3877,0.3877,366,132
ATAGAATTCTTCTGAC,H298E,0.1307,0.1307,158,169
ATAGAATTGGAAAGCT,N389L,0.3633,0.3633,891,343
ATAGAATTGGGGCTGA,,0.1043,0.1043,132,177
ATAGAATTTTTACAGA,S185N E190Y,0.0000,0.0000,0,5
ATAGACAACCCAGGAT,,0.1025,0.1025,3374,4602
ATAGACAATATTTAAG,N33C,0.0494,0.0494,158,447
ATAGACATACCCTCCT,I178G,0.0000,0.0000,0,1
ATAGACATTCCTAACT,,0.1895,0.1895,1892,1396
ATAGACATTTTCATAG,K57E N129T Q454*,nan,nan,0,0
ATAGACCAAAACTTAA,Q211T,0.1608,0.1608,23,20
ATAGACCAATAAACGA,,0.0000,0.0000,0,2
ATAGACCAGTTCATAA,Q25F,0.1933,0.1933,1968,1424
ATAGACCTCTAGTTCT,R114K,0.0377,0.0377,14,52
ATAGACGAAACCGCCC,P128F E403V,nan,nan,0,0
ATAGACGAAAGGTCTC,R227E,0.0878,0.0878,81,129
ATAGACGATACTAACC,N389I,0.1118,0.1118,587,734
ATAGACGGATTAACCG,E119P D240V,0.0000,0.0000,0,2
ATAGACTGAGGCGAAC,V204R,0.0000,0.0000,0,1
ATAGACTGCTAATATA,L96T,0.1802,0.1802,259,201
ATAGACTTTCAATTGA,V135F,0.3389,0.3389,4852,2002
ATAGAGAAACTGTCCA,,0.1944,0.1944,2970,2136
ATAGAGAACTACTTTC,K32M H244G,0.4795,0.4795,24,7
ATAGAGAAGATTCTGT,S167L I267G,0.0000,0.0000,0,12
ATAGAGACATAAAGGT,M230R N410A,0.0000,0.0000,0,3
ATAGAGCATGGACGAA,I288E,nan,nan,0,0
ATAGAGGAATTCGGGA,,0.1434,0.1434,199,194
ATAGAGGATCTATGAC,G72L,0.0891,0.0891,990,1553
ATAGAGGGTTTAAAAT,M75V K450L,0.0843,0.0843,458,760
ATAGAGGTTTAATACA,V8I,0.0569,0.0569,24,59
ATAGAGTAACCCCCAT,S136V,0.3796,0.3796,19,7
ATAGAGTAATCGTGAA,D63N Y86S,nan,nan,0,0
ATAGAGTCAAAGAAAG,S101A,0.1149,0.1149,2063,2511
ATAGAGTCATCTACTG,G275S D348V A364V,0.0724,0.0724,86,166
ATAGAGTGTAGTAGAA,L527K,0.4895,0.4895,14,4
ATAGATAAAAAAATAG,D95C,0.0523,0.0523,67,179
ATAGATAAAATAACAT,R90H P99T,0.0513,0.0513,277,755
ATAGATAACCCGGTCT,P489N,0.1464,0.1464,2042,1950
ATAGATACAAAAAACA,,0.0850,0.0850,338,556
ATAGATACAATACGGC,L70S,0.0000,0.0000,0,8
ATAGATACACCCCAAA,N94Q,0.1150,0.1150,1011,1229
ATAGATACTAAGCTAG,N322P T370L,nan,nan,0,0
ATAGATAGTAATTATC,T23H,0.0869,0.0869,23,37
ATAGATATTGTTAGAT,K498H,0.1300,0.1300,1279,1376
ATAGATCAGGAGCAAT,R212D,0.0000,0.0000,0,20
ATAGATCCAAAAACAC,,0.1033,0.1033,385,521
ATAGATCCCTTCAGTA,L59E,0.0000,0.0000,0,11
ATAGATCCTATGCCAT,I178K,nan,nan,0,0
ATAGATCTATAATTAC,S519K,0.0000,0.0000,0,15
ATAGATGAAAACTCTT,G341K A526S,0.1026,0.1026,22,30
ATAGATGCATGCAAAA,S270A,0.1543,0.1543,737,668
ATAGATGGGCACTCAA,C539M,0.2620,0.2620,193,103
ATAGATGGTAATAAGA,G263E,0.4002,0.4002,186,65
ATAGATGTTAACAAAT,T23K,0.1535,0.1535,866,789
ATAGATTAACCGCGCC,A242D E327L V395A,0.0711,0.0711,689,1355
ATAGATTAAGCAGTCT,,0.0000,0.0000,0,24
ATAGATTAATCGCTCC,Q282F,nan,nan,0,0
ATAGATTACCCGTTGA,P239D L447F,nan,nan,0,0
ATAGATTACTGTCACA,G271L,0.1464,0.1464,1278,1221
ATAGATTAGTACCATA,,0.1290,0.1290,668,724
ATAGATTATGTCCTGG,G319D M388I,0.0000,0.0000,0,6
ATAGATTCAATAACAC,F147H P306H,0.0551,0.0551,28,71
ATAGATTTACTATTGA,,0.1228,0.1228,209,238
ATAGCAAAAGTCCCCA,S167M R321L K367P,1.0000,2.2375,64,4
ATAGCAAAATAACCGA,M292F,0.0939,0.0939,274,408
ATAGCAAAATAATATA,,0.1599,0.1599,6753,5907
ATAGCAAAATTCAGGG,G360S,0.1311,0.1311,585,624
ATAGCACAACTTCCAC,D457R,0.5375,0.5375,123,32
ATAGCACGATGACTTG,V223F,0.1732,0.1732,2569,2074
ATAGCACTAATTACAG,W69R F338K,0.6347,0.6347,59,13
ATAGCACTTAATGTAA,K280R,0.1536,0.1536,2729,2484
ATAGCAGAAGACGTTA,E24H Y201M,0.0672,0.0672,2014,4189
ATAGCAGCCAATTGTC,P306C,0.7303,0.7303,47,9
ATAGCAGTCTTTCACG,F118C,0.1312,0.1312,228,243
ATAGCATAAGTAATAC,L331R,0.2003,0.2003,53,37
ATAGCATAATATAAAT,,0.0000,0.0000,0,2
ATAGCATACACAAAGG,,0.1299,0.1299,1107,1192
ATAGCATCCCCACAGT,S6H,0.1083,0.1083,4752,6137
ATAGCATTATACCTGG,R114E,0.3613,0.3613,31,12
ATAGCCAAACATCAAC,,0.1345,0.1345,5981,6220
ATAGCCAAGACAATGC,Q142E R456W,0.1345,0.1345,2127,2211
ATAGCCACATCCATGA,C281S,nan,nan,0,0
ATAGCCACCAATAATA,P284S,nan,nan,0,0
ATAGCCACTATCACAA,H440W S509I,nan,nan,0,0
ATAGCCAGTATTACCA,G181L S361R F469M,0.6992,0.6992,50,10
ATAGCCATATCCACGT,,0.1132,0.1132,1079,1333
ATAGCCTAAATATTAC,Y98C,0.0000,0.0000,0,4
ATAGCCTGCAGGAACA,L527M,0.1220,0.1220,1365,1564
ATAGCGAAGGTGCTAC,P99I,0.0000,0.0000,0,12
ATAGCGAGAATAAGGA,W84S A160E,0.5244,0.5244,30,8
ATAGCGATACTCCTAT,A3F N410G,0.0738,0.0738,160,303
ATAGCGCGTAGCTTTC,T199N,0.0965,0.0965,129,187
ATAGCGGACAATACAG,K313I,0.1534,0.1534,34,31
ATAGCGTACCCACTAT,K372T,0.1385,0.1385,1562,1577
ATAGCGTCAAGTCTAT,,0.1226,0.1226,306,349
ATAGCTAAAATGGAAT,V-2E T235K G286I,0.3216,0.3216,46,20
ATAGCTAACGACAGTC,L96C,0.1517,0.1517,3679,3391
ATAGCTAAGTCGTTTA,,0.0000,0.0000,0,5
ATAGCTAATAACCATC,K412I,0.1332,0.1332,620,651
ATAGCTCACACCCCGA,S146T A528L,0.0000,0.0000,0,33
ATAGCTCGTCTGAAAG,R328bE,0.0299,0.0299,25,117
ATAGCTCTAGTCGTTT,,0.1347,0.1347,552,573
ATAGCTGATAACTTTT,,0.1530,0.1530,617,564
ATAGCTTAAAGCACAA,Y195Q,0.0000,0.0000,0,4
ATAGCTTCGAATATAA,V261F,0.1356,0.1356,869,896
ATAGGAAAAAATCATA,G249V,0.0000,0.0000,0,9
ATAGGAAAACAGTAGC,G319N,0.0000,0.0000,0,8
ATAGGAAAATGCCACG,V420L,0.1250,0.1250,3846,4302
ATAGGAAACTCGTTTT,D11Q E432K,nan,nan,0,0
ATAGGAAATGATTCTA,N169R K328cV,0.0000,0.0000,0,21
ATAGGAACAAACCCCT,K196V,0.1627,0.1627,9381,8064
ATAGGAAGAGAGTTGG,N224F,0.0826,0.0826,49,83
ATAGGAAGTTACCCTG,I155C N408K,0.0000,0.0000,0,61
ATAGGAATCAACACAC,P140V,0.0437,0.0437,94,301
ATAGGACAAATGAATA,E89F,0.1056,0.1056,176,233
ATAGGACAATAAAAAG,D264N I335S,0.0000,0.0000,0,1
ATAGGACCAGTGGCGC,L133aK,0.4017,0.4017,9761,3398
ATAGGACGCTGTGTCG,G275I,0.1705,0.1705,7732,6343
ATAGGAGAAAGCATAC,G49V G228V,0.0000,0.0000,0,1
ATAGGAGCTCGATAGA,,0.2106,0.2106,926,615
ATAGGAGGTCCAAAAT,W350G,0.0000,0.0000,0,1
ATAGGAGTACGATCCT,,0.2386,0.2386,174,102
ATAGGATAATAAAAGA,V82S,0.1213,0.1213,887,1023
ATAGGATAGATCTAGA,,0.1028,0.1028,1990,2708
ATAGGCAATGTAGTCC,L102M,0.1344,0.1344,5186,5396
ATAGGCATTAATAGAA,,0.1547,0.1547,1403,1268
ATAGGCCCACCACAGC,R321K T370R,nan,nan,0,0
ATAGGCGATATTGCAC,K50G E403K,0.0000,0.0000,0,1
ATAGGCTAATGAAAAG,L51H Q391L,0.0000,0.0000,0,2
ATAGGCTAGGGACCTC,P58T E327A,nan,nan,0,0
ATAGGCTGAAAGATAC,K125aT,0.1810,0.1810,4451,3439
ATAGGGCACTTGACTA,I-3* L316Q,0.0000,0.0000,0,3
ATAGGGTGAGAGGGAA,,0.0878,0.0878,1479,2356
ATAGGTCGCACTGCAT,T378N,0.0964,0.0964,331,480
ATAGGTCTTAACCATG,V420T,0.0832,0.0832,50,84
ATAGGTGATGAGGTGA,K9M,0.0805,0.0805,1576,2739
ATAGGTGCATTATATA,L402F A521T,0.1113,0.1113,398,500
ATAGGTGTGGATCTGT,,0.1875,0.1875,1695,1264
ATAGGTTGACCACACG,L112I N169T R321A D366T T370S K445A,0.0000,0.0000,0,11
ATAGTAAAAGATGATC,P162V,0.0925,0.0925,287,434
ATAGTAAACCAATTCA,K472R,0.1812,0.1812,1888,1457
ATAGTAAATTGTCAGT,C281S,0.4817,0.4817,31,9
ATAGTAACACTAGAGC,R173E,0.1117,0.1117,313,392
ATAGTAACAGTTAGCC,I13M,0.2124,0.2124,2881,1897
ATAGTAAGCATGTTAC,V429L,0.1053,0.1053,125,166
ATAGTAAGTCAAACTC,G49I,0.1946,0.1946,32,23
ATAGTAATCTCGTGGC,,0.2351,0.2351,190,113
ATAGTAATCTGCCTCA,,0.1578,0.1578,413,366
ATAGTAATTATAAGAG,A67M,0.0654,0.0654,521,1114
ATAGTAATTGTTAAAC,A364T C546H,0.4195,0.4195,84,28
ATAGTACAAAAAAAAA,Q371R,nan,nan,0,0
ATAGTAGACTCCATGT,N54aW,0.1068,0.1068,71,93
ATAGTAGCCTCCCAAT,S10D,0.0000,0.0000,0,17
ATAGTAGGAACGTGAC,R229D,nan,nan,0,0
ATAGTAGGTTTTTGAT,I374T L427Q,0.6992,0.6992,25,5
ATAGTATACATGGCTA,I243F,0.7960,0.7960,148,26
ATAGTATCCCAACGAT,K45R,0.0717,0.0717,327,638
ATAGTATGCCGAATAA,V451T,1.0000,8.2508,59,1
ATAGTATGCGGAACCC,S524N,0.8740,0.8740,25,4
ATAGTATTGTGATATT,F245H G376N,0.0000,0.0000,0,1
ATAGTATTTCTGACAA,,0.1206,0.1206,25,29
ATAGTCACAGTGTAAT,T23A,0.0000,0.0000,0,11
ATAGTCCAAATCTTAC,N150V,0.1613,0.1613,6704,5812
ATAGTCCTAGCAATTG,A3G,0.1738,0.1738,266,214
ATAGTCGACGGCAATA,,0.0000,0.0000,0,39
ATAGTCGTAGTACCGC,L430E,0.7317,0.7317,225,43
ATAGTCTAATAAGTAC,,0.1474,0.1474,1373,1303
ATAGTCTAATTTATTA,G333L,0.1489,0.1489,395,371
ATAGTCTTAATAAACA,K412I,0.0823,0.0823,345,586
ATAGTCTTGACAACGA,Q40S,0.1308,0.1308,4234,4528
ATAGTGATAACGCCAC,P145L V381N,0.2074,0.2074,89,60
ATAGTGCCATCATCGC,Q191D R499S,0.2851,0.2851,53,26
ATAGTGCTATGAACAA,E246D A253L,0.0000,0.0000,0,17
ATAGTGCTCTCCAATA,I374S L515M,0.1085,0.1085,218,281
ATAGTGGTCTTATGGA,L1G,0.1179,0.1179,797,945
ATAGTGTTTATTCCCT,H440G,0.0000,0.0000,0,3
ATAGTTAACAATAACA,,0.0867,0.0867,2951,4758
ATAGTTAGCTCAAATT,A336Y,0.1371,0.1371,101,103
ATAGTTAGTTAGCGGC,G345L,0.0000,0.0000,0,72
ATAGTTCAGCGTTAGA,L59Q L213M,0.0956,0.0956,264,386
ATAGTTCATTTACGCC,,0.1792,0.1792,2253,1758
ATAGTTCGCTTATCAT,S167R K196M,0.1711,0.1711,1176,961
ATAGTTCGGACACAAC,G55P W180Y L497T,nan,nan,0,0
ATAGTTGGGTCCTCCA,E304W,0.4195,0.4195,24,8
ATAGTTTAAGAATCCC,R547S,0.3214,0.3214,570,248
ATAGTTTAGCTGAAAA,H47T,0.2222,0.2222,205,129
ATAGTTTCGGACTTGC,L133aC W350P,0.0000,0.0000,0,3
ATAGTTTTCGAGGGTA,S543F,0.2392,0.2392,556,325
ATATAAAAAATAGACG,N169G R321P F469G,nan,nan,0,0
ATATAAAAATAGAATA,S167T R482A G533S,0.0932,0.0932,28,42
ATATAAAAATCAGCCG,,0.1580,0.1580,7155,6332
ATATAAAAGGATTATA,L1Q,0.0000,0.0000,0,2
ATATAAAAGGTATGCA,S442M,0.1019,0.1019,599,822
ATATAAAATAATGTAA,C52A V420W,nan,nan,0,0
ATATAAACTCCAAACC,E340V A532C C539R,1.0000,inf,5,0
ATATAAAGACCTGTAT,P254H,0.0000,0.0000,0,2
ATATAAAGCAACTATC,V151N G341K,0.1316,0.1316,48,51
ATATAAAGCAACTGAC,S492V,0.2253,0.2253,1700,1055
ATATAAAGCTATGCCC,I60S F233S,nan,nan,0,0
ATATAAATTAAAGAGT,F148D,0.0000,0.0000,0,19
ATATAACAAACAATTC,N458Y,nan,nan,0,0
ATATAACAAAGATCTA,,0.1574,0.1574,224,199
ATATAACAAGGAGCAT,P293G,0.0000,0.0000,0,28
ATATAACACAATAGGC,M230I S356V,0.2375,0.2375,4818,2837
ATATAACACGAGCGTA,N169H T370G F469H,0.0000,0.0000,0,5
ATATAACAGAATCAAC,,0.1536,0.1536,1641,1494
ATATAACAGCCTTTTC,K328cE V451S,0.6060,0.6060,26,6
ATATAACCGCATGAAG,,0.1260,0.1260,136,151
ATATAACCTCGCTCCG,,0.2913,0.2913,225,108
ATATAACGAGAAAACT,I80Q,0.3090,0.3090,179,81
ATATAACGATCAAACT,S113D,0.0000,0.0000,0,2
ATATAACGATTAACAT,K259R,0.1978,0.1978,1372,970
ATATAACTATTCTCGT,L70C R452H,nan,nan,0,0
ATATAACTCAATATCT,E89F,0.0000,0.0000,0,49
ATATAACTCAGTAGAA,K9I,0.3613,0.3613,31,12
ATATAACTCTCGGCGA,G465T,0.0000,0.0000,0,2
ATATAAGAGACAGGAG,Y512Q,0.0913,0.0913,305,467
ATATAAGAGGTATTTT,L71I,0.1719,0.1719,735,598
ATATAAGATAGATACA,N94K,0.1160,0.1160,4415,5321
ATATAAGCGTCTGTGA,G134V R404E I517N,0.0000,0.0000,0,14
ATATAAGTCAATTGAC,,0.1177,0.1177,1209,1437
ATATAAGTCGTCCAGA,A257Q,0.0000,0.0000,0,7
ATATAATGGGCATATC,,0.1015,0.1015,2897,3991
ATATAATTATCCTAAA,,0.0321,0.0321,17,74
ATATAATTCACATGTA,R326G E501R,0.0000,0.0000,0,62
ATATAATTGAAGACCC,E426L,0.9509,0.9509,34,5
ATATACAAAGAGTAAT,,0.2776,0.2776,135,68
ATATACACAAAATAAT,Y448C N464S,0.0000,0.0000,0,8
ATATACACCAGGTTAA,M388H,0.0000,0.0000,0,1
ATATACACTGGTAGAA,,0.2715,0.2715,431,222
ATATACAGAAAATTAG,E476C,0.3146,0.3146,27,12
ATATACAGTTACGTCG,F469H D487N,0.0799,0.0799,12,21
ATATACAGTTATTCCA,R328bI,0.1732,0.1732,1670,1348
ATATACATTCACTCAA,L133aN,0.2036,0.2036,626,430
ATATACCGAACTGTTT,M292I,0.1709,0.1709,44,36
ATATACCTATTTCCCG,K50V,0.1500,0.1500,4075,3800
ATATACGAAGGGATGG,V272Y,0.1685,0.1685,1722,1429
ATATACGCGCAACTAA,Y518E,0.5594,0.5594,544,136
ATATACGTGCTCAATG,P58M,0.0000,0.0000,0,16
ATATACTAAAACTTAT,,0.1796,0.1796,1673,1303
ATATACTAAATGCCCG,E107I,0.0000,0.0000,0,6
ATATACTAGGTTTTGC,M230T Q371D M431K,nan,nan,0,0
ATATACTGAATTGAGG,D11V,0.0000,0.0000,0,1
ATATACTGCAACCAAA,P74Y,0.0155,0.0155,2,18
ATATACTTAACTGTTC,L96M,0.1117,0.1117,811,1015
ATATACTTGCATGTGA,C52H,0.4328,0.4328,65,21
ATATACTTGGCTGTTG,V223D,0.0000,0.0000,0,10
ATATAGAAAAATACAC,,0.1550,0.1550,4006,3614
ATATAGAACCCCGGTT,V481L,0.0956,0.0956,361,528
ATATAGAAGTTAAAAC,S356I,0.2392,0.2392,3568,2086
ATATAGAGACAAACCT,S247W,0.1249,0.1249,50,56
ATATAGATAAACTCAC,K125aS,0.1722,0.1722,6597,5356
ATATAGCAAAATAGGC,T378G,0.1041,0.1041,1631,2190
ATATAGCCACATCAAG,K32* R321T,0.0000,0.0000,0,9
ATATAGCCACTTGAAA,P92aR N116K,0.1260,0.1260,255,283
ATATAGCTAACGATGC,T370R V429H,0.0000,0.0000,0,29
ATATAGGAAAGACTTG,K367M T370P F469M,nan,nan,0,0
ATATAGGAGGGTGACC,E494S,0.1746,0.1746,3659,2931
ATATATAAACAACCTA,L-1W,0.1585,0.1585,1643,1450
ATATATAATTCGCGCA,V8Q A495L,nan,nan,0,0
ATATATAGTTCCCGGG,,0.0994,0.0994,59,83
ATATATATATAAAAGA,Q222C,0.0785,0.0785,142,253
ATATATATATAATTAT,I302Y,0.0000,0.0000,0,3
ATATATATCGATAATA,P254Y V420Y,0.0000,0.0000,0,3
ATATATATTAACGGAT,K498G,0.0777,0.0777,70,126
ATATATCATGGCTATA,D438A,0.0996,0.0996,250,351
ATATATCATTAATCGA,G504D,0.0863,0.0863,29,47
ATATATCCAAACAAAA,,0.1139,0.1139,1965,2412
ATATATCCTATTATAG,K196N,0.0800,0.0800,139,243
ATATATCCTTACACAC,E174S,0.2737,0.2737,4819,2462
ATATATCGAAGATTAA,L71A,0.0254,0.0254,87,479
ATATATCTCGAAGCAC,C64F,0.0000,0.0000,0,5
ATATATGAAAACCTTG,S101I P324I,0.1343,0.1343,509,530
ATATATGAATGTTTAC,V-2C,0.1464,0.1464,379,362
ATATATGAGTACGATA,D241A,0.3270,0.3270,152,65
ATATATGATGTCAAAT,A93G S543C,0.6704,0.6704,163,34
ATATATGCAACTACAA,Y351T K372R,0.0000,0.0000,0,1
ATATATGGAGCGACAA,,0.1438,0.1438,868,844
ATATATTGGAAATGTT,L-1K,0.0822,0.0822,1702,2894
ATATATTGTACACGGT,G352E,0.3321,0.3321,19,8
ATATATTGTAGGTCTA,F118P,nan,nan,0,0
ATATATTTACGAAAAA,R329E,0.9439,0.9439,54,8
ATATATTTCATACATT,,0.2014,0.2014,3820,2653
ATATATTTGCCAATTT,M292W,nan,nan,0,0
ATATATTTGTGGAGAC,S125bW,0.1296,0.1296,240,259
ATATCAAAATGGCAAT,*551V,0.0957,0.0957,1758,2570
ATATCAAAATTGTAGC,L402V,0.0872,0.0872,666,1068
ATATCAAAGATACGTA,N169M T370F,1.0000,1.1887,68,8
ATATCAAATGAACTAA,D386M,0.1279,0.1279,235,257
ATATCAAATTGCGATA,R90Q,0.3241,0.3241,1947,840
ATATCAAGAACTCAAA,P299K,0.1593,0.1593,3260,2862
ATATCAAGACACTGTT,N250H,nan,nan,0,0
ATATCAATAAGATCGT,E-5H,0.1289,0.1289,295,320
ATATCAATTTTCGGTT,D415A,0.0663,0.0663,516,1088
ATATCACACAACAGCA,T301G,0.2803,0.2803,4829,2409
ATATCACATACCCCCC,,0.1417,0.1417,1840,1816
ATATCACCTAAATTGC,M388T,0.0000,0.0000,0,69
ATATCACTCGACATCA,I529R,0.0000,0.0000,0,2
ATATCACTTTTTTTCG,,0.1896,0.1896,3517,2594
ATATCAGAATTCTGAT,E31K,0.0590,0.0590,262,621
ATATCAGACACCCAAC,,0.1777,0.1777,263,207
ATATCAGATACCATTC,,0.1738,0.1738,11842,9529
ATATCAGTATTCTCGA,E426A,0.1814,0.1814,96,74
ATATCATCAATCCTTT,G205P,0.0000,0.0000,0,1
ATATCATCAGACACTG,I514E,0.2983,0.2983,32,15
ATATCATCATACACAG,Q25F L320P E368K E508Q,0.0000,0.0000,0,5
ATATCATGAGCCTATA,C466R,0.0000,0.0000,0,4
ATATCATGAGTTAACA,N312R,0.1389,0.1389,4486,4517
ATATCATTAAAAAGCA,,0.1953,0.1953,2498,1789
ATATCATTGATTAATA,T206Q C549Y,0.0000,0.0000,0,8
ATATCATTTTTCTAAC,A91Q Q359W,0.1063,0.1063,19,25
ATATCCAAGAAAGAGG,L7I,0.1275,0.1275,1721,1888
ATATCCAATGATGGAC,F79T G134S P145V E432K H440W,0.0000,0.0000,0,4
ATATCCACCCAATAAC,,0.1850,0.1850,123,93
ATATCCAGAAGAACAA,N33E K313N A365R,nan,nan,0,0
ATATCCAGGGTTAGAT,L176C,0.1634,0.1634,769,658
ATATCCATCTCCCTAA,K498T,0.1171,0.1171,1095,1308
ATATCCATTGAAAAGC,P284A,0.1247,0.1247,436,489
ATATCCCAAAAAGTTT,V-2I,0.2026,0.2026,365,252
ATATCCCAAATAATAA,V66P,0.0702,0.0702,118,235
ATATCCCCCAAGTTCT,,0.0858,0.0858,585,953
ATATCCCGTAATCACT,H38S G205E D231N D240N G249E E340K M346I D348N E407K E414K D415N D419N W421* M431I E434K D438N D441N E468K E476K M478I E479K D487N E500K E508K W537*,0.0000,0.0000,0,2
ATATCCCGTGATCACT,H38S,0.2153,0.2153,4047,2629
ATATCCGCAGACTTAT,D95N S167L R321M T370W F469M,nan,nan,0,0
ATATCCGCCCCTCATG,,0.0684,0.0684,205,419
ATATCCGGACTAACGC,,0.0981,0.0981,320,456
ATATCCGGTGCTCCGC,A522G,0.0000,0.0000,0,12
ATATCCTAAAATAAGC,P92aV,0.0699,0.0699,19,38
ATATCCTATCACGTTT,K280Q E358D R496L W537*,0.1870,0.1870,119,89
ATATCCTGACTTTAGC,K262D,0.0000,0.0000,0,8
ATATCGAAAAGGGAAG,M531C,0.1207,0.1207,3420,3964
ATATCGAAAATCACTC,C549I,0.1711,0.1711,996,814
ATATCGACTGTCACAA,A39E,0.0000,0.0000,0,1
ATATCGCAAAATCTGA,,0.1779,0.1779,1379,1084
ATATCGCCTGAGGAAA,,0.1292,0.1292,1194,1292
ATATCGCCTTGCCACA,S126G T422I,0.0563,0.0563,31,77
ATATCGCTAACAATGC,N248L,0.0595,0.0595,351,825
ATATCGGAATTAAACA,,0.0869,0.0869,355,571
ATATCGGACCACTCGA,I252L,0.1347,0.1347,500,519
ATATCGGCGAACGTTA,D95R,0.2025,0.2025,1402,968
ATATCGTCTTTTTGTC,A214I,0.1405,0.1405,1269,1263
ATATCGTTGTTTTCAA,I548W,0.1129,0.1129,197,244
ATATCTAAATGACGGG,V66H,0.0000,0.0000,0,3
ATATCTAACCATGATC,R220I,0.0000,0.0000,0,7
ATATCTAATGTGGACC,Y256H F338Y A364D K498S,0.9789,0.9789,35,5
ATATCTACAAAAATAA,C76N,0.0000,0.0000,0,3
ATATCTACACAAGACA,K460L,0.1122,0.1122,2703,3368
ATATCTATAATCGACG,,0.0952,0.0952,411,604
ATATCTATACAGGAAA,,0.1006,0.1006,1526,2122
ATATCTATACCATCTT,R227T D386K,0.0247,0.0247,96,543
ATATCTATCAGAAACC,G463A,0.1832,0.1832,380,290
ATATCTCCCACTCTCA,,0.1281,0.1281,576,629
ATATCTCTAGCCGACT,C305D,0.0000,0.0000,0,1
ATATCTGATAAGTCCT,K269C,0.1359,0.1359,346,356
ATATCTGCTTGAGCTA,P306R,0.0000,0.0000,0,6
ATATCTTCAGTAACCT,D474N,0.1243,0.1243,805,906
ATATCTTGTATCAAAG,I548N,0.0000,0.0000,0,5
ATATCTTTAAAGCAAT,A459S,0.0870,0.0870,707,1136
ATATGAAAAAACATGT,I155M,0.0654,0.0654,350,748
ATATGAAAAACCGCAG,,nan,nan,0,0
ATATGAAAAACTAAAG,N129T,0.2530,0.2530,966,534
ATATGAAAACAATATA,I178F,0.1684,0.1684,2341,1944
ATATGAAAGTCAGAAC,K498T,0.1318,0.1318,114,121
ATATGAATACTTCGAC,H117C P489T,0.2622,0.2622,900,480
ATATGAATAGTATACC,K380M,0.1020,0.1020,1155,1583
ATATGAATATAAGAAA,,0.2411,0.2411,512,297
ATATGAATGACATGAA,L300S,0.0981,0.0981,716,1021
ATATGAATGTAAATCA,T132S D240Y,0.1947,0.1947,504,362
ATATGACAAATAACAT,K156D K472G,0.0000,0.0000,0,6
ATATGACCTTTTAAAT,I87P,nan,nan,0,0
ATATGACGGAACCAAT,M292T,0.1651,0.1651,3156,2673
ATATGAGATAACACGT,Q222P F332M C549R,0.4895,0.4895,21,6
ATATGAGCCTACTAAA,M388C,0.0994,0.0994,27,38
ATATGATATTCATATC,G286C,0.0000,0.0000,0,15
ATATGATCACGCCAAA,A257W,0.0000,0.0000,0,1
ATATGATTGCGAAAAA,R456I,0.0947,0.0947,672,992
ATATGATTTGAACGAG,,0.1559,0.1559,4028,3613
ATATGCAAATGACACC,L320R,0.0000,0.0000,0,3
ATATGCACAATCCGTG,T301G,0.1305,0.1305,4887,5238
ATATGCACGTCACCTT,T208D,0.0476,0.0476,126,370
ATATGCACTGATACAC,M75Q,0.1722,0.1722,2188,1777
ATATGCATTACGGATT,V429K,0.0000,0.0000,0,7
ATATGCCATCACCCCA,S167V R321T T370P F469E,nan,nan,0,0
ATATGCCCAACAGAGT,L428S N475W,0.0000,0.0000,0,3
ATATGCCCTGCCCACT,S203Q,0.0298,0.0298,106,497
ATATGCCGCCAAACAG,,0.0699,0.0699,2,4
ATATGCCGGGCCGAGA,P92aG G345T,nan,nan,0,0
ATATGCCTGATAGGCC,A334V S480V,0.2548,0.2548,82,45
ATATGCGCACAGACAC,K387P,1.0000,1.6082,46,4
ATATGCGTACTGTTCT,R456W,0.1733,0.1733,528,426
ATATGCTCCCGTGATT,G205N W350*,0.0000,0.0000,0,1
ATATGCTGACCATAAT,G342W,0.0000,0.0000,0,2
ATATGGAATAAACCCA,,0.1721,0.1721,1800,1463
ATATGGAATTACCTAC,N33H,0.0814,0.0814,195,335
ATATGGACATAAAGGA,A93Y,0.1443,0.1443,226,219
ATATGGACCATGGCGC,,0.1272,0.1272,1037,1140
ATATGGAGAGACAAAA,P145Q E393D,0.2279,0.2279,929,570
ATATGGCGAAACCGGT,,0.1288,0.1288,562,610
ATATGGCTGTCTAATG,N197I,0.1045,0.1045,201,269
ATATGGGAATTGTGTG,G376P,nan,nan,0,0
ATATGGGACTGGCATA,Q454V,0.0106,0.0106,7,92
ATATGGGGCACCAATA,I302S,0.3657,0.3657,34,13
ATATGGTCTACTTTCG,K262P,nan,nan,0,0
ATATGGTCTCCAATTG,L102H,0.0000,0.0000,0,12
ATATGTAACCAAATAT,E476C,0.1928,0.1928,3156,2289
ATATGTAGCCGGACCG,,0.0621,0.0621,83,187
ATATGTATTTTACACC,K125aI N389H,0.2257,0.2257,12262,7597
ATATGTCATATAAGAG,,nan,nan,0,0
ATATGTCTTGGTGCTC,E340Y,nan,nan,0,0
ATATGTGCACCCAAGC,M-6V V285M,0.0000,0.0000,0,1
ATATGTGGATGTCGAG,A394G,0.2903,0.2903,355,171
ATATGTGTACCAGCTA,N103V D231N R499P,0.0000,0.0000,0,5
ATATGTGTCAACAAAG,W69M,0.1518,0.1518,1763,1624
ATATTAAAAAATCCCA,Q454C,0.1570,0.1570,2505,2231
ATATTAAACGGATAGT,A394H S492A,nan,nan,0,0
ATATTAAACTACAATT,I115N,0.3768,0.3768,97,36
ATATTAAATAAAGCAC,M-6H,nan,nan,0,0
ATATTAAATAGGAGCT,,0.1921,0.1921,430,313
ATATTAAATGACCTGT,,0.1552,0.1552,1799,1621
ATATTAACACCAAACC,T318A,0.1710,0.1710,258,211
ATATTAAGGAATCCGT,A3F,0.0681,0.0681,91,187
ATATTAAGGTTTCACG,C14D,0.0000,0.0000,0,5
ATATTAATAATCTGTC,K109R,0.0593,0.0593,67,158
ATATTAATATAGGGAA,I115C S265N K411A,0.0000,0.0000,0,2
ATATTAATCAAGTGCC,,0.1829,0.1829,34,26
ATATTAATCCAAAGAA,L213V,0.1005,0.1005,202,281
ATATTAATGGTTCTAA,Y201E K498T A526T,0.0601,0.0601,356,829
ATATTAATTAACGAAG,N312W R326L,0.1313,0.1313,1019,1085
ATATTAGAAGTTTACG,,0.1745,0.1745,493,395
ATATTAGCTGCGCCTC,S203E,0.0000,0.0000,0,4
ATATTAGTGAGAACTG,Y256S,0.1537,0.1537,553,503
ATATTAGTTCAGTCTC,D449E S503H,0.1165,0.1165,1001,1202
ATATTATAAACTTTAC,,0.0936,0.0936,289,432
ATATTATACAATAACA,L331M,0.1995,0.1995,301,211
ATATTATATAACGATT,I288N,nan,nan,0,0
ATATTATATATCCCAA,L154M V377I L527Q,0.0000,0.0000,0,1
ATATTATCAAAGACGA,W127R F332V,0.2797,0.2797,24,12
ATATTATCAGGCCGTT,G68D,0.0000,0.0000,0,3
ATATTATGAAAGAAAC,W127G E414K,nan,nan,0,0
ATATTATTCAACTGTA,L61E,0.0000,0.0000,0,11
ATATTATTCTTCTCTT,K262aC,0.1520,0.1520,1162,1069
ATATTCACCGGAACAA,,0.1497,0.1497,1273,1189
ATATTCACGGGGCCGA,R149V R547A,1.0000,1.4917,32,3
ATATTCATAGAGAGCA,G342Q,nan,nan,0,0
ATATTCATAGGGCTTA,L316R,0.5314,0.5314,57,15
ATATTCATATGTGCTA,Q545F,0.0000,0.0000,0,7
ATATTCCATACCGTCA,A253Q,0.0000,0.0000,0,1
ATATTCCCATGAAGCA,G271K,0.0292,0.0292,62,297
ATATTCCGACATCACA,N312P,0.0996,0.0996,1584,2224
ATATTCCTCTAAATTT,,0.1813,0.1813,4361,3363
ATATTCCTGACCCCAA,M346S L544G,0.0000,0.0000,0,1
ATATTCCTTTCACAAG,I260A,0.1568,0.1568,13270,11835
ATATTCGACTTGGAAG,,0.1587,0.1587,430,379
ATATTCGAGTAGGCAG,,0.0516,0.0516,103,279
ATATTCGAGTCATTAT,S167R T370F,0.1398,0.1398,1,1
ATATTCGCAAAGACGT,I406M,0.1465,0.1465,1886,1800
ATATTCGTTAGCAGCG,P99Y G319L,0.0000,0.0000,0,5
ATATTCGTTGAAATAA,R114C,0.1544,0.1544,414,375
ATATTCTCTTATCAAG,W84A P162L S509M,0.0000,0.0000,0,9
ATATTCTTGTGGCTCA,,0.1571,0.1571,893,795
ATATTGACTAAGTACA,D41K K45N,0.0892,0.0892,204,320
ATATTGACTATCATCC,A93F,0.1572,0.1572,4251,3782
ATATTGCAACCCTTAA,E190F,0.4102,0.4102,44,15
ATATTGCATACGCTCG,F79G,0.3556,0.3556,89,35
ATATTGCGTAAATTAG,,0.2589,0.2589,398,215
ATATTGGAGATATTGA,,0.0817,0.0817,457,782
ATATTGGCCCCCGTAC,Q142V R456G,0.2381,0.2381,751,441
ATATTGGGTGCAATTC,C139Y T370M F469H M538I,0.0000,0.0000,0,2
ATATTGTATATGTAAC,T390K,0.0000,0.0000,0,8
ATATTGTCCTCAATCC,A521E,0.0000,0.0000,0,33
ATATTGTCGCCTGTTT,,0.1336,0.1336,881,922
ATATTGTGTTATAACA,N186F,0.4171,0.4171,170,57
ATATTGTTACTTAATT,P82aF S524N,0.0000,0.0000,0,2
ATATTGTTATCGAATC,E273Y,0.2001,0.2001,3101,2167
ATATTTACAATATTGA,,0.0958,0.0958,826,1206
ATATTTACCCTAAAAT,Y161L,0.0000,0.0000,0,11
ATATTTATAAAGCTTA,S247C,0.0000,0.0000,0,16
ATATTTATCCGGGCCT,N410D,0.2041,0.2041,216,148
ATATTTATGGCAGGTC,V88L L314D A495Y,nan,nan,0,0
ATATTTATTAATGGTA,P58K Q391H E508N N541K,0.0000,0.0000,0,9
ATATTTCAATTTTTAG,E83D I260F,0.6992,0.6992,25,5
ATATTTCTTGGGAGAT,V223H,0.0191,0.0191,28,205
ATATTTGAAAGCAATT,E78A,0.1353,0.1353,534,552
ATATTTGATCAGTCGA,E304R,0.1789,0.1789,3267,2554
ATATTTGCGTATCAAT,,0.1425,0.1425,2633,2584
ATATTTGTTTTCAAAC,S311W C473M,nan,nan,0,0
ATATTTTAATCTAAAC,Y353W,0.1264,0.1264,1830,2024
ATCAAAAAAAAACTCT,E434G,nan,nan,0,0
ATCAAAAAAGAACCTC,Y488A,0.1135,0.1135,1642,2023
ATCAAAAAAGTGATTG,,0.1478,0.1478,1259,1191
ATCAAAAAATCAATGA,I164A R321A F469T,1.0000,2.9367,21,1
ATCAAAAAGCTGCTAA,T35M E393Y,0.5427,0.5427,163,42
ATCAAAAATAAAACAA,L447C,0.0126,0.0126,22,245
ATCAAAAATTAGATTA,K412C,0.0000,0.0000,0,26
ATCAAAACATGCGAAA,C281S,0.0000,0.0000,0,6
ATCAAAACGAAGTTGC,N92R C97*,0.0000,0.0000,0,3
ATCAAAAGATATTGAG,F439E,0.4450,0.4450,105,33
ATCAAAAGTAAAGACA,T132P,0.1571,0.1571,1345,1197
ATCAAAAGTGATAATA,R397V,0.0486,0.0486,25,72
ATCAAAATATAAGGCG,I178E,0.0000,0.0000,0,5
ATCAAAATCAGAAAAT,S509G,0.1964,0.1964,257,183
ATCAAAATCTTAGTCA,,nan,nan,0,0
ATCAAAATGTACCTTA,V395T,0.1649,0.1649,79,67
ATCAAAATTATCCTTG,N116M,0.1080,0.1080,1626,2106
ATCAAACAAATGTATC,H184F,0.0000,0.0000,0,2
ATCAAACACCCATAGC,E393A,0.2028,0.2028,435,300
ATCAAACAGATAAACA,K120F,0.2051,0.2051,44,30
ATCAAACCGTACAACA,M531N,0.0000,0.0000,0,10
ATCAAACCTACGCCTC,V309C,1.0000,1.1403,106,13
ATCAAACTGAATGTAA,S442Q,0.0000,0.0000,0,54
ATCAAAGAATACTATA,K307V,0.0819,0.0819,219,374
ATCAAAGAGCGGATCA,,0.0453,0.0453,68,210
ATCAAAGAGTATTAGA,N54aT,0.0476,0.0476,880,2584
ATCAAAGTTCCAGGCA,P239H,0.1430,0.1430,5257,5140
ATCAAATATAACTAGA,D449L,0.1771,0.1771,1836,1450
ATCAAATCAGTCTGCC,L447A,0.3838,0.3838,129,47
ATCAAATGCCCTACGC,V377F F469M,0.0000,0.0000,0,8
ATCAAATTACTCTTAT,L112I Y308K,1.0000,2.8435,61,3
ATCAAATTTAAAATTA,E31F,0.0000,0.0000,0,1
ATCAACAAATTTATAG,,0.1211,0.1211,4899,5655
ATCAACAACAAACAAT,L437Y,0.0000,0.0000,0,1
ATCAACACACTAATAA,N379F,0.1022,0.1022,122,167
ATCAACACGATGCGTT,T283K,0.0000,0.0000,0,10
ATCAACCAAGTTTGAT,P145S,0.1195,0.1195,2443,2858
ATCAACCCTGCTCATG,T46I,0.1110,0.1110,1543,1944
ATCAACCGGTACATTT,V377P K450G E479Y,0.6611,0.6611,52,11
ATCAACCTAGTTAAGA,S10F S480E,0.0000,0.0000,0,7
ATCAACCTCCATTTCG,I406A,0.0000,0.0000,0,11
ATCAACCTGATACACT,,0.0000,0.0000,0,55
ATCAACCTTTTACACA,R227M,0.0300,0.0300,327,1522
ATCAACGAACAAGGCT,W127Y W350V,nan,nan,0,0
ATCAACGTACAACACA,,0.2033,0.2033,125,86
ATCAACTAAATAAGAC,K506I,0.0755,0.0755,128,237
ATCAACTAGTAGATTG,,0.1598,0.1598,4222,3694
ATCAACTATACAAGTA,K328W G504P,0.2548,0.2548,133,73
ATCAACTGTAACGTCA,A218W,0.1958,0.1958,35,25
ATCAAGAAAATACTAA,,0.1020,0.1020,1107,1518
ATCAAGAAATGGCTTA,M230W,0.0000,0.0000,0,12
ATCAAGACGCCTCCTA,I384M,0.1109,0.1109,341,430
ATCAAGATAGTCAAAC,N197Y,0.1454,0.1454,183,176
ATCAAGATGTTGCATG,G396D R404E,0.0000,0.0000,0,6
ATCAAGCAATAATAAG,Y105V,0.1125,0.1125,263,327
ATCAAGCCACATCTCC,A19T,0.0626,0.0626,268,599
ATCAAGCCGGCACTGG,,0.1633,0.1633,1925,1648
ATCAAGCCTACACGTA,,0.1821,0.1821,4229,3247
ATCAAGCGACAGTGAA,,0.1373,0.1373,3790,3860
ATCAAGGACTTATTTA,G463R,0.0676,0.0676,29,60
ATCAAGGGCCAACCTA,L133aE,0.3360,0.3360,7457,3104
ATCAAGGTACCAACGA,N458E,0.1155,0.1155,19,23
ATCAAGGTACGGGTTC,S10Q N94K,0.5901,0.5901,173,41
ATCAAGTAAAGGCTTA,G225T,0.0000,0.0000,0,18
ATCAAGTAGAATAACA,V377C,0.0385,0.0385,78,283
ATCAAGTGGGTACAAG,E393D L418R,0.0000,0.0000,0,2
ATCAAGTGTCTGGCAA,Y98Q M346D,0.0000,0.0000,0,1
ATCAATAAGCCATAGT,H47P,1.0000,2.3773,51,3
ATCAATAGAAACAACC,K280I,0.1324,0.1324,3746,3956
ATCAATATCAAAATGC,,0.1868,0.1868,4004,2997
ATCAATATGCCACTGG,I42F,0.0000,0.0000,0,1
ATCAATATGTACCTTA,D457H,0.0748,0.0748,23,43
ATCAATATTTCCTGAC,T46*,0.0000,0.0000,0,5
ATCAATCATAACATAT,K372S,0.1579,0.1579,437,387
ATCAATCCGTAAAACT,G303Y,nan,nan,0,0
ATCAATGTGGTGCTAA,,0.1652,0.1652,19344,16376
ATCAATGTTACGCTAA,,0.2378,0.2378,483,284
ATCAATGTTTTCGTGC,Q490T,0.1272,0.1272,7160,7873
ATCAATTAAAAAACAG,K62M,0.1536,0.1536,2375,2162
ATCAATTAAACATCTA,L-1R,0.0880,0.0880,195,310
ATCAATTAGACAAATC,C277Y,0.4895,0.4895,35,10
ATCAATTCTCCATAAC,T199F,0.1032,0.1032,1706,2312
ATCACAAACCTAACAA,E434F,0.3219,0.3219,221,96
ATCACAACAAGCAGGA,T235S,0.0935,0.0935,1241,1856
ATCACAACTTGAAACT,,0.1888,0.1888,2669,1977
ATCACAATACCAACAT,,0.0910,0.0910,319,490
ATCACAATCAACCTAC,L320E,0.0000,0.0000,0,1
ATCACAATGCGGTGAC,A93E H295N G465H,0.0000,0.0000,0,3
ATCACACGCATGCTGC,E493Y,0.1779,0.1779,3063,2408
ATCACACTACACCTAC,,0.1840,0.1840,417,317
ATCACACTTAGGCAAT,A67Q A495P,0.0000,0.0000,0,6
ATCACACTTCACCACA,H18K,0.1565,0.1565,113,101
ATCACAGAACACCACC,,0.1581,0.1581,1439,1273
ATCACAGAAGACACTT,I29D R397A,0.0000,0.0000,0,2
ATCACAGACATGACAC,N20M,0.0000,0.0000,0,6
ATCACAGATAGCTCAC,E407A,0.1492,0.1492,271,254
ATCACAGGGTTGGGGG,C466Y,0.1981,0.1981,34,24
ATCACATAAGCATCGC,V510R,0.1764,0.1764,772,612
ATCACATCATGACAAT,G228D,0.2275,0.2275,257,158
ATCACATTAGTCAAGT,S442A,0.1757,0.1757,1965,1564
ATCACATTTAATAGTG,S291V,0.1532,0.1532,4729,4317
ATCACCAAAAAAAACT,,0.1245,0.1245,3123,3507
ATCACCACAAACAAGA,,0.1988,0.1988,182,128
ATCACCAGACCCTGGT,M30I F294C,0.0000,0.0000,0,1
ATCACCCCACAGCAAA,P215Y P299V,0.0000,0.0000,0,10
ATCACCGAAAATCTCT,,0.0688,0.0688,121,246
ATCACCGAATGACGAG,G342F,0.5244,0.5244,30,8
ATCACCGGCCTCTAGA,L176H L437P,0.0000,0.0000,0,30
ATCACCGGTGTGAAAC,H183I N379V,0.0000,0.0000,0,15
ATCACCGTTATGACAT,L300D,0.1288,0.1288,679,737
ATCACCGTTTCTACAG,N357K,0.0000,0.0000,0,1
ATCACCTCAAACATAC,S167M N322T T370P,0.0000,0.0000,0,2
ATCACCTCACCAGGTT,V36H H298P,0.1344,0.1344,446,464
ATCACGAACACAGATA,Q226I,nan,nan,0,0
ATCACGATCTAGTGCA,,0.1116,0.1116,850,1065
ATCACGATGTACAAGC,Q211E,0.1959,0.1959,6433,4592
ATCACGGAAGAAATTA,Y258P,0.7422,0.7422,69,13
ATCACGGCTTGGAGTT,N73R S247K F417C,0.0000,0.0000,0,18
ATCACGGTTCCTTTCC,,0.0778,0.0778,94,169
ATCACGTAATTTTCTT,R326C,0.2299,0.2299,411,250
ATCACGTCGACAAAGT,A19M L418V,0.0991,0.0991,34,48
ATCACGTTACAGACTA,,0.1695,0.1695,6178,5098
ATCACTAAAGGCACAA,K109R,0.1410,0.1410,242,240
ATCACTACAGGTGTAC,L1H N389T,0.0950,0.0950,250,368
ATCACTACGCCATTTC,,0.1388,0.1388,133,134
ATCACTAGAGTCGCCC,Y201K E468K,0.0000,0.0000,0,17
ATCACTATCTAAGCTC,P140K,0.1899,0.1899,459,338
ATCACTCATCATACGA,L515E,0.0000,0.0000,0,20
ATCACTCGAAATAATA,G55L,0.1438,0.1438,257,250
ATCACTGAAACAAGAA,S523R,0.0000,0.0000,0,4
ATCACTGTGGACTCAA,T28H,0.0000,0.0000,0,16
ATCACTTAATTTTGAT,Q282S,0.0000,0.0000,0,2
ATCACTTGACGTTGAT,N103Q,0.1761,0.1761,4593,3648
ATCACTTGATCTCGAC,,0.2342,0.2342,134,80
ATCACTTTGACACCAA,,nan,nan,0,0
ATCACTTTGCGCAACA,Y168D,0.0000,0.0000,0,10
ATCACTTTTTAAAAAA,H184I,0.0000,0.0000,0,14
ATCAGAACTCACCCGC,N401D,0.1342,0.1342,1120,1167
ATCAGAAGCCGAGATG,I236Q,0.1421,0.1421,998,982
ATCAGAATAGCTCTTG,,0.2038,0.2038,1905,1307
ATCAGAATGAATTGTA,E398S,0.1436,0.1436,304,296
ATCAGAATGAGGACGA,D63Q,0.1518,0.1518,4330,3990
ATCAGACAAAACCGTT,E24M N424A,0.0000,0.0000,0,4
ATCAGACATTAAACAC,Y470N,0.1526,0.1526,132,121
ATCAGACCGACCAAAC,L61V D175N V347K,1.0000,1.1917,196,23
ATCAGACCTTAGTATT,E119F,0.1361,0.1361,3278,3367
ATCAGACTCCAGAGCT,H184I,0.0874,0.0874,15,24
ATCAGACTGCAATTTG,E131N,0.3050,0.3050,301,138
ATCAGACTTCTATGAT,A144I,0.1712,0.1712,5625,4596
ATCAGAGAAAACGTTA,L43I W350S,nan,nan,0,0
ATCAGAGCTTAATGGA,Q282* N322D D366V T370V,0.0000,0.0000,0,3
ATCAGAGTAATGTCAA,N248P I252F,nan,nan,0,0
ATCAGATCATTGTAAC,M413K,0.0000,0.0000,0,6
ATCAGATGTCGCAAAG,E273V V505W,0.3489,0.3489,252,101
ATCAGCAAATGCAATT,T35K N197S,0.0434,0.0434,134,432
ATCAGCATTGATAACT,V82I,0.0874,0.0874,597,955
ATCAGCCAGATCGGAA,N33K L102P,0.0000,0.0000,0,4
ATCAGCCATATAGATC,L2S,0.0824,0.0824,1165,1976
ATCAGCCCTTCTTTAC,S65M,0.0000,0.0000,0,19
ATCAGCCGATGTACAA,Q391T,0.3216,0.3216,253,110
ATCAGCGATTACTAAA,N278F,0.1364,0.1364,1280,1312
ATCAGCGCATCAGTAT,D375L,0.1344,0.1344,398,414
ATCAGCTTATAAAATA,R212Q,nan,nan,0,0
ATCAGGAAACTTAAAA,S113A L154I,0.1985,0.1985,6597,4647
ATCAGGAGGTAGAGGT,K372R,0.1442,0.1442,4946,4797
ATCAGGATTAAACCTA,,0.1207,0.1207,2241,2597
ATCAGGCATCTGACTA,N187E,0.0228,0.0228,1254,7705
ATCAGGCCCCGTCAAA,P215Q L507H,0.0000,0.0000,0,6
ATCAGGCTCCACCACT,L497N A532D,0.0000,0.0000,0,5
ATCAGGTCCAAATCAA,T390W,0.0913,0.0913,77,118
ATCAGGTGTTGGAGTT,W537K,0.0000,0.0000,0,7
ATCAGTAAAAGCCCAG,A521F,0.1423,0.1423,59,58
ATCAGTAACGCCAGTC,N169A R321P,0.0000,0.0000,0,7
ATCAGTACATAAGTTA,R321L R456Q F469I,nan,nan,0,0
ATCAGTACATAGGTTA,R321L F469I,0.9265,0.9265,53,8
ATCAGTGCGGGTACGA,A188R E476P,0.2244,0.2244,398,248
ATCAGTGTAAGCCCTG,A91E D231W,0.0000,0.0000,0,124
ATCAGTGTATGCAAAA,,0.1537,0.1537,2796,2544
ATCAGTTGACGTCGGA,,0.1320,0.1320,168,178
ATCAGTTGGGATCTGT,,0.1511,0.1511,2957,2737
ATCAGTTGGTTGGATA,,0.1595,0.1595,512,449
ATCATAAACCCTAGAA,K310W,0.0000,0.0000,0,13
ATCATAACAGAAGCAA,G271Q,0.1665,0.1665,1151,967
ATCATAACCTCTACTA,A528V,0.0000,0.0000,0,2
ATCATAAGAATAATAC,R397G,0.1363,0.1363,76,78
ATCATAATAACATATC,Q222Y,0.2052,0.2052,1765,1203
ATCATACCGCCTCACC,Y161P,nan,nan,0,0
ATCATACCTTTATCTC,Q40K R328aT,0.5608,0.5608,401,100
ATCATAGAGGACATTG,S503C,0.0000,0.0000,0,10
ATCATAGATCGCGTAA,Q40*,0.0000,0.0000,0,2
ATCATAGCAATGAATA,H38W,0.0391,0.0391,124,444
ATCATAGCGCCTGCTA,E468T,0.1644,0.1644,67,57
ATCATAGGCGCAGTCC,M530G,0.4249,0.4249,392,129
ATCATAGTCACACTAC,A3C,0.1110,0.1110,703,886
ATCATATAATTTATGG,V261G,0.1402,0.1402,2283,2277
ATCATATACCTACTAG,E83H A91S E403P,0.9190,0.9190,46,7
ATCATATACTAAACTC,L7M S290Q,0.0000,0.0000,0,9
ATCATATAGCCTGCCA,,0.1399,0.1399,1463,1462
ATCATATAGTAGAGCA,E131L,0.3292,0.3292,7250,3080
ATCATATAGTCGCTGA,N169T T370Q,0.0000,0.0000,0,9
ATCATATATACCGTGT,,0.1586,0.1586,1554,1370
ATCATATATGACCCTG,,0.1214,0.1214,791,911
ATCATATCAGTCGCTC,M388G Q454R,0.0000,0.0000,0,4
ATCATATTCCACACTG,,0.1473,0.1473,6142,5830
ATCATATTGATGATAT,Q391K,0.1004,0.1004,418,582
ATCATATTTAAGCCCG,,0.0555,0.0555,199,501
ATCATCAAATACAACT,K506C,0.0000,0.0000,0,12
ATCATCAGAAGTTTGA,A521E,0.0000,0.0000,0,6
ATCATCATATTGTGGA,P284R,0.0719,0.0719,18,35
ATCATCGGTGCGCCAA,,0.1570,0.1570,2134,1901
ATCATCGTATGCGTGA,,0.1467,0.1467,2571,2451
ATCATCGTCAGCTAAG,L314Q S361R,0.0000,0.0000,0,3
ATCATCTACAATTAGA,A188G,0.1593,0.1593,3660,3213
ATCATCTTGAAAAAAT,N312H,0.1396,0.1396,1937,1940
ATCATGAAATCGTTCA,V315L,0.1740,0.1740,51,41
ATCATGATGAATGCAC,W180* E189H,0.0000,0.0000,0,26
ATCATGATGCAGTGTC,V152W,0.1250,0.1250,2170,2427
ATCATGCACTTCTGAA,R90N,0.0303,0.0303,72,332
ATCATGCATGGCAGAA,,0.1563,0.1563,3586,3209
ATCATGCCATAGTCAA,N197G,0.0718,0.0718,824,1604
ATCATGCCATCTATAG,N187V,0.0193,0.0193,183,1323
ATCATGCGAAAGTACC,,0.0929,0.0929,737,1110
ATCATGGTGTAATGTA,L54M L300G,0.0000,0.0000,0,18
ATCATGTAACCAACAG,G416P,0.0000,0.0000,0,5
ATCATGTTATCATAAT,D53F,0.0000,0.0000,0,2
ATCATTAAGGTTTCAC,V8*,0.0000,0.0000,0,3
ATCATTACGATGATAA,I550E,0.2482,0.2482,126,71
ATCATTACTGAAAAAT,E83*,0.0000,0.0000,0,6
ATCATTAGAAAAATAG,M292Q,0.1052,0.1052,2375,3157
ATCATTAGTCCTAGCT,Q391M,nan,nan,0,0
ATCATTATACTCAATG,,0.2140,0.2140,3561,2327
ATCATTATCACGAGTC,S442D,0.0000,0.0000,0,24
ATCATTCACTACAACT,P82aC,0.2302,0.2302,4126,2507
ATCATTCAGCACAGAC,E432W,0.2609,0.2609,153,82
ATCATTCATCTACCAA,,0.1235,0.1235,302,342
ATCATTCCCCTAATTG,,0.1779,0.1779,10975,8629
ATCATTCCCCTCCGCA,D241A,0.2377,0.2377,102,60
ATCATTCGCCCGGTAT,V204Y,nan,nan,0,0
ATCATTCGTTCATTTC,D41G,0.2072,0.2072,1363,920
ATCATTCTGCGGATTG,,0.1474,0.1474,11574,10980
ATCATTCTGTTAGAAA,N54aT,0.0646,0.0646,1140,2467
ATCATTCTTCAAGGCT,L427A,0.0000,0.0000,0,2
ATCATTGAGACTAAAA,Y141A S356N,0.1810,0.1810,4448,3436
ATCATTGAGTATCCCA,I115K,nan,nan,0,0
ATCATTGATAGGTCCG,G463C,0.5617,0.5617,245,61
ATCATTTAAATAAAAG,P293D,1.0000,1.2120,52,6
ATCATTTAATAGGTGA,K32Q,0.0381,0.0381,206,756
ATCATTTAGACTCCCA,L154S,0.0000,0.0000,0,9
ATCATTTATGTACAAA,G100R T520L,nan,nan,0,0
ATCATTTTCTATTGAG,E327P,0.1263,0.1263,802,888
ATCCAAAAAGCTGGAG,P125G,0.1149,0.1149,1615,1966
ATCCAAAACGCGGATC,,0.1093,0.1093,272,348
ATCCAAAAGATATCTT,A137H,0.1364,0.1364,1123,1151
ATCCAAAGAAGGCGCA,P58R,0.0000,0.0000,0,1
ATCCAAAGCACCCCTA,,0.1887,0.1887,4589,3401
ATCCAAAGCACCCTTT,I217Y,0.0800,0.0800,178,311
ATCCAAATAATGAATC,D175Q D415E,0.0997,0.0997,554,777
ATCCAAATAGCATAAA,H117N,0.1265,0.1265,371,410
ATCCAAATATAGTAGC,I87P,0.0000,0.0000,0,5
ATCCAAATCTGTCCCC,M292L,0.1998,0.1998,3174,2222
ATCCAACCTACCTAGT,,0.0724,0.0724,682,1318
ATCCAACTGAGTGCCG,V56T,0.2465,0.2465,1925,1092
ATCCAAGAACCACACA,K387A,0.2031,0.2031,803,553
ATCCAAGCATGCACGA,T378W E432K,0.0000,0.0000,0,4
ATCCAAGCGTCAAAAC,,0.0974,0.0974,1447,2077
ATCCAAGGACTGTAAT,A39I,0.0840,0.0840,382,636
ATCCAAGGCCGAAATC,Q226F,0.0000,0.0000,0,14
ATCCAAGGCTAGAGGG,E31D,0.0280,0.0280,28,140
ATCCAATACAGGTTTG,V204I,0.1378,0.1378,132,134
ATCCAATCCTACATCA,G337C L544M,0.1569,0.1569,92,82
ATCCAATCTCAACAGG,F392R,nan,nan,0,0
ATCCAATGAATTAATT,S203C,0.1361,0.1361,362,372
ATCCAATGTTCACAGC,I514R,0.2175,0.2175,14,9
ATCCAATTCAATTACA,E479D,0.1579,0.1579,893,791
ATCCAATTTAAGAGGG,E434K,0.7392,0.7392,74,14
ATCCACAAATCCGTTA,K506N,0.1954,0.1954,918,657
ATCCACAAGTCCACGG,Q490I,0.0404,0.0404,13,45
ATCCACAATATTTGGA,,0.1090,0.1090,113,145
ATCCACAGAATAACGT,M75Q,0.2477,0.2477,5010,2828
ATCCACAGAGCTAATT,G465C,0.0000,0.0000,0,12
ATCCACATAAAATCTA,Q25E,0.1718,0.1718,1144,931
ATCCACATAATCACAA,T171A L300I,0.1552,0.1552,7449,6711
ATCCACATGTTACGGA,Y470T K506L,0.0000,0.0000,0,22
ATCCACCCAAGATAGA,N401K,0.1870,0.1870,424,317
ATCCACGAATCAAGCA,K109Y,0.4994,0.4994,25,7
ATCCACGAGTGATCTA,E119G,0.0975,0.0975,1257,1803
ATCCACGCTCAAAAGT,Y308W,0.0000,0.0000,0,7
ATCCACGGCCATCTTA,N443W,0.2417,0.2417,140,81
ATCCACGGTTTCCTTT,,0.2017,0.2017,649,450
ATCCACGTATTACGAC,E432K,nan,nan,0,0
ATCCACTGAAGTAAAA,N187C,0.0000,0.0000,0,119
ATCCAGCAGTTCTACT,V272R,0.0744,0.0744,251,472
ATCCAGCATGTACGTA,K9R,0.0447,0.0447,39,122
ATCCAGCCCATATAAG,I124Q,0.0841,0.0841,533,886
ATCCAGGGTAGCTTTT,T266A G345D,1.0000,1.3984,90,9
ATCCATAACGGAAATG,E432N,0.2380,0.2380,577,339
ATCCATACTCGTGAGA,,0.1511,0.1511,1111,1028
ATCCATAGTGTCGTCG,V481N,nan,nan,0,0
ATCCATATATGACAAA,Y141D,0.1541,0.1541,1987,1803
ATCCATCAATTCTTTA,H18Q M538T,0.0946,0.0946,117,173
ATCCATCATAGTAATT,,0.1700,0.1700,327,269
ATCCATCATAGTCCAA,,nan,nan,0,0
ATCCATGTGTATGGTC,,0.1983,0.1983,336,237
ATCCATTATATGACAA,D441R,0.2715,0.2715,1262,650
ATCCATTCAAATATAA,V66W Q513F,0.0000,0.0000,0,8
ATCCATTGAAACGCAG,G376K,0.0361,0.0361,157,608
ATCCATTGCTACGAGT,G16N,0.0000,0.0000,0,20
ATCCATTGCTAGTAAT,T390Y,0.0000,0.0000,0,23
ATCCCAAACGATTTCT,D241P S480Y,0.0000,0.0000,0,3
ATCCCAACACAATATC,S291P,0.1865,0.1865,3094,2320
ATCCCAAGCACAAAGA,V285Y,0.0915,0.0915,1327,2029
ATCCCAAGCCAGTCAA,F469Q,0.0000,0.0000,0,6
ATCCCACATACAATCC,D11L,nan,nan,0,0
ATCCCACCATTTGGGC,H276E,0.2780,0.2780,1861,936
ATCCCAGAGTTAAAGT,R328aV,0.1721,0.1721,16,13
ATCCCAGTACTTGTCT,N197K E426P E432A,0.0000,0.0000,0,1
ATCCCATAACGAAATT,P162V,0.0856,0.0856,1164,1902
ATCCCATCTTCTAGTT,G271C,0.0859,0.0859,215,350
ATCCCATTGTAAGATA,N33R,0.1394,0.1394,2507,2515
ATCCCCAAACAAACAC,P58L,0.0000,0.0000,0,1
ATCCCCACAGATAGAG,I260S,0.0000,0.0000,0,1
ATCCCCATAAAATAAC,Y86E S543L,nan,nan,0,0
ATCCCCCAAATGGCAA,C477L,0.5594,0.5594,32,8
ATCCCCCAAGACTCTC,E83F,0.3496,0.3496,5,2
ATCCCCCACCCCAAGG,F245G E403H,nan,nan,0,0
ATCCCCCCAGGAGAGG,L507Y,0.0249,0.0249,37,208
ATCCCCCCTGCACGAG,,0.1135,0.1135,190,234
ATCCCCGAAATGTAGC,,0.1914,0.1914,6546,4783
ATCCCCGAGAAATACA,N248Y,nan,nan,0,0
ATCCCCGAGAGTTCAT,H295K,nan,nan,0,0
ATCCCCGCATCTACCT,P489M E500V,0.0000,0.0000,0,16
ATCCCCGTGTTAAACC,,nan,nan,0,0
ATCCCCTAAAATGGCG,R212E,0.0000,0.0000,0,44
ATCCCCTAGTTTAGTC,N103D,0.0943,0.0943,331,491
ATCCCCTCGTCGGAGT,M30C G275Y L437D,0.0000,0.0000,0,1
ATCCCCTCTGCAATTC,Y195V G360N,nan,nan,0,0
ATCCCCTTAACCACAG,,0.1692,0.1692,2072,1713
ATCCCGAGAGGGGATA,M413Q,0.0000,0.0000,0,5
ATCCCGAGGAAATTAA,E78L G352Q,0.0000,0.0000,0,6
ATCCCGATTAATTGTT,,0.1430,0.1430,493,482
ATCCCGATTGAGCAAG,N312C,0.1005,0.1005,3808,5300
ATCCCGATTTCAGAAA,N197Y V481Q,0.0000,0.0000,0,5
ATCCCGGAAAAAGCTA,K269A,0.1355,0.1355,4575,4722
ATCCCGTTAAACTAGG,L2Y,0.0652,0.0652,207,444
ATCCCGTTCAACCAGT,,0.0755,0.0755,473,876
ATCCCTAAGCAAAGCT,S383Q,0.1609,0.1609,4653,4045
ATCCCTAATTCATTCT,I252C,0.3350,0.3350,103,43
ATCCCTAGCTACCTGG,,0.2415,0.2415,613,355
ATCCCTATGCTACAAC,S442P,0.0000,0.0000,0,16
ATCCCTATTAATCTAA,V261Y,nan,nan,0,0
ATCCCTCACACCAAGG,V-2W,0.1194,0.1194,1115,1306
ATCCCTCCCACTGACC,L112F G362V,0.0000,0.0000,0,7
ATCCCTCCCGCGAAAG,A257E,0.3877,0.3877,61,22
ATCCCTCGCAACATGC,M413I,0.1896,0.1896,739,545
ATCCCTGCTTCGCAAA,V420M,0.1183,0.1183,242,286
ATCCCTGGTTCCCCCA,H130T,0.3550,0.3550,66,26
ATCCCTTCCTATGACA,Q12R F251H,0.0000,0.0000,0,31
ATCCCTTTAAAATAAC,E83V,0.0841,0.0841,320,532
ATCCGAAGTTAGGTGC,V444T,0.1191,0.1191,1229,1443
ATCCGATGGCTATGGT,G205S,0.0546,0.0546,41,105
ATCCGATTGCAACTTT,I182G,0.1810,0.1810,44,34
ATCCGCAAACAATCTT,A394Q,0.0000,0.0000,0,5
ATCCGCAAATTTCTCA,L43Q V377R,0.0000,0.0000,0,4
ATCCGCAATGTAAAGC,R404Q S543C,0.0000,0.0000,0,6
ATCCGCCGTCCCAGGT,A137H N475R,nan,nan,0,0
ATCCGCCTACTTAAAC,F332C,0.7142,0.7142,143,28
ATCCGCGGATTAGTGC,E131C,0.3522,0.3522,2209,877
ATCCGCGGTGGTGTTG,A19N,0.1139,0.1139,202,248
ATCCGGATTATCTGTA,V135F,0.3157,0.3157,7648,3388
ATCCGGATTCCTTTCA,,0.2179,0.2179,6430,4126
ATCCGGTAAGCCGAAG,C305W,0.0000,0.0000,0,3
ATCCGGTAATTTTGCC,G100E,0.0000,0.0000,0,5
ATCCGGTGTGTGCAGT,L314G,0.0427,0.0427,143,468
ATCCGTACGATTACAA,L402P Q454C,0.0000,0.0000,0,2
ATCCGTATAACTTCTA,F469W,0.3916,0.3916,28,10
ATCCGTCAGTAAACAC,Y17K Q545*,0.3996,0.3996,60,21
ATCCGTCATTAATTAT,G342D,0.7552,0.7552,27,5
ATCCGTCTCGGTCCAG,I13P G72D P284Y,1.0000,1.2702,109,12
ATCCGTGCTATAAGTT,V151Q,0.2989,0.2989,109,51
ATCCGTTCGGAGAGTA,,nan,nan,0,0
ATCCGTTGAATATACT,G345V Y448C E493G K498E,0.3819,0.3819,71,26
ATCCTAAAGAATGCCA,D159Y E358*,0.0000,0.0000,0,6
ATCCTAAAGACAAAAA,,0.1688,0.1688,338,280
ATCCTAAATCAACTGT,L122E,0.1428,0.1428,1402,1373
ATCCTAAATGATCATC,H110Y,0.1928,0.1928,1383,1003
ATCCTAACACCTCTAA,N169H,0.2212,0.2212,1536,971
ATCCTAATACATAAAA,F233A,0.0693,0.0693,427,862
ATCCTAATACTAAAAA,N278A,0.0000,0.0000,0,10
ATCCTAATAGAGTGCG,A218Y,0.3671,0.3671,63,24
ATCCTAATCAAATACT,C277E,1.0000,8.1109,58,1
ATCCTAATCAACAGTA,I267H,0.5194,0.5194,26,7
ATCCTAATGAGAAGGC,V-2D,0.0734,0.0734,21,40
ATCCTACACAAAATAG,V152H,0.0922,0.0922,292,443
ATCCTACTCTATGGCC,,0.1427,0.1427,9447,9259
ATCCTAGAGATTCTCC,K412N,0.2161,0.2161,221,143
ATCCTAGTAACCGTCA,P215R,0.0953,0.0953,30,44
ATCCTATAAGAAAGTA,,0.1287,0.1287,1038,1128
ATCCTATTACCGGAGA,,0.1050,0.1050,374,498
ATCCTATTGATGAAAC,A160F,0.0495,0.0495,52,147
ATCCTCAAGTCCTGTC,E83D S291E,0.0000,0.0000,0,53
ATCCTCCAGGTTAGGA,K313N,0.0875,0.0875,174,278
ATCCTCCCTACAATAC,I236N,0.0775,0.0775,87,157
ATCCTCCTCATAGGTG,A91Q,0.1368,0.1368,355,363
ATCCTCCTTCGGCCAG,F332T,0.3570,0.3570,120,47
ATCCTCGAACTATCAA,,0.1641,0.1641,3349,2854
ATCCTCGGACTGTCCA,L177F K259S,0.0000,0.0000,0,43
ATCCTCGTAGACGTAT,T511D,0.1277,0.1277,1724,1888
ATCCTCGTCTCAAAGG,H110D L453M,nan,nan,0,0
ATCCTCTAATATATCA,V34H G330L,nan,nan,0,0
ATCCTCTAGAAATTAC,E434C,0.1526,0.1526,24,22
ATCCTGAACGAGGCAA,,0.1119,0.1119,424,530
ATCCTGAATCAACAAC,E432K R482I,nan,nan,0,0
ATCCTGCCAAGAAGTT,V56E K380S,0.0000,0.0000,0,10
ATCCTGCGAACATCAA,A257K,nan,nan,0,0
ATCCTGGGCTATGGTC,,0.1132,0.1132,1210,1495
ATCCTGTGCCTAGGAT,W180H M346I,nan,nan,0,0
ATCCTGTTCTCTAATT,,0.0944,0.0944,83,123
ATCCTGTTGCAAAAAA,K307V,0.0458,0.0458,237,723
ATCCTGTTTCCAAGTT,A317M,0.1398,0.1398,139,139
ATCCTTACGTCAAGGT,Q513G,0.1848,0.1848,436,330
ATCCTTATGACAACAC,V420C,0.0850,0.0850,31,51
ATCCTTATGTATATAT,Q282L,1.0000,inf,26,0
ATCCTTCACTGAACCA,L59C,0.0315,0.0315,43,191
ATCCTTGTCCTCTTAG,N193L,0.2304,0.2304,1318,800
ATCCTTTCCATCGTCT,K125aM,0.1472,0.1472,1025,974
ATCCTTTGAAGTGGCA,N129S,0.2203,0.2203,2516,1597
ATCCTTTGACGCCGAA,I339D,0.3178,0.3178,25,11
ATCGAAAATACTAAGA,A532N,0.0000,0.0000,0,1
ATCGAAACAACGCTAC,Y195F,0.0147,0.0147,2,19
ATCGAAATATGTGAAA,N169R D366C T370P F469L,0.5034,0.5034,36,10
ATCGAAATTAATACAT,H244M E327K L527D,0.0000,0.0000,0,12
ATCGAACAAATCCGAT,I202L,0.1141,0.1141,315,386
ATCGAACACGTTGGTT,F147W C473D,0.0000,0.0000,0,2
ATCGAACCGCATGGTT,M111Q Q359A,0.1889,0.1889,127,94
ATCGAACTGAATAGCC,L7D G416R,nan,nan,0,0
ATCGAATAAAGGCTAC,Y308W L418D,0.1551,0.1551,71,64
ATCGAATAAGTATGAA,,0.2192,0.2192,2372,1513
ATCGAATATCAGTCCA,E358W,0.0428,0.0428,53,173
ATCGAATCAACACGCC,,0.1435,0.1435,2008,1957
ATCGAATCCTGCGATC,F469D,nan,nan,0,0
ATCGAATCTGTCCACA,C139A,0.0000,0.0000,0,3
ATCGAATGAACGGAAT,H110N W421D,0.1727,0.1727,21,17
ATCGAATGGCAACATG,E24C,0.1730,0.1730,454,367
ATCGAATTATTCCTCA,K307M W421*,nan,nan,0,0
ATCGACAAGCATCGCG,K280Q,0.1185,0.1185,1231,1453
ATCGACCCAGAGGAGG,,0.1432,0.1432,2533,2474
ATCGACTAAAACATAT,K450C E494A,0.1232,0.1232,1382,1569
ATCGACTAACAGTACA,G333M,0.1956,0.1956,860,615
ATCGACTAATGTGGAT,,0.1764,0.1764,7655,6070
ATCGACTATATAATAA,,0.1470,0.1470,9026,8589
ATCGACTGCACAGCTA,T219C,0.0704,0.0704,833,1654
ATCGACTTACCTTTCA,N541D,1.0000,1.2586,36,4
ATCGACTTATGTTTTT,R220H V223L F469M,0.0000,0.0000,0,5
ATCGAGACTCCATATC,S290P,0.0247,0.0247,24,136
ATCGAGACTCTAAGAA,,nan,nan,0,0
ATCGAGATGGTCGCGT,P198F V347I,0.0653,0.0653,361,773
ATCGAGCCCATTTCAC,N446C,0.1283,0.1283,166,181
ATCGAGCTATGTACCG,E508H C549I,0.0985,0.0985,1174,1666
ATCGAGGTAGCTAATC,,0.1119,0.1119,156,195
ATCGAGGTTTTTATCA,S291H,0.0000,0.0000,0,22
ATCGAGTCTAGAAAAT,L527Y,0.0000,0.0000,0,8
ATCGATAATCATGCAC,E78M,0.1384,0.1384,11681,11799
ATCGATACCAATACAT,Q142L,0.2133,0.2133,1949,1278
ATCGATAGAATGGCGA,,0.0000,0.0000,0,22
ATCGATATACCCTCGG,A334K,0.0000,0.0000,0,1
ATCGATCATCAATTGT,S519I A522G,nan,nan,0,0
ATCGATCCCTAAAGAA,G205M D487V,0.0000,0.0000,0,5
ATCGATCCTGAAACCA,K57T,0.2030,0.2030,6463,4452
ATCGATCTACTACCTG,E190F E407P,0.0000,0.0000,0,3
ATCGATTCCCCCTGAA,T199L,0.3508,0.3508,153,61
ATCGATTTCTGTTTTT,R173C V285Q,0.1703,0.1703,1097,901
ATCGATTTTATAAGTA,K472M,0.0734,0.0734,177,337
ATCGCAAACAATGACA,P299A S356N,0.0448,0.0448,33,103
ATCGCAAGAGGATTGT,F469W,0.0000,0.0000,0,1
ATCGCAATAACTAATG,N20K,0.2952,0.2952,19,9
ATCGCACACACTTATA,,0.0883,0.0883,654,1036
ATCGCACCCTAAGTGA,R229T,nan,nan,0,0
ATCGCACGCTGCAAAG,T511V,0.2077,0.2077,1252,843
ATCGCACGTAGGACTA,L428I,0.2106,0.2106,250,166
ATCGCACTCAAACGCA,P284W,0.0634,0.0634,380,838
ATCGCAGAGTCCGATA,Q545T,0.0275,0.0275,24,122
ATCGCATAAGCTTCAA,H354L,0.1378,0.1378,1057,1073
ATCGCATGCTGATGGA,,0.1382,0.1382,504,510
ATCGCCACCTCTTACA,G360I,nan,nan,0,0
ATCGCCATATAATGTA,Y488C,0.3236,0.3236,243,105
ATCGCCATGCCGCCAA,E340W,0.0000,0.0000,0,36
ATCGCCCAGCATGGCT,M431I,0.9634,0.9634,62,9
ATCGCCCCGATGGTAG,I217V,0.0962,0.0962,86,125
ATCGCCCGCTTCAACT,M75L Y491E,0.9323,0.9323,120,18
ATCGCCCTAGCGAACA,,0.1790,0.1790,256,200
ATCGCCTAGTATTTTT,,0.2228,0.2228,513,322
ATCGCCTTAAGTTGTC,P145M,0.6157,0.6157,1607,365
ATCGCGATAAACGAAG,P125N,0.2729,0.2729,1079,553
ATCGCGATCTGTACTC,,0.1868,0.1868,1960,1467
ATCGCGTTAACGCTCA,A188D,0.1505,0.1505,127,118
ATCGCTCAAATTAACA,K460V,0.1792,0.1792,8766,6842
ATCGCTCAAGGCAATA,V347E,0.0807,0.0807,139,241
ATCGGAACCCAATTGC,I115W,nan,nan,0,0
ATCGGAACTTTACCAA,E358S,0.2049,0.2049,3984,2719
ATCGGAATTGCTCTAG,N169V F469I,0.1102,0.1102,197,250
ATCGGACAAGATGCTT,,0.0862,0.0862,69,112
ATCGGACCACAAAAAT,,0.1897,0.1897,4511,3326
ATCGGACGAAAAAGCG,S146N D487E,0.1357,0.1357,1226,1263
ATCGGACGAGTCAATA,N312C,0.1716,0.1716,7852,6398
ATCGGACGGCCTCATA,I288C,0.0000,0.0000,0,1
ATCGGAGGAGAGATTC,C76T T279C,0.0000,0.0000,0,14
ATCGGAGTATATAATG,S146A I335G,0.0000,0.0000,0,6
ATCGGATAAAACGCTG,,0.0000,0.0000,0,24
ATCGGATAAATAATGC,F233M,0.1417,0.1417,529,522
ATCGGCAATCCTCAAA,R149C,0.0418,0.0418,35,117
ATCGGCAGATCTGTCC,N20W,0.0000,0.0000,0,29
ATCGGCATAGAAAGAT,A218D,0.0000,0.0000,0,8
ATCGGGGAAGTTCCCT,L54V,0.1459,0.1459,3738,3584
ATCGGGTGCCGTTACA,,0.1589,0.1589,2004,1764
ATCGGGTTGATGTGGA,S126G,0.1817,0.1817,16711,12864
ATCGGTACTTACTACG,D240W,0.1966,0.1966,759,540
ATCGGTATCCAAGTCA,A532W,0.2196,0.2196,325,207
ATCGGTCCAATTAACG,,0.1544,0.1544,3749,3396
ATCGGTCTCCCGTTTT,F232W,0.1420,0.1420,65,64
ATCGGTGACATCCCTA,G72C A521H,0.0000,0.0000,0,2
ATCGGTGGCGAGTCAT,Q226E E432C,0.0000,0.0000,0,7
ATCGTAAAAAAAGAAC,A91V I529W,0.0856,0.0856,120,196
ATCGTAAAATGCACCT,S265W,0.0000,0.0000,0,33
ATCGTAACGGTTGAAC,E414K,0.2098,0.2098,6,4
ATCGTAACTCCTATTA,K472F,0.1554,0.1554,3613,3251
ATCGTAATAAGTATAT,T301M,0.2230,0.2230,228,143
ATCGTAATTTAAAAAA,A336D,0.7280,0.7280,177,34
ATCGTACACGAATCCA,,0.0737,0.0737,59,112
ATCGTACTTTTGAAAC,M111Y T192N,0.1016,0.1016,1934,2661
ATCGTAGTACATCACC,A138N,0.0016,0.0016,1,88
ATCGTAGTATATCGAT,I121R K262aE,0.0000,0.0000,0,54
ATCGTCAACCTCTACA,T192L,0.0626,0.0626,34,76
ATCGTCAAGGAGTTAC,T171A F469T I517N,0.0000,0.0000,0,5
ATCGTCACCAGCTAAG,K387N M388R,0.0000,0.0000,0,17
ATCGTCACCTTTCCCC,,0.1412,0.1412,2556,2531
ATCGTCATCCACTGTC,K120G,0.1766,0.1766,269,213
ATCGTCATGATTTATT,A137T V315C,0.0611,0.0611,62,142
ATCGTCTAATGTTCAA,S125bD I335S,0.6293,0.6293,27,6
ATCGTCTCATTGTGAG,I384L,0.1426,0.1426,2977,2920
ATCGTGAAAAACCTAC,Y195C,nan,nan,0,0
ATCGTGAATTCAGAAT,I297W,0.0000,0.0000,0,1
ATCGTGCATCTGGAGG,F467V E494K,0.0000,0.0000,0,7
ATCGTGGATCGCAAAA,Y353E,0.0000,0.0000,0,10
ATCGTTAAAATTGACA,S270Y K367H,0.3936,0.3936,76,27
ATCGTTAAGTACCTCT,M111D,0.2144,0.2144,23,15
ATCGTTAATCACTAAG,C97I,0.0808,0.0808,26,45
ATCGTTATAGATACCC,F417R,0.0000,0.0000,0,3
ATCGTTCAATACTATT,Y512K,0.0000,0.0000,0,14
ATCGTTCTAAATACGA,K50Q,0.2307,0.2307,424,257
ATCGTTTCCATTCCAA,S383Q,0.1078,0.1078,759,985
ATCGTTTCTACGCTGT,,0.0929,0.0929,589,887
ATCGTTTGAATAAAAT,G484K,0.0810,0.0810,373,644
ATCTAAAAAATTACCA,S146T,0.1507,0.1507,457,424
ATCTAAAACATCTCTT,A138S E468R,0.0321,0.0321,91,397
ATCTAAAATACGATTA,H110C,0.3263,0.3263,28,12
ATCTAAAATGCAACAA,,0.1701,0.1701,877,721
ATCTAAACGATAGGTC,V429E,nan,nan,0,0
ATCTAAACTCCAGCAA,I252A,0.2603,0.2603,121,65
ATCTAAAGCTAAAGCT,L437N,0.0661,0.0661,35,74
ATCTAAATACCTGCGG,L102I,0.1998,0.1998,50,35
ATCTAAATATTTGGAC,,0.1408,0.1408,2989,2968
ATCTAAATGAATTGAA,,0.2404,0.2404,1609,936
ATCTAACACCTAGAAA,S65R A336S G337K,0.0000,0.0000,0,3
ATCTAACCCTCAGATC,,0.1276,0.1276,2748,3011
ATCTAACCGCAGAAGA,L320C Q545D,0.0000,0.0000,0,6
ATCTAACGGTTAACCA,,0.0591,0.0591,30,71
ATCTAAGACCAAAATC,S221L R227W,0.0000,0.0000,0,13
ATCTAAGCAGAACAGG,Q40T Q391I,1.0000,1.1887,17,2
ATCTAAGTCCTGAGCA,,0.1863,0.1863,1396,1048
ATCTAATAAGTTAGAT,E508A,0.0000,0.0000,0,26
ATCTAATCACCCTACT,N296E,nan,nan,0,0
ATCTAATCCGCTATTG,Q513C,0.0556,0.0556,202,508
ATCTAATTAGTACTCT,A91C V261K,0.1026,0.1026,154,210
ATCTAATTGATACACC,N289M,0.1983,0.1983,2257,1592
ATCTAATTTAGCTACA,A364M,0.1793,0.1793,2438,1901
ATCTACAAGCACCACG,Y105K,0.1040,0.1040,1037,1394
ATCTACAATACAGAAT,I13A,0.6393,0.6393,64,14
ATCTACATACACGACC,W421Y,1.0000,1.0268,257,35
ATCTACATAGAATAAC,N289P,0.0579,0.0579,215,519
ATCTACATTCATTCCA,G16R R328aE,nan,nan,0,0
ATCTACCAACCCAACA,,0.0250,0.0250,22,123
ATCTACCAGAAATTTA,G416Q,0.1103,0.1103,209,265
ATCTACCCATAGATCC,K328cW,0.5943,0.5943,85,20
ATCTACCGCTGGGTCT,S6D V481S,0.0000,0.0000,0,13
ATCTACCTAGGTAAGT,K45L G319F,0.0000,0.0000,0,2
ATCTACGAGACTTCAG,D241K,0.0000,0.0000,0,67
ATCTACGCGTTAGACA,S6*,nan,nan,0,0
ATCTACGGAGTAAGAA,A3T E493I,0.1249,0.1249,453,507
ATCTACTAAGATGTGT,,0.3986,0.3986,114,40
ATCTACTAATACTCAA,L316Q,0.0000,0.0000,0,9
ATCTACTCCGCGGGGA,,0.1849,0.1849,1058,800
ATCTAGAAACAAATAC,Q191F,0.0000,0.0000,0,23
ATCTAGATGTACCTAG,K9A,0.0696,0.0696,225,452
ATCTAGCATTACTCCC,S10F D457T,0.1585,0.1585,34,30
ATCTAGCCGGTTTTTA,T436G Y486R,nan,nan,0,0
ATCTAGGACTGTCCTA,G263E,0.4574,0.4574,157,48
ATCTAGGAGCCCTCAC,N94R W153* E174K G337R R499Q,nan,nan,0,0
ATCTAGTCCATGACGG,,0.0946,0.0946,1155,1708
ATCTAGTGGTCCCCTA,,0.1585,0.1585,306,270
ATCTATAAGGGGAGTT,,0.0880,0.0880,408,648
ATCTATACACTGATTT,S126H,0.2890,0.2890,31,15
ATCTATACAGCTGCAC,L2K,0.0219,0.0219,8,51
ATCTATACTTGTGGAT,,0.1009,0.1009,197,273
ATCTATATTTTTACTT,L507Q,0.0000,0.0000,0,20
ATCTATCAAACCATCA,,0.1868,0.1868,354,265
ATCTATCATAGACTGT,,0.1149,0.1149,1862,2267
ATCTATCTAGACCAGC,S543E,0.1034,0.1034,34,46
ATCTATGAAATTACCA,D41N,0.1084,0.1084,1399,1804
ATCTATGATGGAGACC,E24D A218V,0.1248,0.1248,1039,1164
ATCTATGCCGGACTGG,C549Y,0.1938,0.1938,176,127
ATCTATGTATCAACCG,A93I,0.1574,0.1574,5679,5044
ATCTATGTCGCTCCTA,,nan,nan,0,0
ATCTATTCCAGTAAAT,E398C F469L,0.0000,0.0000,0,7
ATCTATTTATAAGACC,I4Q R173G N197S,0.0000,0.0000,0,3
ATCTCAAAACCAAAAT,G349M,1.0000,inf,55,0
ATCTCAAAACGGCAAT,Y141I,0.1809,0.1809,3636,2811
ATCTCAAATATACTAA,T266S,0.0702,0.0702,129,257
ATCTCAATATAACGTC,F332A,0.0000,0.0000,0,13
ATCTCAATATGTGGCT,N278K,0.1267,0.1267,3065,3384
ATCTCAATTAATCAGC,D95E,0.1090,0.1090,106,136
ATCTCAATTCATGGTT,C14A,0.0000,0.0000,0,5
ATCTCACCGCAAACGC,N312H L527C,0.1508,0.1508,1018,944
ATCTCACCTACGGTCC,T37R Y353G,0.0808,0.0808,26,45
ATCTCAGTAAACAAGC,A253P,0.1423,0.1423,5414,5321
ATCTCAGTTGTACACG,R482Y,0.0204,0.0204,21,144
ATCTCATCCAATAAGT,G275D,0.1916,0.1916,6401,4672
ATCTCCAAGTTGCGCC,K120F,0.3496,0.3496,15,6
ATCTCCATCACCGATA,N103M,0.1746,0.1746,954,764
ATCTCCCCACCTAGAC,V429I,0.1310,0.1310,1577,1683
ATCTCCCCATGAGATT,N224Q,0.1116,0.1116,4672,5852
ATCTCCCCCAGACTCC,D104P,0.0480,0.0480,34,99
ATCTCCCGAAGTCCGA,K262E,0.0782,0.0782,137,245
ATCTCCCGCGTACATT,S22R G228M,nan,nan,0,0
ATCTCCGCAGGAATGG,N169R R321G F469D,0.0000,0.0000,0,10
ATCTCCTAAAATAATT,A67E,0.0995,0.0995,4467,6281
ATCTCCTAACGGACGG,L497D,0.1057,0.1057,99,131
ATCTCCTAGCTTGAAC,T171N E327H,0.1638,0.1638,2213,1889
ATCTCCTCCCCCTTAG,G100N,0.1166,0.1166,546,655
ATCTCCTCCGTTCAGG,D63I,0.4720,0.4720,27,8
ATCTCGAATCTTATTT,,0.1040,0.1040,299,402
ATCTCGTATAATAAGT,R229G,0.0000,0.0000,0,9
ATCTCGTGTCTCGCAA,L112C,0.1597,0.1597,3309,2898
ATCTCTAAAAGACGAA,,0.1882,0.1882,327,243
ATCTCTAATCAAACAT,,0.1366,0.1366,3918,4010
ATCTCTACAGGTCAAC,,0.1033,0.1033,514,696
ATCTCTATCCTGAGGA,L122E,0.1577,0.1577,344,305
ATCTCTATTCCATTGA,,0.2267,0.2267,3587,2213
ATCTCTCCCAGTTGAC,K109V,0.1163,0.1163,528,635
ATCTCTCTCGCAATAC,L133aE,0.2523,0.2523,1990,1103
ATCTCTGAAGGATCAA,G330D,0.0000,0.0000,0,1
ATCTCTGCCTTAAGCA,K9R G16D R173K N424D,0.0000,0.0000,0,18
ATCTGAAATAGTAAAC,C97M,0.0000,0.0000,0,9
ATCTGAATAAACTCGA,I80E,0.1551,0.1551,4134,3728
ATCTGACCTTCACAAC,E-5S,0.1150,0.1150,2052,2495
ATCTGAGACACTGATT,G55R L453P,1.0000,1.3285,38,4
ATCTGAGCGAAATGTT,,0.1663,0.1663,465,391
ATCTGAGTATTATTCA,C277L,0.0000,0.0000,0,5
ATCTGATATGCTCGAG,Y518R,nan,nan,0,0
ATCTGATCATCTATGC,G286L R321N,0.0000,0.0000,0,7
ATCTGATCGATGGATA,L409A,nan,nan,0,0
ATCTGCATAAAATTTA,I4C,0.1636,0.1636,4408,3769
ATCTGCCTATGTGGTT,F79H,0.0358,0.0358,21,82
ATCTGGACAAACTAAG,K57W,0.0000,0.0000,0,36
ATCTGGACGTAAAAAC,F148V C539G,0.0000,0.0000,0,1
ATCTGGAGATTCTAGA,Y486K,0.0000,0.0000,0,5
ATCTGGCACTACAGTG,K387L,0.4946,0.4946,145,41
ATCTGGCCACGAAGAA,E398P,0.4864,0.4864,160,46
ATCTGGCTATAACAAG,K450Y,0.0860,0.0860,780,1269
ATCTGGGAGCCCTCAC,K62E,0.1031,0.1031,493,669
ATCTGGGCAAAATCTA,,0.1935,0.1935,577,417
ATCTGTAAACTTTGTG,W127R T422Y,nan,nan,0,0
ATCTGTAAAGTCGACA,,0.1188,0.1188,1129,1329
ATCTGTAACCAAGGCA,R90T,0.2131,0.2131,4499,2952
ATCTGTAATCTCGCTG,T219P E493I,0.0000,0.0000,0,3
ATCTGTACAAACAATA,R435A,0.0694,0.0694,632,1273
ATCTGTGCTAAACGCC,,0.1226,0.1226,5162,5889
ATCTGTGTAAGGTTAT,L213K,0.2660,0.2660,97,51
ATCTGTGTCTATGTGT,H295R,nan,nan,0,0
ATCTGTGTTAGGTATA,G463L,0.1644,0.1644,2506,2132
ATCTGTTAACGTAGCC,,nan,nan,0,0
ATCTGTTTCAACAAAA,I164E,1.0000,4.3351,31,1
ATCTGTTTGCCTTGAT,,0.1970,0.1970,5127,3639
ATCTTAAAAAAGGAAG,S146E,0.1007,0.1007,2647,3676
ATCTTAAACAAGCAAG,I60Y,0.0961,0.0961,79,115
ATCTTAAACGTAAGGA,H440L,0.0361,0.0361,8,31
ATCTTAACCCCTCCTC,V395C,0.1780,0.1780,2815,2212
ATCTTAACGTTCCCCC,,0.0000,0.0000,0,14
ATCTTAATACAGATAA,,0.0496,0.0496,146,412
ATCTTAATCATTTAGT,E119F G362F,0.0304,0.0304,10,46
ATCTTAATCCTACTAG,K310C,0.1881,0.1881,39,29
ATCTTACAAGGCACCT,,0.0490,0.0490,34,97
ATCTTACAATAAGCCG,L177I T283E,0.0000,0.0000,0,8
ATCTTACACCGACTTA,T23D F469M,1.0000,1.4684,21,2
ATCTTACAGGGGTGTA,E-5C F147T R328bD G396D,1.0000,1.4159,81,8
ATCTTAGTGCACAACA,C52P,nan,nan,0,0
ATCTTAGTGTATTAAA,S65N,0.2819,0.2819,383,190
ATCTTATAATATGGCA,N21E,0.1843,0.1843,4209,3193
ATCTTATAATTAGTTA,G416V,1.0000,inf,2,0
ATCTTATCCAGGGACT,P489S,0.0699,0.0699,1,2
ATCTTATCCGGGGAGC,I155G,0.0824,0.0824,33,56
ATCTTATTAAAACACC,D415Y,0.0000,0.0000,0,6
ATCTTCAAGGCAAAAA,F147D,0.0000,0.0000,0,9
ATCTTCACCCTAAATT,T266I,0.1275,0.1275,83,91
ATCTTCACTCATCAAA,E468* E508W,0.0000,0.0000,0,2
ATCTTCAGAGCTACCC,C14M,0.0839,0.0839,9,15
ATCTTCCTGTATGGTT,L133aR D457E,0.0381,0.0381,9,33
ATCTTCCTTTTGACGG,N187K A521G,0.0294,0.0294,128,609
ATCTTCTCTAGCTAGA,P284L,0.0937,0.0937,325,485
ATCTTGAAAATAACTC,G330E V381M,0.3300,0.3300,118,50
ATCTTGAATCAGCAAA,S203H,0.0865,0.0865,406,656
ATCTTGACAACAGATA,N382Q W537*,0.2151,0.2151,20,13
ATCTTGACATTATGGA,T206N S524R,0.1780,0.1780,14,11
ATCTTGAGCCACGCAC,,0.1076,0.1076,2362,3070
ATCTTGAGTGAGCTAA,E432K,nan,nan,0,0
ATCTTGCACTTCATCG,N443C,0.2032,0.2032,170,117
ATCTTGCCCAACAGAT,K380I,0.0925,0.0925,586,886
ATCTTGGAGCCTACCC,C14T,0.0000,0.0000,0,5
ATCTTGTCTAATATAA,S133R A521V,0.0000,0.0000,0,21
ATCTTGTTCTAACTCT,W127T L427I,0.0509,0.0509,24,66
ATCTTTAATGACTCAC,,0.1175,0.1175,1228,1461
ATCTTTGCATGAGAAT,W69K,0.0000,0.0000,0,6
ATCTTTGGATACCTAT,Y168T W537K,0.3529,0.3529,53,21
ATCTTTGGATTTCAAT,T390G,0.2139,0.2139,52,34
ATCTTTGTCGCGATTT,S6D,0.0506,0.0506,55,152
ATCTTTTCATCTGTTC,,0.1661,0.1661,4978,4190
ATCTTTTCGGTGACAA,N433T,0.0000,0.0000,0,3
ATCTTTTGCCAAGCGC,T390R,0.1010,0.1010,427,591
ATGAAAAACACAACCT,N92E T378I,0.1813,0.1813,2436,1879
ATGAAAAACCAAAAAA,L61V,0.1192,0.1192,277,325
ATGAAAAACCCCAAGG,N446W,0.1253,0.1253,2980,3326
ATGAAAAAGTACCGCT,,0.1309,0.1309,3332,3561
ATGAAAAATACTGTCG,A93H N382D,0.2865,0.2865,209,102
ATGAAAACAAAATACA,N94V,0.1512,0.1512,2280,2109
ATGAAAACTACACATC,E407R,0.1112,0.1112,291,366
ATGAAAAGGCAGCCAA,N296V,0.5244,0.5244,30,8
ATGAAAATAACGTGAT,M413S,0.0000,0.0000,0,13
ATGAAAATACAAAACC,F392N G396V E468W,nan,nan,0,0
ATGAAAATAGCATGAG,V381G,0.0000,0.0000,0,1
ATGAAAATCCATCCCC,T46K M431I D487N,0.8158,0.8158,35,6
ATGAAACAAATTAAGG,N250K L527N,0.0000,0.0000,0,15
ATGAAACACAGATGAA,G360K,0.4595,0.4595,23,7
ATGAAACACTTATACA,L462G,0.3281,0.3281,61,26
ATGAAACGTAGCAATC,L209V I267V,0.1872,0.1872,3074,2296
ATGAAACTAAGGTACC,M413Q,0.0000,0.0000,0,2
ATGAAACTACTGAAAG,S167A N322A T370N M431I,nan,nan,0,0
ATGAAAGAATCGCATC,N172A N357C,0.7924,0.7924,102,18
ATGAAAGCAATACGAG,N379F,0.0000,0.0000,0,13
ATGAAAGCGTTACCAG,E407A,0.1143,0.1143,889,1088
ATGAAAGCTAAATATC,G362C,0.1704,0.1704,2353,1931
ATGAAAGTACCCATGC,K387T,0.0932,0.0932,10,15
ATGAAAGTTGTAGGAA,,0.1713,0.1713,16572,13526
ATGAAATACTTAGAGT,I288Y,0.1299,0.1299,13,14
ATGAAATAGATATAGT,R173G,0.1429,0.1429,1462,1431
ATGAAATCAATTTTTA,S22E T171G A317F,0.0000,0.0000,0,5
ATGAAATCTCTAAATA,A138G,0.0000,0.0000,0,126
ATGAAATGATGTCGAA,,nan,nan,0,0
ATGAAATGCGGCTGTA,D95N,0.1207,0.1207,556,644
ATGAACAAACATTCAC,N21W,0.1190,0.1190,137,161
ATGAACAACCATACGA,G396K R404L,0.0000,0.0000,0,2
ATGAACAACTCTATTA,M268T,0.1831,0.1831,182,139
ATGAACAAGTCCCCAT,Y17W E44K,0.0840,0.0840,845,1406
ATGAACAGCGGGTAAT,F79N,0.1923,0.1923,964,701
ATGAACATAGCCTACT,S85E L427P,0.0000,0.0000,0,4
ATGAACATCAATGAGA,F392R,0.0000,0.0000,0,3
ATGAACATGAGGCAGT,,0.0353,0.0353,24,95
ATGAACCACCTACACG,E106L,0.2086,0.2086,2546,1707
ATGAACCCCTGCAGAA,G100E,nan,nan,0,0
ATGAACCTGATGTAGG,D77Y,0.1268,0.1268,1128,1244
ATGAACGAAAATAATG,,0.1836,0.1836,214,163
ATGAACGAATAAACGG,K9I,0.6468,0.6468,37,8
ATGAACGAATGAAACT,,0.2262,0.2262,3309,2046
ATGAACGTCTAATATC,A3F L108H,0.0000,0.0000,0,3
ATGAACTAACTCCTAA,,0.1055,0.1055,1227,1626
ATGAACTTCCAATTTC,Y353V,0.0000,0.0000,0,4
ATGAACTTTCCCAACA,,0.0590,0.0590,382,905
ATGAAGAACTCTAGAA,F332R,0.6526,0.6526,56,12
ATGAAGAATGACCCTT,,0.1471,0.1471,2002,1903
ATGAAGAGATAGAAGG,S291D,0.0000,0.0000,0,19
ATGAAGAGCTTCTCTA,I80E N424S,1.0000,1.0139,58,8
ATGAAGATTAAGTGCA,C76K,0.1820,0.1820,695,534
ATGAAGCGACATCATA,N289P C546Y,0.1141,0.1141,31,38
ATGAAGCTGCGAAAAG,P128E,0.1762,0.1762,8046,6386
ATGAAGGTGCCTAAGA,,0.1240,0.1240,3555,4008
ATGAAGTAAGTCAAGT,D449V,0.1521,0.1521,805,740
ATGAAGTAGATCTTAG,,0.0955,0.0955,71,104
ATGAAGTTGGCAGTTA,,0.1690,0.1690,319,264
ATGAATAAAGAATTAA,,0.1048,0.1048,1192,1591
ATGAATAAATGACAGC,H117C E407M,0.1151,0.1151,497,604
ATGAATAACCCTAGTC,G16V W234L,0.0000,0.0000,0,2
ATGAATACAATGCAAG,V-2P E358K,0.2969,0.2969,138,65
ATGAATACTAACCTTA,A138S R212W H471E,nan,nan,0,0
ATGAATACTGCTAAGG,N169C T370N F469V,0.5594,0.5594,44,11
ATGAATAGTTCTTATA,A19E I297V,0.0000,0.0000,0,110
ATGAATATTAATGCAT,I4Q S146M S442I,nan,nan,0,0
ATGAATCAACAAGAGG,E476Y,0.1418,0.1418,2940,2899
ATGAATCCTGCACACC,D104L F251V,0.0000,0.0000,0,1
ATGAATCTAAAAAAAT,Q359K,0.1338,0.1338,4705,4917
ATGAATGAGAGAGGGT,N169F R321A D366G T370Q F469L,0.4125,0.4125,59,20
ATGAATGAGCTATACA,,0.1735,0.1735,1205,971
ATGAATGCTACTAACT,D175C,0.0960,0.0960,1334,1943
ATGACAAAAACACGCA,Q25* L316I,nan,nan,0,0
ATGACAACATATACAC,I182C,0.0798,0.0798,1146,2008
ATGACAATAAACATTA,,0.1115,0.1115,1376,1726
ATGACAATCTCAACCA,M-6D,0.0000,0.0000,0,22
ATGACACAAAAGAATC,E494R,0.2201,0.2201,3940,2503
ATGACACACCACTTGT,K460F,0.1072,0.1072,2496,3257
ATGACACATCAAAGTT,M413S,1.0000,1.0473,352,47
ATGACACCATTGAAAC,E131F,0.4658,0.4658,7318,2197
ATGACACGAGCCGACT,I260Q,0.0000,0.0000,0,2
ATGACACGAGGGAAAA,C139I V510N,0.0000,0.0000,0,14
ATGACAGAAACAGTAG,,0.0937,0.0937,2109,3147
ATGACATACATGTAAA,L497I,0.2068,0.2068,9155,6192
ATGACATATCAGAGGC,,0.0871,0.0871,1392,2234
ATGACCAAAAATTAAC,,0.2158,0.2158,8912,5775
ATGACCAATATAGAAG,E131N W421L,nan,nan,0,0
ATGACCCACCAAACGC,H298C,0.1021,0.1021,2180,2986
ATGACCCATTAGAGCC,Q454V,0.1464,0.1464,3778,3609
ATGACCCCCAAAACAA,E508W,0.0000,0.0000,0,131
ATGACCGCCTTAGAAA,N103R T390G,0.2066,0.2066,1631,1104
ATGACCTAAGAATCTT,,0.0740,0.0740,55,104
ATGACCTAGTTGTTGT,,0.1380,0.1380,2201,2231
ATGACCTATAGTTAAA,,0.1990,0.1990,4833,3396
ATGACCTCGATATTAG,T219A,0.0799,0.0799,2658,4650
ATGACCTCTAAACCAG,S167Y G376N,0.0421,0.0421,22,73
ATGACCTGGGAGTTGT,I13Q,0.0000,0.0000,0,3
ATGACCTTCGCGCACT,N289M,0.0759,0.0759,607,1119
ATGACCTTTTAAGGTT,Q490C,0.1136,0.1136,507,624
ATGACGAAAAATAAGT,A522N,0.0000,0.0000,0,4
ATGACGACTTGCTCGA,T37I,nan,nan,0,0
ATGACGAGCGGCCCTC,H18W L497K,0.0000,0.0000,0,14
ATGACGAGGGTTCCCA,S247T,0.0770,0.0770,456,828
ATGACGCTGACAGCCG,S136R,0.1850,0.1850,82,62
ATGACGGATAATGTCC,K269W,0.1906,0.1906,5734,4206
ATGACGGGCCAATACA,,0.1915,0.1915,3487,2546
ATGACGTTGGTATCTA,C64K,nan,nan,0,0
ATGACTAGCACACTCT,R328bW,0.1102,0.1102,390,495
ATGACTATACTTCGCC,A67D,0.1049,0.1049,489,652
ATGACTCAGACTAAAT,V151S E500H,0.1454,0.1454,780,750
ATGACTCCAGAATCTT,,0.1754,0.1754,8250,6576
ATGACTCGACATACTC,A253K,0.0000,0.0000,0,28
ATGACTGCACCTGACA,G349N,0.0000,0.0000,0,11
ATGACTGTGCCAATTA,A253D,0.2517,0.2517,72,40
ATGACTTAATCCGAAA,C539P,0.0000,0.0000,0,6
ATGACTTGCTGCAATC,T46W,0.1505,0.1505,1873,1740
ATGACTTTAAAATAGA,L316R,0.0000,0.0000,0,6
ATGACTTTAATCCCAT,Y141P,0.0642,0.0642,234,510
ATGAGAAAACTAAGTC,G49K,0.1393,0.1393,552,554
ATGAGAAACGTTAAAA,L325I,0.1358,0.1358,267,275
ATGAGAAAGATGACAT,V395W,0.0000,0.0000,0,2
ATGAGAAGAAGGAATA,V347Q E500H,0.1897,0.1897,1728,1274
ATGAGAAGTAACTCTA,Y363H,nan,nan,0,0
ATGAGAATGAGTCGAA,D348E,0.2436,0.2436,54,31
ATGAGAATGGCCCCGA,E255C R499G,0.0793,0.0793,1145,2019
ATGAGACACGAAAATG,Y141K,0.1813,0.1813,2574,1985
ATGAGACTAAAACATA,S167E I260L,0.0440,0.0440,425,1351
ATGAGATGAATCACAT,S270Y,0.1204,0.1204,12484,14503
ATGAGCACGAACCATC,L515E,0.0000,0.0000,0,4
ATGAGCATGATATTAT,T163G,0.1067,0.1067,3232,4235
ATGAGCCAAGTGTATG,R328bT,0.0000,0.0000,0,113
ATGAGCGATCGATGTA,Q513M,0.1315,0.1315,613,652
ATGAGCGTAAGAGTCT,G286K V347A,0.0000,0.0000,0,7
ATGAGCTCCTACAACA,G205L V381L,1.0000,1.0139,58,8
ATGAGCTTTCTATTAA,N475Y,0.1158,0.1158,933,1127
ATGAGGAAGATCCTGC,S65N,0.0683,0.0683,82,168
ATGAGGACAACAGGGT,N129S G271H,0.2265,0.2265,891,550
ATGAGGGAATACATAA,L209Y,0.0869,0.0869,477,768
ATGAGGGCGAATCAAG,L51K Q211C E476I,0.0000,0.0000,0,2
ATGAGGGTGAAACGTA,N129M E340K,0.0000,0.0000,0,9
ATGAGGTACCTCCCCC,,0.1134,0.1134,855,1054
ATGAGTAAAAAATCTT,Y470L,0.1761,0.1761,34,27
ATGAGTAGGAGACTGT,,0.1302,0.1302,771,828
ATGAGTCACCGGGAGT,,0.4020,0.4020,46,16
ATGAGTGTCGCCTGAA,L43N,nan,nan,0,0
ATGAGTTGTTTCACAG,I-3T E500K,0.0523,0.0523,77,206
ATGATAAAAGCCCAAC,H38G Y161E,0.0000,0.0000,0,14
ATGATAAAAGTAGGAA,C14F N483H,0.0000,0.0000,0,9
ATGATAACTGGATGCA,E432W,nan,nan,0,0
ATGATAATACCCCAGA,,0.0629,0.0629,9,20
ATGATAATTTGTGAAA,V8W H117N,nan,nan,0,0
ATGATACAATCGGACA,T283A,0.1569,0.1569,553,493
ATGATACATACGCAGT,L-1Y,0.0877,0.0877,750,1196
ATGATAGCCAACCAAT,S270D I385P,0.0000,0.0000,0,3
ATGATAGGATTCAATC,V272A,0.1457,0.1457,3370,3234
ATGATAGGATTTTATA,A394T D419T,0.3051,0.3051,24,11
ATGATAGTTGCTATCA,A253Y,0.1161,0.1161,729,878
ATGATATAAATGTTAT,H298W,0.1589,0.1589,3196,2812
ATGATATAGCTTAGAC,K262aH,0.1921,0.1921,754,549
ATGATATATAATACAT,D104N P145F,0.0000,0.0000,0,10
ATGATATCATACTACT,,0.0000,0.0000,0,64
ATGATATCATCAGCAA,,0.1366,0.1366,1967,2013
ATGATATGAAATCATC,D487S,0.2025,0.2025,1202,830
ATGATATTATTCCCTC,L316P,0.2436,0.2436,54,31
ATGATATTCATATACA,H18M,0.1517,0.1517,1036,955
ATGATATTGCCCCAGA,E131D S133I,0.3287,0.3287,5145,2189
ATGATATTTGGGTGTC,V88I G376N,0.4895,0.4895,21,6
ATGATCAAAAAAAAAT,N312H,0.1411,0.1411,4004,3969
ATGATCAAACCCTTAA,Q391S,0.0000,0.0000,0,7
ATGATCAAATACGAGT,F469W,0.0000,0.0000,0,3
ATGATCAACCGGGGAA,K367L F469T,0.6330,0.6330,86,19
ATGATCAGAGCCGCAT,D11I Y161W,0.0000,0.0000,0,7
ATGATCAGATTCGACA,F417K,0.0000,0.0000,0,85
ATGATCCACAGAAGAT,K328D A425T,nan,nan,0,0
ATGATCCACCGGTTGG,I548H,0.0000,0.0000,0,9
ATGATCCCGACTTAGC,A188F,0.1035,0.1035,3280,4433
ATGATCGAATCAGCAT,C549L,0.0992,0.0992,149,210
ATGATCGAGCGTACAT,G263L,0.0000,0.0000,0,8
ATGATCGCTAATTACA,I339S,1.0000,1.1060,174,22
ATGATCGTAAGCCAAG,Y258H,0.1224,0.1224,63,72
ATGATCTATTACAGAT,N278C,0.1369,0.1369,2555,2609
ATGATCTTTGTACAAT,,0.0849,0.0849,201,331
ATGATGAAATCACCTT,K9V,0.0936,0.0936,449,671
ATGATGAACTTAACTA,P92aA C139Y,nan,nan,0,0
ATGATGACGATTACGT,G16F,0.3933,0.3933,45,16
ATGATGCTCAACTATA,L2P,0.0000,0.0000,0,2
ATGATGGTTCTTTCTT,Q371P,0.1566,0.1566,383,342
ATGATGTGTATTCGGG,A39E,0.0000,0.0000,0,6
ATGATTAAGGGTTAAA,N312G C549Y,0.0000,0.0000,0,20
ATGATTAATTTATACA,K472T,0.1192,0.1192,990,1161
ATGATTACGAAGAAAT,,0.2004,0.2004,1095,764
ATGATTACGACGGAGA,T206K,0.4836,0.4836,83,24
ATGATTACTGATCTGC,A532D,0.0000,0.0000,0,9
ATGATTAGCAAACCTT,,0.0000,0.0000,0,58
ATGATTAGCAGTACAG,D441P,0.0000,0.0000,0,14
ATGATTATTTTCATGA,M-6D,0.0000,0.0000,0,4
ATGATTCAATAGATTA,S167V T370C,0.0716,0.0716,64,125
ATGATTCCATAGTAAA,K125aF,0.1442,0.1442,398,386
ATGATTGACCGGTAAG,,0.0880,0.0880,39,62
ATGATTGCCATCAATA,G49A,0.0258,0.0258,76,412
ATGATTGGGACTACCT,E78K I166C,0.0735,0.0735,492,936
ATGATTGGTTGCCGGA,G225F,0.0627,0.0627,203,453
ATGATTGTTTATCCTT,E501Y,0.1524,0.1524,1544,1417
ATGATTTAGAAATAAT,Q344V,0.2001,0.2001,6180,4319
ATGATTTAGGAACTTC,,0.2498,0.2498,502,281
ATGATTTCGATAACAA,T132I,0.1381,0.1381,624,632
ATGCAAACAACTATGT,,0.0000,0.0000,0,14
ATGCAAATCGCTCTTA,,0.1383,0.1383,529,535
ATGCAAATCTAGAAAT,,0.1312,0.1312,4425,4715
ATGCAAATTAGTGAGA,D474F,0.1472,0.1472,60,57
ATGCAACAAAATTTGA,I502G S503R,0.0000,0.0000,0,4
ATGCAACAAAGTACAC,,0.1605,0.1605,7570,6596
ATGCAACATCAAATCA,,0.2145,0.2145,2830,1845
ATGCAACCCAACGCCG,E-5Q T279D,0.0000,0.0000,0,2
ATGCAAGACCTACCAT,C52Y D457Y L544Y,0.0000,0.0000,0,1
ATGCAAGCGTACAGGC,E434D,0.0948,0.0948,185,273
ATGCAAGCTATATTAA,,0.1118,0.1118,1563,1955
ATGCAAGGACTAGACC,F469R,0.0000,0.0000,0,15
ATGCAATATGGCATCA,E119T M388I,0.0000,0.0000,0,2
ATGCAATGACAGAGTT,,0.1859,0.1859,1587,1194
ATGCAATTAAAGGGCA,I406K,0.0000,0.0000,0,6
ATGCAATTTGAAATCA,A91I,0.0674,0.0674,309,641
ATGCACAGCATTTAAC,V395R,0.1175,0.1175,42,50
ATGCACAGTGCTTCAA,,0.0777,0.0777,857,1542
ATGCACATATGGTAGC,,0.0574,0.0574,78,190
ATGCACATGGACTCTT,,0.1933,0.1933,318,230
ATGCACATGTGACAAG,A160T,0.3352,0.3352,6719,2803
ATGCACCGATTAAGGT,N410L,0.2723,0.2723,74,38
ATGCACCTATCCTTAG,N169K R321Q T370C F469*,0.0000,0.0000,0,10
ATGCACTAGCCCCTAG,I260Y,0.8857,0.8857,19,3
ATGCACTCGTATAGTG,S10I V444F,0.0000,0.0000,0,1
ATGCACTCTGACGTGA,P299T,0.0746,0.0746,553,1036
ATGCAGAAAAATATTG,G341F,0.2020,0.2020,975,675
ATGCAGAATATTGGCT,I202T,0.0506,0.0506,64,177
ATGCAGATATAATCAC,,0.0000,0.0000,0,20
ATGCAGCGGTTGCTTA,L-1Q,0.0999,0.0999,45,63
ATGCAGTCCCTATCAC,N424T,0.8391,0.8391,24,4
ATGCATAATTTGGAAT,Q222E,0.0832,0.0832,267,449
ATGCATACTCCTCTAA,,0.1295,0.1295,4268,4609
ATGCATAGTATACCCA,,0.2301,0.2301,1231,748
ATGCATCAAGATCCGA,V34R T390Y,0.0000,0.0000,0,1
ATGCATCATACCAATC,G333Y,0.1487,0.1487,185,174
ATGCATCCACCACTTT,S167*,0.0000,0.0000,0,1
ATGCATCTAAAGAAAA,A137N,0.0871,0.0871,1212,1946
ATGCATGATGTCTAAT,H440N,0.0000,0.0000,0,6
ATGCATGCGATAAATA,V36D,0.0000,0.0000,0,2
ATGCATGGATAACAGC,A242W I384G,0.4778,0.4778,41,12
ATGCATTGACTCTATA,R496Q,0.1335,0.1335,466,488
ATGCATTTATTCAACA,L213C,0.1553,0.1553,2210,1990
ATGCCAAAATCGGCTG,G376M,0.1648,0.1648,330,280
ATGCCAAATGAAAAAC,,0.1045,0.1045,71,95
ATGCCAAGACAAAAGC,F439L P489R,0.2760,0.2760,148,75
ATGCCACACCTTGAGA,,0.0860,0.0860,441,717
ATGCCACTGTGATTAG,A19C S311N,0.0000,0.0000,0,4
ATGCCAGACCTAGTCA,N446T,0.2077,0.2077,1574,1060
ATGCCATCATAACAGA,P162E,0.2161,0.2161,34,22
ATGCCATCCAGTGATA,T200I,0.3222,0.3222,53,23
ATGCCATGAGCGCGGA,V135K,0.3112,0.3112,1985,892
ATGCCATGGACAGTTA,F439M,0.1025,0.1025,2618,3571
ATGCCATTAAGAAACC,L59C,0.8327,0.8327,131,22
ATGCCATTAGGGACCT,N103F G337E,0.0000,0.0000,0,3
ATGCCATTCCGACGGC,I302R,0.3068,0.3068,68,31
ATGCCCAACATAACCA,R496G,0.1113,0.1113,1972,2477
ATGCCCACATAGGTTT,I115L A373T,0.0918,0.0918,237,361
ATGCCCACTCTAAAAT,,0.1399,0.1399,4759,4758
ATGCCCATACTCGAAA,,0.1272,0.1272,332,365
ATGCCCATGATGCGAA,F147Q Y512H,0.0000,0.0000,0,15
ATGCCCCAAATAAAAC,,nan,nan,0,0
ATGCCCGCCCAGCTGC,T192M,0.2262,0.2262,2614,1616
ATGCCCGTACCGTCTA,E403H,0.0368,0.0368,5,19
ATGCCCGTAGCTTATT,M268L,0.1786,0.1786,1934,1514
ATGCCCGTATCCCGTT,,0.1384,0.1384,285,288
ATGCCCTAGATATCGA,L320F,0.0000,0.0000,0,2
ATGCCCTAGCTCGTTT,D231T,0.1493,0.1493,1409,1320
ATGCCGTACCTCCAAT,Y161G,0.0000,0.0000,0,19
ATGCCGTTAAATACGA,F338E,0.0000,0.0000,0,3
ATGCCGTTCACAAACA,,0.1483,0.1483,894,843
ATGCCGTTCCTTGGTC,N248H,0.0000,0.0000,0,7
ATGCCTAAAATGCCCT,A373C,nan,nan,0,0
ATGCCTAAGACTTGGT,N322K G362T,nan,nan,0,0
ATGCCTACGAAACACG,L209D,nan,nan,0,0
ATGCCTAGACCTGGGT,I288E,0.0000,0.0000,0,10
ATGCCTAGAGAGTTTT,Y470R,0.1090,0.1090,212,272
ATGCCTCAACAAGTGG,R328aQ,0.0000,0.0000,0,15
ATGCCTCCTACAAAGA,E44N,0.3051,0.3051,24,11
ATGCCTGCAGGGAACT,M431H,0.1065,0.1065,900,1182
ATGCCTGTTATTAACT,G49L F399T,nan,nan,0,0
ATGCCTTAGATAGAAA,,0.1747,0.1747,3696,2959
ATGCCTTCGCTTCCTT,R114H,0.0000,0.0000,0,3
ATGCCTTCTTCTTACT,K280F,0.2120,0.2120,7172,4732
ATGCCTTGATAATCGC,L409K,nan,nan,0,0
ATGCGAAGACCTAAAT,,0.0657,0.0657,416,886
ATGCGAAGATTTACGG,Y491W,0.1519,0.1519,4800,4419
ATGCGACCATTTGACT,L453E,0.0000,0.0000,0,7
ATGCGACCCCTTCGAG,,0.1179,0.1179,2547,3020
ATGCGACGGATATGAA,N464F,0.0135,0.0135,33,343
ATGCGATACCGTCACG,H355V,0.0917,0.0917,2579,3931
ATGCGATGAGGACCTA,,0.1514,0.1514,641,592
ATGCGCAAGCTTTCCG,S247W,0.2524,0.2524,139,77
ATGCGCATCGCAGAAG,E255F,0.1224,0.1224,2388,2728
ATGCGCCAAAAGAAAG,,0.0231,0.0231,70,424
ATGCGCCTATAACACT,D41G,0.1962,0.1962,2012,1434
ATGCGGAACATATTAT,A336F,0.2745,0.2745,106,54
ATGCGGATCCCATTAC,V88M S113L,0.0000,0.0000,0,21
ATGCGGCTCAAGCAAA,M-6C N379I,nan,nan,0,0
ATGCGGGCGCAATTAA,R435Q,0.0530,0.0530,22,58
ATGCGGTGGCCGTAAC,Q490D,0.3367,0.3367,130,54
ATGCGTAGTTAACATA,N169A,0.2296,0.2296,1335,813
ATGCGTATATCAACAT,F439H,0.0968,0.0968,18,26
ATGCGTGCATTTGATC,I178H,0.0000,0.0000,0,4
ATGCGTTTGATAAGAA,S167V E476H,0.0977,0.0977,547,783
ATGCGTTTTGTATATT,L447M,0.1034,0.1034,1557,2106
ATGCTAAAAAAAATCA,E432H,0.0000,0.0000,0,3
ATGCTAAATTTCAAGA,L54I,0.1087,0.1087,2388,3071
ATGCTAACACAAATAC,S125bG,0.2001,0.2001,1837,1284
ATGCTAAGAGAGCTAA,,0.0882,0.0882,1193,1892
ATGCTAAGCACGACAA,R326T,0.1712,0.1712,1164,951
ATGCTAAGGCGTGAAC,,0.0984,0.0984,1185,1684
ATGCTAAGTTATCATA,K445L,0.3344,0.3344,55,23
ATGCTAATAGTTGTAT,C546T,0.2016,0.2016,2221,1541
ATGCTACACAAACAAG,P128L I502S C539R,0.1888,0.1888,27,20
ATGCTACACACAGTAG,L320E,nan,nan,0,0
ATGCTACACACCGACA,G100V,0.0000,0.0000,0,13
ATGCTACACAGTTCAA,I243M,0.0576,0.0576,35,85
ATGCTACACCATACGG,E368D T370R T511H,0.0000,0.0000,0,6
ATGCTACTGATTAGAG,,0.2072,0.2072,2064,1393
ATGCTAGCGTGCCTTC,Y351H,nan,nan,0,0
ATGCTAGTAAGTCAAT,Q191Y,nan,nan,0,0
ATGCTATAAGAAACTC,,0.1601,0.1601,5546,4844
ATGCTATTTTTAAATT,R212K,0.1423,0.1423,117,115
ATGCTCAAACAAATAA,,0.1224,0.1224,91,104
ATGCTCAACAATAATA,K9G,0.1035,0.1035,995,1345
ATGCTCCCCGTTAATT,D386V A532D,0.0000,0.0000,0,5
ATGCTCGCGCCATAAG,A425F,1.0000,1.8180,130,10
ATGCTCGGGTATACCG,T35A,0.1082,0.1082,1094,1414
ATGCTCGTGATTACTA,G181D T436R,0.0000,0.0000,0,1
ATGCTCTATCACGGGG,G330R E494D,0.3885,0.3885,25,9
ATGCTGATCACACACT,M292Q,0.0326,0.0326,21,90
ATGCTGATTGAATTCA,I243N,nan,nan,0,0
ATGCTGATTGCCAATA,F118I,0.8670,0.8670,31,5
ATGCTGCGGGTTTAGG,T192R,0.1926,0.1926,73,53
ATGCTGGCGCTCGCCT,R397C,0.0825,0.0825,647,1097
ATGCTGTATATACCAT,E107Y,0.0000,0.0000,0,1
ATGCTTAAAAAAATCA,,0.0291,0.0291,75,361
ATGCTTAACACGCATG,R326H F417R,0.0000,0.0000,0,1
ATGCTTAAGGAAGAGA,R452W,0.1584,0.1584,341,301
ATGCTTACAATAAGTG,D231L,0.0699,0.0699,44,88
ATGCTTACCAGGCTGA,N424P,0.0000,0.0000,0,7
ATGCTTACCTAAGTAA,G181L Q513C,0.7691,0.7691,33,6
ATGCTTAGTCCGTCAA,N-4C N483T,0.1135,0.1135,1308,1612
ATGCTTATACTTATAA,Y274R,0.1104,0.1104,124,157
ATGCTTATATACTACG,,0.0000,0.0000,0,3
ATGCTTCAAAATAAAG,,0.0946,0.0946,184,272
ATGCTTGCCGTAATCT,I252N P284A,0.0000,0.0000,0,18
ATGCTTGCGGGATTCA,N169R R321E T370S F469S,0.0000,0.0000,0,18
ATGCTTTTCCCCATAC,L409W A521T,0.0000,0.0000,0,5
ATGGAAAAACTTTAGA,A257V,0.0578,0.0578,265,641
ATGGAAATAAAACTGT,,0.1340,0.1340,806,841
ATGGAAATCACTCCAT,,0.0617,0.0617,86,195
ATGGAACAAAATGCAG,S356M,0.1998,0.1998,1337,936
ATGGAACCGGATGGCA,W180* F469V,0.0000,0.0000,0,1
ATGGAACTAGATTCCA,,0.1731,0.1731,1848,1493
ATGGAAGACCGCGATC,G319K,nan,nan,0,0
ATGGAATAAAATAATG,,0.0471,0.0471,34,101
ATGGAATATAATGAAT,E24A D386I,0.2168,0.2168,383,247
ATGGAATCGTAGAACA,K412D,0.3709,0.3709,61,23
ATGGAATCTGGAGTAT,K125aY R547G,0.6578,0.6578,127,27
ATGGAATGGCAACTTG,N150Y,0.0235,0.0235,84,499
ATGGACACACGCCAAT,F245A,0.0000,0.0000,0,7
ATGGACAGAGAAGAGA,L1N,0.0000,0.0000,0,17
ATGGACATATCACATA,T206S,0.3270,0.3270,2579,1103
ATGGACATCCATATTA,H47N,0.5827,0.5827,25,6
ATGGACATTAGAGCAT,,0.1208,0.1208,1038,1202
ATGGACCACTCATCGA,W350S,0.0000,0.0000,0,3
ATGGACCCGAAGATGA,A3S A364E,0.9026,0.9026,71,11
ATGGACCTTACGAAGC,I374T,0.1030,0.1030,1911,2595
ATGGACTATTGGAAGC,I4S,0.1811,0.1811,641,495
ATGGAGAAAAACCTAG,E494Q,0.0794,0.0794,21,37
ATGGAGAAAGACAGCT,I13G A334N,0.0000,0.0000,0,38
ATGGAGACAGACCACA,G16I,0.0000,0.0000,0,7
ATGGAGAGAAATTCGT,A137T,0.1082,0.1082,65,84
ATGGAGATAAGACAGC,G143M,0.1204,0.1204,385,447
ATGGAGCATACACGAA,,0.6293,0.6293,36,8
ATGGAGGTAATTGAAC,A334V D487S,0.1873,0.1873,146,109
ATGGAGTATCCATATT,R114M G484H,0.5194,0.5194,26,7
ATGGAGTATGGATAAA,Q25K P74H,0.1877,0.1877,196,146
ATGGAGTCACTTATGA,P489N,0.1394,0.1394,642,644
ATGGAGTCGTCCCATA,I60Q Q191I,0.9439,0.9439,27,4
ATGGATAAAGTATAAG,,0.1610,0.1610,2004,1741
ATGGATAAATATAATA,R90S,0.2579,0.2579,142,77
ATGGATAGCACCTGTA,N-4Q N296Q,0.5107,0.5107,84,23
ATGGATATTAGTCAAC,A138I,0.0000,0.0000,0,117
ATGGATCCGAAACTTT,,0.1529,0.1529,2316,2118
ATGGATCCTTGAGTGG,A528R,0.0000,0.0000,0,11
ATGGATCTCTCCATGA,G337F,0.9323,0.9323,60,9
ATGGATGAACCAAACA,E31F,0.2118,0.2118,156,103
ATGGATGCCCGGGTAG,S85P D449Y,0.0724,0.0724,29,56
ATGGATGTGCGGACTT,*551W,0.0829,0.0829,67,113
ATGGATTATCCGCAAT,Y491L,0.2629,0.2629,47,25
ATGGCAACAAGACACG,,0.1145,0.1145,235,287
ATGGCAATTATTGGCT,K9M,0.0762,0.0762,164,301
ATGGCACTTATCATTA,A214C,0.2157,0.2157,779,505
ATGGCAGCATTATTAA,C305H V309M,0.0000,0.0000,0,8
ATGGCATAAGAATAAT,I121R A336D,0.0000,0.0000,0,4
ATGGCATCCGCATAGG,,0.1088,0.1088,3719,4778
ATGGCATTAACTGCAC,S265C M531I R547L,0.0000,0.0000,0,8
ATGGCATTCAACGAGA,W127Y,0.2784,0.2784,6521,3275
ATGGCCACACGCTGAG,K216F K506W,0.0000,0.0000,0,8
ATGGCCACTTCAAAGT,V481C,0.1160,0.1160,34,41
ATGGCCAGCGTCCATA,,0.1295,0.1295,2209,2386
ATGGCCATAGTCATTC,P293E,1.0000,3.4961,25,1
ATGGCCCAACGAAATG,E106D,0.0420,0.0420,30,100
ATGGCCCACCATACTA,,0.1730,0.1730,4713,3810
ATGGCCCTTCAATGCC,L325E,0.1114,0.1114,47,59
ATGGCCGAACAATATG,C14P,0.2972,0.2972,17,8
ATGGCCGAATTTGCAA,,0.1400,0.1400,1069,1068
ATGGCCGGGTAACTTT,P299C,0.0433,0.0433,13,42
ATGGCCTCTATTAACA,,0.0857,0.0857,160,261
ATGGCGAGAAGACTAA,G352V,0.0000,0.0000,0,2
ATGGCGAGGACCTGCA,E327T,0.1178,0.1178,1013,1203
ATGGCGGGACCCTACA,Y258H,0.0000,0.0000,0,2
ATGGCGGGGATTTATA,A336F,0.1465,0.1465,22,21
ATGGCGTGTTCCCAAA,S185M,0.0000,0.0000,0,7
ATGGCTAAAAGTGAAC,,0.1157,0.1157,187,226
ATGGCTAGTTGCGATC,N172Q,0.1555,0.1555,2103,1891
ATGGCTATGCTGAGGA,W180D,0.0000,0.0000,0,4
ATGGCTCATTACTCTC,P74V S480G,1.0000,1.1587,58,7
ATGGCTCCACACGTGC,F399M D441T,nan,nan,0,0
ATGGCTCGAAAAGGAA,S509L,0.1717,0.1717,1120,912
ATGGCTCTGGCGTTCG,N172Y,0.2482,0.2482,1342,756
ATGGCTCTTACCGAGG,,0.0770,0.0770,750,1362
ATGGCTGCCTGGTATC,,0.1966,0.1966,1389,988
ATGGCTTCTAACCAAA,V56E G362V,0.0000,0.0000,0,1
ATGGGAAGCTAAATAT,M111V,0.0000,0.0000,0,17
ATGGGAAGTTGCAGCC,S85V,0.8391,0.8391,30,5
ATGGGAATGTAGGACA,G416R,0.0000,0.0000,0,15
ATGGGACATGGAAACG,V347A,0.1772,0.1772,242,191
ATGGGACTAGTTCTTT,N-4F D231Y,0.0000,0.0000,0,109
ATGGGAGAATCGTTGC,L409H,0.0000,0.0000,0,8
ATGGGAGATTATCGTG,,nan,nan,0,0
ATGGGAGCGGAATTAT,N94P Y488H,0.0000,0.0000,0,3
ATGGGAGTCTACTCAT,Y353V,0.0000,0.0000,0,4
ATGGGATAGGTTAACC,E24G,0.2593,0.2593,293,158
ATGGGATAGTTTGAAC,S167L R321L F469A,1.0000,4.1953,30,1
ATGGGATATGATCTGA,A214V,0.1903,0.1903,4758,3497
ATGGGATTAGGAAGTG,F251W,0.1175,0.1175,720,857
ATGGGCCAAAGAACTA,E-5W,0.1828,0.1828,3707,2836
ATGGGCTAGGAAACTA,,0.1591,0.1591,91,80
ATGGGCTTAAAGTACT,C139M,0.2917,0.2917,194,93
ATGGGGAATAGGAACC,C466D,0.0000,0.0000,0,4
ATGGGGATCAATGGCG,C97R,0.0000,0.0000,0,6
ATGGGGCTCTTACTAA,,0.1907,0.1907,2149,1576
ATGGGTAGGTCAAGGA,,0.1808,0.1808,2226,1722
ATGGGTATACATCGAA,E340D,1.0000,8.2508,118,2
ATGGGTCAAGCTAGAC,K372D,0.0865,0.0865,227,367
ATGGGTCATTAAAATA,E393Y,0.5299,0.5299,72,19
ATGGGTCCCACCGGCT,*551A,0.1885,0.1885,31,23
ATGGGTCGGTCTCAGG,T436R N458K,0.0000,0.0000,0,4
ATGGGTGATTAATAGC,V56A,0.1533,0.1533,57,52
ATGGTAAAATGGCAAA,N210L M230Q,0.0000,0.0000,0,15
ATGGTAAACATTTTCA,,nan,nan,0,0
ATGGTAACCACTAATC,N250C,0.0000,0.0000,0,4
ATGGTAACCATCAATT,V8A,0.1186,0.1186,941,1110
ATGGTAAGAAGTATCA,A522K,0.0000,0.0000,0,20
ATGGTAATGACTCGGT,G72C,0.0995,0.0995,1616,2272
ATGGTACAACACTAAG,A257R,0.0000,0.0000,0,1
ATGGTACAATCACTAG,F232S Y363P,0.4048,0.4048,55,19
ATGGTAGAACACCATT,D231I,0.0000,0.0000,0,1
ATGGTAGACAAAAAAT,M530P,0.1027,0.1027,238,324
ATGGTAGATATAAATC,E434G,0.1802,0.1802,3877,3009
ATGGTAGGCCAGGCAG,C97L,0.0000,0.0000,0,3
ATGGTATCCAGATAAA,I297C,0.0000,0.0000,0,74
ATGGTATCGCGCTACA,,0.0968,0.0968,800,1156
ATGGTCAAAATCTTTC,,0.1492,0.1492,4716,4419
ATGGTCACGTGAAGTC,,0.0503,0.0503,203,564
ATGGTCCAACAATTAC,L102F,0.1542,0.1542,1547,1403
ATGGTCCCAAACAATA,A521T,0.1292,0.1292,4507,4877
ATGGTCCTATCTGACG,,0.1793,0.1793,2225,1735
ATGGTCCTGCCTGGGA,C139H,0.1545,0.1545,74,67
ATGGTCTTACTAATAC,G463T,0.0000,0.0000,0,31
ATGGTGACAACACAAC,S480F,0.0679,0.0679,68,140
ATGGTGACTAGTAAAC,,0.1931,0.1931,6769,4903
ATGGTGAGCCTTATGA,T208D,0.1221,0.1221,131,150
ATGGTGCACAATGAGA,K157N Y161N,0.3846,0.3846,33,12
ATGGTGGATTAGTGGA,Q12Y,0.1238,0.1238,2111,2385
ATGGTGTTTAAGGAAT,Y351W,0.7272,0.7272,26,5
ATGGTTGACAATCTCC,,0.2226,0.2226,242,152
ATGGTTGGACACTAAA,L43H,nan,nan,0,0
ATGGTTGGTACTAAAG,L177P,0.2098,0.2098,6,4
ATGGTTTGTGCCACTG,I260C,0.0000,0.0000,0,7
ATGTAAAAGATATAAT,R220C,0.0000,0.0000,0,3
ATGTAAAAGGAAACTG,,0.1348,0.1348,2021,2097
ATGTAAACCCAGCAGG,M388V,0.1277,0.1277,63,69
ATGTAAAGAACAAAGC,I252Q L453N,nan,nan,0,0
ATGTAAAGGGGAATCA,R114Y D264V,0.0000,0.0000,0,2
ATGTAAATACAATGCA,I202K,0.0000,0.0000,0,1
ATGTAAATTAGATGCA,A19C,0.1577,0.1577,2101,1863
ATGTAAATTTTAATAT,,nan,nan,0,0
ATGTAACATAATAAAT,C64W,0.0000,0.0000,0,2
ATGTAACATTAAATGG,E174M,0.2224,0.2224,2635,1657
ATGTAACCGACCACAC,E78I F469P,0.0000,0.0000,0,13
ATGTAAGACGAAAGGG,W350Q,0.0000,0.0000,0,1
ATGTAAGACTCTAATA,,0.1538,0.1538,265,241
ATGTAAGTCGCTGTCT,,0.0802,0.0802,523,912
ATGTAATGAATTACTA,N48H,0.0549,0.0549,44,112
ATGTAATGACGTTTAT,L316S,0.0000,0.0000,0,6
ATGTAATTGAAGAGCA,,0.0898,0.0898,1238,1927
ATGTAATTTGAGTCGG,S291V,0.1883,0.1883,3919,2911
ATGTACAAAGTAAGCT,T279A I517V,0.0455,0.0455,53,163
ATGTACACTCACTTCC,E107N C546*,1.0000,inf,12,0
ATGTACATAGATATAA,M111W,0.1445,0.1445,1758,1701
ATGTACATGGCAACGC,Q191N,nan,nan,0,0
ATGTACCAAGACCCAG,N169A R321T T370F F469D,1.0000,1.0313,59,8
ATGTACCATCCGTTTC,E24I V56K L447F,0.2078,0.2078,104,70
ATGTACCGCCAAAGGA,I80M,0.1098,0.1098,405,516
ATGTACCTGCTTTTTA,V36H,0.0000,0.0000,0,5
ATGTACCTTATAAATG,L209A N322I T370N F469D,nan,nan,0,0
ATGTACGAACATACGC,L1G,0.1259,0.1259,5211,5789
ATGTACGAGCTATAAT,R329V,1.0000,inf,172,0
ATGTACGGTAACAATG,Y488C,0.0000,0.0000,0,7
ATGTACGGTAGCTCAC,F79V R321V,0.0000,0.0000,0,10
ATGTACGGTTAAAAAT,W234F,0.1567,0.1567,1218,1087
ATGTACTAAATCTAAA,F469G,nan,nan,0,0
ATGTACTCTTATCATC,,0.1168,0.1168,563,674
ATGTACTGCTACGGCT,G362M,0.1137,0.1137,187,230
ATGTACTGCTTACCAG,G205Y,0.0000,0.0000,0,2
ATGTACTGGGCTAATT,F147T,0.3949,0.3949,48,17
ATGTACTGGTCACTCA,G228S,0.0570,0.0570,62,152
ATGTACTGTCATTTAT,G263F,1.0000,1.4584,73,7
ATGTACTTAATTGACA,P99I R482L,nan,nan,0,0
ATGTAGAAGGCACCTC,N382W,0.1336,0.1336,128,134
ATGTAGACCCTAAACA,,0.1203,0.1203,715,831
ATGTAGAGGCGTAAGA,Q513K A521P,nan,nan,0,0
ATGTAGCTGCCTTATC,K307H,0.2407,0.2407,358,208
ATGTAGGAGTTAGAAC,E31G N475F,0.2133,0.2133,61,40
ATGTAGTTGCAGACGC,N424C,0.8461,0.8461,121,20
ATGTATAAAAAAATGA,D41L G303C,nan,nan,0,0
ATGTATAAAAAGCAGC,,0.2468,0.2468,487,276
ATGTATAAGAAGATAA,I42S R405I,nan,nan,0,0
ATGTATAAGAGAGTTG,,0.1693,0.1693,799,660
ATGTATATAAAACCAC,P82aS G484W,0.0000,0.0000,0,23
ATGTATATAACACTCA,L402C,0.3050,0.3050,386,177
ATGTATATGAGATGAA,S265A,0.1367,0.1367,2143,2192
ATGTATATTTTAATGG,E508V,0.1508,0.1508,206,191
ATGTATCCGGACCCGC,I-3V S523W,0.0000,0.0000,0,1
ATGTATCCGGAGCATG,V309F S442V V451L,0.0000,0.0000,0,9
ATGTATCGCTTAATGA,S492M,0.1563,0.1563,2295,2053
ATGTATGCTGATAAAA,H244Q,nan,nan,0,0
ATGTATTAAGAGAAAA,N187K,0.1326,0.1326,292,308
ATGTATTACTCCCAAA,G49R H295E,nan,nan,0,0
ATGTATTGCAAACCAA,F467N E479K,nan,nan,0,0
ATGTATTTACGTTTAC,T219S,0.1198,0.1198,5517,6440
ATGTATTTATAAAGAC,E461S,0.3086,0.3086,128,58
ATGTATTTTTCCCCAA,T192W L409K,0.0000,0.0000,0,5
ATGTCAACCCTCAACT,,0.1871,0.1871,2366,1768
ATGTCAACCGAGCCTT,D159M E434K,0.2626,0.2626,77,41
ATGTCAATCGCACCAC,,0.2477,0.2477,317,179
ATGTCAATCTCACTAT,I80C L507C,0.0640,0.0640,54,118
ATGTCAATCTTGTATA,,0.1137,0.1137,1395,1716
ATGTCAATGCAACCGT,S6I D348E,0.0000,0.0000,0,17
ATGTCACGGAATTATG,T199Q,0.1727,0.1727,2576,2086
ATGTCACTTACAGCAC,E304K,0.1426,0.1426,941,923
ATGTCAGAAATACACC,N169S E500G,0.2433,0.2433,4169,2396
ATGTCAGAGTATACGC,Y168K,0.0687,0.0687,83,169
ATGTCAGGACACCTAC,Q40W,0.0738,0.0738,86,163
ATGTCATGGGCTCAAC,I384K,0.0000,0.0000,0,1
ATGTCATTATTATAAA,T37C N150R,0.0000,0.0000,0,10
ATGTCCAAAAAGACGT,G352K I374N,nan,nan,0,0
ATGTCCAAAAGAGATT,H130S L447S,0.0000,0.0000,0,16
ATGTCCATAAAGTACC,C64W G134K,0.0000,0.0000,0,2
ATGTCCATTACGCAAG,S503F,0.2117,0.2117,427,282
ATGTCCATTGTTTGAA,R404K,0.0319,0.0319,26,114
ATGTCCCAAGAGAAAC,H295K E461C,0.0000,0.0000,0,16
ATGTCCCCTATAGTGA,R229Y,0.0000,0.0000,0,7
ATGTCCCGAATCCGAC,F399K R456W,0.0000,0.0000,0,8
ATGTCCCGAGGCGAAT,M388E,0.0000,0.0000,0,5
ATGTCCCGATATCCAT,Q191Y,nan,nan,0,0
ATGTCCGCTAGAACAC,D11Y T318A,0.0000,0.0000,0,9
ATGTCCTAAAGAACTC,R81Q H440R,nan,nan,0,0
ATGTCCTACAAGTAAT,V8C H354K,0.1334,0.1334,534,560
ATGTCCTCACGAAAGT,L133aI,0.1257,0.1257,399,444
ATGTCCTTTATACACA,L316Y,0.0000,0.0000,0,6
ATGTCGAAGTCTCATT,K57E,0.2452,0.2452,12026,6859
ATGTCGACAGACCAAA,D240N,0.1299,0.1299,1756,1891
ATGTCGAGAGAGGAAT,K310S,0.1213,0.1213,301,347
ATGTCGTCTAGTACCA,R482A,0.3263,0.3263,42,18
ATGTCTAATAAATTCA,I529N,0.0444,0.0444,40,126
ATGTCTACAAGATAAC,K45R,0.1433,0.1433,4806,4689
ATGTCTATCTGCGGGC,L54S,0.0000,0.0000,0,11
ATGTCTATGGTAACGA,,1.0000,1.0788,54,7
ATGTCTCAGGGTATAA,,0.1480,0.1480,3288,3107
ATGTCTCGTGAGACCA,,0.0714,0.0714,123,241
ATGTCTGAGACTAGGG,,0.3692,0.3692,132,50
ATGTCTGGGTATGATG,,0.1952,0.1952,582,417
ATGTCTTAGGAGGTAC,G286Y,0.0000,0.0000,0,6
ATGTCTTGCTCAAATA,,0.2167,0.2167,1074,693
ATGTGAATAATAGCAC,K280R Y423R,0.3496,0.3496,15,6
ATGTGACAACAAATCA,,0.1447,0.1447,3848,3720
ATGTGACGAGAGTGTG,G225V,0.0000,0.0000,0,2
ATGTGACGCCATGATT,,0.2317,0.2317,507,306
ATGTGACTGCAAATAC,H38I A188S,0.7614,0.7614,49,9
ATGTGAGAACAGAAAA,E501V,0.1256,0.1256,769,856
ATGTGAGAACATGTAC,G225W,0.0536,0.0536,115,300
ATGTGAGTAAAAATCC,L402G I514P,0.5904,0.5904,114,27
ATGTGATAATTCCCAG,G376W,0.0000,0.0000,0,7
ATGTGCATTAAAACAT,D11N F439H,0.0000,0.0000,0,29
ATGTGCCAGGCGGACA,Q454K,0.2271,0.2271,294,181
ATGTGCCGATTCAAAA,Q12V T301M M478T,0.1865,0.1865,36,27
ATGTGCGATTGAAAAA,S203Q C546T,0.0574,0.0574,256,624
ATGTGCGTCTAATATT,F467D,nan,nan,0,0
ATGTGCTAAAACGCAA,N458T,0.0000,0.0000,0,1
ATGTGCTAAATTATCA,I124H,0.1360,0.1360,2085,2144
ATGTGCTCTTGACAAA,R227H N400S Y488I,0.3996,0.3996,140,49
ATGTGGAGGATCCGAT,,0.1264,0.1264,8477,9381
ATGTGGCAAACTTATA,Y17L,0.2346,0.2346,156,93
ATGTGGCTATATTGTC,L527*,nan,nan,0,0
ATGTGGGCCAAATTTG,V26T,0.0000,0.0000,0,8
ATGTGGTCACAACAGT,V66W,nan,nan,0,0
ATGTGGTCTTAAACAA,Y363W,0.1066,0.1066,1478,1939
ATGTGTAGACTGACAG,I-3E,0.0804,0.0804,916,1593
ATGTGTATCAAATAGT,L7M,0.1080,0.1080,2072,2683
ATGTGTATTAAAACAT,D11N F439H,nan,nan,0,0
ATGTGTCGCCTTTTCT,Q371Y,1.0000,inf,66,0
ATGTGTGATTGAAAGG,A522K,0.1515,0.1515,65,60
ATGTGTGATTTTAACT,C281D,0.0000,0.0000,0,6
ATGTGTTCTAACTTTA,,0.0000,0.0000,0,18
ATGTGTTGAATCATTT,S311G,nan,nan,0,0
ATGTTAAAAACTAGAA,G396V,0.2585,0.2585,61,33
ATGTTAAACCTCCGGC,G205Y,0.0000,0.0000,0,2
ATGTTAATACGTGCCT,S383I,0.0000,0.0000,0,3
ATGTTAATAGGACAAT,N357K,0.0000,0.0000,0,7
ATGTTAATAGTTATCA,G330K,nan,nan,0,0
ATGTTACGTGTTACAG,R482V,0.0987,0.0987,173,245
ATGTTACTATTAAGAT,,0.1170,0.1170,1411,1686
ATGTTAGAATCTGAAG,I236W I529N,0.0000,0.0000,0,3
ATGTTAGATGCTACTC,C64N,0.0000,0.0000,0,1
ATGTTAGTCAGTCTAT,R212P,nan,nan,0,0
ATGTTATTATTCTGTT,N158F,0.4984,0.4984,5318,1492
ATGTTCAATTAAGCCG,G396Q,0.0000,0.0000,0,12
ATGTTCCCCAGATACG,C76I,nan,nan,0,0
ATGTTGAATACGATAG,,0.1290,0.1290,418,453
ATGTTGAATTATTAGA,Y491H,0.1445,0.1445,839,812
ATGTTGAATTTTCTAT,E44F,0.1290,0.1290,1447,1569
ATGTTGACTGATTGAG,I297Y,0.0000,0.0000,0,5
ATGTTGAGACTGAACT,,0.1292,0.1292,852,922
ATGTTGCGCTGACGAT,E340G R547K,0.1073,0.1073,66,86
ATGTTGCTTACCGCAA,D438H,0.3758,0.3758,43,16
ATGTTGTACGACCATT,S113D T199I,nan,nan,0,0
ATGTTGTTGACTAAGC,L-1C,0.1647,0.1647,2971,2523
ATGTTTAAAATACTAG,L527N,nan,nan,0,0
ATGTTTAACGTTGTAA,A160H,0.1151,0.1151,526,639
ATGTTTACAATTTGAA,G205N,0.4195,0.4195,24,8
ATGTTTAGACTAGCCA,S6F,0.3814,0.3814,30,11
ATGTTTATAATCCATG,,0.1371,0.1371,305,311
ATGTTTGGGATCAAAA,I155R Y486W,nan,nan,0,0
ATGTTTTGAATGAAAG,E189K G360T,0.0655,0.0655,52,111
ATGTTTTGTAAAGTGG,K57M,0.2838,0.2838,2125,1047
ATGTTTTTATTAAAGT,,0.8857,0.8857,19,3
ATTAAAAAACCAAATA,,0.2067,0.2067,3244,2195
ATTAAAAACCCAATGG,,0.1389,0.1389,290,292
ATTAAAAACCTTAGGC,A334W,0.2517,0.2517,18,10
ATTAAAAAGAAGTAAT,C14T,nan,nan,0,0
ATTAAAAAGGTACACA,P239S Y491C,0.0000,0.0000,0,6
ATTAAAACAAAGTGAA,K313Q,0.1368,0.1368,405,414
ATTAAAACCAATAAAA,,0.0939,0.0939,2833,4220
ATTAAAACTTACAGAC,S369T,0.2704,0.2704,29,15
ATTAAAAGATCATGAC,E78A,0.1984,0.1984,8968,6322
ATTAAAAGCAATTTAA,V151R R328aD,0.0000,0.0000,0,16
ATTAAAAGTTAGGAAG,K328cC,0.0000,0.0000,0,2
ATTAAAATATTGGGTA,K445L T485E,0.0000,0.0000,0,12
ATTAAAATGACCCATC,G181N,0.0000,0.0000,0,32
ATTAAACAAAGCATGC,G72H,0.0647,0.0647,394,851
ATTAAACCCTAGCTCA,I550C,0.1868,0.1868,537,402
ATTAAACCGAGGAGAA,S101L K156A,0.0668,0.0668,1386,2902
ATTAAACCTCTGTAAC,,0.1419,0.1419,879,866
ATTAAACGACAGATCA,I29G G510aE,0.1709,0.1709,66,54
ATTAAACTACCTCAAT,I202S S265N,0.0000,0.0000,0,12
ATTAAAGAACACCAGT,K310Y,0.0497,0.0497,32,90
ATTAAAGAGCTCTTCT,,0.1437,0.1437,4168,4057
ATTAAAGCAAGGTGGA,E89F K310R,0.0000,0.0000,0,4
ATTAAAGCCAAGAATT,,0.0511,0.0511,141,386
ATTAAAGGAGTATAGC,M413Q I517S,nan,nan,0,0
ATTAAAGTAAATTACC,E508A,0.1608,0.1608,774,673
ATTAAATAGCCCATCA,L455K,nan,nan,0,0
ATTAAATCTTAGTTAA,H117S,0.1709,0.1709,209,171
ATTAAATGAATCCCAA,,0.1594,0.1594,163,143
ATTAAATTAACAAAAA,S543F,0.2904,0.2904,27,13
ATTAAATTATTGATAG,F469N,1.0000,1.7247,37,3
ATTAACAAACCTCGAT,E119Q A334H,0.2061,0.2061,28,19
ATTAACAAATCGAAAC,V36W K313S,0.3543,0.3543,38,15
ATTAACAACGAGAACT,,0.1554,0.1554,1722,1550
ATTAACAAGAAAATAG,G181S,0.0000,0.0000,0,7
ATTAACACATAACCTC,I243Y,nan,nan,0,0
ATTAACACCACAAATA,S207V Q454H,0.0787,0.0787,201,357
ATTAACACCGTGATTC,M268C,0.0000,0.0000,0,5
ATTAACAGATACCGGA,M230E,0.0000,0.0000,0,26
ATTAACAGTTTACGAT,A257S,0.1357,0.1357,858,884
ATTAACATCTGATAAA,F147M Q371C,0.0000,0.0000,0,4
ATTAACATTACAGTGG,N-4V,0.1518,0.1518,3122,2876
ATTAACATTGATACCC,E461T,0.0000,0.0000,0,12
ATTAACCAAAACTGCC,K32V K372G,0.5819,0.5819,129,31
ATTAACCAATCAAAAC,G337W,0.0000,0.0000,0,9
ATTAACCATACTCAAA,L402W,0.0629,0.0629,283,629
ATTAACCGGGAAAAAG,I87R,0.2367,0.2367,22,13
ATTAACCGTCTTACAA,P489D,0.1205,0.1205,831,964
ATTAACCTCGCTAGTC,,0.2744,0.2744,673,343
ATTAACGTCTATATAG,,0.1409,0.1409,410,407
ATTAACGTGAAGATCC,H298T,0.0000,0.0000,0,16
ATTAACTAACTCGCAA,E479N,0.1610,0.1610,6650,5776
ATTAACTAATCCTTAT,Y274H,0.1000,0.1000,569,796
ATTAACTATAGTCACA,F469R,0.4577,0.4577,36,11
ATTAACTCTCCATTAA,,0.1337,0.1337,455,476
ATTAACTTCAAAAAAT,M538Y,0.0000,0.0000,0,18
ATTAAGAACCAACCCA,,0.1254,0.1254,824,919
ATTAAGAAGATCATCT,A144K,0.3502,0.3502,949,379
ATTAAGAATCCCCGGC,S167T,0.1453,0.1453,349,336
ATTAAGAATTGTGGAA,,0.1194,0.1194,286,335
ATTAAGACATACCAAC,,0.0681,0.0681,237,487
ATTAAGATACAATAAT,N197Q K328cY,0.0000,0.0000,0,9
ATTAAGCCCCAAAAGA,G510aH,0.1347,0.1347,601,624
ATTAAGGACAGAAAGG,A257D,0.0000,0.0000,0,1
ATTAAGGAGCTCACAG,H110N,0.0000,0.0000,0,46
ATTAAGGCCTATCCAA,*551H,0.2990,0.2990,742,347
ATTAAGGGGGACTTCG,I87E,0.7272,0.7272,26,5
ATTAAGGGTCCATTGC,D175H N464Q,0.0569,0.0569,37,91
ATTAAGGTGAATCTAG,K310P,0.7171,0.7171,200,39
ATTAAGGTTATATTTT,L213P N464V,nan,nan,0,0
ATTAAGTAACCCTGAT,N54aW I288E,nan,nan,0,0
ATTAAGTACCTGACGA,,0.1172,0.1172,1592,1899
ATTAAGTGGCAAGGTA,,0.2039,0.2039,328,225
ATTAATAAACCATCGT,A364I,0.4020,0.4020,115,40
ATTAATAAGGCAGCTA,P254T,0.0893,0.0893,30,47
ATTAATAAGTAGAAAA,W69A,0.6293,0.6293,162,36
ATTAATAAGTTTTGTC,R114D H355M,0.0000,0.0000,0,2
ATTAATACAAAAGGTA,N169M R321S T370P,nan,nan,0,0
ATTAATACAAAGTCAA,K445D,0.3986,0.3986,114,40
ATTAATAGCACCGTCA,H244P,0.2797,0.2797,34,17
ATTAATATAGACCGGC,,0.1301,0.1301,734,789
ATTAATATATACCAAG,,0.0332,0.0332,56,236
ATTAATATCCCCATTC,I123F,0.1954,0.1954,2085,1492
ATTAATATGACCTGAC,H244S,0.1635,0.1635,173,148
ATTAATATGTAAGTAT,N33M,0.2622,0.2622,15,8
ATTAATATTGAACTCA,I384K K506T,0.0000,0.0000,0,4
ATTAATCATAACAAAG,S167K R321T,0.0000,0.0000,0,3
ATTAATCCAGCTCTTG,,0.1947,0.1947,8182,5876
ATTAATGAAACTATAT,,0.1282,0.1282,318,347
ATTAATGCAGCAAACT,,0.3068,0.3068,498,227
ATTAATGCGGACACCC,,0.1832,0.1832,3331,2542
ATTAATGTTCACTTAC,I202L,0.0711,0.0711,62,122
ATTAATTAAAAAGTAA,Y470N,0.0000,0.0000,0,112
ATTAATTACATGACGA,Q513*,0.0000,0.0000,0,11
ATTAATTACCCCGCAC,S361T,0.1454,0.1454,315,303
ATTAATTATGAATTAC,Q513H,0.1846,0.1846,842,638
ATTAATTCTAAGCATA,I202E E246K,0.0000,0.0000,0,2
ATTAATTGCCATCTAT,T422K,1.0000,1.7480,150,12
ATTAATTTACTAGGGG,A19G Q25H,1.0000,4.4750,32,1
ATTAATTTCGCCCACA,E407T,0.0000,0.0000,0,31
ATTACAAAAAAAAAAA,L133aH,nan,nan,0,0
ATTACAAACATCTTTC,M538Q,0.1971,0.1971,31,22
ATTACAACGAAAAGCC,Y258M L325Q,0.2109,0.2109,1968,1305
ATTACAACTCTAAAAC,R81H,0.1751,0.1751,2912,2326
ATTACAATAAGGTCCT,H355V,0.1888,0.1888,2259,1673
ATTACAATGCAAAAAT,N408K,0.2046,0.2046,120,82
ATTACAATTTGATGAC,N475W,0.0000,0.0000,0,33
ATTACAATTTTGAGAA,,0.0750,0.0750,156,291
ATTACACACACATACA,M75S I267R,0.0000,0.0000,0,5
ATTACACGAGCATTAA,,0.0848,0.0848,160,264
ATTACACTATGAAATA,G352H Y518R,nan,nan,0,0
ATTACAGAACCGCATA,G360C,0.2537,0.2537,78,43
ATTACAGAACGCTCTT,G143L,0.1956,0.1956,7536,5389
ATTACAGACAATCCAG,,0.0883,0.0883,334,529
ATTACAGAGGTGCAGA,R405A,nan,nan,0,0
ATTACAGCAAACCCAA,E273A,0.1890,0.1890,5832,4315
ATTACAGCATCCAGAA,,0.2602,0.2602,441,237
ATTACAGCTAGTGTGA,E403A,0.0000,0.0000,0,8
ATTACAGCTATGAAGC,N150E,0.0000,0.0000,0,10
ATTACAGGACAATTGC,Q371D,0.2203,0.2203,1701,1080
ATTACAGGCTGCACGA,,0.1394,0.1394,307,308
ATTACAGTATAATATT,S85P,0.1541,0.1541,529,480
ATTACATAAACCGAAC,K506H,0.0000,0.0000,0,73
ATTACATCGGAAACTC,N92W T390D,0.2274,0.2274,457,281
ATTACATGATATATAA,H110K,0.0000,0.0000,0,6
ATTACATGCGCCCGTG,,0.1419,0.1419,6121,6034
ATTACATTTTAAAGCA,I4C,0.1136,0.1136,1149,1414
ATTACCAAAAAGAGGG,K328cE V395A,0.3236,0.3236,118,51
ATTACCAGCTAACCGA,,0.1213,0.1213,1256,1448
ATTACCCATAACAATC,Q12K,0.1665,0.1665,1955,1642
ATTACCCCTGCCGAAA,T301Y,0.1370,0.1370,4151,4237
ATTACCCCTTTAAAGT,E368K N475P,nan,nan,0,0
ATTACCGACAAAGGGG,,0.0651,0.0651,269,578
ATTACCGATCTACCTG,D386E,0.2397,0.2397,324,189
ATTACCGATGTAATGA,A3T N278E,0.1684,0.1684,4831,4012
ATTACCGTAGGAAATG,,0.1606,0.1606,1931,1681
ATTACCTACAGGAGCC,N322V T370G F469C,nan,nan,0,0
ATTACCTCGACCTAAT,H183M,0.0000,0.0000,0,33
ATTACCTTGAGAGGGC,,0.1260,0.1260,3590,3986
ATTACGAAACTGGGAA,F392R,0.0000,0.0000,0,3
ATTACGACACCATGTA,K310E,nan,nan,0,0
ATTACGACCAAGGCGG,M230I R456Q,0.1698,0.1698,119,98
ATTACGACCTTTAGCT,,0.1466,0.1466,437,417
ATTACGAGACCTCAAT,K216A N322I T370M R452H S523G,0.0000,0.0000,0,1
ATTACGAGACGAGGTT,V82A,0.2180,0.2180,329,211
ATTACGAGCAAGACAC,L54E,0.0000,0.0000,0,10
ATTACGATAATACCAG,G55F,0.2515,0.2515,784,436
ATTACGCCCGGAATGA,,0.1760,0.1760,3772,2997
ATTACGCCCTACCGAA,I406L,0.1269,0.1269,6534,7198
ATTACGCCGCGAGTCT,N401A,0.1352,0.1352,521,539
ATTACGCGCAAATGAA,I385P,nan,nan,0,0
ATTACGCTAGACCATT,P82aW,0.1909,0.1909,6396,4685
ATTACGTAAACAACCT,A138N,0.0149,0.0149,13,122
ATTACGTCGATGTATC,H130W Q344I,0.1172,0.1172,915,1092
ATTACTAAACAGGGGT,,0.0000,0.0000,0,4
ATTACTAAAGGTCATA,G249E,1.0000,1.0139,29,4
ATTACTACAGTAAGGT,T199F,0.1319,0.1319,231,245
ATTACTATCCTTGGTT,Q12F G416H,0.1865,0.1865,40,30
ATTACTATTGATGACC,,nan,nan,0,0
ATTACTCAACGAGAAA,,0.0559,0.0559,2,5
ATTACTCAGTGGAGAA,V34L K380E,0.0000,0.0000,0,16
ATTACTGACTTGAACA,L462P E500M,0.0000,0.0000,0,6
ATTACTGATGCAAATA,V151M,0.1452,0.1452,3326,3203
ATTACTGCATACATTG,S509Q,0.1444,0.1444,3017,2921
ATTACTGGCCCTGTGC,R173T,0.0721,0.0721,554,1075
ATTACTGGGAAAAAAC,N158E K259P,0.0000,0.0000,0,10
ATTACTGTCAGAGACA,N389S,0.0675,0.0675,42,87
ATTACTTATCTGGAAA,,0.0000,0.0000,0,1
ATTACTTATTTCAAGG,V34D,0.0000,0.0000,0,16
ATTACTTCACGAACGT,I4C K445E N446S Y448C K450R,0.0000,0.0000,0,2
ATTACTTCGGTGAATC,,0.1420,0.1420,195,192
ATTACTTGATGTCTCC,A253C,0.2001,0.2001,8364,5846
ATTACTTTACGTGTGG,,0.1832,0.1832,1120,855
ATTACTTTTAGCCCAT,V36R,0.0000,0.0000,0,18
ATTACTTTTGCCCTAC,V5P G484P,0.0000,0.0000,0,2
ATTAGAAAGTCAGTTC,F469T,0.0000,0.0000,0,2
ATTAGAAATAATTCCT,G362H,0.1408,0.1408,141,140
ATTAGAAATATTACTG,A459Q,0.0000,0.0000,0,3
ATTAGAACAATATGGG,,0.3106,0.3106,9189,4137
ATTAGAACGATCTCCA,P74V,0.0822,0.0822,683,1162
ATTAGAACGGAGCATT,R482G,0.0625,0.0625,1492,3337
ATTAGAAGAACGTTCA,G396A,0.1292,0.1292,73,79
ATTAGAAGGCGTTAGG,Y201K,0.0996,0.0996,617,866
ATTAGAATACGAGTTA,I529Q,0.6712,0.6712,24,5
ATTAGACATTTCCTAG,,0.1396,0.1396,707,708
ATTAGACGGTGGAATA,S203R S519I,0.5993,0.5993,30,7
ATTAGATAACATATAC,K387N,0.1727,0.1727,1052,852
ATTAGATAACCTTGTG,T485P,0.0000,0.0000,0,26
ATTAGATGTGCAAGTC,N210S,0.2876,0.2876,218,106
ATTAGCAAAAAATCTA,L427Q,0.0000,0.0000,0,29
ATTAGCAAAAGCCAAA,,0.0622,0.0622,299,672
ATTAGCAAAGACGGGA,D386N,0.1387,0.1387,2679,2701
ATTAGCAAGGACTCGC,E273F,0.1907,0.1907,356,261
ATTAGCAGAAGGACAA,R328bW,0.5445,0.5445,767,197
ATTAGCATCAGGTAGT,T436E,nan,nan,0,0
ATTAGCCAATATCTAC,P125D T370D F469L,0.0000,0.0000,0,3
ATTAGCCAGACGAACA,L2R,0.0000,0.0000,0,3
ATTAGCCCCACTTAAA,P293V,0.0641,0.0641,11,24
ATTAGCCCTTACTGGT,R404M,0.0690,0.0690,75,152
ATTAGCCTAACATCAA,,0.1386,0.1386,1830,1846
ATTAGCGAAGCATATA,I124S R326C,0.1585,0.1585,1763,1555
ATTAGCGGAGCAACGT,Q25D,0.0977,0.0977,454,650
ATTAGCTATTCGCCCT,E304R,0.1564,0.1564,1761,1575
ATTAGCTGAAGGAGCG,,0.1135,0.1135,224,276
ATTAGCTTCTTAACCC,D264K,0.1165,0.1165,5,6
ATTAGGAACTGGACAT,T283I,nan,nan,0,0
ATTAGGAATCGCACCA,K328cE W350G H354Y,0.8283,0.8283,77,13
ATTAGGACCAGCGTGT,V347G,0.1958,0.1958,56,40
ATTAGGACGTGAGTAA,I297V,0.1233,0.1233,253,287
ATTAGGACTGACCCCG,A526R,1.0000,1.9228,55,4
ATTAGGAGAAGTAATG,G181D E398H,0.0000,0.0000,0,1
ATTAGGATACCTCAAG,,0.2550,0.2550,31,17
ATTAGGATACTGTAAC,H18A,0.0322,0.0322,26,113
ATTAGGCAGCAGAAGA,N186M,0.0000,0.0000,0,32
ATTAGGCCAAGGAAAT,N224E L462Q,0.0000,0.0000,0,9
ATTAGGGCAGGCTTTT,G337S W421C,1.0000,3.2164,69,3
ATTAGGGTTGCTATCT,G319L,0.0000,0.0000,0,5
ATTAGGTACTGCGATA,E-5R,0.1024,0.1024,282,385
ATTAGTAAGACGAGGA,V272H,0.0000,0.0000,0,10
ATTAGTAAGTCCAAAT,Y86M,0.0000,0.0000,0,12
ATTAGTAATTCACTGT,G352W,0.0000,0.0000,0,7
ATTAGTACTTAAACTC,V381Y,0.1232,0.1232,473,537
ATTAGTACTTTTCTTT,,0.1787,0.1787,7009,5486
ATTAGTAGCCAGATAG,E508G,0.0000,0.0000,0,3
ATTAGTATACCATTCT,F294T,0.0000,0.0000,0,7
ATTAGTCACAGAATGG,L59W G510aM,0.1439,0.1439,1139,1107
ATTAGTCAGGCTGTCC,N379G,0.0000,0.0000,0,3
ATTAGTGATGAACAAA,Y258K,nan,nan,0,0
ATTAGTGTTAATAGAA,C76D,0.0000,0.0000,0,1
ATTAGTTACCAAGCCT,D240K K372G,0.0703,0.0703,495,985
ATTATAAACCCAGCTG,,0.0020,0.0020,3,206
ATTATAAAGCAGTACC,S136G,0.0455,0.0455,27,83
ATTATAAATAATCTGT,G352S,0.0000,0.0000,0,1
ATTATAAATGTCGGCG,L316Q,1.0000,1.6082,46,4
ATTATAACCCCTAATA,S509I,0.1693,0.1693,4573,3777
ATTATAAGACCCTCAA,V151R,0.0000,0.0000,0,1
ATTATAAGGTATACAA,G271D,0.1375,0.1375,2696,2741
ATTATAATATGTTTAC,R499P,0.1892,0.1892,184,136
ATTATACAGAGTCAAG,N424S,nan,nan,0,0
ATTATACTCCGATGTT,N20H Y353P,0.2782,0.2782,364,183
ATTATAGAAACTAGCG,,0.1697,0.1697,8794,7248
ATTATAGACGAAGTAA,C477P,0.0000,0.0000,0,2
ATTATAGCGAACTCAG,I217R,0.0538,0.0538,227,590
ATTATAGGCTTAGTAC,V152M,0.2001,0.2001,4939,3451
ATTATAGTTATAATTC,G225R,0.1358,0.1358,474,488
ATTATATAAATACAGC,H471Y T511P,0.4395,0.4395,22,7
ATTATATAGCACAGAC,A334K,1.0000,1.8180,13,1
ATTATATATAGCTGGC,I243D,0.4370,0.4370,25,8
ATTATATATTGCAATG,L300R,0.1890,0.1890,654,484
ATTATATCCGACGACA,V381E,1.0000,1.0348,111,15
ATTATATGAATAATTT,G376K,0.0408,0.0408,40,137
ATTATATGGATAACTA,E434K,0.9168,0.9168,59,9
ATTATCAAATCAGGTG,S167L,0.1638,0.1638,2362,2016
ATTATCAACCAAATAT,L7P R212Y,0.0000,0.0000,0,24
ATTATCACTGAAGGCA,P299E,0.1738,0.1738,409,329
ATTATCCCGAAACCAT,T370F M530I,0.1279,0.1279,43,47
ATTATCCCGGATACCG,,0.1266,0.1266,526,581
ATTATCCCTATGCCCA,K387L,0.3638,0.3638,333,128
ATTATCCCTTCCTTAA,D77V,0.1819,0.1819,1212,932
ATTATCGCATCCAGTT,R173F,0.1152,0.1152,336,408
ATTATCGCCCCTACTA,H298Y,0.1939,0.1939,312,225
ATTATCGGGTGTAAAA,N289L,0.1578,0.1578,421,373
ATTATCGTATTGTCAA,Y491W,0.1389,0.1389,1549,1560
ATTATCTAAAAGACTA,S167G,0.1816,0.1816,3581,2758
ATTATCTAACTATACA,C14H F439S,nan,nan,0,0
ATTATCTCCAGGCCAA,V26L Q222A,1.0000,3.0766,44,2
ATTATCTTAGAAAATG,C97L N443H,0.0000,0.0000,0,4
ATTATGAAACCATCAA,E476H,0.1182,0.1182,3491,4131
ATTATGAAGCTTCAGT,R173V,0.0865,0.0865,1813,2930
ATTATGACAGAAACAC,,0.1268,0.1268,2250,2481
ATTATGAGGTTGAGTA,Y201C,0.0465,0.0465,223,671
ATTATGCAAGGCCCAC,G225W,0.0000,0.0000,0,99
ATTATGCATCATAGAG,I164C,0.0862,0.0862,400,649
ATTATGCCGTAATACG,S291T,0.2760,0.2760,298,151
ATTATGCCTATACAAG,D231A E358D,0.1058,0.1058,137,181
ATTATGGCTTAAGAAA,N103L S185W,0.0000,0.0000,0,2
ATTATGGGATCAAGAC,E106G C281G,1.0000,2.3773,34,2
ATTATGGTACACTTCT,Q12*,nan,nan,0,0
ATTATGTACACATGAT,K387V,0.1398,0.1398,188,188
ATTATGTACCGGTTTT,,0.1749,0.1749,2626,2100
ATTATGTATGTAACAC,*551R,0.0000,0.0000,0,16
ATTATGTCGTACGGCC,E189F,0.4363,0.4363,156,50
ATTATGTTTACCGATT,T23W,nan,nan,0,0
ATTATTAAAATAAATA,F467G,nan,nan,0,0
ATTATTAATATAGTGT,D241P,nan,nan,0,0
ATTATTAATTTACCAG,L122N F469G,nan,nan,0,0
ATTATTACTCGATTTC,C281M,nan,nan,0,0
ATTATTATAATTCCAA,H130C,nan,nan,0,0
ATTATTCAGTTACTCA,S265T W421* C546Y,0.0000,0.0000,0,1
ATTATTCGAACTCGCT,,0.1378,0.1378,1204,1222
ATTATTCTTGTCTTAA,D241N C477S,0.0000,0.0000,0,3
ATTATTGACCTTATTT,L176I,0.0951,0.0951,1218,1791
ATTATTGAGAGTCTAC,,0.1572,0.1572,363,323
ATTATTGCTCCCCCGT,I182N,0.0515,0.0515,28,76
ATTATTGGAACGTGAG,,0.1707,0.1707,4913,4026
ATTATTGGCCTCCAAG,T35M G55E,0.0540,0.0540,56,145
ATTATTGTAATATGGT,V34N D441E,0.0000,0.0000,0,6
ATTATTGTTTTACGTT,S442Q,0.1427,0.1427,150,147
ATTATTTAGCACTCCT,L43N,0.0000,0.0000,0,13
ATTATTTCGAAGAACA,E393T,0.1817,0.1817,899,692
ATTCAAAAGGGCTACA,N129A,0.1009,0.1009,2639,3659
ATTCAAAATTATTCAG,,0.0995,0.0995,121,170
ATTCAACAAATGGGTC,F469Y,0.1092,0.1092,534,684
ATTCAACTCATTAACA,V26E,0.0000,0.0000,0,4
ATTCAAGAATTGACCA,N169D R321A T370S L447E,0.0000,0.0000,0,4
ATTCAAGCAGAATAGA,I384W,0.0777,0.0777,85,153
ATTCAATAGTGAGACC,K411N,0.2213,0.2213,182,115
ATTCAATATTCTGGAC,D386W,0.0923,0.0923,912,1382
ATTCAATCAAAGACCG,L51K,0.0000,0.0000,0,4
ATTCAATCATGGAGGC,I384E,0.3058,0.3058,199,91
ATTCAATTCCCCCATC,,0.1428,0.1428,1269,1243
ATTCAATTCTGCACAA,,0.1160,0.1160,1865,2248
ATTCAATTCTTCTATA,,0.1165,0.1165,824,989
ATTCACAAAAAGAAAT,A334M A336S,0.0563,0.0563,29,72
ATTCACAAATGTGATG,,0.0937,0.0937,573,855
ATTCACAAGACATTTT,,0.1488,0.1488,2302,2164
ATTCACAAGTAAAAGT,T301M,0.0907,0.0907,594,916
ATTCACATTTCCGTAC,V152A N289L V505I,0.1307,0.1307,3438,3678
ATTCACCAATTATTTA,N158L,0.4881,0.4881,1089,312
ATTCACCAATTTTTGT,A394S,0.1909,0.1909,628,460
ATTCACCATATTAAGG,Y17F,0.1171,0.1171,514,614
ATTCACCATGGTTGGC,D63V,0.0000,0.0000,0,57
ATTCACCGCGAAAATT,L96C,0.1197,0.1197,1787,2088
ATTCACGAATACCCCA,H440N,0.0000,0.0000,0,1
ATTCACGGTGAGGGAT,K9C G134W,0.1936,0.1936,18,13
ATTCACGTATAAATAC,G100P,nan,nan,0,0
ATTCACGTCCTTCTCC,E468K,0.0801,0.0801,98,171
ATTCACTAGTTTCCAT,K307F,0.0000,0.0000,0,2
ATTCACTCAATTCATA,Y423P,0.2517,0.2517,18,10
ATTCACTCAATTTGTC,M230H,0.1398,0.1398,52,52
ATTCACTCTACGATAA,F392K,0.0000,0.0000,0,4
ATTCAGAGGCACCAAC,D175Y,0.1492,0.1492,303,284
ATTCAGCATTCTCGCG,H110I,0.0000,0.0000,0,3
ATTCAGCGCTCCATAA,A242G,0.0678,0.0678,1428,2945
ATTCAGGCACTGACAT,L314M,0.4817,0.4817,31,9
ATTCAGGCCTCAAAAC,A218K,0.4450,0.4450,35,11
ATTCAGGTCGGGTCGG,N169S R321A F469T,0.0000,0.0000,0,2
ATTCAGTACATACGAT,V315E S543G,1.0000,1.0954,47,6
ATTCAGTTTCCAGACC,T279N A317D,nan,nan,0,0
ATTCATAAGCAAATTA,Q371N,0.0926,0.0926,251,379
ATTCATACTACACAAA,M30Y,0.0778,0.0778,192,345
ATTCATAGGCCATAAA,L331Y,0.8158,0.8158,140,24
ATTCATAGTATATACT,,0.1427,0.1427,2373,2326
ATTCATCACCTTGCCG,L209C,0.1578,0.1578,3754,3326
ATTCATCATATGCAAC,Y195E,nan,nan,0,0
ATTCATCCGACATCGG,Q545A R547K,0.1069,0.1069,65,85
ATTCATCCGGGATTAC,R114T T436G,nan,nan,0,0
ATTCATCGGCATGGAT,Y98R,0.0000,0.0000,0,2
ATTCATGAAAAACGAA,A188Q Q344H,0.1055,0.1055,482,639
ATTCATGAAACCGTTC,G72P G349V,0.1824,0.1824,30,23
ATTCATGAGCACAAAA,Y512C,0.1517,0.1517,1352,1246
ATTCATGCTGGGATAT,,0.0873,0.0873,569,911
ATTCATGGCAGTCAGC,W84T A287K,0.0000,0.0000,0,9
ATTCATGGGATAATCA,,0.1467,0.1467,3976,3791
ATTCATGGGCGCAACA,Q371M,0.1735,0.1735,1125,907
ATTCATTAAGCTATAC,V34L,0.1396,0.1396,2779,2784
ATTCATTCCTAATATT,T200W,0.0000,0.0000,0,1
ATTCATTTGCTGGTGA,M431I R547K,0.0000,0.0000,0,5
ATTCATTTTTGCCATA,T301V,0.1123,0.1123,445,554
ATTCCAAAAAACCATT,E426Y,nan,nan,0,0
ATTCCAAAAAAGCCGC,E501V,0.1729,0.1729,953,771
ATTCCAAACCCCCTCG,G345M,0.1689,0.1689,2650,2194
ATTCCAAATCGGTTGG,W180R P284W,0.0000,0.0000,0,10
ATTCCAACAACAGAGC,C477T,nan,nan,0,0
ATTCCAACAATAGCGA,E500T,0.1479,0.1479,1558,1473
ATTCCAACATACCCTG,I182V,0.2111,0.2111,1147,760
ATTCCAATATCAACCG,P293S A528F,0.4102,0.4102,176,60
ATTCCAATCAATACGA,K196V,0.1787,0.1787,414,324
ATTCCAATCTCCGCTT,N33M A317E,0.0000,0.0000,0,3
ATTCCAATGCTGTAAG,Y195L R404Q,nan,nan,0,0
ATTCCAATTCGCGTAA,I517V,0.1333,0.1333,472,495
ATTCCACGAATAGAGA,K216T,0.1625,0.1625,8490,7305
ATTCCAGCGTTGCACA,,0.1447,0.1447,892,862
ATTCCAGCTAAATCCT,K50I E119K Q344W,0.1250,0.1250,455,509
ATTCCAGCTCGAATAT,T171N,0.4434,0.4434,130,41
ATTCCAGCTTGGTACT,R456Y,0.1319,0.1319,401,425
ATTCCATAAATTCCCT,Q191V Q545Y,0.0000,0.0000,0,5
ATTCCATACCAGAGAA,T370E F469V,0.0000,0.0000,0,2
ATTCCATACGACTAAA,P324V R328bM,0.2256,0.2256,4021,2493
ATTCCATATGTTAGCC,Q490S,0.1550,0.1550,358,323
ATTCCATTATTCTTGA,L54S,0.0000,0.0000,0,12
ATTCCCAAAAAAGTAG,V451K I550W,nan,nan,0,0
ATTCCCAAAGCTGAAA,I217W,0.0443,0.0443,356,1125
ATTCCCAACTACCCCA,G416N,0.1608,0.1608,2336,2032
ATTCCCATGAAATCAG,Y168Q D375E,0.0000,0.0000,0,2
ATTCCCCCGCCAGGAT,,0.0841,0.0841,187,311
ATTCCCCTTGTAAACC,I42*,0.0000,0.0000,0,5
ATTCCCGAATAGGTGA,S265F,nan,nan,0,0
ATTCCCGATTTACGTG,A394T,nan,nan,0,0
ATTCCCGTATTGAAGT,P74K S136G,nan,nan,0,0
ATTCCCGTCGGCCTAC,N187T,0.1894,0.1894,3996,2950
ATTCCCTATACATGGA,,0.4755,0.4755,119,35
ATTCCCTCGAGGAGAC,K262aV,0.1314,0.1314,62,66
ATTCCCTTGAGCCTGT,V204C,0.1568,0.1568,6344,5657
ATTCCGACAGACCCAG,F439D,nan,nan,0,0
ATTCCGACTCGCATAG,I182Q,0.1364,0.1364,1682,1725
ATTCCGATGGGTGACG,G341K A425H,0.0000,0.0000,0,7
ATTCCGCCGAGAAGAA,,0.1720,0.1720,1660,1350
ATTCCGCTTAATACTC,A334Q,0.3822,0.3822,41,15
ATTCCGGACATCTATA,G342L,0.0000,0.0000,0,3
ATTCCGGAGGTACCTA,S22C N33K,0.0000,0.0000,0,82
ATTCCGGGGTCGTTCC,E255K E398Y,0.5681,0.5681,65,16
ATTCCGTGTCGATCAT,,0.1624,0.1624,295,254
ATTCCGTTCATATTTC,K328cI R397M,nan,nan,0,0
ATTCCTAAAAACGGAT,N312L,0.1143,0.1143,820,1003
ATTCCTAATCGACTCG,,0.1369,0.1369,1025,1047
ATTCCTAATTATGTTA,,0.0987,0.0987,434,615
ATTCCTACAACTGTTG,K328G,0.2160,0.2160,2030,1314
ATTCCTATTTAAACAA,,0.1411,0.1411,3197,3169
ATTCCTGCATCCGTTA,V34A D240K,0.0000,0.0000,0,7
ATTCCTTAAATCTCAA,F417S,0.0000,0.0000,0,1
ATTCCTTCGAAACATT,L176P,0.0000,0.0000,0,14
ATTCGAAAAGTAAGCT,T235M,0.2331,0.2331,195,117
ATTCGAAGCTAGAACC,E358V,0.1365,0.1365,1183,1212
ATTCGACACAGTATAC,N150L,0.1226,0.1226,3377,3851
ATTCGACAGGACCATA,E393P V451E,0.0000,0.0000,0,9
ATTCGACTAACGGTTG,V377A Y518L,0.0000,0.0000,0,1
ATTCGACTTATTTGCC,,0.1326,0.1326,1077,1136
ATTCGACTTCCCAATA,Y141T T485W,0.0524,0.0524,333,889
ATTCGACTTTTCCATC,P99Q G100C L430Y,0.0000,0.0000,0,16
ATTCGAGAAAACTTAA,A218Y Y488V,0.4827,0.4827,107,31
ATTCGAGATAGACTGA,G330C,0.0000,0.0000,0,15
ATTCGAGATATATAGT,M-6Q T370S F469*,0.0000,0.0000,0,2
ATTCGAGATTAGCCGT,L108Y,0.0795,0.0795,29,51
ATTCGAGGTCCGTCAC,G303L,0.2924,0.2924,23,11
ATTCGCAAGTTAAAAT,E119R,0.1612,0.1612,3238,2809
ATTCGCAATTCTCATA,T208F D386G G484T,0.0000,0.0000,0,48
ATTCGCACCAAATAAG,A137T T192C Q344K M530I,0.0000,0.0000,0,95
ATTCGCATTATTTCAC,N54aR E273Y Y351N,0.2447,0.2447,35,20
ATTCGCCCTCTGGGGT,S543W,0.1856,0.1856,69,52
ATTCGCCTAGACAAGG,,0.1865,0.1865,8,6
ATTCGCGGGACAGTAT,G249R M292I,0.0000,0.0000,0,2
ATTCGGAGCCCCACTT,R482Q,0.0457,0.0457,228,698
ATTCGGAGGAAAAACA,N382K,0.0000,0.0000,0,9
ATTCGGATTAATGGTG,G286D,1.0000,inf,28,0
ATTCGGCGATGAAGGA,R404E,0.0000,0.0000,0,1
ATTCGGTACGTTTCTC,I13T,0.0000,0.0000,0,1
ATTCGGTGGTAACAAA,H47Q,0.1684,0.1684,106,88
ATTCGTAAAAACCAAC,K196W,0.3604,0.3604,67,26
ATTCGTAGTGATTCGT,G249D,0.0000,0.0000,0,1
ATTCGTCCGTCTACGA,L447G,0.0000,0.0000,0,1
ATTCGTTACTTATCTG,D95Q,0.1743,0.1743,2355,1889
ATTCGTTTCTAAAGAA,E340S,0.0000,0.0000,0,30
ATTCTAAAAAAGGTAC,,0.1591,0.1591,7467,6565
ATTCTAAACATTCCGA,Q226P,0.8391,0.8391,24,4
ATTCTAAACTTGACAA,G342R L402Q,0.1346,0.1346,439,456
ATTCTAAAGAGCCTAT,Y201W,0.1287,0.1287,1111,1207
ATTCTAAATACACCTT,,0.0935,0.0935,196,293
ATTCTAACTAACGCTA,S167R R321P D366Y T370R F469S,nan,nan,0,0
ATTCTAATTGATGTTA,S167L T266M F469S,0.0161,0.0161,3,26
ATTCTACATTTGCTAT,N33Q,0.1337,0.1337,2127,2225
ATTCTACCGTTAGTAG,G342Q,0.0000,0.0000,0,3
ATTCTACTGTATTCGA,T192N,0.1654,0.1654,2449,2070
ATTCTATATAATAATA,P145R,0.5151,0.5151,8428,2288
ATTCTATTGACCACAA,N408V,nan,nan,0,0
ATTCTATTGTCAAACT,N250I,0.0000,0.0000,0,12
ATTCTCACGGAAACCA,,0.2105,0.2105,5015,3331
ATTCTCATAAAGCACG,L409Y,nan,nan,0,0
ATTCTCATGAATCCCT,T23E Y86S,0.1069,0.1069,13,17
ATTCTCATGCTCTACC,L213D L527P,0.2447,0.2447,21,12
ATTCTCCATAATAAGC,H184I,nan,nan,0,0
ATTCTCGAAATGAATA,A242D,0.0161,0.0161,19,165
ATTCTCGACTACACGG,,0.1265,0.1265,1980,2189
ATTCTCGTATATACGC,A287D,0.0000,0.0000,0,13
ATTCTCTAACTTAATC,F417L,0.1218,0.1218,546,627
ATTCTCTTGGGTATGT,,0.1105,0.1105,828,1048
ATTCTGAGATTCAATG,L418T,0.3108,0.3108,20,9
ATTCTGAGCGATCAAA,Q191H L527S,0.0000,0.0000,0,35
ATTCTGCCTAAGAAAT,D348E,0.0000,0.0000,0,14
ATTCTGGCAACACAAC,D27T,nan,nan,0,0
ATTCTGGGTGCCTTAT,E119V,0.0769,0.0769,219,398
ATTCTTAACGGGAATG,F232A,0.0000,0.0000,0,1
ATTCTTAAGTCGGTCA,H276E,0.1111,0.1111,228,287
ATTCTTACCCATGAAA,,0.1654,0.1654,311,263
ATTCTTACTTCGTGGG,F147W,0.0000,0.0000,0,23
ATTCTTATAGGCGCAA,L455Y,0.0000,0.0000,0,1
ATTCTTCAAGAGACCA,H110A,0.1559,0.1559,505,453
ATTCTTCACTTCCCAA,K262aN,0.2024,0.2024,317,219
ATTCTTCTTAGGTATC,,0.3952,0.3952,130,46
ATTCTTGCCTAATAAT,K262aD,1.0000,1.2909,120,13
ATTCTTTCAGCTGTAA,I302S L427F W537*,0.0000,0.0000,0,4
ATTGAAAAAACCTTTC,,0.1831,0.1831,609,465
ATTGAAACAATGAAAA,I243P,0.0000,0.0000,0,11
ATTGAAACGCAATATT,I121C,0.1860,0.1860,1508,1134
ATTGAAAGATAATTTC,Y363P T520A,0.0000,0.0000,0,9
ATTGAAAGCGAATTGA,M75I,0.0984,0.0984,439,624
ATTGAAATGTATGTGT,L102M,0.1447,0.1447,8905,8606
ATTGAAATTGTTATGC,V204A,0.0281,0.0281,104,518
ATTGAACAGGCAGGCA,,0.1891,0.1891,3561,2633
ATTGAACCAGCATGTT,,0.1991,0.1991,289,203
ATTGAACGCAGCTTTG,N33S L61D L237M P284W,0.0000,0.0000,0,1
ATTGAACTAATAGCAT,,0.1870,0.1870,111,83
ATTGAACTGCCAACTC,D159M,0.0912,0.0912,60,92
ATTGAAGCGTGTGCTG,K506I,0.1478,0.1478,260,246
ATTGAATGATCAAAAG,G55C I124M E358K,nan,nan,0,0
ATTGAATTAAGTGCGG,R499K,0.0922,0.0922,356,540
ATTGAATTAGAAACTA,G181I,0.0000,0.0000,0,10
ATTGAATTCTGAAGAA,P145T,0.2532,0.2532,4070,2248
ATTGAATTTCATGTAA,P92aH,0.0000,0.0000,0,38
ATTGACAAGCCTTCGA,M268I,0.1113,0.1113,694,872
ATTGACAATAAAACAC,F332H,0.0000,0.0000,0,1
ATTGACAGCATGACCT,E461M,nan,nan,0,0
ATTGACCAAGATAATA,,0.1169,0.1169,2415,2888
ATTGACCATATTAGCC,G416T,0.0000,0.0000,0,9
ATTGACCGCCGATTTC,N446F,0.1107,0.1107,944,1192
ATTGACGGAGAAACTA,E-5A H440R,0.0000,0.0000,0,12
ATTGACGTGGTCCCAA,,0.1224,0.1224,703,803
ATTGACTCCAATAAGG,L427V,0.0672,0.0672,85,177
ATTGACTGAACGTCTT,,0.1028,0.1028,1378,1875
ATTGACTGCCTTACCT,,0.1689,0.1689,314,260
ATTGAGAACTAAGGAA,G504R,0.0679,0.0679,50,103
ATTGAGACAACCACAT,L325C,0.0928,0.0928,268,404
ATTGAGACGGTGACTC,Y486P,0.0000,0.0000,0,3
ATTGAGATTAACATGC,E83* I243A,0.0000,0.0000,0,6
ATTGAGATTCATTATA,E83T,0.0973,0.0973,249,358
ATTGAGATTGCAACTA,M538P,0.0000,0.0000,0,44
ATTGAGCCCGCATCTC,N400H,0.1039,0.1039,3462,4660
ATTGAGCCTAACAAGA,H38C,0.1136,0.1136,1647,2027
ATTGAGCGTGTTAAGT,,0.1242,0.1242,1031,1161
ATTGAGGATATCATAC,L331V,0.2594,0.2594,128,69
ATTGAGGATGTGTTAG,,0.1737,0.1737,1190,958
ATTGAGGCAGGAAATC,E31L,0.0630,0.0630,201,446
ATTGAGGGATAGCAGC,,0.1343,0.1343,1446,1506
ATTGAGTATAAGCCTC,D441A,0.1296,0.1296,89,96
ATTGAGTATCAAAGAA,G143V Y351C,nan,nan,0,0
ATTGAGTTAAAAAATG,,0.1042,0.1042,858,1151
ATTGAGTTCGACCCGC,F467R,0.0000,0.0000,0,15
ATTGATAACATATAAC,V-2M,0.0793,0.0793,1810,3193
ATTGATAGACGCCGCT,N248K,0.0000,0.0000,0,61
ATTGATAGGAACATAC,,0.1807,0.1807,2406,1862
ATTGATCATCCAAGTT,W84K K506E A528V,0.1249,0.1249,25,28
ATTGATCATCCCCGCG,L133aQ,0.3559,0.3559,2387,938
ATTGATCCTGGGAAAT,A3C N103T M111I T390L,0.0000,0.0000,0,5
ATTGATCTCAAATGCT,,0.1601,0.1601,1463,1278
ATTGATCTCGACGATG,E304V,0.1701,0.1701,579,476
ATTGATCTTAGTAAAG,E190P,0.0000,0.0000,0,14
ATTGATTACCTAGTGA,P82aG,0.1162,0.1162,246,296
ATTGATTCAACAAAAT,,0.1264,0.1264,499,552
ATTGATTGAATGAATC,E501W,0.1840,0.1840,1492,1134
ATTGATTTAGAATCCG,Q513K,0.1193,0.1193,656,769
ATTGATTTCTAGACAC,E493T,0.2037,0.2037,3269,2244
ATTGATTTGTCTTCGA,E131F,0.2134,0.2134,296,194
ATTGCAAATAAAAAAG,,0.0995,0.0995,126,177
ATTGCAACACCAAGAA,P92aL T390G,0.1654,0.1654,1241,1049
ATTGCAACCGATGACG,F439K,0.0000,0.0000,0,14
ATTGCAATCACGCCCC,D159M G263F,0.0000,0.0000,0,6
ATTGCACAGACTGCAA,A138I G396K,0.0000,0.0000,0,41
ATTGCACGGGAGAGAT,,0.1745,0.1745,6023,4827
ATTGCACGTTTACCGA,P215Q,0.1146,0.1146,50,61
ATTGCACTTCACTGTC,A3T D159Y G504L,0.3795,0.3795,2160,796
ATTGCAGATGCTTACT,R405E,nan,nan,0,0
ATTGCATAGACTCGCA,M268D,0.8530,0.8530,61,10
ATTGCATAGGAAAAAA,,0.0407,0.0407,464,1596
ATTGCCACTGAGTGAC,C76L,0.1329,0.1329,38,40
ATTGCCAGTTCCCGAC,N278R,0.1467,0.1467,1831,1746
ATTGCCATGAGCCAAT,G341K,0.0514,0.0514,93,253
ATTGCCCAAAATATAC,K387W,0.0000,0.0000,0,1
ATTGCCCCCTATTAGT,Q454T,0.1534,0.1534,362,330
ATTGCCCGATCCGTAC,G396S,0.0997,0.0997,672,943
ATTGCCTACTGATCAC,G504T,0.0782,0.0782,517,924
ATTGCCTTACACGGTG,I15C,0.0742,0.0742,917,1729
ATTGCGAATATGAACC,K387I,0.1623,0.1623,246,212
ATTGCGACATTTGTTC,Y353H E500S S509R,0.2206,0.2206,224,142
ATTGCGACGAATCAAC,W127D,0.0000,0.0000,0,17
ATTGCGAGATAATACA,N296C,0.0578,0.0578,277,670
ATTGCGAGATAATCAG,Y448D,0.0000,0.0000,0,3
ATTGCGTACACAGGGT,D487N,0.1876,0.1876,55,41
ATTGCTCATGGTCGAA,E434K,0.0233,0.0233,6,36
ATTGCTCCCACAGAGT,,0.1568,0.1568,352,314
ATTGCTGACATCAGAC,M413A,0.0000,0.0000,0,2
ATTGCTTCTTATCAAT,H117N N322Y,0.0000,0.0000,0,7
ATTGCTTGAATTTTTA,,0.0284,0.0284,68,335
ATTGCTTTAATGATAT,M30R K472Q,0.1548,0.1548,2741,2476
ATTGGAAACCCTACAC,,0.0000,0.0000,0,6
ATTGGAAACGCTTACA,E403D,1.0000,1.1747,126,15
ATTGGAACAAACAGAC,T378C,0.1521,0.1521,347,319
ATTGGAACTGTGTTAC,R456N,0.1309,0.1309,338,361
ATTGGAAGAGTGGTGC,E358D,0.2452,0.2452,263,150
ATTGGAAGGAATTAAG,E273K,0.1941,0.1941,3906,2814
ATTGGAATAATGATGC,,0.1066,0.1066,1068,1401
ATTGGAATGTACATGA,C477Q,nan,nan,0,0
ATTGGACACGCCATAT,L427H,0.0000,0.0000,0,13
ATTGGAGGGAATTAAA,V309G R499C,0.0000,0.0000,0,4
ATTGGATAATCAACAA,A528I,0.3029,0.3029,2346,1083
ATTGGATACCAACCGG,S146I,0.0226,0.0226,67,414
ATTGGATTGGAAATTT,,0.1151,0.1151,550,668
ATTGGCAGAAGATATG,,0.1169,0.1169,708,847
ATTGGCCATATACATG,V5R I124A,nan,nan,0,0
ATTGGCCGGATGAAGG,K216M,0.0257,0.0257,87,473
ATTGGCCTATGATCAT,I13G I548N,0.0000,0.0000,0,8
ATTGGCCTGGCCACTG,L112T,0.0653,0.0653,14,30
ATTGGCGATTCATATT,N169S N322C F469N S523I,0.0000,0.0000,0,5
ATTGGCTAAAAGAGAT,V204Q,0.0000,0.0000,0,5
ATTGGGAGAAACCTTA,I384F,nan,nan,0,0
ATTGGGGCCAAACAGC,E493F,0.1016,0.1016,162,223
ATTGGGGTTATGAAGC,K125aI Y195R,nan,nan,0,0
ATTGGTAAATAGGGCA,E432P,0.8235,0.8235,212,36
ATTGGTACAACCGTGT,G55A L544E,0.0000,0.0000,0,24
ATTGGTCCCATGATTA,K165G C281T,0.0000,0.0000,0,1
ATTGGTGTTACTTTGG,T370M E494C,0.0000,0.0000,0,1
ATTGGTTCGGACGCCG,V261G,0.1275,0.1275,114,125
ATTGGTTGGCGCACAC,M292V,0.1493,0.1493,1408,1319
ATTGGTTTGGTTGTAA,L54G,0.0000,0.0000,0,2
ATTGTAAAGAAATCGG,G16E Q513P,0.0000,0.0000,0,3
ATTGTAAATCTGTAAA,E403C,0.0000,0.0000,0,1
ATTGTAACAGAGACAC,S361M,0.0574,0.0574,32,78
ATTGTAATACTAACAC,,0.2394,0.2394,279,163
ATTGTACAATAACGGT,F251I,0.2224,0.2224,792,498
ATTGTAGTCAAAGACC,M-6D L437G,0.0000,0.0000,0,10
ATTGTATAACCCAACC,I60F,0.2032,0.2032,292,201
ATTGTATATAAAAAGA,R328aI,0.0392,0.0392,7,25
ATTGTATCTCTGAGAA,C473W,nan,nan,0,0
ATTGTCAAAAAACGAC,Q490S,nan,nan,0,0
ATTGTCACTATTAAGG,G49A,0.1384,0.1384,5041,5094
ATTGTCAGAAATCAAT,L-1F Y308A,nan,nan,0,0
ATTGTCAGTTCACATA,K313F K460R,0.0846,0.0846,115,190
ATTGTCCCTCATTACG,R114L,0.1844,0.1844,584,443
ATTGTCCGGGGGACGT,A394L,0.0000,0.0000,0,1
ATTGTCCTCAAAATGT,E83D G228V L402I,0.6013,0.6013,43,10
ATTGTCGGAACAGTGA,D11R,0.5314,0.5314,19,5
ATTGTCGGACAAAAGT,S323D R328bK,0.1352,0.1352,1767,1828
ATTGTGAGAGTTGAAG,A287I,0.0000,0.0000,0,8
ATTGTGCCAGTCAAAG,G205N F469D,nan,nan,0,0
ATTGTGCGCCGGCCCG,K32P,0.0186,0.0186,38,286
ATTGTGCGGTCGCCTG,H38A,0.2436,0.2436,1193,685
ATTGTGGAGCCTATAA,L544I,0.0552,0.0552,45,114
ATTGTGTGAGTGAACT,V36F,nan,nan,0,0
ATTGTTAACGAAAAAC,F233C,0.1295,0.1295,150,162
ATTGTTCAATATCTCA,L325G T370F,nan,nan,0,0
ATTGTTCATAGAGCGC,P299T I517L,0.1685,0.1685,335,278
ATTGTTGAGCCGCAAG,L409G,nan,nan,0,0
ATTGTTGGTTTGGAAA,I87M,0.2813,0.2813,352,175
ATTGTTGTACCTACCA,A91Q,0.2529,0.2529,85,47
ATTGTTGTGAATGATT,,0.1175,0.1175,1310,1559
ATTGTTTATGTAAATC,S290M,0.1299,0.1299,13,14
ATTTAAAAAAAATGTC,,0.0117,0.0117,1,12
ATTTAAAAAATATCAA,R456W,0.0764,0.0764,567,1038
ATTTAAAAAATTGAAC,I15C,0.1445,0.1445,8409,8140
ATTTAAAAACTTTCAA,A532I,0.1398,0.1398,221,221
ATTTAAAAATAACACT,G330E F469D,nan,nan,0,0
ATTTAAAAGCTCACGC,D104E V429N,nan,nan,0,0
ATTTAAAATATAGAAA,D27E Y256D A532V,nan,nan,0,0
ATTTAAACACCCCAAA,I260A R482P,0.0000,0.0000,0,13
ATTTAAAGCCGGTGTA,A138D G286C K472G,nan,nan,0,0
ATTTAAATCTCGCGTT,,0.2509,0.2509,122,68
ATTTAAATTAAAGACA,S492R,0.0823,0.0823,773,1313
ATTTAAATTCAGCAGT,I182R,nan,nan,0,0
ATTTAACCAGAAAAGA,P215V,0.1191,0.1191,23,27
ATTTAACGAAAATAAA,Y86E,0.0000,0.0000,0,1
ATTTAACGCTCTGAAT,M268I,0.4195,0.4195,12,4
ATTTAACTCAACACTC,L59V,0.1155,0.1155,716,867
ATTTAAGAAAATATTA,I517M,0.0964,0.0964,164,238
ATTTAAGAAGCGCTCA,R321A T370D F469S,0.0000,0.0000,0,13
ATTTAAGGCCATCTAC,S203E,0.2331,0.2331,25,15
ATTTAAGTGGTACAAA,D63K G484V,nan,nan,0,0
ATTTAATAAACCATGA,Y274Q,0.0798,0.0798,420,736
ATTTAATCACACAACT,C76L,0.0000,0.0000,0,3
ATTTAATCACTTTTGG,P306K L428M,nan,nan,0,0
ATTTACAAATATGAAC,E393H,0.2053,0.2053,182,124
ATTTACAACCACTAGT,G181I,0.0000,0.0000,0,9
ATTTACAAGGAAAGTA,Y168R,0.0959,0.0959,24,35
ATTTACACTCACAAAC,E340M,0.1678,0.1678,48,40
ATTTACCGTATGAATA,K313C,0.1609,0.1609,1175,1021
ATTTACCTATTTCAGA,S22D A93P N458Q,0.0000,0.0000,0,14
ATTTACCTCAAAATAT,E83T A394Q,1.0000,3.8457,55,2
ATTTACCTGAACACAA,K125aG,0.1161,0.1161,1041,1254
ATTTACCTTAAATACA,T318F G319V,0.4795,0.4795,24,7
ATTTACCTTATTTTTC,V481E,0.0000,0.0000,0,10
ATTTACGCGGATAGAC,K120W,0.4195,0.4195,414,138
ATTTACGGGTAATTGG,N389Q,0.1299,0.1299,2153,2317
ATTTACTACAACAGTT,L213V,0.0864,0.0864,76,123
ATTTACTCAAGGTATT,A91S Q142K M388R,0.0000,0.0000,0,9
ATTTACTTAGCAGGAA,E44V,0.2221,0.2221,27,17
ATTTACTTCATACCTA,L1M,0.1776,0.1776,1956,1540
ATTTACTTGCAAATCC,K157G A495V,0.1845,0.1845,124,94
ATTTAGAAATCGCTCG,I260Q,0.0834,0.0834,34,57
ATTTAGACATCGAGCT,A526T,0.0654,0.0654,43,92
ATTTAGACCCTGCGCA,C477W,nan,nan,0,0
ATTTAGATTCACTCGC,W84I F338Y Q513W,0.0000,0.0000,0,5
ATTTAGCAAACCTAAG,M111I,0.1498,0.1498,1265,1181
ATTTAGCCAGGCCAAT,,0.1499,0.1499,3361,3135
ATTTAGCCCTAACGTA,I548F,0.3615,0.3615,4852,1877
ATTTAGCTACTCTCGA,P140T,0.2343,0.2343,17549,10474
ATTTAGGACTAACCAA,A365M,nan,nan,0,0
ATTTAGGATTATGTCA,T163W Q490Y,0.1579,0.1579,857,759
ATTTAGTAAAACCAAT,S221Q,0.0626,0.0626,60,134
ATTTAGTAACTAAAAA,G376E,0.1877,0.1877,149,111
ATTTAGTCAAGACCGT,D53N,0.0950,0.0950,318,468
ATTTAGTCTACGCGAC,P99E R114K R149K N187M,0.0000,0.0000,0,4
ATTTAGTGAGCGGCCT,I502H,0.6102,0.6102,48,11
ATTTAGTTATTCCGGC,Y488R,0.0000,0.0000,0,29
ATTTATAAACGCAAAG,Y274F,0.0800,0.0800,476,832
ATTTATAAAGATATCA,M292L,0.1052,0.1052,161,214
ATTTATAAATGGGCGA,G49A,0.2537,0.2537,127,70
ATTTATAAGATATCAA,I121T L455M,0.0385,0.0385,19,69
ATTTATACCAATTCCT,Q282H,0.0000,0.0000,0,9
ATTTATACTACGAACA,,0.1857,0.1857,6059,4563
ATTTATAGTATTATAG,T378F I529V,0.0000,0.0000,0,12
ATTTATATCAAGTGGA,K411R H471N,1.0000,1.6781,24,2
ATTTATATGCATATTA,K307G,0.0000,0.0000,0,6
ATTTATCAAATCATAC,F233T,0.0981,0.0981,795,1133
ATTTATCGTATAAAGA,Y512E,0.0000,0.0000,0,10
ATTTATCTCCTGCAGA,S207G R496F,0.1788,0.1788,688,538
ATTTATGAACTATAAC,N289Q,0.0767,0.0767,124,226
ATTTATGTGTAATTCC,,nan,nan,0,0
ATTTATTAATCAAAAA,,0.0000,0.0000,0,1
ATTTATTAATCACGTG,T46G T370G,0.1848,0.1848,37,28
ATTTATTTATTTTTAT,N73Y Y86*,0.0000,0.0000,0,3
ATTTCAAAAGGAACGA,L112F,0.3916,0.3916,252,90
ATTTCAAATAGCAATA,V272K,0.1918,0.1918,5510,4017
ATTTCAACATGAGAGA,I42W,0.3827,0.3827,52,19
ATTTCAACTAATCTAA,F245Q M431I,nan,nan,0,0
ATTTCAAGCCTCGATT,A364D,0.0000,0.0000,0,7
ATTTCAAGCTAAACCA,K372G,0.0276,0.0276,99,501
ATTTCAATAACTCATA,,nan,nan,0,0
ATTTCAATCCATAAAA,E31Y,0.0786,0.0786,176,313
ATTTCAATCCATTATG,,0.1915,0.1915,3131,2286
ATTTCACAGGAGCAAG,I115Y,nan,nan,0,0
ATTTCACATTTGGAAT,*551P,0.2104,0.2104,155,103
ATTTCACCAAGCCATA,A257I,0.0000,0.0000,0,1
ATTTCACCGACACAAA,P324C,0.1942,0.1942,1032,743
ATTTCACCTGATTTTG,R328bM,0.0932,0.0932,44,66
ATTTCACGATTTAAAA,,0.1788,0.1788,895,700
ATTTCACTTATACCAA,,0.1589,0.1589,4934,4342
ATTTCACTTTTTCAGG,*551K,0.5194,0.5194,52,14
ATTTCAGAGGCCGCTC,E358K,0.1633,0.1633,1112,952
ATTTCAGGCAAACTTG,C539Y,0.2468,0.2468,60,34
ATTTCATAAAGGCCCA,,0.1777,0.1777,1755,1381
ATTTCATATTCCTTGC,N458Q,0.2346,0.2346,52,31
ATTTCATCCCAGGAAA,L70N,0.0000,0.0000,0,2
ATTTCATTAAAAGATC,N408M,0.1916,0.1916,37,27
ATTTCCAACTTAACGT,K216E,0.0000,0.0000,0,4
ATTTCCAAGAGAGAAC,A39D E89K Y195Q,0.0000,0.0000,0,13
ATTTCCAAGTAGATAT,Y161V,0.4545,0.4545,65,20
ATTTCCAATCAAGGCT,E340P,0.0000,0.0000,0,1
ATTTCCACATCCATTA,I42N,0.0000,0.0000,0,5
ATTTCCAGAGTAGCAG,G333W,0.2703,0.2703,172,89
ATTTCCATACTAATAA,A188K,0.2175,0.2175,2851,1833
ATTTCCATAGTTGCCT,Y351N,0.2121,0.2121,91,60
ATTTCCCGCCTGACAA,I60R L453E,1.0000,1.1187,56,7
ATTTCCCTTTACGACT,T436A,0.3776,0.3776,27,10
ATTTCCGAGATTTACA,K165Q,0.0927,0.0927,61,92
ATTTCCGATAACCATT,,0.1030,0.1030,436,592
ATTTCCGGCAAAGCCC,A317K,0.0000,0.0000,0,8
ATTTCCTAATCATCAC,T37A,0.0000,0.0000,0,7
ATTTCCTCACGCCTAA,,0.0350,0.0350,58,232
ATTTCCTCTCTATCGG,L71N,0.0000,0.0000,0,8
ATTTCCTGCCACCACG,P82aS L96C,0.0372,0.0372,21,79
ATTTCCTTTACAATGA,G360K,0.0000,0.0000,0,12
ATTTCGAAGCGCTTCC,M268L E407K,0.1240,0.1240,180,203
ATTTCGAGGATTTGCC,V5A,0.1596,0.1596,1375,1205
ATTTCGAGGTAATAGG,K411H,0.1031,0.1031,1379,1870
ATTTCGAGTGAGACAG,A336L,0.2135,0.2135,113,74
ATTTCGATCTCTAATA,,0.1663,0.1663,490,412
ATTTCGCCAGATACGA,D348Y D449E,0.1040,0.1040,988,1329
ATTTCGCTTGTCTGGA,K460S,0.0911,0.0911,84,129
ATTTCGTGACGCCTCT,I60C,0.1899,0.1899,1351,995
ATTTCGTGAGAGAATA,,0.1605,0.1605,2415,2104
ATTTCTAATAAGTACA,F399D,1.0000,1.8180,26,2
ATTTCTACATCGCCAA,E304* P306L,0.0000,0.0000,0,2
ATTTCTATCAGGAGCC,R404E L527P,0.0000,0.0000,0,4
ATTTCTATTAGCTGAG,I60A A334L,0.0956,0.0956,41,60
ATTTCTCCACGGAGAT,,0.2110,0.2110,1921,1273
ATTTCTCCTTTGTATG,N-4K,0.2485,0.2485,6105,3435
ATTTCTCTCCATCTAG,S167P R321T E368V,1.0000,1.6781,72,6
ATTTCTGCGTTAGCAT,Y86C M111T R114G,0.6433,0.6433,23,5
ATTTCTGGTTAGGAGT,A495H,0.0000,0.0000,0,38
ATTTCTGTAGACCGAA,G465W *551Q,0.0000,0.0000,0,6
ATTTCTTTTGTTTAAT,,0.2453,0.2453,393,224
ATTTGAAATGAATCAG,,0.0725,0.0725,278,536
ATTTGAACTAATTACT,R212S,0.1478,0.1478,815,771
ATTTGAAGCGGGCGTC,I252W,0.0000,0.0000,0,1
ATTTGAATAGTTCCCC,D241A,0.0985,0.0985,62,88
ATTTGAATCAAAGGCA,,0.1279,0.1279,398,435
ATTTGACACACAACGA,F469R,nan,nan,0,0
ATTTGACAGAGCTGTC,F294M,0.0000,0.0000,0,7
ATTTGACATGGAGATC,Q211G,0.1232,0.1232,652,740
ATTTGACCAAATTACT,H244W,0.1280,0.1280,304,332
ATTTGACCCCTACATG,,0.1930,0.1930,3788,2744
ATTTGACCTGGTTTAA,,0.1893,0.1893,111,82
ATTTGACGAACTAGAA,N33C G68S G342R E358D,0.0000,0.0000,0,2
ATTTGAGAGAAAGATA,,0.1362,0.1362,75,77
ATTTGAGAGAGGACGC,T301K,0.0000,0.0000,0,2
ATTTGAGATATTTGTC,N103C,0.2424,0.2424,461,266
ATTTGAGCATTTAATT,,0.1590,0.1590,1858,1634
ATTTGAGTGCCGAGAC,R405F,0.6992,0.6992,20,4
ATTTGATAAATCTATT,K9G,0.0593,0.0593,14,33
ATTTGATACACAAATA,P299V,0.1685,0.1685,1882,1562
ATTTGATATACTTAAA,N289F,0.1468,0.1468,106,101
ATTTGCAACATAATTT,,0.2316,0.2316,106,64
ATTTGCAAGCATCAAT,G349Y W421*,0.0000,0.0000,0,7
ATTTGCAATGAACCCA,S126F,0.0699,0.0699,656,1313
ATTTGCAATGAACTTC,I80C,0.2691,0.2691,2838,1475
ATTTGCACTAAACTCT,S85A,0.0934,0.0934,5372,8045
ATTTGCATTTTCAATT,L213R,0.1687,0.1687,720,597
ATTTGCCGAGTTAACA,E44A,0.2104,0.2104,680,452
ATTTGCCTAAACGATT,E340Q,0.0000,0.0000,0,9
ATTTGCGATATGAGAG,,0.1704,0.1704,145,119
ATTTGCGGCACCACTA,D63Q D241E,0.2123,0.2123,1649,1086
ATTTGCGTATAAGGTT,F233T,0.0000,0.0000,0,155
ATTTGCTCAGACACCT,K328V,0.1486,0.1486,663,624
ATTTGCTGAGATGCCT,A287R,nan,nan,0,0
ATTTGGAAACGCCATT,N169S V309Q,nan,nan,0,0
ATTTGGAACAAGATAA,K157A,0.3128,0.3128,1409,630
ATTTGGAACACAAATC,R81A A138V,0.0701,0.0701,224,447
ATTTGGACTAGAAAGT,,0.0946,0.0946,1065,1574
ATTTGGACTGCCCGAC,G465C,0.0000,0.0000,0,28
ATTTGGATTGTAAGCA,G225V,0.0000,0.0000,0,27
ATTTGGCGGTACCCGG,C477W,0.0000,0.0000,0,9
ATTTGGGATATTAAAG,Y86C S519H,0.0000,0.0000,0,7
ATTTGGTAGAGCATCA,,0.1031,0.1031,250,339
ATTTGGTTCCTTGGGA,N296H L544V,0.4905,0.4905,242,69
ATTTGTAATAGTTAAT,L447A,0.0000,0.0000,0,18
ATTTGTACTTCATTTA,N116Q,0.1292,0.1292,1652,1788
ATTTGTCCGAAGAAGC,K506V,0.0882,0.0882,367,582
ATTTGTCTTTAGTCAA,I384Y,0.1111,0.1111,911,1147
ATTTGTGACGAAGAAC,K307M,0.1079,0.1079,27,35
ATTTGTGTTTCGCGAT,L430M,0.0984,0.0984,121,172
ATTTGTTCACCCCAAC,R321P T370Y,0.0000,0.0000,0,3
ATTTGTTCCGATCGGA,,0.1158,0.1158,2830,3418
ATTTTAAAAGTGACGT,L-1T,0.0000,0.0000,0,30
ATTTTAAAATAACAGG,G181A A526F,0.2622,0.2622,15,8
ATTTTAAACTAAATAC,I123S,0.0864,0.0864,197,319
ATTTTAAACTACGTCT,N197Q G376K,0.2230,0.2230,1925,1207
ATTTTAAATAGTTCGA,H355C,0.1811,0.1811,391,302
ATTTTAAGTTAGACCG,R499G,0.1939,0.1939,147,106
ATTTTAATCCATCTCG,S85V,0.0000,0.0000,0,7
ATTTTAATGGTGCAGG,Y423V,0.0000,0.0000,0,4
ATTTTAATTACCAGCA,A394T A495W,1.0000,2.1443,46,3
ATTTTAATTACCAGCT,A394T A495W,nan,nan,0,0
ATTTTACAAAGCGTCA,G181W E255*,nan,nan,0,0
ATTTTACTTTAACTAT,Q391S,nan,nan,0,0
ATTTTAGGACCACAGG,K50R G319L,nan,nan,0,0
ATTTTAGGACGTTAGG,M478T I529H,nan,nan,0,0
ATTTTAGGGCTCAGGC,N73R,0.0538,0.0538,15,39
ATTTTAGGTGTGCCCC,V5G,0.1715,0.1715,606,494
ATTTTATAAGAATGTC,G143R,0.1408,0.1408,155,154
ATTTTATGATATGAAA,G504K,0.0000,0.0000,0,53
ATTTTATGATGACTCA,K9M,0.1197,0.1197,2088,2440
ATTTTCAGACAGAAGT,M292C,0.0257,0.0257,18,98
ATTTTCAGTCCTACCG,R435T,0.1793,0.1793,50,39
ATTTTCATAATGATAA,F294G,0.0000,0.0000,0,5
ATTTTCCTCACTAACC,,0.1925,0.1925,3840,2789
ATTTTCCTTTATGGAC,E432H,0.5749,0.5749,37,9
ATTTTCGCTCCAGAAA,L213Q,0.0000,0.0000,0,158
ATTTTCTAAAATTGTT,W69P,0.0000,0.0000,0,14
ATTTTCTAATATGGCA,R328aA,nan,nan,0,0
ATTTTCTACTACAAAC,V377I P489W,0.1592,0.1592,970,852
ATTTTCTTAAATTAAT,,0.1102,0.1102,420,533
ATTTTCTTTAGAAGTT,,0.2715,0.2715,198,102
ATTTTGAACAAACAGA,M388K,0.0000,0.0000,0,2
ATTTTGACCAACGTCT,N172I,0.0760,0.0760,100,184
ATTTTGAGTAAAATCC,N357A V505L,0.2535,0.2535,29,16
ATTTTGATATCGAAAA,G376E,0.0972,0.0972,230,331
ATTTTGCAACCTAACG,,0.1619,0.1619,3932,3397
ATTTTGCACAGCCTCA,K380P L418E,0.0000,0.0000,0,7
ATTTTGCACGGACCAC,E501R,0.1249,0.1249,250,280
ATTTTGCCAATGCAAA,I164N,0.6573,0.6573,47,10
ATTTTGCTAGCACAGG,L447A,nan,nan,0,0
ATTTTGGAACGTAACA,L314M,0.0000,0.0000,0,8
ATTTTGGAATTAGACA,A160N K216S,0.1748,0.1748,490,392
ATTTTGGACCAGCACA,P99C,0.0000,0.0000,0,21
ATTTTGGATCTGCACT,K9H,0.1110,0.1110,6598,8311
ATTTTGTAGTACAATA,S133F,0.0812,0.0812,2388,4115
ATTTTTAACAAAATAA,D264R F467N,nan,nan,0,0
ATTTTTAATACCATAC,,0.0908,0.0908,642,989
ATTTTTAATACTTGGT,K125aD,0.0950,0.0950,72,106
ATTTTTAATTAGCTCA,I502V,0.3189,0.3189,716,314
ATTTTTACACTCATGC,K498Y,0.1447,0.1447,721,697
ATTTTTACGCTAGTGT,E255T,0.2055,0.2055,288,196
ATTTTTAGATCATTCA,L455T,0.0799,0.0799,180,315
ATTTTTAGCAGCAGTC,V26H,0.0000,0.0000,0,15
ATTTTTCAAATTTAAG,S265D,0.4195,0.4195,15,5
ATTTTTCACCAGAAAC,N197D G205* Y518Q,0.0000,0.0000,0,8
ATTTTTCATTCAACAA,E407C,0.0805,0.0805,531,922
ATTTTTCGAAATTCCT,G337F,nan,nan,0,0
ATTTTTCTACCTGCCA,F399A,0.0000,0.0000,0,2
ATTTTTCTATCAACAA,K262N,0.1153,0.1153,1149,1394
ATTTTTCTTACAAGTC,P284H,0.1705,0.1705,50,41
ATTTTTGAAGCCGGCA,,0.0903,0.0903,239,370
ATTTTTGAGTAGATGA,L1V E358I,0.1557,0.1557,1677,1506
ATTTTTGATAATGCTC,N210E,0.0000,0.0000,0,7
ATTTTTGATCCAAATT,M478W,0.0000,0.0000,0,2
ATTTTTGTCGCAACAA,R397C,0.1383,0.1383,630,637
ATTTTTTACATCAGAT,I124G I236N L497Y,0.0727,0.0727,26,50
ATTTTTTATAATACTT,D240N,0.1057,0.1057,353,467
ATTTTTTGTACCCTAA,,0.1500,0.1500,163,152
ATTTTTTTGTGATTTC,T192W,0.2375,0.2375,5147,3031
CAAAAAAAAAAAACGA,A188P N458M,nan,nan,0,0
CAAAAAAAAAACAATT,,nan,nan,0,0
CAAAAAAAAAGTAAAG,R321Q S369F,0.0000,0.0000,0,7
CAAAAAAAAATCAGTA,,nan,nan,0,0
CAAAAAAAATTCAATT,D41G N408E,0.1607,0.1607,3305,2876
CAAAAAAACTTAAGAT,K157W,0.2083,0.2083,508,341
CAAAAAAATTATGCAG,N169V,0.2391,0.2391,53,31
CAAAAAACAAAATCAT,N446K,0.0000,0.0000,0,6
CAAAAAACTTCCAGCA,D95Q I502N,1.0000,2.0510,44,3
CAAAAAAGACCGTGTG,,0.0631,0.0631,60,133
CAAAAAAGATTTAAAA,S136R,0.4623,0.4623,162,49
CAAAAAAGGAATAATA,L497S,0.1697,0.1697,1633,1346
CAAAAAAGGACATAAT,L209Y,0.0387,0.0387,366,1323
CAAAAAATAAAGGTGG,,0.0816,0.0816,342,586
CAAAAAATAACTAAAA,,0.2203,0.2203,6405,4065
CAAAAAATAGACTAAA,L209Q,0.0750,0.0750,252,470
CAAAAACAAGTGAAAA,P140M,0.0000,0.0000,0,60
CAAAAACAAGTTTATA,I182Y,0.0452,0.0452,33,102
CAAAAACACCCAGAAA,,0.1579,0.1579,1453,1287
CAAAAACACTAGGAAG,N-4E,0.1103,0.1103,661,838
CAAAAACAGCACATAT,,0.8267,0.8267,201,34
CAAAAACATACACTTA,S10K,0.0000,0.0000,0,2
CAAAAACATGTGGTAA,V88H,0.0914,0.0914,85,130
CAAAAACCAGAAACGA,V420A,nan,nan,0,0
CAAAAACCCTCACCAG,R212K,0.1782,0.1782,1235,969
CAAAAACCTAAGACGA,L325P,0.1752,0.1752,7511,5994
CAAAAACCTAGATCAT,H184E,0.0000,0.0000,0,5
CAAAAACTAAGAAACT,,0.1865,0.1865,4451,3337
CAAAAACTTATATATC,S125bW,0.2475,0.2475,2184,1234
CAAAAAGATCACTAGT,,0.1597,0.1597,5118,4482
CAAAAAGCTCTGCGAC,H276G,0.2657,0.2657,342,180
CAAAAAGGAGTTCTAG,S311M,0.0241,0.0241,10,58
CAAAAAGTAAAATGAT,,0.1106,0.1106,3574,4521
CAAAAAGTACGGGCTA,W69A N278W,0.0000,0.0000,0,5
CAAAAAGTTAAGAAAA,T23L,0.0000,0.0000,0,15
CAAAAAGTTAATACTA,,0.1373,0.1373,2925,2980
CAAAAATAAGGGCAGA,A526P,0.0000,0.0000,0,6
CAAAAATAATCTCTAA,D487A,0.1311,0.1311,718,766
CAAAAATACAGATATA,H110Y,0.1932,0.1932,257,186
CAAAAATATAGGATGA,S146W,0.1562,0.1562,469,420
CAAAAATATGTCGGCA,W127K,nan,nan,0,0
CAAAAATGACATAACT,N464G,0.0907,0.0907,218,336
CAAAAATTACTTTTGT,M478K,0.0000,0.0000,0,7
CAAAAATTGAGCAGTT,L1H,0.0510,0.0510,308,844
CAAAACAAATAGACCC,,0.1398,0.1398,180,180
CAAAACAAGTTATTAC,,0.2401,0.2401,10897,6348
CAAAACAATTAATACG,,0.1223,0.1223,1717,1963
CAAAACACAGATCCCT,N187P,0.1873,0.1873,363,271
CAAAACACCCAAAACT,K120H,0.1579,0.1579,516,457
CAAAACAGATGTGAGT,Q222L,0.1550,0.1550,1455,1313
CAAAACAGGACTCAAC,,0.0766,0.0766,383,699
CAAAACAGGATAAAGA,D11G,0.3040,0.3040,50,23
CAAAACAGGGTAACCC,L61T,0.0000,0.0000,0,1
CAAAACATAGGTTAGA,V315H,0.0000,0.0000,0,43
CAAAACATTGAAGCCC,S383T,0.6712,0.6712,48,10
CAAAACCAAAGAATAG,M30A,0.0000,0.0000,0,14
CAAAACCAATGCAAGG,E461W,0.2182,0.2182,39,25
CAAAACCGAACCTAGG,V-2H L427P,nan,nan,0,0
CAAAACCGTTATCATT,S524P,0.0000,0.0000,0,1
CAAAACCGTTCCGACA,I-3T,0.1758,0.1758,577,459
CAAAACCTCCGGGAGA,Y363P,0.0000,0.0000,0,10
CAAAACGCCAATTAAA,Q142* S167W T370S D375N,0.0000,0.0000,0,7
CAAAACGCCTTACTTA,T199N,0.0000,0.0000,0,28
CAAAACGCGCAGTATG,S85H,0.0000,0.0000,0,1
CAAAACGCTTCATGAC,Q513D,0.3576,0.3576,514,201
CAAAACGGACGAGCGA,S22P,0.0000,0.0000,0,6
CAAAACGGTACAGACT,I80K L447M,0.2137,0.2137,2110,1381
CAAAACGTCAAGCTCT,E501I,0.1754,0.1754,4513,3598
CAAAACGTCTGATTCG,S207C,0.1055,0.1055,3416,4528
CAAAACTAAAATCGTA,Q222M,0.0773,0.0773,900,1629
CAAAACTAATTAAATG,M30F,0.0000,0.0000,0,19
CAAAACTAGGATGGCC,Q191P R547A,0.0000,0.0000,0,4
CAAAACTATAAGAAAC,R212K R321K F467L,0.0000,0.0000,0,41
CAAAACTATGCACAAT,N73K,1.0000,1.2586,54,6
CAAAACTCATGTGAAG,,0.1079,0.1079,9622,12468
CAAAACTGAAACATGC,G362C,0.1397,0.1397,2912,2916
CAAAACTTGCTAAATG,W127I C305*,0.0000,0.0000,0,5
CAAAACTTGTGTAACC,L453M,0.2047,0.2047,745,509
CAAAACTTTAGCATCA,,0.1426,0.1426,2007,1968
CAAAAGAAATAAAGAG,A3F D375P,nan,nan,0,0
CAAAAGAACGTTCAGA,T200C,0.1413,0.1413,2655,2627
CAAAAGAATTTAACAG,I252M,0.0467,0.0467,579,1733
CAAAAGAATTTCACTA,I529K,0.2110,0.2110,86,57
CAAAAGAATTTGACGA,S167P R321K F469T,0.2098,0.2098,27,18
CAAAAGACATATTAAA,E407V,0.0000,0.0000,0,28
CAAAAGATATATAGCT,V5Y,0.1175,0.1175,562,669
CAAAAGATTTTTTCGA,,0.1811,0.1811,5900,4555
CAAAAGCACATAGAGA,A334K,0.5379,0.5379,50,13
CAAAAGCACTCAGTCG,F118A,0.4919,0.4919,102,29
CAAAAGCATCGAGCAG,L-1N G533V,0.1345,0.1345,202,210
CAAAAGCGAGTACAAA,G271L,0.1252,0.1252,958,1070
CAAAAGCTATGTGTAT,,0.1263,0.1263,215,238
CAAAAGGCATAAAGAA,P140D,0.0778,0.0778,1708,3070
CAAAAGGCCGTCGCCA,E500K,0.1792,0.1792,1955,1526
CAAAAGGCGATTTATC,,0.1632,0.1632,503,431
CAAAAGGGAACCTTGC,G271S,0.1519,0.1519,3040,2799
CAAAAGGGTAGAAATT,K328S,0.1353,0.1353,955,987
CAAAAGGTAATCAGAT,,0.0809,0.0809,640,1106
CAAAAGTAACCAACAT,K307F,0.0000,0.0000,0,2
CAAAAGTCATCCAAAG,S22H,0.0870,0.0870,993,1597
CAAAAGTGATAGTACA,F332L,0.0307,0.0307,56,255
CAAAAGTGTTCTTCAT,V151A,0.1530,0.1530,5237,4786
CAAAAGTTCATTGATC,M230H R499W,0.0000,0.0000,0,20
CAAAAGTTTAGAAACG,S101T,0.1850,0.1850,9607,7261
CAAAATAACTTAATGT,Y105R,0.2213,0.2213,4597,2905
CAAAATAAGAGAGCTA,C64Q I335P,1.0000,1.9578,42,3
CAAAATAATCACAAAA,G504F,0.1005,0.1005,4570,6361
CAAAATAATGAATACG,I335E,0.0000,0.0000,0,1
CAAAATACCTAGTACC,S146F,0.1213,0.1213,3294,3796
CAAAATACGATACAGA,K9H L515V,nan,nan,0,0
CAAAATACTAACCAAA,S270G,0.1581,0.1581,867,767
CAAAATAGAACAGAGA,I243T E255K,0.0000,0.0000,0,4
CAAAATAGCCGCACAA,W343L,nan,nan,0,0
CAAAATATATATGAAC,,0.0000,0.0000,0,9
CAAAATATCTACATTA,H184L,0.2535,0.2535,29,16
CAAAATATGTTGCTTA,L154N P293S,0.0000,0.0000,0,15
CAAAATATTTTCGTCA,R328aV M538H,0.0000,0.0000,0,2
CAAAATCAATGGGAAC,S167R L325S,0.1492,0.1492,683,640
CAAAATCACGGCTATA,,0.1115,0.1115,4594,5760
CAAAATCACGTAGTCC,E131P R405H,nan,nan,0,0
CAAAATCACTAGTTTG,L179P,0.1785,0.1785,134,105
CAAAATCATACCAGCT,K262M,0.1078,0.1078,74,96
CAAAATCCACAATACG,,nan,nan,0,0
CAAAATCGCTAAACAC,,0.1351,0.1351,2496,2583
CAAAATCTAAGTAAAC,L430P,0.0000,0.0000,0,5
CAAAATCTATTATAAC,,0.2129,0.2129,2002,1315
CAAAATGAATGAACTT,G463A,0.1347,0.1347,235,244
CAAAATGACATAATCC,F392S,0.1267,0.1267,77,85
CAAAATGGGGGACAAA,,0.1537,0.1537,1897,1726
CAAAATGTGGCGTACA,R81A,0.1482,0.1482,424,400
CAAAATTAACAGCATG,V272A,0.1599,0.1599,2858,2500
CAAAATTACAGTATTC,T46G,0.1590,0.1590,4645,4086
CAAAATTACATGCTAG,W84D G205L K262aF,nan,nan,0,0
CAAAATTCGTAGCGCG,P92aD,0.0117,0.0117,5,60
CAAAATTGCAACAACC,W350Y,0.1728,0.1728,304,246
CAAAATTTAACCCTAT,M413S,0.0000,0.0000,0,25
CAAAATTTGTATTTTA,S361Q,0.1494,0.1494,3914,3663
CAAACAAACAATATTA,Q545D,0.3219,0.3219,389,169
CAAACAAAGAAGATCA,E479K,0.1097,0.1097,1424,1815
CAAACAAATATGAGAC,K50A K120R,0.0891,0.0891,107,168
CAAACAACTCGGATCA,V36E,nan,nan,0,0
CAAACAAGTTTAAACT,N73T,0.0330,0.0330,42,178
CAAACAATCTGTTACC,H47S,0.3387,0.3387,947,391
CAAACAATGCGATAGA,N289E,0.1873,0.1873,150,112
CAAACAATGTATATTT,,0.0948,0.0948,1089,1607
CAAACAATTATAATCA,I339A,nan,nan,0,0
CAAACAATTGGTACTA,,0.0000,0.0000,0,3
CAAACAATTGTAATCA,I339A,0.3448,0.3448,143,58
CAAACACAACTGACGA,F338R,1.0000,2.9367,21,1
CAAACACAGTCCAACC,,0.1791,0.1791,825,644
CAAACACCATAAGATG,V152M,0.1755,0.1755,2437,1942
CAAACACCCTTTCATT,,0.1078,0.1078,323,419
CAAACACGTAAATCGG,V-2W,0.2281,0.2281,318,195
CAAACACTAAAACGAT,A91Y,0.1262,0.1262,6830,7570
CAAACACTCAACGCCC,N210V,1.0000,1.3363,86,9
CAAACACTTTTTGCAA,,0.0831,0.0831,236,397
CAAACAGGAACGACTC,,0.1103,0.1103,4508,5717
CAAACAGTCCGAACTC,S207H R321P F469V,0.9323,0.9323,20,3
CAAACATAAACAGATG,T279C,0.1344,0.1344,1701,1770
CAAACATAAACTAAAG,P99Q,0.0000,0.0000,0,3
CAAACATAAGAGTATA,K269Q,0.1570,0.1570,2118,1886
CAAACATATATATAAT,S247K,0.0000,0.0000,0,8
CAAACATCATCCGTTT,N33Y,0.0329,0.0329,16,68
CAAACATCCAGTATGA,K109F L209H,nan,nan,0,0
CAAACATGAACGAAAT,D449W,0.1189,0.1189,119,140
CAAACATGACCTTAAA,,0.2152,0.2152,2869,1864
CAAACATGCATTAACA,W350L G484M,0.1064,0.1064,162,213
CAAACATGCCGGGAAT,K216H,0.0411,0.0411,102,347
CAAACATTAGGATAGA,V377N,0.0000,0.0000,0,4
CAAACATTTGTATAAT,E393N,0.1289,0.1289,612,664
CAAACCATCTAAACCA,Q25L,0.0774,0.0774,280,506
CAAACCATTTTCCATG,,0.2995,0.2995,861,402
CAAACCCAACTGCAGA,V510D,0.0794,0.0794,281,495
CAAACCCGAAGATAAC,D487G,0.1319,0.1319,1086,1151
CAAACCCTGCCGGGTC,C305Q,0.0000,0.0000,0,7
CAAACCGAAACAACGA,L112Y M538K,0.0000,0.0000,0,1
CAAACCGAACTCGTGA,P299G,0.1600,0.1600,206,180
CAAACCGATCTGACTT,M530G,0.8090,0.8090,833,144
CAAACCGCCCCAGCGA,S10H C305V,0.0000,0.0000,0,3
CAAACCGTAATGTCTT,K216S,0.0611,0.0611,629,1440
CAAACCGTACATTAAT,N169R K328G,0.3554,0.3554,3431,1350
CAAACCTCCAGTTCGT,,0.1366,0.1366,166,170
CAAACCTCCCCCCAAG,,0.1563,0.1563,4095,3664
CAAACCTGAACTGCTA,F251H G337W,0.0000,0.0000,0,41
CAAACCTTACAACTTT,I80N,0.2589,0.2589,698,377
CAAACCTTGAAGGAGA,V395C,0.1496,0.1496,3875,3622
CAAACGAAAAATGGTC,F417Y,0.1224,0.1224,7,8
CAAACGAAAACCTTTT,A91V W180V L455V,0.2797,0.2797,42,21
CAAACGAAAGCAACTT,,0.1528,0.1528,578,529
CAAACGGATAATGATG,P324C,0.1431,0.1431,394,385
CAAACGGTCGGAAAGC,S247K,0.0000,0.0000,0,9
CAAACGTAGGCGCAAG,T23E T422H,0.0000,0.0000,0,5
CAAACGTATCAATGTG,I243H,0.0000,0.0000,0,3
CAAACGTCCCCACATT,E403I,0.1440,0.1440,35,34
CAAACGTCGTTAGTAT,Q25H,0.0193,0.0193,21,152
CAAACGTGCCATCGTT,L61H D63Y,nan,nan,0,0
CAAACGTTATATGCAT,N172L A521V,0.1952,0.1952,215,154
CAAACGTTCAAAAAAC,V451F,0.2797,0.2797,40,20
CAAACTAAATCTCAAA,,0.0519,0.0519,49,132
CAAACTAAATGTGCTT,C97* G100P,0.0000,0.0000,0,3
CAAACTACCGCACTTA,Y353W,0.0708,0.0708,573,1131
CAAACTAGAAATAATA,N33P A67T Q191E,1.0000,4.8945,35,1
CAAACTAGGTATACGA,,0.1651,0.1651,1451,1229
CAAACTATCACAACTC,H110S E407K,0.0000,0.0000,0,3
CAAACTCACTTGAACC,V505G,1.0000,1.6082,69,6
CAAACTCGAGAGAACG,,0.0872,0.0872,283,454
CAAACTCGATATAATA,L314P,0.0000,0.0000,0,20
CAAACTCTAATCTTGC,A67V G205K,0.0000,0.0000,0,1
CAAACTCTATCGAGTG,P99L,0.0000,0.0000,0,7
CAAACTCTGATACCGA,I288D,nan,nan,0,0
CAAACTGAAAAGAGTC,L462A,0.0230,0.0230,33,201
CAAACTGAAACGTATC,P299A,0.1553,0.1553,2747,2473
CAAACTGGGCCGAGGC,V377W,nan,nan,0,0
CAAACTGTAGTCGGAG,V505T,0.1357,0.1357,2271,2341
CAAACTGTCACCTTGA,G55M,0.1141,0.1141,1747,2141
CAAACTTAAATACAAC,D11N D27N E31K D53N E83K R90K D95N D104N A144T Y161K D175N D231N K259N E304K R321I E327K G337E E398K D415N G416S D419N W421* D441N D487N E494K R496K W537*,nan,nan,0,0
CAAACTTAAATCGTTG,P58S,nan,nan,0,0
CAAACTTAGAACTTAA,S167F F469D,0.0000,0.0000,0,18
CAAACTTCTAAGCAAA,T132K,0.2295,0.2295,4217,2570
CAAACTTCTCAGGAAG,,0.0902,0.0902,191,296
CAAACTTGGACAGGGT,I514N,0.0000,0.0000,0,4
CAAACTTGTAATAATA,C473Y Q490P,0.0000,0.0000,0,5
CAAACTTGTAATACCA,L112V,0.1058,0.1058,933,1233
CAAACTTTCAATTACA,D375K Q545P,0.0000,0.0000,0,9
CAAAGAAAAATCCACT,F469K,0.0000,0.0000,0,5
CAAAGAAACAGATTCC,I384Q,nan,nan,0,0
CAAAGAAATAAGCTAA,I115W D240E,0.0000,0.0000,0,4
CAAAGAAGCATACATT,L96R K412Y,0.3519,0.3519,78,31
CAAAGAATCATACCAT,A425T,nan,nan,0,0
CAAAGAATGAAAATAG,E106K,0.0000,0.0000,0,7
CAAAGACCCAAAAGTA,,0.0793,0.0793,1064,1876
CAAAGACCCACAACAA,R456Y,0.0448,0.0448,25,78
CAAAGACCGTCGGTCT,N48Y S146F,0.0000,0.0000,0,78
CAAAGACGACTCGTAA,D104M N116K,0.1872,0.1872,162,121
CAAAGACGCCTTAACG,V395K C477F,0.0000,0.0000,0,2
CAAAGACTATTAATAA,T219H,0.1045,0.1045,222,297
CAAAGACTCATTAAAC,T163D T200D,nan,nan,0,0
CAAAGAGCAGACTCAG,,0.1165,0.1165,1781,2137
CAAAGAGCCAACAATT,H117C,0.2121,0.2121,229,151
CAAAGAGCCAAGTTAA,,0.0000,0.0000,0,3
CAAAGAGGTACATATT,Q191L,0.0000,0.0000,0,18
CAAAGAGGTGAGATTG,V56H S101Q,0.1736,0.1736,627,505
CAAAGAGTTGGTTAAA,C52*,0.0000,0.0000,0,39
CAAAGATAAACTATGG,F338V L515V,nan,nan,0,0
CAAAGATAGGAATGAT,G319I,1.0000,1.6781,24,2
CAAAGATCTCATCACA,T206N K498C,0.0000,0.0000,0,16
CAAAGATGTCGAAAGT,D104W V510E,0.0896,0.0896,66,103
CAAAGATTGCCTAAGG,L112V,0.1337,0.1337,1686,1764
CAAAGCAAACCAAGCT,N33A,nan,nan,0,0
CAAAGCAAGAGTGCAA,E432H,0.7779,0.7779,89,16
CAAAGCAGGAGGACCT,I178D V429L,0.0699,0.0699,1,2
CAAAGCATCCATAGAG,L437S,nan,nan,0,0
CAAAGCCACCTTCTAC,L314F,0.9929,0.9929,71,10
CAAAGCCCATGAACCA,T436C,0.1180,0.1180,27,32
CAAAGCCCCATATTTG,E327R,0.0000,0.0000,0,7
CAAAGCGATTTAATCC,V152W,0.0000,0.0000,0,2
CAAAGCGCATCAATCC,K310C,0.0567,0.0567,58,143
CAAAGCGTGCCCGATA,S185N,0.0075,0.0075,12,225
CAAAGCTACGTCCACT,Q12K,0.1787,0.1787,3247,2541
CAAAGCTGATAGAATG,,0.1560,0.1560,1139,1021
CAAAGGAAGGGCAACT,,0.1754,0.1754,1407,1122
CAAAGGACCGCTTCCC,W84S,0.0000,0.0000,0,17
CAAAGGACGATTTTTA,,0.2291,0.2291,1676,1023
CAAAGGAGACCAGCCA,A91C,0.0672,0.0672,553,1150
CAAAGGAGCATTTAAC,N94C D95Y,0.0000,0.0000,0,4
CAAAGGATCAAATACT,,0.1706,0.1706,472,387
CAAAGGATGTCTCCTA,R81T,0.1643,0.1643,2378,2024
CAAAGGCGAATGCTCC,V315N E479K,0.0000,0.0000,0,11
CAAAGGCTAGGACAGT,,0.1633,0.1633,5918,5069
CAAAGGCTTAACCCCG,R435F,nan,nan,0,0
CAAAGGCTTTCTGTAA,E107* H110F,0.0000,0.0000,0,26
CAAAGGGCCTAACCAT,Y17N L179M,0.1511,0.1511,67,62
CAAAGGTATGCATTTA,G181I S369V,0.0000,0.0000,0,2
CAAAGGTCGACAGTAA,T206C,0.0753,0.0753,56,104
CAAAGGTCGCCCCAAT,P140T,0.1791,0.1791,7557,5902
CAAAGGTGACCCTCTA,S22K,0.0350,0.0350,374,1494
CAAAGGTTAGTCCATG,A93N,0.2351,0.2351,501,298
CAAAGTAAGAAGCAGG,A218I,0.1235,0.1235,529,599
CAAAGTAAGTTCTAAA,N103P,0.1447,0.1447,1487,1437
CAAAGTAATAAGTCAA,W343Y,0.3487,0.3487,187,75
CAAAGTACATCGAGAT,K460M,0.1238,0.1238,1213,1370
CAAAGTAGGGTTAGAT,H440D,0.0000,0.0000,0,19
CAAAGTAGGTATTACA,R328aH D487H,1.0000,1.4761,95,9
CAAAGTAGTATAAAGT,T208R,0.1168,0.1168,860,1030
CAAAGTATAATTACAA,E189P V347K L536M,0.4350,0.4350,9597,3085
CAAAGTATCAGTCCTA,R435G,0.1268,0.1268,468,516
CAAAGTATCTACCAGA,D240T,0.1673,0.1673,4052,3388
CAAAGTATTAACAGAA,K50R,0.1375,0.1375,3963,4031
CAAAGTCTGAGCGTAC,L54S R405L,0.0000,0.0000,0,14
CAAAGTGAAAACTTAC,,0.1376,0.1376,687,698
CAAAGTGTCGCTACGG,N446R,0.0875,0.0875,1034,1652
CAAAGTTAGGACCGCC,N169D R321L T370H,0.0000,0.0000,0,1
CAAAGTTATGCCGTGT,Q12S,0.1358,0.1358,3980,4097
CAAAGTTGGGCGACCG,L1N,0.0000,0.0000,0,5
CAAATAAAAGGACTGA,I288S N379Y,0.0000,0.0000,0,2
CAAATAAACGTATTAT,,0.1536,0.1536,1748,1591
CAAATAAAGTCAATTG,L430V,0.2185,0.2185,25,16
CAAATAAATGATAGTG,,nan,nan,0,0
CAAATAATTTTCTCAA,I288L,0.2038,0.2038,15041,10323
CAAATACAAATTTTAA,,0.1418,0.1418,1473,1453
CAAATACCATGTACAA,G484D,0.1040,0.1040,84,113
CAAATACGTAAACGCA,V347M D415N,0.1243,0.1243,1279,1439
CAAATACGTATTCAGA,L418R,0.4088,0.4088,76,26
CAAATACGTGAAGTAA,N210E H471D,0.1563,0.1563,19,17
CAAATAGACCCTAGCT,G55C I384N,0.0000,0.0000,0,9
CAAATAGACTGATACA,R229P L409T,nan,nan,0,0
CAAATAGCCTTCACAA,R435L,0.4195,0.4195,75,25
CAAATAGCGACCACTA,F467L,0.1472,0.1472,716,680
CAAATAGCTTAAAAGG,M75W W343* F469L,0.0000,0.0000,0,6
CAAATAGGGCCCCCAG,V223W,0.0758,0.0758,288,531
CAAATAGTCATGTCAT,P254W L427W,0.0000,0.0000,0,10
CAAATATAACAGTTCA,,0.0000,0.0000,0,7
CAAATATAAGACGACA,P489H,0.0522,0.0522,260,696
CAAATATATCATGAGT,D11L,0.0000,0.0000,0,12
CAAATATATTTACTAA,N169Q R321Q D366Y T370Q,0.2010,0.2010,23,16
CAAATATCATCAATGA,,0.1100,0.1100,1694,2154
CAAATATCTAGTTGGA,,0.1625,0.1625,603,519
CAAATATGATCAAACC,L133aT,0.2410,0.2410,679,394
CAAATATTAATTTCAA,Y105H S185N,0.1598,0.1598,24,21
CAAATATTATCCCCTA,A91F Y491V,0.0000,0.0000,0,2
CAAATATTCCCATTTT,L7W,0.1604,0.1604,694,605
CAAATCAAATTAAACA,Y353A,0.0000,0.0000,0,4
CAAATCAAGGAATCAC,,0.1474,0.1474,4199,3985
CAAATCAATGGTTATT,E83I R456Q,0.2199,0.2199,5948,3782
CAAATCACCCCGACCC,N296K,0.0594,0.0594,48,113
CAAATCAGTAGAGATG,,0.1457,0.1457,5861,5625
CAAATCAGTGAATAAC,Q25H,0.0958,0.0958,476,695
CAAATCAGTTGAGAGT,G333V,0.0300,0.0300,38,177
CAAATCATAGTTTCGG,D241W E414W,1.0000,1.1887,68,8
CAAATCATGCGGCAGG,R404K,0.0191,0.0191,12,88
CAAATCCAGATGAACA,S10K K372F,0.0000,0.0000,0,1
CAAATCCATATTATGA,V347D G352V,nan,nan,0,0
CAAATCCCATACATGA,E501K,0.2141,0.2141,3160,2064
CAAATCCTCTATAAGA,E107L T208R F469I,0.0000,0.0000,0,1
CAAATCGACCGGGTGA,E190I,nan,nan,0,0
CAAATCGCACATGGGA,,0.1754,0.1754,1927,1536
CAAATCGTAACATTAC,L314A G396S,0.5993,0.5993,30,7
CAAATCTAACACGAGT,G100L,0.0000,0.0000,0,8
CAAATCTACAAGAGAA,,0.1461,0.1461,4560,4364
CAAATCTAGTAATACC,,0.0000,0.0000,0,4
CAAATCTATGCTGATA,G72Q F392A,0.0000,0.0000,0,78
CAAATCTCAAAGACCT,S221G,0.1218,0.1218,1718,1972
CAAATCTCAGGACTAT,,0.2311,0.2311,1061,642
CAAATCTCGTTGCTAG,L112Q,0.0000,0.0000,0,10
CAAATCTGACCTAAAA,W537I,0.2746,0.2746,108,55
CAAATCTGTCTAGTGC,V135C H440Q,nan,nan,0,0
CAAATCTTCGAACCCC,W127L,0.0682,0.0682,61,125
CAAATGAAACAAAATT,N382C,nan,nan,0,0
CAAATGAAGCGAGCGC,L320R,0.5594,0.5594,16,4
CAAATGACAATATTAC,G362R,0.1700,0.1700,107,88
CAAATGACGAAGACGA,S6R,0.1602,0.1602,536,468
CAAATGAGACCTGATA,S356M,0.1403,0.1403,1033,1030
CAAATGAGAGATTCAA,,0.1767,0.1767,705,558
CAAATGATCATGCTAA,G68F T370C F469H,0.0000,0.0000,0,1
CAAATGATGGTAAGAG,S290W,0.0000,0.0000,0,25
CAAATGCAACCCCATC,R482E,0.0375,0.0375,104,388
CAAATGCACATAACGC,,0.2625,0.2625,1160,618
CAAATGCATGCTAGCC,E479W,0.1414,0.1414,2980,2947
CAAATGCCTAAATACA,,0.0000,0.0000,0,4
CAAATGCGCCCGGTTG,N172K,0.1010,0.1010,1214,1681
CAAATGCTTAGTATCA,I80E,0.1855,0.1855,2071,1561
CAAATGGACCAAGCAA,R482C,0.0565,0.0565,95,235
CAAATGGCTGTTGATA,,0.2099,0.2099,17332,11549
CAAATGTAAACTTGAT,D63Y E403*,0.0000,0.0000,0,2
CAAATGTAAAGAGCAG,P293I,0.2064,0.2064,31,21
CAAATGTAAAGGGCCG,L122Q H471E,0.9026,0.9026,71,11
CAAATGTCAGCAACCG,V444W,0.0000,0.0000,0,14
CAAATGTCGGCCCGAG,Q40L T370F,0.0000,0.0000,0,1
CAAATTAAAGGAGAAT,Q12E,0.0000,0.0000,0,2
CAAATTAACGAAACTA,,nan,nan,0,0
CAAATTACCAAAATGA,A373F,nan,nan,0,0
CAAATTACTATTGAGT,S167T K367P,0.3910,0.3910,137,49
CAAATTAGTGTGTTGA,E83H,0.0966,0.0966,794,1149
CAAATTCAATGATGGC,V88M,0.0000,0.0000,0,1
CAAATTCAGTACAGAA,L314D,nan,nan,0,0
CAAATTCCCCGTATAG,N446K,0.0000,0.0000,0,35
CAAATTCCGGTCTAAA,K411C,0.1756,0.1756,226,180
CAAATTCCTACCTAAA,S356C,0.1824,0.1824,1256,963
CAAATTCCTTATACTC,N197G,0.0521,0.0521,835,2241
CAAATTCTCAGGCGAC,S311Y,0.0000,0.0000,0,30
CAAATTCTGTTTAGTA,E479R,0.0646,0.0646,98,212
CAAATTGAAGAGCTGG,,1.0000,inf,1,0
CAAATTGAATATATAT,,0.1700,0.1700,569,468
CAAATTGAGTAGTAGA,N54aV,0.2002,0.2002,126,88
CAAATTGTTGAACAGA,L437K,0.0000,0.0000,0,15
CAAATTTATCCTCTCT,E340Q,0.0000,0.0000,0,4
CAAATTTCCCCGTAGG,,0.0000,0.0000,0,9
CAAATTTTCCTTGGAC,E246S,0.1787,0.1787,10556,8262
CAAATTTTGTGACTCA,L96Y L527W,0.0000,0.0000,0,13
CAACAAAACCTCTAAT,A334W,0.2952,0.2952,19,9
CAACAAACACCTTACC,,0.1414,0.1414,89,88
CAACAAAGCAATGATA,A425P,0.2067,0.2067,34,23
CAACAAAGTAGATTAC,F469S,0.0000,0.0000,0,5
CAACAAAGTTCTAGTT,A526S,0.1635,0.1635,2537,2170
CAACAAATCAGCCGGA,T37D E44* N296I,1.0000,2.3773,17,1
CAACAACAAGGCACTA,,0.1435,0.1435,155,151
CAACAACACGAATATT,F233Y,0.1118,0.1118,6613,8273
CAACAACAGCCGTATA,T208F E501*,0.9012,0.9012,58,9
CAACAACCAGTGCTGG,E501L,0.1902,0.1902,997,733
CAACAACTACACATCA,,0.0145,0.0145,22,212
CAACAAGAACATTCGT,S22T S85P,0.0000,0.0000,0,1
CAACAAGAGCGAATGA,T35S V505F,0.3065,0.3065,217,99
CAACAAGCCCGTAAGA,,0.1014,0.1014,243,335
CAACAAGGCAACCGGT,,0.1189,0.1189,4675,5499
CAACAAGGGTTGTCTA,L154T,0.0000,0.0000,0,37
CAACAAGGTCCCAGTG,E493R,0.1382,0.1382,1610,1629
CAACAATCAACGCATG,P125S S492K,0.0826,0.0826,248,420
CAACAATCATTTCGTA,K125aG,0.0841,0.0841,512,851
CAACAATCCGGCTACA,,0.1251,0.1251,442,494
CAACAATCCTAGGGGG,G100I,0.3885,0.3885,25,9
CAACAATCTATCGAGC,P299Y,0.0967,0.0967,2819,4077
CAACAATGGAAATGAA,V395F,0.1562,0.1562,2508,2246
CAACACAACATTGTCA,A364I,0.2237,0.2237,192,120
CAACACAAGAGACACC,H244E,0.0248,0.0248,27,152
CAACACAGATCTTGAC,,0.0409,0.0409,72,246
CAACACCATAGAGAAA,R328bE,0.1639,0.1639,1642,1401
CAACACCGTCACACAT,I4Y E246K,0.1131,0.1131,300,371
CAACACTAATATTAAG,V309H S311I,0.0000,0.0000,0,4
CAACACTATAATTCAA,N312V,0.1480,0.1480,2418,2284
CAACACTGGTGGCGAC,C281R,0.0000,0.0000,0,9
CAACAGAAATTGTGTA,T163Q,0.1006,0.1006,707,983
CAACAGAAGACAGGTT,F233G,0.2869,0.2869,80,39
CAACAGAGATCCACGA,V429T,0.0936,0.0936,2367,3538
CAACAGAGCCGCAGCC,,0.1745,0.1745,2095,1679
CAACAGATAGCGGTTT,I217H,0.0345,0.0345,100,405
CAACAGATCATTCGAT,G504R,0.3362,0.3362,904,376
CAACAGATGCACCGAC,L96V,0.3351,0.3351,1270,530
CAACAGCAAGTACGAT,V505N,0.0823,0.0823,30,51
CAACAGCAGGTTGTCA,D457G,0.1783,0.1783,834,654
CAACAGCATGAAACGC,,0.0832,0.0832,44,74
CAACAGCCTAATGCTT,E246A,0.0711,0.0711,58,114
CAACAGCTTACTTTAT,Q359E T436E,0.0000,0.0000,0,5
CAACAGCTTGATAAAT,,0.1029,0.1029,973,1322
CAACAGGAGAATAGAT,,0.0000,0.0000,0,1
CAACAGGCCCTGGGAG,G225E L462E,0.0446,0.0446,108,339
CAACAGTAACCTGGCC,W180G,0.0000,0.0000,0,3
CAACAGTGAGCACTTT,F251H,0.2704,0.2704,29,15
CAACAGTTATCTTCCA,G360R,0.7912,0.7912,215,38
CAACATAAACGCCATC,I115N Y308Q,0.3560,0.3560,28,11
CAACATAAACTAGGAT,Y423T,nan,nan,0,0
CAACATAAACTTCTAA,P92aI,0.0000,0.0000,0,28
CAACATAATACACATT,T35N,0.0953,0.0953,300,440
CAACATACGAACCATA,Y274T,0.0000,0.0000,0,2
CAACATACTGTTGCTG,I121R,0.0000,0.0000,0,40
CAACATCACTCACTCA,V135I,0.0252,0.0252,9,50
CAACATCGGAGTTCAA,R435Q,0.0569,0.0569,255,627
CAACATCTAGAATAAG,P125D,0.1901,0.1901,2343,1724
CAACATCTCCGATCCA,,0.1239,0.1239,1760,1987
CAACATGCCAATCAGA,K62W,0.1737,0.1737,508,409
CAACATGCGCAGTAAG,S290Y,0.1280,0.1280,617,674
CAACATGCTGACCGGC,S543E,0.3274,0.3274,405,173
CAACATGGCTCGATAC,N296K G330S K460Y,0.0000,0.0000,0,2
CAACATTAAGCTTATC,Y201N,0.3449,0.3449,111,45
CAACATTACGAACTGA,,0.0000,0.0000,0,10
CAACATTCATATAAAG,N357K,1.0000,1.1187,16,2
CAACATTGAAAATGAA,,0.1146,0.1146,2486,3034
CAACATTTTCATTATC,P82aV E340P,0.0000,0.0000,0,14
CAACCAAATGTAAAAA,S221N,0.0246,0.0246,31,176
CAACCAAATTTCAAGA,S126H I502F,1.0000,1.3984,30,3
CAACCAACGATAACTA,R435W,0.0000,0.0000,0,1
CAACCAAGACATGATG,K62M,0.1801,0.1801,1020,792
CAACCAAGACCACACT,R229E,1.0000,1.1654,25,3
CAACCAAGAGTCAGGA,C546S,0.1931,0.1931,591,428
CAACCAAGTAACAGGC,G319M R326L,0.0000,0.0000,0,6
CAACCACAAAACCGAT,G330C,1.0000,1.8739,67,5
CAACCACAAATCGCCT,K262V,0.0000,0.0000,0,17
CAACCACTATGGAAAT,E340N,0.3933,0.3933,135,48
CAACCACTTACACAAC,P239R,0.2010,0.2010,8921,6207
CAACCACTTTAACATA,,0.1463,0.1463,2267,2167
CAACCAGGATATCCCT,W84V,0.0000,0.0000,0,8
CAACCAGTGAGACCTA,E493M,0.1332,0.1332,16224,17036
CAACCATCTAAATTGA,T422R,0.8740,0.8740,50,8
CAACCATCTACACTAT,L1W,nan,nan,0,0
CAACCATTCATAAAGC,R326E,0.1040,0.1040,29,39
CAACCCAGTTAATAGA,L177D,0.0000,0.0000,0,3
CAACCCCAAGCTTAAA,N169P Y351K,0.0000,0.0000,0,4
CAACCCCAGAAGTGTT,A253T,0.1158,0.1158,708,855
CAACCCCTTAAACGAG,,0.1663,0.1663,3278,2757
CAACCCGCTACTTTAT,K125aS,0.2073,0.2073,166,112
CAACCCTAGAGATAAA,N357R,0.0000,0.0000,0,3
CAACCCTATATCTTAC,E44L I124M,0.1732,0.1732,1122,906
CAACCCTCCACGGACA,N382V,0.2839,0.2839,534,263
CAACCGAAAATTGATC,F118P,0.0000,0.0000,0,11
CAACCGAGATCACAAG,L447Q,1.0000,2.3773,34,2
CAACCGAGCCAGTGAA,V36H,0.0000,0.0000,0,11
CAACCGATGAACACAG,Y256I,0.1378,0.1378,4822,4895
CAACCGCAAAAACCAG,M75E G275E,0.1226,0.1226,825,941
CAACCGCAATCAACTA,S270N L402P,0.0000,0.0000,0,1
CAACCGCATAATGACC,R321K F469T,0.0000,0.0000,0,3
CAACCGCCAGTTATAT,Q282I,nan,nan,0,0
CAACCGCCCAACTGCG,N172W,0.1189,0.1189,682,802
CAACCGCGATGCATAG,A138S N289M,0.0192,0.0192,96,699
CAACCGCGTTCTTTAA,S125bF A287D F294D,0.0000,0.0000,0,2
CAACCGCTTTGAGTTA,,0.1007,0.1007,1312,1822
CAACCTAAACTACCCA,V444C,0.1708,0.1708,419,343
CAACCTAAGTGTGATA,N475V,0.0000,0.0000,0,9
CAACCTCAGTTCCTTC,E190N D474N,0.1342,0.1342,756,788
CAACCTCCTCGCATCA,G352R E468G,1.0000,1.8879,81,6
CAACCTCGCGTTCAAT,,nan,nan,0,0
CAACCTCGGTCTAATT,G510aR,0.1304,0.1304,110,118
CAACCTGCCCTCTTGG,A93P,0.1350,0.1350,3951,4093
CAACCTTAAATACCTA,S22A,0.0000,0.0000,0,59
CAACCTTAAGCATAGC,C281E,0.0000,0.0000,0,2
CAACCTTATTTTTTCC,I406W,0.1398,0.1398,2084,2085
CAACCTTCTCGTAATT,S126E V377F V429N,0.6992,0.6992,35,7
CAACCTTGTGATAAAA,,0.1542,0.1542,1802,1634
CAACGAAAAAGTACCC,H184K,0.2526,0.2526,56,31
CAACGAAAACGATCAT,Y512I,0.0841,0.0841,160,266
CAACGAAAGCGAGCTT,H295G,0.0000,0.0000,0,15
CAACGAACAGTGGCCC,N296G,0.1061,0.1061,274,361
CAACGAACGATAATTA,L61H,nan,nan,0,0
CAACGAACTGTAGGTG,N296L,0.0000,0.0000,0,26
CAACGAAGTATAAAAT,,0.1709,0.1709,5211,4265
CAACGAATTTAAGTGA,L154A,0.0493,0.0493,128,363
CAACGAATTTCAATTA,V223C,0.0000,0.0000,0,12
CAACGACTGAAAAACC,F399G,nan,nan,0,0
CAACGACTGAACGAAC,E31V,0.0988,0.0988,106,150
CAACGAGTCCGCCTAC,,0.1393,0.1393,1365,1370
CAACGATAAACCAGCC,,0.0000,0.0000,0,12
CAACGATACACCAATT,N172Q K472R,0.1084,0.1084,837,1080
CAACGATACTGTCTGA,G100W S311R,0.0000,0.0000,0,4
CAACGCAAGGATTACA,A365H,0.8322,0.8322,244,41
CAACGCAAGTAAAATT,N410M,1.0000,3.0766,66,3
CAACGCACAGGAGATC,T390L,0.0664,0.0664,624,1315
CAACGCATAAGTAAAC,N433P,nan,nan,0,0
CAACGCCATCAACAAC,R212N,0.0000,0.0000,0,64
CAACGCCATTCAATAA,R90W S323Q,0.2008,0.2008,3994,2781
CAACGCCCAGCATGAA,T206L,0.9359,0.9359,87,13
CAACGCGACTGTATTT,A253M,0.1558,0.1558,10537,9459
CAACGCGGGGCGCATC,D53V,0.0000,0.0000,0,8
CAACGCTCCCCACCGC,S167R,0.1596,0.1596,13073,11458
CAACGGAGACTTACAA,S185R K328C,0.7517,0.7517,43,8
CAACGGATATTTATAG,L418S,0.0000,0.0000,0,15
CAACGGCCTGACCGAA,I517R,0.0000,0.0000,0,11
CAACGGCGGCACTAAA,S361V,0.0891,0.0891,800,1256
CAACGGGAGAAAATAC,N73G E432K,0.0000,0.0000,0,1
CAACGGGAGAAGATAC,N73G,0.2237,0.2237,928,580
CAACGGTATCATGGAG,V151W,0.1949,0.1949,46,33
CAACGGTCAAAAGATA,E44P,nan,nan,0,0
CAACGGTTCCTCGAAT,Q40I,0.1434,0.1434,2195,2140
CAACGGTTCTAAGCAT,,0.0866,0.0866,2234,3607
CAACGTAAAAGCATAA,N103V,0.1398,0.1398,9,9
CAACGTAAGTATATTT,,0.1568,0.1568,950,847
CAACGTAGGTAAATCG,T279G,0.0903,0.0903,31,48
CAACGTCTATATCAAA,,0.1191,0.1191,322,378
CAACGTCTATTTATTA,,0.2014,0.2014,11270,7827
CAACGTGGCGACGTAA,C139E T485I,0.0000,0.0000,0,14
CAACGTTCTACACAAG,A19T,0.0948,0.0948,339,500
CAACGTTTGGGTCGTC,,0.0894,0.0894,523,818
CAACTAAAAACCGCAA,,0.0781,0.0781,72,129
CAACTAAAACCTAAAG,N54aF,0.6340,0.6340,68,15
CAACTAAAGATAATCT,I123R S221N,0.0000,0.0000,0,9
CAACTAACAGAAGCTT,D264N R321W,0.0000,0.0000,0,3
CAACTAATACAAACCG,P140Q I514S,0.3335,0.3335,31,13
CAACTACACAAATACA,F399W,0.1420,0.1420,717,706
CAACTACACTAACTCA,L59Q,0.0177,0.0177,20,158
CAACTACGCTTGCCAA,L428K,1.0000,2.0697,74,5
CAACTAGAACCTGATT,,0.1637,0.1637,563,481
CAACTAGATCGTTGAG,D77G N322Y S369L F469*,0.1398,0.1398,16,16
CAACTAGATGTGCGTG,S311Q,0.4450,0.4450,35,11
CAACTAGTTTGAGCGC,T171K,0.2788,0.2788,626,314
CAACTATAAAGGCGTT,L437S,0.0000,0.0000,0,8
CAACTATCATCCCTCA,L179S,0.0938,0.0938,1539,2295
CAACTATGCACGCTTT,,0.1431,0.1431,4680,4574
CAACTATGGAGTAACC,A137W N401K,0.0931,0.0931,1478,2221
CAACTATTCTTGAGTA,Q282* Y512R,0.9043,0.9043,97,15
CAACTATTTAGTTCTA,I335E,0.0000,0.0000,0,2
CAACTCCACTGAAAGA,L320M,0.0828,0.0828,303,512
CAACTCCGAACCATAT,K472F,0.7604,0.7604,174,32
CAACTCCGAGTCCCAT,G362V,0.1353,0.1353,271,280
CAACTCGATATAATTA,,0.1883,0.1883,525,390
CAACTCGATGGATAAA,E106R,0.1865,0.1865,44,33
CAACTCGCGTGCAATC,T301R,0.0000,0.0000,0,24
CAACTCTAACTGGAAA,K310E S492N,0.2898,0.2898,143,69
CAACTCTATAAATTAA,T132E W343D,0.9265,0.9265,53,8
CAACTCTCTACACCAA,K196C,0.1423,0.1423,1942,1908
CAACTCTCTTTCGGCC,G249P,nan,nan,0,0
CAACTCTTAAAAAATA,V88L S356K,0.0000,0.0000,0,12
CAACTCTTTAGCTACA,L51M,0.1587,0.1587,1532,1350
CAACTGAACATTACAC,,0.1244,0.1244,2378,2673
CAACTGAGAAACAACT,T283H G463C,0.5657,0.5657,89,22
CAACTGAGAAACGGGA,K156R,0.2114,0.2114,1380,913
CAACTGAGCCAATTCA,E414L,0.1329,0.1329,57,60
CAACTGCCTTTACGAC,N250H T485I,0.0000,0.0000,0,16
CAACTTAACTGAACGT,E78T,0.2353,0.2353,1326,788
CAACTTAATTGAACCC,E107W,0.0000,0.0000,0,3
CAACTTACACCAGACT,V429F,0.0000,0.0000,0,1
CAACTTACCAGGCAAT,L61H,0.0000,0.0000,0,1
CAACTTACCTAAACCG,K328S,0.1444,0.1444,1115,1080
CAACTTAGAAACTCAA,N-4S H471Y,0.1608,0.1608,23,20
CAACTTATGATACGGA,I335R,1.0000,1.1335,154,19
CAACTTATGCCGTGCT,Y86R D419N,0.2680,0.2680,23,12
CAACTTATGGCAGAAA,I178R,0.0039,0.0039,1,36
CAACTTATGGTCTAAA,E174T,0.0633,0.0633,784,1731
CAACTTCAACGATACA,,0.1380,0.1380,4270,4328
CAACTTCATAGACAAA,,0.1332,0.1332,788,827
CAACTTCCAGCGATAA,K156S E407F,0.0567,0.0567,124,306
CAACTTGACAACCGTA,G249P V315P,0.5394,0.5394,54,14
CAACTTGATAACCTCT,K280W,0.1613,0.1613,1204,1044
CAACTTGATTTGGCTT,I115R R435H,nan,nan,0,0
CAACTTTAAGCACCAA,R456A,0.1583,0.1583,471,416
CAACTTTGCCCGTAGA,K411V,0.1498,0.1498,165,154
CAACTTTGTCATGAAT,D348H R456W,0.0744,0.0744,58,109
CAACTTTTCCTATAAT,N169I,0.2940,0.2940,801,381
CAACTTTTGTGATAAT,P293N I385F,0.0000,0.0000,0,11
CAAGAAAACTGTCCAT,H276C,0.3608,0.3608,1285,498
CAAGAAAAGGGACCCA,E468H,0.1622,0.1622,2303,1986
CAAGAAACTAGGTAAC,E273K R456I,0.1851,0.1851,5953,4497
CAAGAAACTCATGAAG,L453Q,0.1187,0.1187,3371,3972
CAAGAAAGTACGTCAT,I385G,0.0699,0.0699,4,8
CAAGAACCTACAGGCC,P198E,0.0394,0.0394,310,1100
CAAGAACGGCTCATAC,S519H,0.0000,0.0000,0,2
CAAGAAGATATAACGG,V204E,0.0000,0.0000,0,2
CAAGAAGCACGAAAAT,A144W I529T,0.2952,0.2952,8402,3980
CAAGAAGGCCCCAAGA,V223W,0.0918,0.0918,462,704
CAAGAAGTCTCGTCAA,Q344M,0.1286,0.1286,1571,1708
CAAGAATACCTGTGTT,S509K,0.1286,0.1286,205,223
CAAGAATCAGATCTGC,,0.1587,0.1587,194,171
CAAGAATGAGCCTACC,,0.2438,0.2438,973,558
CAAGAATGTCCGCCTT,G333Y E434D,0.7638,0.7638,71,13
CAAGACAACTGTCTAA,E106Y,0.1817,0.1817,2945,2266
CAAGACAAGTAATCTG,K156S,0.0477,0.0477,341,999
CAAGACAATGCAGCCT,K450R,0.1433,0.1433,502,490
CAAGACAGCATCTAGA,M75R N210L,0.2883,0.2883,167,81
CAAGACATAGTGCATC,L428N,0.0000,0.0000,0,13
CAAGACATGGATCTAA,T171P,0.1490,0.1490,1071,1005
CAAGACCCTGACACTG,K307R,0.0000,0.0000,0,21
CAAGAGACATGGGTTT,,0.0307,0.0307,29,132
CAAGAGACCGGGACCC,T46H,0.1190,0.1190,200,235
CAAGAGAGAACATTCA,H183L,0.0000,0.0000,0,25
CAAGAGAGAATTAACC,Y86K,0.0000,0.0000,0,1
CAAGAGAGCGCAACAC,E24M,0.0000,0.0000,0,16
CAAGAGAGGGCCCACG,Q282M H354R,0.5419,0.5419,31,8
CAAGAGATAAAATGGA,T37P,0.3729,0.3729,32,12
CAAGAGCAGAAATGCT,T266G,0.3201,0.3201,792,346
CAAGAGGAGGTTTTAC,S167L R321P,0.0000,0.0000,0,46
CAAGAGTGGCCTATAC,K328E,0.1346,0.1346,307,319
CAAGAGTTAATCGCTC,S167I N322T F469H,nan,nan,0,0
CAAGAGTTCCACCAAC,V-2Q,0.0439,0.0439,511,1629
CAAGATAAAATGTCGC,R212N,0.0875,0.0875,577,922
CAAGATAACCCCCTAG,L54Q Q211R C473G,0.0000,0.0000,0,11
CAAGATACAGTATGAA,G333I,0.2222,0.2222,2421,1524
CAAGATACCCAATACA,Y105W,0.0000,0.0000,0,19
CAAGATATTTAAATGA,,0.1582,0.1582,43,38
CAAGATCACTTAGATT,R229Y,0.0000,0.0000,0,2
CAAGATCCTCCCATAA,I13W K259W,0.0000,0.0000,0,6
CAAGATCTGTCTCATC,D175M,0.1042,0.1042,870,1168
CAAGATGCGCCCCCAT,N169Q,0.1701,0.1701,1006,827
CAAGATGTAAAACCGA,D438K A521K,0.0000,0.0000,0,16
CAAGATTATGTCACGA,I15N E468N,0.0000,0.0000,0,2
CAAGATTATTAATGAT,,0.0395,0.0395,516,1825
CAAGATTATTGTCATT,R149F,0.1299,0.1299,1206,1298
CAAGATTTTAGTGAGA,P293L,0.0000,0.0000,0,3
CAAGCAAATACTCTAA,M346W E432K,0.0000,0.0000,0,5
CAAGCAACAAGTTCCG,T520H,nan,nan,0,0
CAAGCAACAATTATAA,,0.0000,0.0000,0,3
CAAGCAACTGAGAAGG,S6D,0.0989,0.0989,979,1384
CAAGCAAGAGTGAATA,,0.1414,0.1414,89,88
CAAGCACACGGCACAA,F467R,0.0000,0.0000,0,2
CAAGCACATGCTCAAC,,0.1010,0.1010,26,36
CAAGCACGAAATAATG,D11W,nan,nan,0,0
CAAGCAGATGACACGT,A19Y P125S G362R,0.0000,0.0000,0,3
CAAGCATGTCAAATTC,K328P N483W,0.0966,0.0966,1373,1988
CAAGCCAAAACATCAA,D375R,0.1075,0.1075,405,527
CAAGCCAAATAACGCT,K9Y,0.1129,0.1129,323,400
CAAGCCAAGAAAAGTC,C52W,0.0000,0.0000,0,4
CAAGCCACAAGAGGAA,,0.1126,0.1126,1662,2064
CAAGCCACAGGACAAA,Q25L L462I,0.1684,0.1684,59,49
CAAGCCACTATATACA,N312L,0.0321,0.0321,152,663
CAAGCCACTGCATCCG,V420S,0.4621,0.4621,76,23
CAAGCCAGCCAACTAT,T35M K328W,0.1247,0.1247,553,620
CAAGCCCAGACCAGTT,L59M,0.0000,0.0000,0,9
CAAGCCGAATAGATTT,Q391C E468G,0.1678,0.1678,96,80
CAAGCCGCTCGTTAAA,,0.0741,0.0741,295,557
CAAGCGAAGTGCTTGA,S221N R397Q,0.1178,0.1178,470,558
CAAGCGAATAATAAGT,,0.1308,0.1308,3429,3667
CAAGCGACTGTAGCAA,K62A L325D,0.1591,0.1591,10069,8853
CAAGCGCCAGCATAAG,,0.0816,0.0816,291,499
CAAGCGGTTGTGCTCT,E432N,0.2250,0.2250,1973,1226
CAAGCGTAACGATCTA,V-2F C473E E476*,0.0000,0.0000,0,1
CAAGCGTATTTAGTTT,V429P,0.0000,0.0000,0,4
CAAGCGTGTCCCATGA,L300G,0.0355,0.0355,94,370
CAAGCGTTGTTACACC,N210H,0.1316,0.1316,16,17
CAAGCTAATAAGTAAC,,0.0827,0.0827,253,428
CAAGCTACATGAGTTA,R81Y,0.1905,0.1905,996,731
CAAGCTCAAAACAGAG,R326D R452W,0.0000,0.0000,0,6
CAAGCTCAAGCTTATT,W343H,0.9090,0.9090,39,6
CAAGCTCCGACGGTCG,L102M K196N P198V,0.0369,0.0369,717,2714
CAAGCTCCGCCATTAA,C281H,nan,nan,0,0
CAAGCTCTCCGTTGAC,G100I K328G,0.5993,0.5993,60,14
CAAGCTGGGTTTGAAG,M111C,0.0000,0.0000,0,52
CAAGCTGTCAGCCAGA,Q359F T511N,0.1472,0.1472,2001,1901
CAAGCTTAAACGGATC,Y195K Q490T,0.0000,0.0000,0,20
CAAGCTTATGATCCGA,D77N M388V,0.0000,0.0000,0,12
CAAGCTTCTTATCTAA,I29Q,0.1965,0.1965,572,407
CAAGCTTTTGATTCTG,P74W K411Y,0.0000,0.0000,0,35
CAAGGAAAAAGAGAAA,W343D,nan,nan,0,0
CAAGGAAATGTAGGGG,D159L,0.2651,0.2651,489,258
CAAGGAACAACCATAA,W343N,0.0000,0.0000,0,5
CAAGGAACCTTCGAGT,E493S,0.1526,0.1526,1379,1264
CAAGGAAGACAAGCAG,D77T,0.2242,0.2242,646,403
CAAGGAAGCCATAGAG,L54W,0.0000,0.0000,0,2
CAAGGAAGCTTCCAAC,L43E N382R,0.0000,0.0000,0,2
CAAGGACAATGTGCAC,,0.0669,0.0669,591,1236
CAAGGACATCGTAGAG,I42L L527R,0.1398,0.1398,25,25
CAAGGACTTTAGTGAC,N224G G484N,0.1010,0.1010,597,827
CAAGGAGACCCCTTTA,E432I,0.0000,0.0000,0,7
CAAGGAGACTTATTTT,G362I D487C,0.1405,0.1405,214,213
CAAGGAGATTCTGGTC,I-3M,0.0518,0.0518,843,2274
CAAGGAGCCCTTTCCC,T390F,0.0188,0.0188,11,82
CAAGGAGTTCTGACTC,Q226L,0.0727,0.0727,79,152
CAAGGATCCCGTAGCA,V505D,0.4306,0.4306,1512,491
CAAGGATGTCAACACT,A334S S356N S492K,0.2012,0.2012,59,41
CAAGGATTAAGTAATG,,0.2447,0.2447,35,20
CAAGGCAATGACACAA,,0.1015,0.1015,296,408
CAAGGCACACTGCACA,K328cP,0.2319,0.2319,2330,1405
CAAGGCCACGCACTAA,,0.2817,0.2817,137,68
CAAGGCGGCTTACATC,L1H V481I,0.0152,0.0152,22,203
CAAGGCGTATCTTAAT,S221D,0.0000,0.0000,0,13
CAAGGCTTTAATACGC,V377N,0.0000,0.0000,0,2
CAAGGGATGCCTACCG,S126I F469V,0.0000,0.0000,0,6
CAAGGGCAGTTGAAAA,F79W T436L,0.3729,0.3729,16,6
CAAGGGCTTGATAATG,P128H,0.2846,0.2846,3480,1710
CAAGGGGCGATGAGCC,,nan,nan,0,0
CAAGGGTCTATAGGAT,Q226M,0.0186,0.0186,20,150
CAAGGTAACCCTGGAA,T206S,0.1876,0.1876,821,612
CAAGGTCACATCGCCT,K9I,1.0000,inf,26,0
CAAGGTCGAAGTGACG,A495M,0.1094,0.1094,547,699
CAAGTAACTAGCAAAT,N103H,0.1450,0.1450,1672,1612
CAAGTAACTTGTACAC,,0.1098,0.1098,1880,2395
CAAGTAAGCAGATCCG,K125aR,0.1087,0.1087,1014,1304
CAAGTAATATAATCCT,,0.2390,0.2390,1417,829
CAAGTAATATTAAATA,P489H,0.0954,0.0954,3301,4839
CAAGTAATGTAAGCAC,E44Y G319N,0.0000,0.0000,0,16
CAAGTAATTTTGCATA,F148L E189D,0.1277,0.1277,158,173
CAAGTACATAATCCAC,R321V K367R T370A,nan,nan,0,0
CAAGTACCAATTTAGG,,0.0000,0.0000,0,7
CAAGTACGAGATACTA,,0.5014,0.5014,441,123
CAAGTACGCGCCCTGG,W153D Q226* I339D,0.1987,0.1987,54,38
CAAGTACGGTTACTTA,F338K,nan,nan,0,0
CAAGTAGAAGATAAAC,G134R A138P,0.0000,0.0000,0,6
CAAGTAGATAAACCGA,,0.1982,0.1982,2368,1671
CAAGTAGCGGTAATAA,,0.1295,0.1295,4109,4437
CAAGTATAAGTTTGTC,N33K Q454H,0.0000,0.0000,0,4
CAAGTATAGGTAATGG,A257P E500K,0.0000,0.0000,0,9
CAAGTATCGGAAAACA,E189D,0.2697,0.2697,513,266
CAAGTATTCAACCGTA,R482Y,0.0612,0.0612,604,1381
CAAGTATTTAGTCTCA,,0.1039,0.1039,518,697
CAAGTCATTCACTACT,R212C,0.1260,0.1260,4014,4454
CAAGTCCACCACTACC,I29R,0.1237,0.1237,169,191
CAAGTCCATGAGGTAT,L320N K506D,0.0000,0.0000,0,5
CAAGTCGCACAAACAA,D457S,0.0950,0.0950,53,78
CAAGTCGCCGGTCTAA,M431Q,1.0000,1.4709,284,27
CAAGTCGCGCTAGAAT,P74N N424I,nan,nan,0,0
CAAGTCGGTAAAGAAG,L112W,0.0000,0.0000,0,8
CAAGTCTAATTTGGCA,T283C,0.1683,0.1683,745,619
CAAGTCTCTGAAACAT,I13S,0.0000,0.0000,0,3
CAAGTGACCTTGTCGT,D449T,0.1062,0.1062,2972,3912
CAAGTGAGATGACCAG,G228T N458H,0.0000,0.0000,0,4
CAAGTGAGATTAACGA,,0.1868,0.1868,2795,2092
CAAGTGATAGGTATGC,,0.1245,0.1245,462,519
CAAGTGCACGAACACT,,0.1010,0.1010,3417,4733
CAAGTGCTCATCTCAT,G275Q,0.1925,0.1925,6120,4447
CAAGTGGGTGAATCAT,H18V I202R,nan,nan,0,0
CAAGTGGTCGCTTAAA,Y98N,0.0000,0.0000,0,8
CAAGTGTATGGGAGCC,G225M,0.0974,0.0974,280,402
CAAGTGTGTCAGTCAC,P284S,0.2550,0.2550,310,170
CAAGTGTTGGTCTAGC,S185K,0.0000,0.0000,0,16
CAAGTTAAACTATCAA,R81G Y512L,0.1655,0.1655,780,659
CAAGTTAAAGAAATAG,T422H E461C,0.0000,0.0000,0,2
CAAGTTAACATGACGT,M531N,0.0000,0.0000,0,12
CAAGTTAGTCGAAACG,H355M,0.0000,0.0000,0,52
CAAGTTCTTACCAGCT,N48K,0.3183,0.3183,66,29
CAAGTTGTCTACTCAA,,0.1839,0.1839,309,235
CAAGTTTACTCACAAT,I178W E508S,0.0000,0.0000,0,54
CAAGTTTAGACTAAGA,Y488I L527P,0.0000,0.0000,0,5
CAAGTTTGTTCCGCCA,,0.1126,0.1126,1161,1442
CAAGTTTTTACGTACT,T23R P92aK S167P,1.0000,1.8646,80,6
CAATAAAAAACCGGCA,T192R M413G,0.0000,0.0000,0,1
CAATAAAAAGACTGTA,L-1*,nan,nan,0,0
CAATAAAAGGCTGGAA,A336C,0.0000,0.0000,0,2
CAATAAACCAGAATCC,E31D,0.1367,0.1367,3236,3311
CAATAAACCTGGCAAT,E340R,0.0000,0.0000,0,3
CAATAAATGCTAAGAG,G68M,0.5119,0.5119,410,112
CAATAAATGTGACATG,K157S I260W,0.0000,0.0000,0,9
CAATAACAACTCAAGA,Y258W R452H,0.0000,0.0000,0,17
CAATAACATATGCGTC,I164E,0.3428,0.3428,201,82
CAATAACCCCAAAAAT,K280M,0.0000,0.0000,0,79
CAATAACCCTAGAAAC,Q490K,0.1692,0.1692,277,229
CAATAACCTATTTACG,T132Q K387N,0.0730,0.0730,421,807
CAATAACCTCCAGCAG,S167L K367F,0.0761,0.0761,1018,1871
CAATAACGTGCCCGCT,N446T,0.1847,0.1847,1901,1439
CAATAACTTTCCGCCA,,0.1647,0.1647,550,467
CAATAAGAAACCCTCA,N-4C K262aL,0.0991,0.0991,671,947
CAATAATAATCCTATC,I155A,0.0787,0.0787,202,359
CAATAATACAATGTAT,S523I,0.0000,0.0000,0,4
CAATAATACTAAATAG,V381A,0.1549,0.1549,1625,1467
CAATAATACTTAAAAC,I115M,0.5297,0.5297,125,33
CAATAATAGCAAGTCA,E31D,0.0544,0.0544,65,167
CAATAATAGCGCGGTC,,0.1200,0.1200,574,669
CAATAATCTAGCAACG,T283E,0.0000,0.0000,0,2
CAATAATGAGTCTTAT,W421K,0.0000,0.0000,0,5
CAATAATGGAGTGTTC,P92aI,0.1650,0.1650,315,267
CAATAATGGTCAAGTC,S203A,0.1477,0.1477,2878,2724
CAATAATGGTTCAATT,V5A D474H,0.1221,0.1221,6128,7017
CAATAATTTAGAAAGT,,0.1335,0.1335,105,110
CAATACAAACCCCTCG,I297P Q344R,0.0000,0.0000,0,5
CAATACAATCTTACAA,P306V Y423H,0.0000,0.0000,0,23
CAATACAATGAAGCAA,S10I,0.0000,0.0000,0,1
CAATACACCACGAATA,N48Y N169C,0.0000,0.0000,0,8
CAATACACCTATAGAA,Y17M,0.3077,0.3077,143,65
CAATACATAAATACAT,Q513C,0.0579,0.0579,263,635
CAATACATAAGCATGG,M111K M478K,0.1149,0.1149,23,28
CAATACATACGTTCCA,L176R,0.1657,0.1657,32,27
CAATACATCTGCATTT,Y512P,0.0688,0.0688,379,770
CAATACATTCCCAAAG,A242W,0.1612,0.1612,151,131
CAATACCCCCCCCCAG,L427K,1.0000,1.0721,23,3
CAATACCCCCTCACCC,T219H,0.0840,0.0840,5040,8388
CAATACCGCATATGAT,N322T F469P,nan,nan,0,0
CAATACCTCCTCTATA,T219N,0.0162,0.0162,268,2311
CAATACGAAGTGCCCG,I406V,0.1686,0.1686,164,136
CAATACGAGCTAGTCG,M268I G330L,0.3097,0.3097,31,14
CAATACGTGGCCAAGA,F294P,0.0000,0.0000,0,1
CAATACTAACAGTTGC,L314E,0.0000,0.0000,0,5
CAATACTCAGCCACTG,E107A,0.0000,0.0000,0,6
CAATACTCTAACGCAT,M111K G225P,0.0000,0.0000,0,1
CAATACTCTAGATAGT,T436E,0.0000,0.0000,0,1
CAATACTTAAAAAAGA,F469Y,0.0744,0.0744,75,141
CAATACTTAGGGTAAC,S167P R321A,nan,nan,0,0
CAATACTTAGGGTATG,S167P R321A,0.0000,0.0000,0,4
CAATACTTTGACCTGT,A160R,0.3023,0.3023,4429,2049
CAATAGAACATTTCGT,Y98I R321V F469L,0.3030,0.3030,26,12
CAATAGAGAAAGCGCC,H298I,0.0413,0.0413,262,887
CAATAGAGCACATAAA,A138M,0.0000,0.0000,0,13
CAATAGAGCGGGCACC,Q391M,1.0000,inf,24,0
CAATAGAGGGAGAAAG,A253F,0.0000,0.0000,0,4
CAATAGATGAACCCCC,P324N E476N,0.1331,0.1331,1086,1141
CAATAGCAAACAACGG,Q371M,nan,nan,0,0
CAATAGCAACCTTGCT,A67F P284S,nan,nan,0,0
CAATAGCCTCCTCAAA,N169D T370K,0.0000,0.0000,0,1
CAATAGCGAACACCGA,C139T L507M,0.0000,0.0000,0,2
CAATAGCTTACATAGA,I302P,1.0000,1.4264,51,5
CAATAGGATGAAGTCC,G286V,0.0000,0.0000,0,6
CAATAGGCGCGTTCGT,R90M,0.1715,0.1715,2023,1650
CAATAGTAAGCAAAAT,T422C,0.0000,0.0000,0,2
CAATATAACACGTCAT,E494C,0.0360,0.0360,25,97
CAATATAAGATACGCG,G100T V204F,0.0000,0.0000,0,8
CAATATAAGCAGTTCT,D175K,0.2128,0.2128,1152,757
CAATATAATTCGAAGG,L409E,0.0000,0.0000,0,5
CAATATACTCTTTGAA,,0.1162,0.1162,795,957
CAATATACTTACAGTT,L108P E273Q,1.0000,1.5849,34,3
CAATATATAAACATAT,S270W,0.2966,0.2966,123,58
CAATATATGAATATTA,,0.0805,0.0805,202,351
CAATATCGAACAACAC,,0.2135,0.2135,2643,1731
CAATATCGCAGAACCA,,0.1589,0.1589,125,110
CAATATCGTAGCTTTA,G275L,0.0941,0.0941,1278,1899
CAATATCTCGCCAATT,,0.1870,0.1870,2050,1533
CAATATCTCGTGTCTC,K125aA T266R F469S,0.0000,0.0000,0,8
CAATATGAAAATGAGT,W127E,0.7614,0.7614,49,9
CAATATGTGAAAATCA,M346Q,0.0000,0.0000,0,1
CAATATTAAACCACTA,V-2I L71G,nan,nan,0,0
CAATATTAAAGTAAAA,C466H,nan,nan,0,0
CAATATTAATACAGGT,T199F H354C,0.1710,0.1710,203,166
CAATATTATCAATTTA,V381S,nan,nan,0,0
CAATATTCAAAACTTT,S323P,0.2195,0.2195,5519,3516
CAATATTCTGTGAAAT,V26M,0.0000,0.0000,0,4
CAATATTCTTTCAGTA,,0.1325,0.1325,978,1032
CAATATTGAATTAGCC,L133aW,0.2340,0.2340,1377,823
CAATATTGATATTTAG,H276C E501L,0.3105,0.3105,1281,577
CAATCAAAAATGTGCG,V381L,0.0498,0.0498,21,59
CAATCAAATGTCGTGC,E174T,0.0925,0.0925,129,195
CAATCAACGTGAAAAG,K387Q,0.1335,0.1335,21,22
CAATCAACTCATTTAA,V272W,0.0000,0.0000,0,11
CAATCAAGTCTGATAC,S113G,0.1217,0.1217,275,316
CAATCAATAAAATGTT,K472T,0.1204,0.1204,464,539
CAATCAATAATGTAAA,Q25S A394Q,nan,nan,0,0
CAATCAATTATCCTTG,P99W G484R,0.0000,0.0000,0,5
CAATCAATTGAAGGCC,L455P L462S,0.1538,0.1538,11,10
CAATCACAAAATGGCG,L122P,0.0000,0.0000,0,42
CAATCACAACCATTTC,K269D,0.1818,0.1818,26,20
CAATCACAATCAAGAC,V377T C473L,nan,nan,0,0
CAATCACAGTTTTACG,I502R,0.0000,0.0000,0,1
CAATCACATCACCCGA,,0.1285,0.1285,170,185
CAATCACATTTGCATT,G263N,0.0827,0.0827,336,568
CAATCACGCGGGCAAA,L54K F417S,0.1124,0.1124,41,51
CAATCACTGAATCTGG,N433Q,0.0000,0.0000,0,15
CAATCAGACGATACAA,I124Y,0.1542,0.1542,3974,3603
CAATCAGCCAATAAAC,I-3P T511F,0.0000,0.0000,0,9
CAATCAGGAACGAACA,K380G,0.8391,0.8391,54,9
CAATCAGGAATGACAG,,0.0000,0.0000,0,13
CAATCAGTACTACACA,G330M W350C,nan,nan,0,0
CAATCAGTACTTTAGA,R405D,1.0000,inf,53,0
CAATCATAAACATAAC,,0.1057,0.1057,1023,1354
CAATCATATGGACTAG,,0.0000,0.0000,0,13
CAATCATCGGCCGCAT,Y105W,0.0000,0.0000,0,21
CAATCATCTATCACTG,,0.1836,0.1836,474,361
CAATCATTCGATCTCA,P284R,nan,nan,0,0
CAATCCAATATACGCT,H117N,0.1616,0.1616,2617,2265
CAATCCAATCCATTAG,P299M,0.1248,0.1248,298,334
CAATCCAGAGAGAATG,C14V,0.0000,0.0000,0,15
CAATCCATCAGAGCAT,G249Q M292T,nan,nan,0,0
CAATCCATCCAACGGC,S290D I550Q,0.0000,0.0000,0,3
CAATCCATGAAGTCTC,I335M,0.0939,0.0939,529,788
CAATCCCCATGCTAAG,,0.1642,0.1642,749,638
CAATCCCCTTTACCAA,N312K G333M,0.0000,0.0000,0,22
CAATCCCGGTAGAGAA,V347L,0.1025,0.1025,2398,3271
CAATCCGATCGCCCTT,L455N,1.0000,inf,39,0
CAATCCGGCAAGCTGG,D375N,0.2444,0.2444,2590,1482
CAATCCGGTGGCACTG,G330F,1.0000,2.2025,126,8
CAATCCGTATCAACGC,G55R,0.2282,0.2282,62,38
CAATCCTACCTTGCAC,A242Y,nan,nan,0,0
CAATCCTGCGCAACCC,Y258P,0.0000,0.0000,0,1
CAATCGAAAATTGAAA,,0.0653,0.0653,673,1442
CAATCGAGCCCGACAT,,0.1534,0.1534,4077,3717
CAATCGATTACAATAA,A528R,0.0000,0.0000,0,5
CAATCGCTGGAGTGGT,C281Y,nan,nan,0,0
CAATCGGAAGATTAAT,W153I,0.0000,0.0000,0,8
CAATCGTACAGGCCGC,W234K,0.0000,0.0000,0,6
CAATCGTAGTAGCCGC,C76R E327I,0.0000,0.0000,0,2
CAATCGTTTCTCCGCA,R456M,0.1475,0.1475,1751,1660
CAATCTAACGAGACAC,,0.1366,0.1366,1705,1746
CAATCTAACTACGGTA,G337N,nan,nan,0,0
CAATCTAGAGGACCCG,A521N,0.0000,0.0000,0,14
CAATCTATTGTGATAC,P140D L544M,0.1991,0.1991,410,288
CAATCTCAAATACTAA,S10D I236T,0.0000,0.0000,0,8
CAATCTCCATCCTCAC,L331K,1.0000,inf,29,0
CAATCTCGTGATGAAA,,0.2069,0.2069,1487,1005
CAATCTGAATATGAAA,M346I N357H,0.0000,0.0000,0,3
CAATCTGGATGAAAGA,N197D K498Q,0.1307,0.1307,157,168
CAATCTGGCCACCGTA,L154Q,0.0000,0.0000,0,9
CAATCTGGTCCAAAAT,P99T E107S,0.0000,0.0000,0,17
CAATCTTAACTAGTCA,A532F,0.1540,0.1540,1101,1000
CAATCTTCGCAGTAGC,W421C,0.5806,0.5806,137,33
CAATCTTGCCCCACCT,G362F G510aD,0.1305,0.1305,14,15
CAATCTTGTGTGACTA,F439G,0.0000,0.0000,0,10
CAATCTTTATCGACCT,S167T,0.1729,0.1729,2056,1663
CAATGAAAAACCCGCG,A373C,0.0000,0.0000,0,6
CAATGAAAAATTTTAA,G205C,0.0306,0.0306,69,315
CAATGAACACAAATAT,E403Q A532M,0.0000,0.0000,0,9
CAATGAATCAAACGTT,V510Q,0.0529,0.0529,222,587
CAATGACAATCATACA,,0.0000,0.0000,0,7
CAATGACAGATGTTTT,Q191F,0.0000,0.0000,0,1
CAATGACATTCTGATA,A93C K307H,0.2270,0.2270,487,300
CAATGACCATGGAATT,,0.1102,0.1102,2645,3355
CAATGACTAAATTATT,L507K,0.1228,0.1228,65,74
CAATGATAAATCCGAT,G349M,0.1935,0.1935,101,73
CAATGATCAGGTGAAA,R397Y,0.1070,0.1070,179,234
CAATGATGGTAAACAA,C64L Y351R,0.0000,0.0000,0,8
CAATGATTATGCAAAC,L331F,0.0000,0.0000,0,3
CAATGATTTGGTTCTT,,0.1853,0.1853,1446,1091
CAATGCAAACTTCGAA,W153Q,0.0837,0.0837,106,177
CAATGCAATATCCGAT,D375H,0.1907,0.1907,6805,4991
CAATGCACCAGCTACC,,0.0907,0.0907,1567,2416
CAATGCATACTTAAGT,,0.1160,0.1160,6134,7393
CAATGCATTTAACTGA,,0.2627,0.2627,5892,3136
CAATGCCAGAACGAAA,Y98T,0.0772,0.0772,48,87
CAATGCCCTGTTTCGC,A495F,0.0595,0.0595,179,421
CAATGCGAAAGGTACG,,0.1518,0.1518,3476,3202
CAATGCGATGACCTAC,N446H,0.1560,0.1560,4715,4227
CAATGCGTGTCGTTGG,L112K,0.0000,0.0000,0,3
CAATGCTCCTAACCTT,T163R,0.0000,0.0000,0,24
CAATGCTGCTACAACT,L54V K387H,0.0000,0.0000,0,9
CAATGGAAAACGAACC,,0.1596,0.1596,6692,5864
CAATGGAAAGATTTTA,E304T,0.1257,0.1257,3294,3664
CAATGGAACGATCAAA,,0.1163,0.1163,365,439
CAATGGAATAATATGC,G342H,0.0000,0.0000,0,2
CAATGGAGCGGCAAAC,,0.1607,0.1607,316,275
CAATGGCACCAACACT,M431I,0.0000,0.0000,0,2
CAATGGCCTGTCAAAT,,0.1713,0.1713,1681,1372
CAATGGGAGCAGTTCA,,0.1385,0.1385,8050,8129
CAATGGGCATGACGGC,S509V,0.2213,0.2213,220,139
CAATGGGGAGGTCATG,R229Y,nan,nan,0,0
CAATGGTCATCAAAAA,I13W,0.0000,0.0000,0,2
CAATGTAAACGAGGGT,V261F,0.1525,0.1525,3954,3626
CAATGTACCCCAAAGT,G55T,0.2277,0.2277,1653,1015
CAATGTACTAACCGGG,D386H,0.1716,0.1716,1657,1350
CAATGTATAACTGACT,G228Q,0.0478,0.0478,28,82
CAATGTCATGGTTGTG,Q142R T301Q,0.2105,0.2105,18948,12585
CAATGTCCAAAAACCA,,0.1774,0.1774,1823,1437
CAATGTCTAGGGATAC,P145K,0.6072,0.6072,4090,942
CAATGTGAACAGCTGA,Q391Y R404Q,0.1111,0.1111,27,34
CAATGTGAGATCGTAC,D438Y,0.1111,0.1111,1758,2212
CAATGTGATTACCGTT,G49P,0.1352,0.1352,2032,2102
CAATGTTTTTTCGATT,C277V,0.0000,0.0000,0,1
CAATTAAAAACAGCGA,Q40R,0.1264,0.1264,1171,1296
CAATTAAAGGCGGATT,T46H,0.0000,0.0000,0,33
CAATTAAATAGTACAA,L122W V420Q,0.5710,0.5710,49,12
CAATTAACCAGTGTTA,A521M,0.1099,0.1099,2087,2655
CAATTAACCCGACTTA,K157H,0.2023,0.2023,8349,5770
CAATTAACCTACTATT,N-4Q N289D,0.1224,0.1224,2306,2634
CAATTAATAAAAGTAA,G349H,0.0000,0.0000,0,2
CAATTAATACTAACTA,T279R,0.2597,0.2597,156,84
CAATTAATGCACGACC,A334Q,0.2913,0.2913,25,12
CAATTACAATTGAGCC,N-4T,0.1354,0.1354,453,468
CAATTACACGTCCTCT,,0.1757,0.1757,3094,2463
CAATTACCAATCATCT,K50H,0.2307,0.2307,749,454
CAATTACCCGAATAAA,N382L,0.1079,0.1079,1692,2192
CAATTACGCATACGTT,T132V,0.1905,0.1905,3634,2668
CAATTACTGGTAATGA,G100M,0.2255,0.2255,79,49
CAATTAGAATCGATAA,A364T,0.0000,0.0000,0,65
CAATTAGACAGAAGCT,F399I,1.0000,2.3773,170,10
CAATTAGACCTATAAG,R496W,0.2124,0.2124,436,287
CAATTAGACGAATCCG,T46S S65R A526S,0.0000,0.0000,0,1
CAATTAGATCTTAAAA,A532G,0.1843,0.1843,3105,2356
CAATTAGATTATATAC,P145W N443K,0.1128,0.1128,25,31
CAATTAGCAAATGAAA,R547W,0.0985,0.0985,2576,3657
CAATTATACTATATAT,E24Y,0.1818,0.1818,832,640
CAATTATCAATAACCA,N424H,nan,nan,0,0
CAATTATGGACGATTA,S22A V429T,nan,nan,0,0
CAATTATTATAGATGG,,0.1721,0.1721,2515,2044
CAATTCAAATGGATCC,A19G T511S,0.0810,0.0810,490,846
CAATTCAACGCCACAT,I4E F439M,0.0000,0.0000,0,2
CAATTCAACGCTAAGC,S65L E479A,0.0000,0.0000,0,6
CAATTCACCACCTACT,,0.0999,0.0999,1201,1682
CAATTCAGAATTCAAA,,0.1081,0.1081,1821,2356
CAATTCATAGTGTCAT,K62A N278V,0.1581,0.1581,2463,2178
CAATTCATATCATGAC,E-5K,0.1617,0.1617,3353,2899
CAATTCCCGCTGAGAA,,0.1598,0.1598,4242,3713
CAATTCCCTAATCACA,,0.0603,0.0603,439,1018
CAATTCGCTTAGTGGA,T219E L300T,0.0152,0.0152,190,1748
CAATTCGGCTGATGAA,D457E,0.2260,0.2260,1713,1060
CAATTCTACGCCATAG,,0.1588,0.1588,5170,4554
CAATTCTTATAGGTAT,I87M,0.1496,0.1496,1676,1567
CAATTGAAAATCCTGT,,0.0706,0.0706,694,1374
CAATTGAATGGCGACA,E414M,0.2033,0.2033,6752,4644
CAATTGAGCAAATTAA,E-5V D457F,0.4749,0.4749,163,48
CAATTGAGTGCAAAAA,Y308V,0.0000,0.0000,0,13
CAATTGCCCTGTATAA,N382E,0.1273,0.1273,538,591
CAATTGCCTCAAAGAA,N357Q,1.0000,1.6781,24,2
CAATTGCGAGTAAAAA,L54E,0.0000,0.0000,0,1
CAATTGCTATATAAAA,R328aF,0.0000,0.0000,0,16
CAATTGCTATGCCTGA,G345E,0.0000,0.0000,0,5
CAATTGCTCAAGGTAA,I4C,0.1956,0.1956,6563,4692
CAATTGGACTACTTAT,,0.0860,0.0860,507,824
CAATTGTAATTTGGAT,K269T,0.0000,0.0000,0,6
CAATTGTATGTTCATA,W69K,1.0000,2.0277,29,2
CAATTGTTAGCCAGTC,D95S,nan,nan,0,0
CAATTGTTGTATCAAT,K50L,0.1171,0.1171,257,307
CAATTTAAAGGGTATG,I385R,0.0965,0.0965,478,693
CAATTTAAATCATTGC,D474H,0.1806,0.1806,6925,5362
CAATTTAAGACTACCG,A526G,0.1405,0.1405,616,613
CAATTTAGATTGGTAG,V5M N410S,0.0773,0.0773,125,226
CAATTTAGCCTAAACC,N169V R321S D366Y S369G I529D,0.0000,0.0000,0,10
CAATTTAGGTAGAACT,T46Q,0.8857,0.8857,19,3
CAATTTGGGATACTTT,I123W A336S L507P,1.0000,4.4750,32,1
CAATTTGGTGGACTAC,K259R F399E,0.3755,0.3755,145,54
CAATTTTAGATGTGCG,,0.2168,0.2168,5179,3340
CAATTTTATTAAGCCC,,0.1356,0.1356,1210,1248
CAATTTTCATGTACAA,,0.1153,0.1153,1386,1681
CAATTTTCTGTAAGCT,S290P T520F,nan,nan,0,0
CAATTTTGACGACTAT,N169M T200I N322C T370D E476N I548G,0.0000,0.0000,0,1
CAATTTTTATTATACC,N169R,0.2183,0.2183,4122,2641
CACAAAAACTAAAATC,T200M,0.0336,0.0336,6,25
CACAAAAACTTAATAT,,0.0975,0.0975,553,793
CACAAAACAGTTAATG,A67S I166D,0.0000,0.0000,0,2
CACAAAACGACCATCC,,0.1503,0.1503,1789,1664
CACAAAAGCTGAACTA,R114K W127C L409A,nan,nan,0,0
CACAAAATAAAAGAAT,H38V,0.0206,0.0206,34,231
CACAAAATAAATAACA,H47L H440R,0.1748,0.1748,30,24
CACAAAATAAGGAAAT,I335W,0.0000,0.0000,0,49
CACAAAATGCTCTATT,D457S,0.1807,0.1807,2801,2168
CACAAAATTTACCAAG,A91T H184C,0.0000,0.0000,0,13
CACAAACATTATTATT,,0.1586,0.1586,262,231
CACAAACCATAGCCAC,G465T,0.0000,0.0000,0,1
CACAAACCCGTACATG,D375K,0.1085,0.1085,45,58
CACAAACCTTAAAAAA,K313M,0.0544,0.0544,360,925
CACAAACGCCGAACTA,P74S,0.0830,0.0830,758,1277
CACAAAGAACTCATGC,,0.0790,0.0790,179,317
CACAAAGATCTCATAT,H440E,nan,nan,0,0
CACAAAGTCCTAGTGA,R90E,0.0992,0.0992,644,908
CACAAATAAGCTGTTA,,0.0808,0.0808,442,765
CACAAATAATCGGAAC,K262L M431S,0.7225,0.7225,31,6
CACAAATACCAAAATC,T436S,0.0000,0.0000,0,12
CACAAATATGTTGTTA,L61W E508N,nan,nan,0,0
CACAAATCCCTTTAAA,V-2S,0.1413,0.1413,1982,1961
CACAAATCGGAAATAC,L331G,1.0000,3.9156,28,1
CACAAATGTAATTCTG,F338Q,0.4803,0.4803,79,23
CACAAATTCAATACGT,V26I,0.0896,0.0896,264,412
CACAAATTGAGTATAT,,0.1640,0.1640,2267,1933
CACAACAACCAATAAC,A188D,0.1325,0.1325,2931,3093
CACAACAATGCATCAC,C139S,0.6031,0.6031,69,16
CACAACAATTTTGCAT,L2Y,0.1512,0.1512,2216,2049
CACAACACAAAAAAAC,,0.0181,0.0181,27,209
CACAACACCCCAGAAA,M30G,nan,nan,0,0
CACAACACTCATCCCG,Y17E V152E,0.0000,0.0000,0,10
CACAACAGCCGTCCGG,,0.0579,0.0579,179,432
CACAACAGCCTGTGAA,E494L,0.1204,0.1204,1286,1494
CACAACCTAGATTATT,H244Q,0.0571,0.0571,76,186
CACAACGTTTGCGTGA,N150G,0.0877,0.0877,765,1220
CACAACTAAGGGAATC,G376V,1.0000,2.9367,126,6
CACAACTCATGTCACA,,0.1677,0.1677,211,176
CACAAGAACTCGATAC,T520M,0.0507,0.0507,45,124
CACAAGACATAACATC,S480E,0.1375,0.1375,1182,1202
CACAAGACGGCCTCTG,E398N,0.0000,0.0000,0,3
CACAAGATAAAGTGAA,D386L,0.1345,0.1345,8194,8517
CACAAGATACCTGATA,G333K,0.2413,0.2413,2343,1358
CACAAGATTAATAGAT,G362L A495I,0.0151,0.0151,27,250
CACAAGCACCGAGAAC,C76Q K445H,nan,nan,0,0
CACAAGCTTACTCAAA,K216M,0.0000,0.0000,0,24
CACAAGGAGAACTAAT,I42L V135F Y512D,0.0000,0.0000,0,2
CACAAGGATTTTCAGT,P128N,0.1860,0.1860,2596,1952
CACAAGGTAACCATCA,Y161G,0.9702,0.9702,111,16
CACAAGTCAATTATGT,Y201K,0.1703,0.1703,531,436
CACAAGTCAGAATAAC,L112I,0.1521,0.1521,297,273
CACAAGTCGTAAATCG,Q25T G134N,0.3776,0.3776,135,50
CACAATAAAATGTGAT,I4M,0.0769,0.0769,759,1381
CACAATAACAAAAGAG,,0.0743,0.0743,152,286
CACAATAACGAAAGAT,,0.0000,0.0000,0,60
CACAATAAGCGACTAC,,0.1728,0.1728,7495,6066
CACAATACCGTGTAGG,,0.0953,0.0953,92,135
CACAATATAACGCTAA,Y512E,0.1649,0.1649,184,156
CACAATATATTCCACC,E107K,0.0000,0.0000,0,8
CACAATATTATCAATC,H18F P198T,0.0707,0.0707,590,1167
CACAATCAAAATACAA,K57W,0.0000,0.0000,0,12
CACAATCAGTGCATGA,A144C,0.3406,0.3406,7690,3157
CACAATCCCGTTAAGT,A188C,0.1141,0.1141,1911,2343
CACAATCTACCCCGCT,Y161N S356N M413I,0.0000,0.0000,0,2
CACAATCTCCAGAGGC,K472R,0.1945,0.1945,2802,2015
CACAATCTCGGCCGAT,V261A,0.1656,0.1656,1060,895
CACAATCTTGAACGCC,,0.0000,0.0000,0,25
CACAATGTTATGAATA,N129K,0.2626,0.2626,768,409
CACAATTATCATCTAA,N169S I236H K472E,0.0000,0.0000,0,14
CACAATTCCATATAAC,S480C,0.1524,0.1524,1822,1672
CACAATTGTCACATAG,Y195L I514F S519I,0.0000,0.0000,0,3
CACACAAAAAGCTATT,D11N,0.1757,0.1757,186,148
CACACAAAGGCTATTA,Q142K I384H A425T,0.3653,0.3653,128,49
CACACAAATATTCTAC,D438P,0.0000,0.0000,0,6
CACACAACTTTCATAT,G510aW,0.1920,0.1920,173,126
CACACAAGGCGTCATA,N278I,0.1055,0.1055,597,791
CACACAATGGCTGCCT,S203R,0.5594,0.5594,28,7
CACACAATTTCTACTA,S323L F469V,0.0000,0.0000,0,5
CACACACAGACTTAAT,Q222R,0.2425,0.2425,4718,2721
CACACACTTAGTGCAC,I123A,0.1341,0.1341,2560,2670
CACACAGAAAACACAA,,0.1170,0.1170,190,227
CACACAGAAAGAATTC,,0.0000,0.0000,0,6
CACACAGAATTTCGCG,,0.0741,0.0741,334,630
CACACAGGAAATAGAA,S543F,0.0513,0.0513,125,341
CACACAGTCATTAGTA,S22A,0.1161,0.1161,181,218
CACACAGTCTACAGAT,V36*,0.0000,0.0000,0,5
CACACATAAAAAAAGG,N103L R456T D457Y,0.0000,0.0000,0,4
CACACATAATAACCGA,H183N,nan,nan,0,0
CACACATAGTAAGTCT,I384F,0.1593,0.1593,41,36
CACACATCCTCAAGGT,I166E R452W,0.1790,0.1790,128,100
CACACATCCTGAGACA,I502D,0.0000,0.0000,0,4
CACACATGTATAAACA,G55A S543R,0.1212,0.1212,78,90
CACACATTTGAAGCGA,N193D,0.1475,0.1475,1436,1361
CACACATTTTACCTAT,G510aI,0.1904,0.1904,2331,1712
CACACCAACCTTGAAA,E304M L497F,0.1964,0.1964,1497,1066
CACACCACGATAATAT,N94S,0.1171,0.1171,191,228
CACACCAGGCATCTAT,S167I Q359N,0.1980,0.1980,855,604
CACACCAGGTGATGGT,A253N,0.0000,0.0000,0,2
CACACCATTTAGTTTA,R329K,1.0000,inf,29,0
CACACCCTTGCAGTCA,E358Q,0.1350,0.1350,4008,4151
CACACCGACAAAATCG,I4R,nan,nan,0,0
CACACGACGAAGACAC,N193K C466Q,0.0000,0.0000,0,27
CACACGATATTTGATG,E494I,0.2697,0.2697,565,293
CACACGATCCTTCAAA,Y470A,0.2262,0.2262,1145,708
CACACGATTTGCAATT,Y98F R328aE,nan,nan,0,0
CACACGTATGCTTACG,I-3E G484Q,0.0623,0.0623,1312,2943
CACACGTTACTGATTA,G249T,0.0000,0.0000,0,18
CACACTAAAAAAAAGA,E403K G484N,1.0000,1.9578,14,1
CACACTACCAGCGACC,,0.1188,0.1188,718,845
CACACTATGAAAAAAC,I124Q,0.1286,0.1286,264,287
CACACTATGAACCCAA,K165P M478R,nan,nan,0,0
CACACTCCCCGTGGTA,L455I,0.2056,0.2056,1980,1347
CACACTGATCTAATGG,S6I G319T,nan,nan,0,0
CACACTTACAGTGACA,,0.1333,0.1333,7450,7818
CACACTTACTAGACAC,E107I I335T,nan,nan,0,0
CACACTTACTTTTCAT,Q25E,0.1201,0.1201,1242,1446
CACACTTGCGCGAGTT,S167A,0.1017,0.1017,352,484
CACAGAAAAAAACCAC,T219C,0.1220,0.1220,670,768
CACAGAAATATGTCAT,G68N,0.4711,0.4711,192,57
CACAGAACCAAGACAG,,0.1125,0.1125,5430,6750
CACAGAACCCTATACA,,0.1282,0.1282,2299,2508
CACAGAACTAACGAAT,A257T,0.1829,0.1829,17,13
CACAGAAGTATCGCTG,G55W,0.1685,0.1685,2626,2180
CACAGAATCTAGAGTG,E31F N48K R321F T370I,0.3776,0.3776,27,10
CACAGACTTACAATGC,E31K K498C,0.0293,0.0293,121,577
CACAGAGAATACAAGA,S509E,0.1420,0.1420,5206,5126
CACAGAGCATTGTCTG,,0.0656,0.0656,578,1232
CACAGAGGTAATAATA,F148W,0.0417,0.0417,165,553
CACAGAGGTCCAGGTC,Y17L,0.9634,0.9634,62,9
CACAGATAATAACATA,D438R,nan,nan,0,0
CACAGATTTGTCTTAA,G362P V429G,0.0000,0.0000,0,5
CACAGCAACGAAATAA,E89L,0.2458,0.2458,58,33
CACAGCACCTATAACG,N20A K280C,0.0000,0.0000,0,10
CACAGCAGCAATTGAA,,0.0801,0.0801,2142,3741
CACAGCCCATGATAGT,R547D,0.4460,0.4460,3170,994
CACAGCCTGATAATGA,N116Y R397A,0.2990,0.2990,62,29
CACAGCCTGTATAAAA,V151D D474R,nan,nan,0,0
CACAGCGACGAGAATA,W537C,0.2338,0.2338,112,67
CACAGCTATTACGCGA,K125aW,0.0322,0.0322,46,200
CACAGCTCGGTTACAT,F338Q,0.0000,0.0000,0,7
CACAGCTTTGGATTCG,W421Q,0.8391,0.8391,18,3
CACAGGAACCGAAAAG,A3G,0.0233,0.0233,16,96
CACAGGAACGAGGAAC,A334F,1.0000,1.2077,95,11
CACAGGACAAGATAAT,D386V,0.1332,0.1332,7657,8036
CACAGGAGCCGTACCA,A528V,0.0000,0.0000,0,35
CACAGGATGCGCTAAA,Q282K,0.0000,0.0000,0,12
CACAGGCAAGATTAAA,A218I A526N,0.0000,0.0000,0,14
CACAGGGTAATCCAAA,V5R,0.0000,0.0000,0,5
CACAGGGTATAAGACC,T279G,0.1739,0.1739,766,616
CACAGGTGTCCACCCA,,nan,nan,0,0
CACAGTATTAAAAACG,N278T,0.1890,0.1890,7710,5704
CACAGTCCTGTAAGTC,F439L,0.0816,0.0816,14,24
CACAGTCGAACCTCCT,F332I,0.1756,0.1756,403,321
CACAGTCTGGCTTCAT,,0.1077,0.1077,2178,2827
CACAGTTCGGACTAAA,,0.1347,0.1347,2924,3035
CACATAAAACTAATCG,L1H,0.1725,0.1725,111,90
CACATAAACCATGACT,,0.1278,0.1278,963,1054
CACATAAACTCCAAGG,,nan,nan,0,0
CACATAAAGTCGTATG,,0.0000,0.0000,0,5
CACATAAATATCAAGG,S270I,0.0850,0.0850,48,79
CACATAAATTCTCTCT,L43N P489A,1.0000,1.5849,102,9
CACATAACCACCATAT,V204N Y470E,0.0000,0.0000,0,18
CACATAAGGAAAACGC,S543Q,0.4020,0.4020,69,24
CACATAAGGAGTAATA,S10Y,0.0000,0.0000,0,2
CACATACAATTAGACT,,nan,nan,0,0
CACATACAGAAGTAGA,N21C R321P T370V,nan,nan,0,0
CACATACCCAAGGAAC,T28*,0.2697,0.2697,54,28
CACATACTACTAACGT,M230V A495V,0.3344,0.3344,7232,3024
CACATACTATGACTTA,L209M Y486M,0.0000,0.0000,0,10
CACATACTGTGTCAAA,P299M,0.1049,0.1049,39,52
CACATAGAGAACTGAG,K157D,0.0000,0.0000,0,5
CACATAGCTGCAACAG,F251A,0.6905,0.6905,79,16
CACATAGGAGAGGGAC,,0.2022,0.2022,1854,1282
CACATATATCAGATGG,I288S C477N,0.0000,0.0000,0,1
CACATATCGTCATCCT,M268I R328bM S369N,0.0427,0.0427,22,72
CACATATTCAGCTAAG,,nan,nan,0,0
CACATATTTAGCCTGT,V5L,0.1018,0.1018,2876,3951
CACATCAAACATACAA,G341I R482L,0.0000,0.0000,0,3
CACATCAAAGGTCAGC,,0.2723,0.2723,74,38
CACATCAGACGAAGTA,K498E,0.1526,0.1526,4184,3834
CACATCCAAGACAGAT,C97Q T318Y,0.0000,0.0000,0,4
CACATCCCGCTAAACG,C52Q,0.0000,0.0000,0,9
CACATCCTGCCACACA,V8T,0.1704,0.1704,2213,1816
CACATCGCTGGGCCCA,T37C,0.0000,0.0000,0,4
CACATCTTATAATGTA,,0.1876,0.1876,511,381
CACATGAAACACCTTT,,0.0996,0.0996,1964,2757
CACATGAACAAAAAAA,R114I D159I E493W,0.0000,0.0000,0,14
CACATGAAGAGTCCTC,I384G,nan,nan,0,0
CACATGAGAAAATGAA,W350R H440L,nan,nan,0,0
CACATGAGAAAGTGAC,S291V,0.2591,0.2591,176,95
CACATGATTCTCGTTC,,0.1745,0.1745,1885,1511
CACATGCACAACGTAC,,0.1269,0.1269,639,704
CACATGCTGATCAAAG,I374L,0.1412,0.1412,3961,3924
CACATGCTTTAGAACT,R328bF,0.0000,0.0000,0,3
CACATGGCAAAAATAA,L7D V8L,nan,nan,0,0
CACATGGCATGGTTGA,T422L,1.0000,2.4706,53,3
CACATGGGGGTGTTCA,T37I L497Q,1.0000,2.5172,36,2
CACATGTCCCCATAGG,M111K,0.0699,0.0699,52,104
CACATGTCGAAATCGG,G55D G263Q,nan,nan,0,0
CACATGTTGAAGTAAT,E-5A,0.1575,0.1575,366,325
CACATGTTTACAAAGA,T318P N382V V510S,0.7819,0.7819,123,22
CACATTAAGTCACAAA,N92R,0.1835,0.1835,1737,1324
CACATTACAAAAGCGA,,0.1592,0.1592,733,644
CACATTACATCTAGAC,G275D,0.1723,0.1723,2321,1884
CACATTCTATATCGCC,N92W,0.1033,0.1033,852,1153
CACATTGGGACAGTTT,Y308D R329G,1.0000,1.3705,147,15
CACATTGTAGAAACGA,,0.1029,0.1029,778,1057
CACATTTAGACATATC,V34Q,0.0000,0.0000,0,2
CACATTTCGTTAAGAT,K196R,0.1334,0.1334,208,218
CACATTTGTCCACTTG,I29V N464I,nan,nan,0,0
CACCAAAAAAGATTGC,S133K Y518Q,0.0000,0.0000,0,1
CACCAAAAAGAACGTT,,0.1345,0.1345,701,729
CACCAAAAGGAACTAA,V26M L176M,0.0000,0.0000,0,3
CACCAAAAGTTTACTA,S480G,0.1318,0.1318,1747,1853
CACCAAACACCAAATC,,0.1345,0.1345,699,727
CACCAAAGAAGCGTAT,,0.1567,0.1567,3825,3413
CACCAAATCAACACGG,,0.0753,0.0753,189,351
CACCAAATCCGTCAGA,G337P,nan,nan,0,0
CACCAAATTAATACCC,Y491P,0.0000,0.0000,0,5
CACCAACGTGCTCATA,T35M I260D,0.3896,0.3896,78,28
CACCAACTGGCATAAG,I42R R435K,0.0000,0.0000,0,1
CACCAAGATGATAACA,,0.1521,0.1521,3440,3163
CACCAAGATTGATGGA,Q226M,0.0000,0.0000,0,16
CACCAAGCTTCAGATA,,0.3091,0.3091,84,38
CACCAAGTACCAGACA,T301C,0.0908,0.0908,3354,5165
CACCAATACAAACGGG,K50P,0.0000,0.0000,0,2
CACCAATAGCAAGACA,,0.1736,0.1736,14219,11457
CACCAATAGCTACAAA,,nan,nan,0,0
CACCAATCTAAAAGTT,L325C,0.1602,0.1602,1112,971
CACCAATTTTAAGAGA,K62Q,0.1739,0.1739,16476,13252
CACCAATTTTTAAATT,,0.1470,0.1470,4107,3906
CACCAATTTTTTATAA,S146A,0.2071,0.2071,4194,2832
CACCACAAAACAACCG,T35H,0.1322,0.1322,3917,4142
CACCACAAATCAAGAA,D41H,0.0933,0.0933,1119,1677
CACCACAATCATAAAA,E255*,0.1829,0.1829,17,13
CACCACACCATACAGC,F147G,0.0000,0.0000,0,9
CACCACCCAGCAATAG,,0.1321,0.1321,137,145
CACCACGCTTATTTCA,G349W,0.9389,0.9389,94,14
CACCACGCTTGACTAC,S167M F469D,0.7991,0.7991,40,7
CACCACGTGACCGGTC,T318I I385D,0.3962,0.3962,17,6
CACCACTACAGGCAAA,S65I,0.0000,0.0000,0,3
CACCACTCAGCATCGC,,0.1666,0.1666,1575,1322
CACCAGAAGTGGACTT,K313N,0.0824,0.0824,56,95
CACCAGAATCCGTGAT,N54aT K125aA N250K,0.0000,0.0000,0,1
CACCAGACAAGTACGT,R397Q,0.1688,0.1688,1505,1247
CACCAGACCATAATGG,S291Y P306S,nan,nan,0,0
CACCAGATAAAAAGCG,R321T F469K,0.0000,0.0000,0,8
CACCAGATATGTATAA,F469Q,0.0000,0.0000,0,10
CACCAGCCGGCTAAAA,Q371R,0.5644,0.5644,113,28
CACCAGGTGGACAAAT,,0.1501,0.1501,1094,1019
CACCAGGTTGCATTAC,T378R,nan,nan,0,0
CACCATAAAATTTCAG,,0.1584,0.1584,1653,1459
CACCATAATCGGATCT,,0.1041,0.1041,64,86
CACCATACAAAAGAAA,W84C T192G,0.0000,0.0000,0,7
CACCATACTGTGACAC,L1M,0.1072,0.1072,141,184
CACCATAGCGTCAAAG,S167V R321T I384T,0.9230,0.9230,33,5
CACCATCAATGAGTTG,H117Q I384A W537C,0.0000,0.0000,0,2
CACCATGAAGACAAAA,L497E,0.1686,0.1686,1666,1382
CACCATTGACCAAAGT,R452P,0.0000,0.0000,0,3
CACCATTGCGCAGACC,D175Q,0.1899,0.1899,9718,7155
CACCATTGGCTCCAAT,H110M L453R,0.1395,0.1395,1430,1434
CACCATTGTAAACTCT,I-3Y,0.1794,0.1794,690,538
CACCCAAAAGGGTTCA,Y274K,0.0000,0.0000,0,8
CACCCAAAGTCTGACT,K216W F469H,0.0000,0.0000,0,3
CACCCAAATAACTTGC,R149G,0.1194,0.1194,427,500
CACCCAAATAGAAAAA,,0.1132,0.1132,1389,1716
CACCCAACCAAGTCCT,N169A R397S,0.1256,0.1256,1583,1762
CACCCAACTCAGAACA,L544N,0.1748,0.1748,15,12
CACCCAAGATTTAGGG,,0.0888,0.0888,282,444
CACCCACACTACATTC,S480M,0.1776,0.1776,1746,1375
CACCCACCAAACATTG,A373D,1.0000,inf,12,0
CACCCACTAAAGAACA,,0.1691,0.1691,3274,2708
CACCCAGAAACCGAGA,,0.0745,0.0745,41,77
CACCCATAAGTCAACA,K472P,0.0044,0.0044,13,414
CACCCATCATCATGGA,A257W,0.2447,0.2447,28,16
CACCCATTTCAGTGGC,,0.1707,0.1707,3360,2753
CACCCATTTGGCGAAC,V8* F467R,0.0000,0.0000,0,5
CACCCCAACGCTGGCA,L1I N424K,0.2061,0.2061,28,19
CACCCCAGTATATCAT,S221K,0.0000,0.0000,0,6
CACCCCATCTGCTCCC,L154W,0.5100,0.5100,124,34
CACCCCCATGGTTGCA,M111F G345I,0.1305,0.1305,28,30
CACCCCCCAGATAACA,I4M V5L,0.2101,0.2101,2839,1890
CACCCCTACGAGGATA,N289Y,0.0000,0.0000,0,8
CACCCCTCTAGACAAA,K262R,0.1162,0.1162,1197,1441
CACCCGAAACGCTTTT,D240H,0.1020,0.1020,1884,2583
CACCCGACCCACGCAT,,0.1365,0.1365,3467,3551
CACCCGACCGCGAAAC,,0.0684,0.0684,114,233
CACCCGATAAAAATAT,I302S F469M,0.0000,0.0000,0,17
CACCCGCTGGTTTGCT,M413P,0.0000,0.0000,0,9
CACCCGTACGCAATTA,T200A,0.1801,0.1801,2072,1609
CACCCGTCATATGGTT,S290D,0.1212,0.1212,819,945
CACCCTAAGTTGTCTC,Q142C,0.2764,0.2764,1761,891
CACCCTACGGGGGAGT,P299G,0.0875,0.0875,192,307
CACCCTAGTTCCTTAA,I42F Q513F,0.0000,0.0000,0,10
CACCCTCAGTAACATC,S523G,0.4070,0.4070,489,168
CACCCTCTCGATAGAC,P324R R499L,0.1260,0.1260,1952,2166
CACCCTCTTCGACGAA,C539W,0.0553,0.0553,302,764
CACCCTGATCGATCAT,,0.5594,0.5594,24,6
CACCCTGGCCTCGAGC,E468Q,0.1808,0.1808,397,307
CACCGAAGAAATTGCA,K328cL,0.2214,0.2214,277,175
CACCGACGTATAACCC,A91D D375E,0.0378,0.0378,10,37
CACCGACTAATTACAT,,0.2559,0.2559,5648,3086
CACCGAGAACACCATA,A218F N278G,0.0267,0.0267,612,3203
CACCGAGAGAACCATG,W127C,0.0000,0.0000,0,38
CACCGAGATGGGAAAA,N169R T370D,0.0000,0.0000,0,5
CACCGAGTAAAAATAA,,0.0000,0.0000,0,16
CACCGATCATTCCTAA,L70V L455T,0.0670,0.0670,34,71
CACCGATCGTATTAAA,S10W,0.4475,0.4475,16,5
CACCGATGGCCCGCCA,D348W,0.1346,0.1346,179,186
CACCGATTCGCGATAT,G362H,0.0947,0.0947,348,514
CACCGATTGGGAACAC,,0.2091,0.2091,447,299
CACCGCACCTAACATA,Y256F,0.0839,0.0839,159,265
CACCGCAGACTATAAG,E500V,0.0854,0.0854,629,1030
CACCGCCAACAATACG,H276S,0.1516,0.1516,2625,2421
CACCGCCACATAATCC,Q40P K45C V429D,0.0000,0.0000,0,2
CACCGCGACAGACCGG,K498W,0.1495,0.1495,541,506
CACCGCGAGGAGTTCC,D231I M268I,0.1379,0.1379,363,368
CACCGCTCCCAAGGAG,E106F,0.1697,0.1697,699,576
CACCGCTTTCATCAAT,Y168V F467H,0.0000,0.0000,0,4
CACCGGCATGTGTGCA,E358L,0.1971,0.1971,1443,1024
CACCGGCCCTCGATCA,I60R L453D,nan,nan,0,0
CACCGTAATAGACCAA,L331R,0.0000,0.0000,0,9
CACCGTCAAATGAAAT,C76I G134K,0.0880,0.0880,34,54
CACCGTCACGAGTGCC,E304G,0.1392,0.1392,2796,2809
CACCGTCGCAATCTGA,K156R,0.3119,0.3119,6440,2887
CACCGTCTTTAAAATC,L544E,0.6060,0.6060,52,12
CACCGTTACACGTACT,A364T M530I A532Y,0.5993,0.5993,30,7
CACCGTTCAAGACTAA,N186K,0.0000,0.0000,0,3
CACCGTTGACAAAAAA,T23K F469I,1.0000,7.8312,56,1
CACCTAAAAGATAGGT,P239W,0.0439,0.0439,32,102
CACCTAACAGGACCGA,,0.2050,0.2050,6226,4247
CACCTAAGTAAGCAAA,L2R G416S,1.0000,3.0066,43,2
CACCTAGAATACATGG,A144T Q545D,0.4542,0.4542,393,121
CACCTATAATTTTTTT,,0.4527,0.4527,123,38
CACCTATCAGACATAA,S509Y,0.1277,0.1277,1771,1940
CACCTCACATTCAATG,D415T,0.0539,0.0539,32,83
CACCTCAGCGAGCAAG,D449R,0.1440,0.1440,1536,1492
CACCTCATTTGTGACC,A218Y,0.0000,0.0000,0,12
CACCTCGTTGCACAAG,P254I,nan,nan,0,0
CACCTCTCTTTAAGGG,G337Q,0.0000,0.0000,0,5
CACCTGAAGTTGATTT,,0.0000,0.0000,0,27
CACCTGACTCGGACCC,E393T,0.0842,0.0842,555,922
CACCTGAGATCTTCTA,G376K,0.2368,0.2368,127,75
CACCTGATGAGCTATG,Q12H V135A Y363I,0.0000,0.0000,0,14
CACCTGATGGTACCGA,H38E C546E,0.0000,0.0000,0,9
CACCTGCCGGTAGTAC,L213P G484L,0.0000,0.0000,0,2
CACCTGGAATGTAACC,P162S Q191C,nan,nan,0,0
CACCTGGCCGTAACAT,S167Y G303S R321A L409T,0.0000,0.0000,0,5
CACCTTACGATTACCA,L96H,0.0000,0.0000,0,194
CACCTTATTTCACTCA,M230H K328cV,0.0667,0.0667,41,86
CACCTTCCTACCACCC,L409W,0.2884,0.2884,66,32
CACCTTGAAACGAATA,D474T,0.1741,0.1741,371,298
CACCTTGAATTTCGGA,D240H,0.3821,0.3821,683,250
CACCTTGATCAGATTA,R328aS,0.0515,0.0515,7,19
CACCTTTAGCGCTAAT,R405S,1.0000,4.7547,34,1
CACCTTTGAGTAAATT,Y98N E106*,nan,nan,0,0
CACCTTTTGAGATCAT,T219R E476Q,0.1949,0.1949,1335,958
CACGAAAAAATTCTAC,M530K,0.0000,0.0000,0,4
CACGAAAATATGAATA,C281Y V377E,0.0000,0.0000,0,3
CACGAAACAAGAGATG,,0.0000,0.0000,0,21
CACGAAACACCACGGA,S167F T370L F469K,0.3596,0.3596,18,7
CACGAAAGTATCAGCG,I123N,0.0000,0.0000,0,3
CACGAACAAAAAGCCG,D175E,0.0925,0.0925,2050,3098
CACGAACGAGTTTGAT,T219K I335G,0.0000,0.0000,0,6
CACGAACTCGAAGTAA,G396K,0.0000,0.0000,0,10
CACGAAGCCAAAACAT,,0.0830,0.0830,2449,4125
CACGAAGTCCCAGTAA,K310S,0.0000,0.0000,0,2
CACGAAGTCTAACCCA,V429H,0.0000,0.0000,0,12
CACGAAGTGAATCTCG,C64N,0.0000,0.0000,0,2
CACGAATACCCGTTTA,I243F,0.1841,0.1841,233,177
CACGAATTAACGTTGA,N278C,0.1934,0.1934,2130,1540
CACGACAAACCATGGA,P125F,0.0000,0.0000,0,19
CACGACAATTTCCGAC,G504P,0.0861,0.0861,400,650
CACGACACTGAACTAA,,0.1728,0.1728,2312,1871
CACGACAGCTAACGTC,K280F,0.1711,0.1711,4763,3893
CACGACCAGTAGGACT,,0.0832,0.0832,632,1062
CACGACCCTTTGGTTA,I178L,0.0509,0.0509,771,2120
CACGACCTATAATGGT,D419G,0.1364,0.1364,158,162
CACGACCTGGTAAGGC,A394M,nan,nan,0,0
CACGACGAGCTCTAAG,N389V S523N,0.0000,0.0000,0,18
CACGACGTCTCCAATA,S503N,0.0652,0.0652,111,238
CACGACGTTATAACCG,Y470P,0.3687,0.3687,29,11
CACGACTTATACTAAG,S125bW,0.1528,0.1528,2042,1869
CACGAGACATCCCTCA,I385P,0.4195,0.4195,27,9
CACGAGACCTTCAACG,,nan,nan,0,0
CACGAGATGCAGGACT,C14N L122P,nan,nan,0,0
CACGAGATGCATGAAA,F439V,0.2558,0.2558,75,41
CACGAGATTATTTGAA,E24V,0.0874,0.0874,20,32
CACGAGCCAGGACGAG,,0.0958,0.0958,150,219
CACGAGCCTATGACCT,L122P G249S E500F,0.0000,0.0000,0,2
CACGAGGCCCCTTACG,K472S,0.1891,0.1891,3841,2840
CACGAGTGAGTCTTAA,C14Y,0.2277,0.2277,210,129
CACGATAAGAGCTTTC,R212K M431Y,0.1731,0.1731,52,42
CACGATACCCTTCTAA,,0.1966,0.1966,2783,1980
CACGATAGTAAGCCTA,S22V,0.1565,0.1565,731,653
CACGATAGTAGTGTAG,L71M,0.2535,0.2535,2235,1233
CACGATCCATACAGAC,K506N,0.1753,0.1753,544,434
CACGATCCTATGCTAG,T266E,0.2010,0.2010,217,151
CACGATCTGTCGACCT,S136N F232D,0.1931,0.1931,29,21
CACGATCTTTGCACAT,W180V,0.0000,0.0000,0,16
CACGATGAGGAAATAC,Q513K,0.0365,0.0365,23,88
CACGATGAGGTAAGTT,R547K,0.0693,0.0693,60,121
CACGATGATCGATGGC,G181A,0.0870,0.0870,1561,2509
CACGATTACCACAAGG,L515P,nan,nan,0,0
CACGATTCAATTCGAC,D231I L515P,nan,nan,0,0
CACGATTTCTAAGGCG,S136K L430S,nan,nan,0,0
CACGCAAAAAAATGGT,S361T,0.1473,0.1473,990,940
CACGCAAAATCCACAG,F469M,0.1078,0.1078,3822,4960
CACGCACGAACCTTCC,M30S T318L,0.2497,0.2497,1450,812
CACGCACTACTGCTAG,A334V E500C,0.0000,0.0000,0,15
CACGCAGTTTGTGATG,L179I,0.1006,0.1006,747,1038
CACGCATGCACGTTAT,L51M,0.3018,0.3018,41,19
CACGCATTTAACAAGT,,0.1901,0.1901,1471,1082
CACGCCACTGGATGCA,L2V,0.1681,0.1681,1368,1138
CACGCCATACCCCCTT,E479D,0.1248,0.1248,5354,5998
CACGCCCAATTCGCGA,L2V,0.0680,0.0680,269,553
CACGCCCAGCAAAAAA,F467Q,nan,nan,0,0
CACGCCCGGAAGTAAG,I550R,0.2418,0.2418,230,133
CACGCCGCTAACTAAA,V151M,0.1298,0.1298,12293,13246
CACGCCGTAAATTGTC,K156V,0.0677,0.0677,61,126
CACGCCTAAGACGGCT,L331W,0.5486,0.5486,51,13
CACGCCTTTATTCCGG,C14V N289E,nan,nan,0,0
CACGCGACCCTAGACA,I155T Y486V,nan,nan,0,0
CACGCGCAACGTAACC,E368* D415V,nan,nan,0,0
CACGCGGAGAGAAAAG,L194M,0.0420,0.0420,479,1596
CACGCGGCAAACCCCC,M531E,0.0000,0.0000,0,34
CACGCTGAGCTAAATG,A137G,0.0842,0.0842,478,794
CACGCTTTTTCCCAAT,Y363I,0.1204,0.1204,68,79
CACGGAAAAAACCCAG,D104C,0.1687,0.1687,1432,1187
CACGGAAAATAATTGA,V347L,0.1761,0.1761,3206,2546
CACGGAAGGCATAGTT,L237P N312T,0.0000,0.0000,0,11
CACGGAAGTAGCGACA,G463V,0.5550,0.5550,127,32
CACGGAATTGCCTAAC,P92aA,0.1795,0.1795,2093,1631
CACGGACTCACCAAGC,E304Y,0.2007,0.2007,798,556
CACGGAGTATGGTCTC,V272T,0.2817,0.2817,1120,556
CACGGCACGCGATATA,E508S,0.2723,0.2723,627,322
CACGGCACTTCTATAG,,0.1549,0.1549,4784,4319
CACGGCCTATAGCGCA,,0.2075,0.2075,3278,2209
CACGGCGCCGATGATT,E414R E493K,0.1582,0.1582,190,168
CACGGCTGCCATGAAT,Y518N,0.0000,0.0000,0,19
CACGGCTTGAGATTTT,I548C,0.3103,0.3103,730,329
CACGGGCAATTACCCG,H354F,0.2246,0.2246,673,419
CACGGGCTCTCACAAA,,0.1472,0.1472,1576,1497
CACGGGCTTAATAACA,G228L,0.6153,0.6153,22,5
CACGGGCTTATTAAAG,E24I,0.1145,0.1145,1182,1444
CACGGGTAAATTAATA,I155H,0.0410,0.0410,17,58
CACGGGTAGTCAGCCC,K310C,0.0680,0.0680,388,798
CACGGTAAAGTTCGCT,K380F,0.3039,0.3039,113,52
CACGGTAATGATATTT,E24P I374L,0.0000,0.0000,0,2
CACGGTACAAGAACAT,I374Q,0.1837,0.1837,1767,1345
CACGGTCAGGATGTAG,,0.1852,0.1852,147,111
CACGGTCATGAAGCAA,K32T,0.1570,0.1570,55,49
CACGGTGATCACCTAT,S519- T520- A521- A522-,nan,nan,0,0
CACGGTGGCACTATAA,Y353L G416E,0.0000,0.0000,0,5
CACGTAAAACAAGTGA,N400I,0.0000,0.0000,0,4
CACGTAACAAAGCCAC,,0.0459,0.0459,41,125
CACGTAAGTCTATTGT,L61R G225R,0.2670,0.2670,21,11
CACGTAATATAGCAGT,V36T,0.5361,0.5361,23,6
CACGTAATATGCTCGA,I124C,0.1973,0.1973,2250,1595
CACGTACCACTGTATA,,0.0000,0.0000,0,53
CACGTACGTTTAAAGA,P99F Q391W,nan,nan,0,0
CACGTAGATCGATCTA,,0.1876,0.1876,55,41
CACGTATAAAATATAG,D375T,0.1596,0.1596,307,269
CACGTATCTAGAAGAC,G228S I297R,0.0000,0.0000,0,3
CACGTATGATCCTATC,T370P,nan,nan,0,0
CACGTATTCTATATAA,M111A,0.0430,0.0430,8,26
CACGTCCCCAACAGGT,E246F,0.0000,0.0000,0,15
CACGTCGATTATACAC,,nan,nan,0,0
CACGTCGCAACACTAT,A253T,nan,nan,0,0
CACGTCTCTGACGAAA,,0.2918,0.2918,192,92
CACGTGAAATAATTAT,,0.1441,0.1441,1296,1258
CACGTGAACCCAAGCC,S6V G337C,0.0000,0.0000,0,4
CACGTGAACCCCGTAG,,0.1655,0.1655,1153,974
CACGTGAATTTATCAG,H183I G333C,0.0000,0.0000,0,13
CACGTGACAACAGATG,N33K N94Y P215G,0.0000,0.0000,0,12
CACGTGCCCAAATACA,,0.2511,0.2511,2424,1350
CACGTGCCGTAACTGA,N169S R321V,0.0000,0.0000,0,8
CACGTGCCTTGAAAAA,,0.0764,0.0764,243,445
CACGTGCGTCGTAAGA,K216F,0.0343,0.0343,949,3870
CACGTGGATTAAGATA,A218W,0.0000,0.0000,0,9
CACGTGGTAAAAAATA,I297A,0.0000,0.0000,0,23
CACGTGTAATTAAGTT,G225P,0.0000,0.0000,0,10
CACGTGTCCGTACTAG,G100F S543*,0.0000,0.0000,0,3
CACGTGTTACAAATAA,,0.1621,0.1621,496,428
CACGTTAATCTTTCAA,,0.1053,0.1053,1383,1836
CACGTTATACGAAAAG,I80R,0.2650,0.2650,108,57
CACGTTATCTAAGCCA,I182K,0.0000,0.0000,0,18
CACGTTGATATTTTTG,M-6N,0.0000,0.0000,0,13
CACGTTTCCTAACCGA,S101L,0.2240,0.2240,559,349
CACGTTTCGTAAGTTT,E107K,0.0000,0.0000,0,5
CACGTTTTTCGACGCT,G68I,0.0000,0.0000,0,1
CACTAAAAACGGCGCC,,0.5069,0.5069,29,8
CACTAAAAGATCCCAC,,0.0961,0.0961,1799,2619
CACTAAACTGAAAAAA,,0.0000,0.0000,0,3
CACTAAACTTAGGGAA,,0.1847,0.1847,3177,2405
CACTAAAGATCACCTA,P145V,0.1334,0.1334,4566,4786
CACTAAAGTAAATAAG,N73K L194K,0.0000,0.0000,0,25
CACTAAAGTCTCGTTG,V377G,0.8283,0.8283,77,13
CACTAACAAAATGAAA,A218C G360S,0.0653,0.0653,91,195
CACTAACATACACCTG,L314K,0.0000,0.0000,0,10
CACTAACCGCTATACC,R220E,nan,nan,0,0
CACTAACTAGTATTTC,C305H K387M,0.1398,0.1398,11,11
CACTAAGAACAAACTC,T283Q,nan,nan,0,0
CACTAAGGATTATCCT,,0.1022,0.1022,160,219
CACTAATAAAGTCCAT,K196Q,0.2213,0.2213,1592,1006
CACTAATACGGAGTGA,L61P,0.5784,0.5784,91,22
CACTACAACAAACATC,Y518W,0.0000,0.0000,0,2
CACTACACACTTTCGG,,0.0524,0.0524,30,80
CACTACACTCCAACGA,,0.4166,0.4166,143,48
CACTACATGGGGCAAT,I267Y L402N,0.0927,0.0927,59,89
CACTACATTTCAAAGT,,0.0948,0.0948,240,354
CACTACCCAAATATAC,K9I,0.0000,0.0000,0,5
CACTACCCACAAAAAT,,0.0000,0.0000,0,1
CACTACCTATCGAACC,G362L,0.2063,0.2063,211,143
CACTACGAACTGATTC,F147I,0.0418,0.0418,259,867
CACTACTCACAAAACC,I123W,0.1064,0.1064,1675,2201
CACTACTCATTATCCC,I-3R,0.1070,0.1070,1913,2501
CACTAGAAGATTTAGA,E89K N312K,0.0949,0.0949,378,557
CACTAGCGTACTCACG,M431G,1.0000,3.3562,24,1
CACTAGGAGTCCTGGA,K32* K328cS,0.0000,0.0000,0,2
CACTAGGTAAATAAAC,,0.1364,0.1364,7242,7426
CACTAGTAAATCCAAT,H117P G504Q,0.0000,0.0000,0,14
CACTAGTCTCTGACTT,P82aI,0.3122,0.3122,480,215
CACTAGTGTTTAAAAA,T199I,0.2005,0.2005,7303,5094
CACTAGTTAACCAGAT,G55L G360C,0.0000,0.0000,0,6
CACTAGTTTAAATAAT,E106K,1.0000,1.4450,31,3
CACTATAAACTGGACA,I406G,1.0000,1.9578,28,2
CACTATAAAGAGGCTT,F392N,0.2428,0.2428,125,72
CACTATACTGCATGTC,,0.0000,0.0000,0,1
CACTATCCCCCATATA,N408I E476H,0.1384,0.1384,970,980
CACTATGACGGTGACT,E-5G,0.1964,0.1964,309,220
CACTATGTAAACTCTA,F469R,nan,nan,0,0
CACTATTAAACCTAAA,V451M,0.1473,0.1473,1447,1374
CACTATTAAGGCAACA,T485V,0.1145,0.1145,502,613
CACTATTCAACAAAGA,,0.1030,0.1030,1823,2476
CACTATTCCACAAGAA,Q25M N401V,0.2481,0.2481,55,31
CACTATTCTATCTATA,W234D,nan,nan,0,0
CACTCAAATGTTTAGG,,0.1921,0.1921,768,559
CACTCAACCATGAAAG,,0.0470,0.0470,42,125
CACTCAAGTTATATCA,M431N I514R,0.6340,0.6340,68,15
CACTCACGCCTACATG,C281N,0.0000,0.0000,0,3
CACTCAGCTTATTAAC,I550Q,0.3251,0.3251,93,40
CACTCAGGCACGGGCA,V381E,0.0000,0.0000,0,7
CACTCATACCTGCATA,M292W,0.3517,0.3517,83,33
CACTCATGTAAAAGAA,A287H,nan,nan,0,0
CACTCATTGCACACGG,D240V,0.1206,0.1206,182,211
CACTCCAAGAATTGCC,S291L,0.1760,0.1760,302,240
CACTCCAATGAATGCA,,0.1642,0.1642,505,430
CACTCCCAACCAGCAA,S270C C549Y,0.0142,0.0142,23,227
CACTCCGGCTGAATAT,P293D,0.0000,0.0000,0,6
CACTCCTTTACCCAGA,D95H,0.1798,0.1798,1139,886
CACTCGAAACCTCGGT,,0.1293,0.1293,2069,2238
CACTCGAAACCTTTCG,,0.1551,0.1551,1979,1784
CACTCGAAAGCAAATA,K156P L462Q,0.2704,0.2704,29,15
CACTCGGTATGATCGG,S167G D175Y A287V,1.0000,inf,29,0
CACTCGTACTAGACCA,H130R,0.3885,0.3885,25,9
CACTCGTAGACCTTGA,I243C,0.0000,0.0000,0,15
CACTCTACCACAAGCG,F469S,0.0000,0.0000,0,1
CACTCTATGGACCACA,,0.1678,0.1678,84,70
CACTCTGAGCGAGTGA,,0.0929,0.0929,1986,2988
CACTCTGATAACACCC,N172W,0.0973,0.0973,279,401
CACTCTGTCCCAGCTT,Y274W,0.1279,0.1279,289,316
CACTCTGTTGTAAGGT,S65Q,0.4895,0.4895,28,8
CACTGAAACCTTTATA,I15E E403P,0.0000,0.0000,0,2
CACTGAACACAATAAC,T171F,0.1863,0.1863,553,415
CACTGAAGAGAACCGA,H184A,0.0000,0.0000,0,17
CACTGAATACCCGTAA,,0.1974,0.1974,2751,1949
CACTGACACGACCCCC,Q371R,0.1432,0.1432,592,578
CACTGACAGTAGACTC,,0.0963,0.0963,294,427
CACTGACGACGTGGAG,,0.2012,0.2012,3890,2704
CACTGACTGTAACTAA,A39K T192R,0.2542,0.2542,5152,2834
CACTGAGAGAATGAAT,V82T,0.0476,0.0476,110,323
CACTGAGTTTATTAAG,,0.1772,0.1772,1799,1420
CACTGATAACAGAAAT,L507W,0.1237,0.1237,4656,5263
CACTGATGTACGTAGA,A394E,1.0000,inf,31,0
CACTGCCAAAACACAA,H130Q I550W,0.8928,0.8928,83,13
CACTGCCGAGCGGGTT,L102K Y256R,0.0000,0.0000,0,9
CACTGCCTACCAGAAG,Q226H Y486K,0.0000,0.0000,0,2
CACTGGAAAAAGACCG,V444Y,0.1919,0.1919,59,43
CACTGGCTAAGTCGTG,M292R,0.1886,0.1886,1072,795
CACTGGTAGACTAACT,Q513K,0.0713,0.0713,26,51
CACTGGTGATGTAAAC,N20M E304P,0.0000,0.0000,0,2
CACTGTAATAAGTATG,D11R R496V,0.0000,0.0000,0,9
CACTGTACATTATGCA,I182K,0.0000,0.0000,0,5
CACTGTCGAACGATTA,G333S,0.0000,0.0000,0,8
CACTGTGAGCATGGAT,,0.0000,0.0000,0,15
CACTGTTAAACCTACC,K310H,0.0934,0.0934,584,874
CACTGTTAAACTAAAG,N464E,0.0000,0.0000,0,43
CACTGTTAATATGTGG,M478H,0.0000,0.0000,0,21
CACTGTTACGAAATAC,N197M R227W Y518I,0.0000,0.0000,0,3
CACTGTTATTGTGAAC,P215A T370K,0.0000,0.0000,0,5
CACTGTTCCCACAAAA,N33K I124F N379K,1.0000,2.0277,58,4
CACTTAAACCCTCCAG,C305A,0.0000,0.0000,0,1
CACTTAACCCAGGCAC,R328aI,0.0000,0.0000,0,2
CACTTAATATAAACGG,E83G,0.0544,0.0544,14,36
CACTTACACAACACGG,E-5N,0.1996,0.1996,4354,3051
CACTTACATTATAACC,M230V,0.1049,0.1049,96,128
CACTTACCGAACAAAA,M478F,0.2935,0.2935,191,91
CACTTAGACGGAACGG,,0.0367,0.0367,85,324
CACTTAGCATGCAAGG,N103V H110Y E461K,0.0000,0.0000,0,1
CACTTAGGTATGGACA,N33S,0.0833,0.0833,408,685
CACTTAGTCATTAACA,L122C,0.1800,0.1800,3758,2919
CACTTATATAACAAAT,G100Q,0.3754,0.3754,51,19
CACTTATCACTCCAAA,D348N,0.1544,0.1544,1748,1583
CACTTATGTTACGTCG,P324M,0.1974,0.1974,2141,1517
CACTTATTATTATCCG,,0.2116,0.2116,507,335
CACTTATTCATTAAAG,I123P,nan,nan,0,0
CACTTCAACCGTGCCG,Y274L K411P,0.0000,0.0000,0,12
CACTTCAGAAACCTTA,E340M G484V,0.0000,0.0000,0,3
CACTTCAGTATGATTT,P293Q,0.0000,0.0000,0,3
CACTTCATGATGCTTT,,0.1010,0.1010,1722,2385
CACTTCTAAACCATGC,N400Y R404L,0.0000,0.0000,0,9
CACTTCTAAGTCAAAA,T422R,nan,nan,0,0
CACTTCTCAAATAGAT,D159S,0.1968,0.1968,1773,1260
CACTTCTTCCAAATAC,D53S V261R E461T,0.0000,0.0000,0,51
CACTTGAACGGGCTAG,S146T,0.1614,0.1614,1611,1396
CACTTGACGCAAAGTT,D241K,0.1668,0.1668,68,57
CACTTGACGTTAAGAG,G16K,0.0000,0.0000,0,4
CACTTGTACACCGCAT,C549E,0.0653,0.0653,253,542
CACTTGTCTAAAAGAA,I202E P239T,0.0000,0.0000,0,21
CACTTGTGAACACCTA,K506Y,0.2272,0.2272,143,88
CACTTGTTACGGTAGC,,0.1324,0.1324,179,189
CACTTTAAAATAGACA,E-5L M530N,0.1090,0.1090,1494,1916
CACTTTAACCCCTACT,L331I,0.2202,0.2202,5287,3357
CACTTTAACGAAAATA,G341T,0.2370,0.2370,122,72
CACTTTACAAACTAGT,V395E E407K,0.0912,0.0912,515,790
CACTTTACCCGTCTGA,P125R T511Y,0.2510,0.2510,761,424
CACTTTAGAGAAACCT,Q344S,0.1164,0.1164,1663,1998
CACTTTAGTGAGCCCC,G49N,0.0777,0.0777,50,90
CACTTTATATTTTAAT,H471S,0.2879,0.2879,35,17
CACTTTCAACAGTAAG,D53T N73F,0.0000,0.0000,0,1
CACTTTCAATTCGTAC,,0.1876,0.1876,2636,1965
CACTTTCGAATACCAG,A160Y,0.1221,0.1221,5395,6177
CACTTTCTACGGAAAC,Q371H,nan,nan,0,0
CACTTTCTCGGAGACT,M530I,nan,nan,0,0
CACTTTGTTCATCAAA,W127Q,0.1944,0.1944,57,41
CAGAAAAAATATGTTT,G504K,0.1081,0.1081,2237,2894
CAGAAAAAGCTCAGAG,,0.1411,0.1411,465,461
CAGAAAACACATTTCC,G341I,0.1253,0.1253,43,48
CAGAAAACTATGGATG,F332W,nan,nan,0,0
CAGAAAAGGGCAAAGT,E479K Y486N,0.0000,0.0000,0,2
CAGAAAAGGTGGGCCA,E468F,0.1140,0.1140,671,823
CAGAAAAGTCAAGGGA,A459Q,0.0000,0.0000,0,4
CAGAAAATCGCCACGG,,0.2275,0.2275,1529,940
CAGAAAATTAAAAAAC,A138W,0.5104,0.5104,146,40
CAGAAACATATCACTA,N150V K412Y,0.0768,0.0768,28,51
CAGAAACCATGAATCA,,0.1199,0.1199,1467,1711
CAGAAACCGTTAGCTA,D104S G337P,0.0000,0.0000,0,1
CAGAAACCTCTGGAAC,S509I,0.0000,0.0000,0,2
CAGAAAGAAAAACCTT,A336Q,0.0000,0.0000,0,2
CAGAAAGGGTAGCGGT,R90Y T485H,0.0000,0.0000,0,12
CAGAAATCAACAGATA,P299H,0.1674,0.1674,3780,3157
CAGAAATCGAATAATA,N103Y,0.0761,0.0761,746,1371
CAGAAATGATGAATCT,G271H,0.1988,0.1988,337,237
CAGAAATTCCATACGT,V481W,0.0000,0.0000,0,4
CAGAACAAAAAAAATA,K498G,0.1328,0.1328,2485,2616
CAGAACAACAGACATA,I-3M A425T G465E E468K,0.0000,0.0000,0,6
CAGAACACACACCTAT,G55W G510aN,0.2252,0.2252,2224,1381
CAGAACACATAACATA,N400K,0.1577,0.1577,239,212
CAGAACACGTTCAACC,D95S,0.2416,0.2416,482,279
CAGAACAGTACTGTCG,K262aN,0.1856,0.1856,3672,2767
CAGAACATGACCCGGT,K328cG,0.0000,0.0000,0,4
CAGAACCACTAAATCC,,0.1190,0.1190,166,195
CAGAACCATTTCAGAC,A218M,0.0000,0.0000,0,5
CAGAACCGGTAGTAAG,K506L,0.1754,0.1754,2732,2178
CAGAACCGTAGATACA,G275R,0.1968,0.1968,2215,1574
CAGAACCTAACAGATG,V36H,0.0000,0.0000,0,1
CAGAACGATACGGCTA,N296D,0.5018,0.5018,61,17
CAGAACGGGAGTACCC,H110K,0.0000,0.0000,0,2
CAGAACGTTATAAGCT,S323G,0.1789,0.1789,1933,1511
CAGAACTAAGTCCACC,,0.1459,0.1459,2427,2327
CAGAACTATATGCAAA,I335Q,0.0000,0.0000,0,3
CAGAACTCAACTTTGA,L2* I267D Y423D,0.0000,0.0000,0,16
CAGAACTGTCGGAGCG,F245Y,0.2075,0.2075,316,213
CAGAACTGTGACCGAT,D487N R496C,0.0883,0.0883,624,988
CAGAAGAAACACGCCT,D240Q,0.1927,0.1927,11323,8217
CAGAAGAAACTATAGA,,0.1130,0.1130,2779,3440
CAGAAGAATCAACCTA,L316Y,0.0000,0.0000,0,4
CAGAAGACCAGTCCTA,,0.1696,0.1696,11538,9511
CAGAAGACGTCTGGTA,E358Q,0.1865,0.1865,4838,3628
CAGAAGACTAAACATT,Q513A,0.1197,0.1197,166,194
CAGAAGAGAGTTTCGT,,0.2084,0.2084,9510,6382
CAGAAGCCTACACCTT,S185Q,0.0425,0.0425,1432,4716
CAGAAGCGAGGACAAG,W234P E393R,0.0000,0.0000,0,25
CAGAAGGAATCAAAAT,L462P,nan,nan,0,0
CAGAAGGGGTTGAATC,,0.1294,0.1294,2612,2822
CAGAAGTAGCATAACC,Y17A,0.0000,0.0000,0,1
CAGAATAACTTTAACA,R499S,0.0662,0.0662,1282,2708
CAGAATACAAACCACC,P198T A394R,0.0000,0.0000,0,3
CAGAATATATCTGCAG,I529Y A532T,0.2393,0.2393,996,582
CAGAATATCCTCATAC,N116C,0.0744,0.0744,134,252
CAGAATATTGAACCTG,L544A,0.3562,0.3562,456,179
CAGAATCAACTAGACT,P74N,nan,nan,0,0
CAGAATCAATTGCGTG,I29F,0.0274,0.0274,19,97
CAGAATCAGTGAACCC,D241P D419E,0.0000,0.0000,0,7
CAGAATCGCGGGTGAT,M268E M531G,0.0000,0.0000,0,3
CAGAATCGTCTTCCCC,V56A,0.1287,0.1287,6054,6578
CAGAATCTGAGCTCTA,Q490D,0.0856,0.0856,82,134
CAGAATGACAACAGAC,H18A,0.1342,0.1342,528,550
CAGAATGCCTTTTGAT,E501I,0.1107,0.1107,922,1165
CAGAATGGCATGACGA,I15G,0.0000,0.0000,0,1
CAGAATTAACCTTATG,W69L R405F,0.0000,0.0000,0,6
CAGAATTAATCGAAAC,C14T M431T,nan,nan,0,0
CAGAATTATACCCGGT,,0.1022,0.1022,209,286
CAGAATTCCCAAACAA,L325W,0.0889,0.0889,1071,1684
CAGAATTGAGTGGTTC,I384Q,nan,nan,0,0
CAGAATTGTTGATTCT,E89Q A365T,0.3795,0.3795,730,269
CAGAATTTCATGCGGG,R220Q,0.0000,0.0000,0,1
CAGACAAAAAACTTGT,E432Q L536R,0.2322,0.2322,88,53
CAGACAAAAAATCCGG,,0.0000,0.0000,0,12
CAGACAACTGATAAAA,,0.1581,0.1581,1729,1529
CAGACACAATATTCCT,N169T Q226W K367S T370H F469Q,nan,nan,0,0
CAGACACATAAAAATC,D241T N322I,0.0000,0.0000,0,1
CAGACACCATCAAGCT,I123L L316A,nan,nan,0,0
CAGACACCGCTCCTGT,L453H,0.0000,0.0000,0,29
CAGACATCCCTCGGCA,V66E,0.0000,0.0000,0,9
CAGACATCTAACATCC,S311R,1.0000,6.5726,47,1
CAGACATGGTTAGAAG,I236C,0.1160,0.1160,1014,1222
CAGACCAAAGCTTCGT,E89I,0.1616,0.1616,89,77
CAGACCACTAACATCC,Y363P,0.0000,0.0000,0,4
CAGACCACTGAGCCCT,N224M,0.0394,0.0394,246,874
CAGACCAGCATATAAA,Q222C,0.0834,0.0834,588,986
CAGACCCATAGGAATT,T46*,0.3772,0.3772,89,33
CAGACCCGGGACGTGG,A253W W343*,0.0000,0.0000,0,7
CAGACCCGTGAACGCC,Q359P,0.0000,0.0000,0,1
CAGACCCTAAAGCTAA,T279P,nan,nan,0,0
CAGACCCTGACACTGT,Q371G,0.2078,0.2078,572,385
CAGACCGAATCCGCGC,A317T S356T,0.0742,0.0742,70,132
CAGACCGCACGATTTA,,0.1136,0.1136,169,208
CAGACCGCATATTGAG,H130T,0.4363,0.4363,1042,334
CAGACCTTTATCATCC,P162E Y308I,nan,nan,0,0
CAGACGAGACTCGGCA,R114I,0.1170,0.1170,41,49
CAGACGGCGTCTAATA,F251I,0.0940,0.0940,990,1473
CAGACGTCACGAAATT,I182S V272C,0.0000,0.0000,0,21
CAGACGTGAATACCGT,H110A,0.0478,0.0478,56,164
CAGACGTTCTCCATCT,,0.1574,0.1574,404,359
CAGACTAAAAACGGTT,D438T,0.0985,0.0985,1469,2085
CAGACTAACAACAAAT,A39G,0.1360,0.1360,1085,1116
CAGACTAATAAAAAAA,T200W,1.0000,1.0069,108,15
CAGACTACGGTATATC,C14K,0.0000,0.0000,0,14
CAGACTAGGATGCATT,I182M,0.0889,0.0889,2483,3906
CAGACTATAGGATCCC,T132L,0.2531,0.2531,4351,2404
CAGACTCCCAGAATTT,H184V,nan,nan,0,0
CAGACTCTCCCAGAGT,,0.1236,0.1236,229,259
CAGACTTTAGCCTAAA,N73C R220G,0.0478,0.0478,13,38
CAGACTTTCCATCTTG,,0.1538,0.1538,453,412
CAGACTTTGCAAGTAT,T37I,0.0000,0.0000,0,1
CAGAGAAAATTGGAAG,K125aD,0.1125,0.1125,3613,4491
CAGAGAAATTGAGATA,D175W,0.1256,0.1256,2333,2598
CAGAGAATAATATATA,,0.2010,0.2010,483,336
CAGAGAGCGCCATAAG,K9G,0.0974,0.0974,328,471
CAGAGAGCTTTAGAAA,G271T,0.2056,0.2056,2402,1634
CAGAGATCCCAATTGT,,0.0687,0.0687,1900,3865
CAGAGATCCGAAGGAA,S10T,0.1380,0.1380,768,778
CAGAGATCTCCGACTT,Y491H,0.1607,0.1607,5116,4452
CAGAGATGTATTAAGG,,0.2005,0.2005,2175,1517
CAGAGATTCGAAATAT,,0.1170,0.1170,702,839
CAGAGCACAGTGCTAA,N408W,0.0118,0.0118,27,319
CAGAGCATTGGTGAGG,I166S,0.1332,0.1332,362,380
CAGAGCCCGAGGCAAA,K9D N289L,0.1301,0.1301,2794,3004
CAGAGCTGATCGCTCC,,0.0834,0.0834,201,337
CAGAGCTGGTAACATA,L320Y,nan,nan,0,0
CAGAGCTTATCACTGT,G68A,0.1577,0.1577,3132,2778
CAGAGGAGCGATAGAT,I384G,0.4755,0.4755,34,10
CAGAGGATTTTTATTA,N389L,0.0000,0.0000,0,12
CAGAGTACACCTAGTT,H276F,0.1987,0.1987,3806,2679
CAGAGTACCATTTTAA,A495Q,0.0993,0.0993,49,69
CAGAGTATCGCTCGGT,G463L,0.0000,0.0000,0,62
CAGAGTGACAATATAC,L331T,1.0000,1.1343,73,9
CAGAGTGAGAGACCTC,N210M,0.0000,0.0000,0,29
CAGAGTTCAACACCTA,V395Q,0.1061,0.1061,217,286
CAGAGTTTCATTACAT,L51D G286E,1.0000,2.0976,75,5
CAGAGTTTGTTTCATG,S509K,0.1642,0.1642,276,235
CAGATAAAAGTATATG,M478W,0.0000,0.0000,0,8
CAGATAACCAAGAACA,,0.1687,0.1687,6860,5685
CAGATAATACATAAAA,,0.1079,0.1079,108,140
CAGATAATACCCCAGA,L59R,0.1107,0.1107,239,302
CAGATACCACGTATTG,G463Y G484Y,0.0000,0.0000,0,6
CAGATACTCACTATCA,N169S T301S,0.1800,0.1800,699,543
CAGATACTGAACCTGC,H295Y,0.2051,0.2051,22,15
CAGATAGATTACGAGA,F245E S311K,0.6792,0.6792,34,7
CAGATAGCTGTCAACC,H298F,0.1201,0.1201,2321,2703
CAGATAGTATACATAG,Y105H,0.1576,0.1576,2659,2359
CAGATATAACTTAATA,K313G D487Y,nan,nan,0,0
CAGATATAATAAGACA,,0.1558,0.1558,2436,2186
CAGATATAATCCACAA,M111N T390I,0.0000,0.0000,0,8
CAGATATAGCAAATTC,,0.1145,0.1145,122,149
CAGATATAGTATCATG,,0.0835,0.0835,43,72
CAGATATCACTTACGC,E174Q,0.2474,0.2474,789,446
CAGATATCGTGATATG,T219S M413D,0.0000,0.0000,0,1
CAGATATGTAAATAGT,D104P,0.0997,0.0997,67,94
CAGATATTTCCGTACC,,0.1375,0.1375,2003,2037
CAGATCAACCCCGCCT,G249W P324N,1.0000,inf,26,0
CAGATCAATCACATCA,A528W,0.0000,0.0000,0,2
CAGATCACGAAATCAT,R328aD,1.0000,1.1088,111,14
CAGATCACGACCTTAT,S167* V315I,nan,nan,0,0
CAGATCATTTAACCCT,I4H I374W,0.0000,0.0000,0,14
CAGATCTCTTCATCTT,N379Y,0.2797,0.2797,48,24
CAGATGAAATATGACA,N73E,0.0000,0.0000,0,10
CAGATGAACACGGCGC,Q142F,0.1985,0.1985,176,124
CAGATGAACATAGGTC,M431I,0.2468,0.2468,60,34
CAGATGAACGTTGGAG,L430P,0.0000,0.0000,0,6
CAGATGAATTAATCGA,,0.0875,0.0875,87,139
CAGATGAGACAAGATA,A188E,0.1085,0.1085,2019,2602
CAGATGATAGATGGAG,V377E,0.0000,0.0000,0,16
CAGATGGAAGGAGCAA,V272H,0.0294,0.0294,72,343
CAGATGGGCACAAACA,,0.0315,0.0315,50,222
CAGATGTCCTGTTGAG,I243T,nan,nan,0,0
CAGATTAATCATATTG,L1G N193K,0.1995,0.1995,214,150
CAGATTACTTGATCAA,P324S,0.2188,0.2188,518,331
CAGATTATAACGAACT,V88I,0.2540,0.2540,227,125
CAGATTCGACCCACGT,A214E,0.1591,0.1591,6362,5592
CAGATTCGTTACAATA,L527Q C546I,0.0000,0.0000,0,8
CAGATTCTTATTAACA,I335Y,0.0530,0.0530,11,29
CAGATTGCAAGGCATC,A160M,0.1419,0.1419,422,416
CAGATTGGACCACATT,,0.1476,0.1476,2152,2039
CAGATTTACGATCTGG,L7Y G55R,0.1209,0.1209,115,133
CAGATTTAGCATATGT,N289K,0.1957,0.1957,2732,1952
CAGATTTCTAAGTATA,N424H,0.0000,0.0000,0,10
CAGATTTGACCTTACG,P162G F417W,nan,nan,0,0
CAGATTTGTTCTAAAT,V420E,nan,nan,0,0
CAGCAAAACAGCTCAC,S167*,nan,nan,0,0
CAGCAAAACCCTAACC,D95M,0.0897,0.0897,2413,3763
CAGCAAAACTTTGTCC,P299E,0.1108,0.1108,1278,1613
CAGCAAACAAAATATA,,0.1782,0.1782,1742,1367
CAGCAAACAAATGTCT,A67K,0.2121,0.2121,446,294
CAGCAAAGCGATCTAA,I217R I550W,0.1724,0.1724,381,309
CAGCAACCACACTAGG,K472E,0.0000,0.0000,0,89
CAGCAACTATGTACTT,W69D V451H,nan,nan,0,0
CAGCAAGAGTATGAGT,G345E,0.1231,0.1231,258,293
CAGCAAGATCTTGCAG,,0.1768,0.1768,4294,3396
CAGCAATTAGTGACAA,N289R,0.0346,0.0346,23,93
CAGCACACAAATGTAC,N-4V V151I,0.1225,0.1225,1883,2149
CAGCACACCAAGCATA,Q490M,0.1705,0.1705,1073,880
CAGCACAGAAGAGGCA,P140A,0.1448,0.1448,765,739
CAGCACAGACGGGATA,E414Q,0.1418,0.1418,500,493
CAGCACAGGGGCCCGA,K157N,0.1403,0.1403,4189,4176
CAGCACATACTGAAGT,I123Y,0.0165,0.0165,18,153
CAGCACCTAAGCGTCC,A336E,0.0104,0.0104,2,27
CAGCACGAATTAATCA,,0.1043,0.1043,470,630
CAGCAGAAGTCAGTAC,V451C,0.0466,0.0466,82,246
CAGCAGATCAATTCAT,S167L F469V,0.0000,0.0000,0,1
CAGCAGATTAATTAGT,K460C,0.1842,0.1842,54,41
CAGCAGCCCAAATAGT,L108M,0.1108,0.1108,1654,2088
CAGCAGTAATCTGTTA,K280L R496E,0.0559,0.0559,32,80
CAGCAGTCTAAGCCTT,,0.0000,0.0000,0,6
CAGCAGTTCAGGGAAT,N475L,0.2727,0.2727,195,100
CAGCAGTTTCGTGCGC,A394K L544Y,0.0000,0.0000,0,4
CAGCATAAAACAATAG,V510L,0.1862,0.1862,478,359
CAGCATAAGTGCGTCA,N169S S369C,0.0209,0.0209,17,114
CAGCATCACATTTTAA,D264P A521S,0.0000,0.0000,0,9
CAGCATCTAGCGTCCC,,0.0672,0.0672,572,1190
CAGCATCTGTATTAGG,S503N,0.0830,0.0830,310,522
CAGCATGAAAGGTCCG,A425R,1.0000,1.7381,87,7
CAGCATGAATCTAAAA,E255I,0.1621,0.1621,860,742
CAGCATGTGTGACTTT,V8D,0.0000,0.0000,0,7
CAGCATTACAAATGTG,C539S,0.0000,0.0000,0,5
CAGCATTACTACGTAA,,0.0985,0.0985,1218,1729
CAGCATTTCCTGTCTA,D95N E119K E414K L447N,0.0000,0.0000,0,2
CAGCATTTGAACTAAA,K472R,0.1204,0.1204,2048,2379
CAGCATTTTATTAAAC,R114H W153T,1.0000,3.0766,22,1
CAGCCAAAACATTATC,S356Y,0.1291,0.1291,12,13
CAGCCAACTCAAAAGA,T378S,0.1205,0.1205,3909,4535
CAGCCAATATAACGTA,Y105L S113I,nan,nan,0,0
CAGCCAATCATAAGAG,G16C A19C,0.0000,0.0000,0,5
CAGCCAATTACAGAAA,C281H,1.0000,2.0976,45,3
CAGCCAGCAGAACAAG,L102G,0.0000,0.0000,0,9
CAGCCATAAAAACGAA,V26C H244K,0.0000,0.0000,0,4
CAGCCATCAACAATAG,H38R,0.0874,0.0874,1387,2220
CAGCCATCATACTGTG,A242W G349M,0.0000,0.0000,0,2
CAGCCATCTAAACTAA,V34S P125N,0.0000,0.0000,0,10
CAGCCATTAAAGTTAT,M75R E476T,0.2590,0.2590,6672,3603
CAGCCATTTAAAGCAC,L133aV,0.0000,0.0000,0,4
CAGCCCAATCTTCGCC,T436S,0.2474,0.2474,46,26
CAGCCCAGCATACTAA,K269Q,0.2105,0.2105,1597,1061
CAGCCCCAACCTTTCT,I87V N410E,0.2957,0.2957,203,96
CAGCCCCCAACTAGAA,E403A,0.0000,0.0000,0,1
CAGCCCGCAATGCTAA,I267S,nan,nan,0,0
CAGCCCTAGGCCAAGA,R499G,0.1333,0.1333,431,452
CAGCCCTCACGAGTGC,S265M,0.0000,0.0000,0,5
CAGCCCTGTTGCTCAT,E-5F,0.1043,0.1043,4904,6576
CAGCCGACAGAACTTC,I339W,nan,nan,0,0
CAGCCGCCGTGCGCTC,S290N,0.2464,0.2464,3059,1736
CAGCCGCGGCGCTCAC,S167R R321I T370C,0.0000,0.0000,0,1
CAGCCGGACAGACAAA,G181H S185R,nan,nan,0,0
CAGCCGTTCAGAGCAC,V395R,0.0944,0.0944,679,1006
CAGCCTAATAACAAGG,S167D M478I,0.1087,0.1087,1992,2563
CAGCCTATCTTCCTTC,T171G,0.1341,0.1341,2089,2179
CAGCCTCGACTAGAAG,S10Y,0.0000,0.0000,0,4
CAGCCTGCCTCGTGTG,,0.1616,0.1616,2067,1789
CAGCCTTGATGGAGAA,V505P,nan,nan,0,0
CAGCCTTGCATATCAA,,0.1755,0.1755,2699,2151
CAGCGAAAAAAACCAA,,0.0767,0.0767,51,93
CAGCGAAGTATACTCA,E-5F R456M,0.1125,0.1125,144,179
CAGCGAGGAAACTTAC,V377Q,0.1601,0.1601,150,131
CAGCGAGTATAACAGA,M431I Q513T,0.0000,0.0000,0,9
CAGCGCAAGACAACTG,I164S S265N,0.0000,0.0000,0,68
CAGCGCATGGAATAGC,G72H K328cC,1.0000,inf,34,0
CAGCGCCATTCTCGCC,N464V,0.0000,0.0000,0,3
CAGCGCCTATACATAA,,0.1052,0.1052,158,210
CAGCGCCTATAGAATA,K259R,0.0867,0.0867,189,305
CAGCGCTTATGGTGAC,A67R,0.0584,0.0584,850,2034
CAGCGGACCATGAAAT,,0.1225,0.1225,671,766
CAGCGGATCGAGACAA,R482P,0.0000,0.0000,0,11
CAGCGGCTTACTTTAA,,0.0856,0.0856,2149,3510
CAGCGTACATGCACGA,H38P D41E F469G,0.0000,0.0000,0,8
CAGCGTCAATAATAAC,I550W,1.0000,1.3984,20,2
CAGCGTGACTTGAGCC,K32V,0.0178,0.0178,26,204
CAGCGTGTAAATGGAA,R326S,nan,nan,0,0
CAGCGTTAAATGCGAG,T199L,0.1448,0.1448,2182,2107
CAGCGTTCTTACAGAA,,0.0969,0.0969,347,501
CAGCGTTTATTTACTA,,0.0588,0.0588,61,145
CAGCTAAGTTGCCCCA,,0.6393,0.6393,128,28
CAGCTACAATCCGACT,W234A,nan,nan,0,0
CAGCTACTCAAGTGTG,A364E,0.2212,0.2212,106,67
CAGCTAGCATACAAAA,Q12D,0.0859,0.0859,427,695
CAGCTAGTATGACGAA,L71I,0.0594,0.0594,326,767
CAGCTATCAGCCAAAT,N48C,nan,nan,0,0
CAGCTATCAGGCCCGT,N446G,0.1289,0.1289,5258,5706
CAGCTCAATGTAACGC,T28D T37I P198V S492T,0.0000,0.0000,0,9
CAGCTCCAGCAGACCA,S442W,0.1155,0.1155,466,564
CAGCTCCATCTGAGAT,L237M N400M,0.2958,0.2958,55,26
CAGCTCCGTGAAACGG,Y86E,0.0000,0.0000,0,2
CAGCTCCTTGCAACCA,,0.1682,0.1682,160,133
CAGCTCTACACAGTAA,G484W,0.0793,0.0793,182,321
CAGCTCTACACCAACT,,0.0875,0.0875,3096,4950
CAGCTCTTTAAAAATG,,0.1919,0.1919,2378,1733
CAGCTGAACATGAAAC,V-2R K450R,0.0694,0.0694,131,264
CAGCTGAGAATAGCGG,,0.2339,0.2339,184,110
CAGCTGAGAATGATTA,,0.2882,0.2882,707,343
CAGCTGGAGGATACTT,,0.0851,0.0851,73,120
CAGCTGTAAACTATGG,R328bF,0.1164,0.1164,2844,3418
CAGCTTAAGTATCGAT,L320S,0.0000,0.0000,0,1
CAGCTTAATGCCAAAT,G249H,0.0000,0.0000,0,4
CAGCTTATGAATTTGA,P128S R328aM N424A,0.1398,0.1398,26,26
CAGCTTCACCAGATTC,,0.3891,0.3891,64,23
CAGCTTCACGCAATTA,K450N,0.1613,0.1613,301,261
CAGCTTGCAATGTATG,K280R,0.1291,0.1291,216,234
CAGCTTGTTAAATGTA,,0.1217,0.1217,316,363
CAGCTTTCCACTGTTA,A532Q,1.0000,2.5172,18,1
CAGCTTTGATAAGCAA,Y274I,0.0980,0.0980,124,177
CAGGAAACTATGCTAG,,0.2572,0.2572,13033,7085
CAGGAAATAGAATGTC,S265V,0.5202,0.5202,93,25
CAGGAACACTATATAC,R212A S291F,0.0866,0.0866,218,352
CAGGAACATAGGCACC,R326G V377K,nan,nan,0,0
CAGGAAGATATTCCAA,C477M,nan,nan,0,0
CAGGAAGTAAGAACCA,K307D,0.0000,0.0000,0,9
CAGGAATGTACACATA,N169I,0.2358,0.2358,6141,3642
CAGGAATTACTAGACT,M-6A V510A,0.0000,0.0000,0,15
CAGGAATTCACCAGAT,N169Y R321Y T370S F469C,0.0000,0.0000,0,11
CAGGACAATATACAAC,K32F V347S,0.2344,0.2344,761,454
CAGGACCCTAGCTATC,,0.1715,0.1715,482,393
CAGGACTACGAAATAC,D11H E327W,nan,nan,0,0
CAGGACTCCCAGCCCT,A93L Q371N,0.2555,0.2555,475,260
CAGGAGACCAGACCAA,Y470W,0.0000,0.0000,0,20
CAGGAGCACCTCTGCA,,0.2765,0.2765,263,133
CAGGAGCTAAAGTAAA,,0.1323,0.1323,5754,6080
CAGGAGGAGGGTACTA,,0.1439,0.1439,609,592
CAGGAGTACTGTCGAA,E44W,0.0222,0.0222,26,164
CAGGAGTCATCGAATA,F332S F392T,0.0000,0.0000,0,2
CAGGAGTTGACTTAAT,H38F L43F S167L S369G F469E,nan,nan,0,0
CAGGATAAGGGGGCTT,N116L,0.0000,0.0000,0,2
CAGGATAATCCAAAAA,N169D R321D D366A T370S F469L,0.0000,0.0000,0,18
CAGGATACTGTTGTAA,,0.1894,0.1894,554,409
CAGGATCAGAAAAGTT,S22N G143R,0.1926,0.1926,551,400
CAGGATCCTACTCAAG,E24V,0.1611,0.1611,3248,2820
CAGGATCTAGATGTAG,,0.1332,0.1332,2557,2684
CAGGATCTATATAAAG,,0.1403,0.1403,1817,1811
CAGGATCTGAAATAGA,,0.0645,0.0645,207,449
CAGGATTCCTATTAGT,S167E,0.0733,0.0733,1653,3152
CAGGATTCTAAGCAAA,L59E,0.0000,0.0000,0,4
CAGGATTGTGCTTGAA,L320K D438L,nan,nan,0,0
CAGGCAAAGTCCTCTA,E476T,0.1221,0.1221,426,488
CAGGCAAATTTTCGAC,,0.2039,0.2039,742,509
CAGGCACCATAAAGGT,N379V,0.0994,0.0994,449,632
CAGGCACTCCACAAAA,Y363T,0.2797,0.2797,72,36
CAGGCAGAACATTGCT,K262aI,0.1421,0.1421,254,250
CAGGCAGATAGCAAAG,S270G,0.1360,0.1360,4276,4398
CAGGCATTTGATTAGT,C477V,nan,nan,0,0
CAGGCATTTGCAACCG,S247T,0.1962,0.1962,811,578
CAGGCCAATCAAATGC,F399I,0.0466,0.0466,1,3
CAGGCCAGCTAGATGA,M530T,0.0000,0.0000,0,110
CAGGCCATGCGGGTTC,P128T S290Y N464H,nan,nan,0,0
CAGGCCCAACTGTTTC,T279E,0.0000,0.0000,0,57
CAGGCCCAATTTTTAG,H38E V444M,0.0000,0.0000,0,53
CAGGCGAACAGATGAA,I529R,0.0000,0.0000,0,3
CAGGCGAGAGGCCCTA,L108R,nan,nan,0,0
CAGGCGATACGCAGAT,Y491R,0.0737,0.0737,216,410
CAGGCGATAGTGCAAA,N193S N401S,0.0961,0.0961,582,847
CAGGCGCATCTAGTAA,N187C,0.1168,0.1168,1554,1861
CAGGCGCATGGCAAGC,K450R,0.1526,0.1526,1445,1324
CAGGCGGATGCGACCG,E432H L462W,0.0000,0.0000,0,7
CAGGCTAAGTGACCCG,Y274I,0.0000,0.0000,0,43
CAGGCTCCTAATGCAG,G249E Y258Q,1.0000,1.5103,54,5
CAGGCTGAAAGAATAA,L427N,0.3433,0.3433,27,11
CAGGCTGAAATAATGC,S291E,0.1621,0.1621,969,836
CAGGCTGAACCGATGT,,0.1315,0.1315,958,1019
CAGGGAACAAAACTAT,,0.0802,0.0802,141,246
CAGGGAATCCCACAAA,A39E T511N,0.0000,0.0000,0,8
CAGGGACCACACGCTT,H110D G360S I517H,nan,nan,0,0
CAGGGACCATAGTCTA,,0.1521,0.1521,2029,1865
CAGGGATAAAGTGGCT,S167H F469V,0.0000,0.0000,0,3
CAGGGCAAATGCTTAT,V26N,nan,nan,0,0
CAGGGCAATTATAGAT,G16D N158E,0.0000,0.0000,0,13
CAGGGCATAAAAAGAC,D348E,0.1168,0.1168,3014,3608
CAGGGCCATACCATAA,N357E,nan,nan,0,0
CAGGGCGATTAAATCA,T219D,0.0213,0.0213,330,2168
CAGGGCTAGAGTATTT,Q490E,0.1708,0.1708,685,561
CAGGGCTCCAGAAAAG,,0.1211,0.1211,2162,2496
CAGGGCTGGATGGATC,,0.1501,0.1501,9300,8666
CAGGGGACTAGCGAGC,C305S,nan,nan,0,0
CAGGGGAGCATACTCC,G271R D438L,0.1715,0.1715,969,790
CAGGGTAAAAATATAT,R229K N446F,0.3885,0.3885,25,9
CAGGGTACCCCCCAAT,T163D,0.0275,0.0275,78,397
CAGGGTGCAGTCGATT,S167F R321F T370M F469E,0.0000,0.0000,0,1
CAGGTACCGATCGTTT,E434K Q513W,0.2639,0.2639,234,124
CAGGTACTTTAATTGT,S10E V285L,0.3636,0.3636,65,25
CAGGTATACATGTCCA,V34N N433G,0.0000,0.0000,0,8
CAGGTATAGCTACTAA,L61G,0.0000,0.0000,0,6
CAGGTATCATCCGATT,G333D Q454W Y512H,1.0000,2.7969,40,2
CAGGTATGCTGAACCG,L102P S523N,0.0000,0.0000,0,13
CAGGTCCTCAAGAAAC,C466F,0.0000,0.0000,0,1
CAGGTCTAATTGTCCA,,0.1210,0.1210,13629,15749
CAGGTGACAAGACTAG,S6R,0.1186,0.1186,2109,2487
CAGGTGACATAGAATA,R329H,1.0000,inf,4,0
CAGGTGCCTCATTCAG,E434G,0.1556,0.1556,2337,2100
CAGGTGTTAAGCCCAA,R499Q A521R,nan,nan,0,0
CAGGTTAAACCTACAT,,0.0000,0.0000,0,7
CAGGTTATACCATCAA,Q211N S543G,0.3776,0.3776,162,60
CAGGTTATGCTAAGAA,N250G,0.1077,0.1077,778,1010
CAGGTTCAAGCAAGGA,A459G,0.0843,0.0843,800,1327
CAGGTTCACACCCATA,L61N,1.0000,inf,41,0
CAGGTTCGCCACAACT,,0.0000,0.0000,0,5
CAGGTTGACAGAGATA,R496C,0.1297,0.1297,268,289
CAGGTTTGGTAGCGTT,,0.2182,0.2182,78,50
CAGTAAAAGCGAAACG,R220V,0.6468,0.6468,37,8
CAGTAAAAGTTTTTTC,A188L,0.1904,0.1904,3317,2436
CAGTAAAATAAAGAGG,L213E N433D,0.9789,0.9789,28,4
CAGTAAACGATGCGTT,,0.2203,0.2203,386,245
CAGTAAAGAACCCAAA,A317N,0.0000,0.0000,0,10
CAGTAAAGTACTTGTA,K498N,0.0986,0.0986,382,542
CAGTAAAGTTTAAAGG,D441I,0.1417,0.1417,452,446
CAGTAAATTCTCACTA,S126N,0.1279,0.1279,3753,4104
CAGTAACAAGATTATT,D63E L430Y,1.0000,10.3484,74,1
CAGTAACACCACGCAT,,0.0710,0.0710,96,189
CAGTAACGCGGGCCTC,K328cD,0.0000,0.0000,0,7
CAGTAACGCTGAACCA,D441W,0.0768,0.0768,567,1032
CAGTAAGACAAACCAC,S167G R321K T370N V510Y,0.2543,0.2543,20,11
CAGTAAGTCAAACCAA,I182G,0.4370,0.4370,25,8
CAGTAATACCTAACCA,I-3A,0.1508,0.1508,2944,2730
CAGTAATCAGGGAAAA,,0.0890,0.0890,154,242
CAGTAATGAGGCCGTT,I260V V510L,0.1810,0.1810,3922,3030
CAGTACAAACAAGAAA,L-1A I260C,0.0472,0.0472,224,664
CAGTACAACGATAGAC,,0.1460,0.1460,471,451
CAGTACACCGAGGACA,T390D,0.0456,0.0456,15,46
CAGTACAGACACAATC,M292N,0.0627,0.0627,125,279
CAGTACAGATTAGAAC,E78L,0.2226,0.2226,2976,1870
CAGTACATAGTCACTA,,0.2108,0.2108,392,260
CAGTACCCAGCAACGA,G416Y,0.1945,0.1945,217,156
CAGTACCCTGAGGTCT,,0.1733,0.1733,3017,2434
CAGTACCGTAGTGTAA,S509Q,0.0000,0.0000,0,11
CAGTACTAAAGGAAAC,D11P C477N,0.0000,0.0000,0,1
CAGTACTAAAGGTCAT,A365I,0.0000,0.0000,0,2
CAGTACTAGGGTATTT,,0.0978,0.0978,214,306
CAGTACTGTAATAACA,E190I,0.0528,0.0528,230,609
CAGTAGAAAAGCAATG,K387C,0.1331,0.1331,5846,6144
CAGTAGAACTCGTTCC,,0.1223,0.1223,2947,3371
CAGTAGACACTCACAA,,0.1970,0.1970,1916,1360
CAGTAGCATCTCTTAG,S185W,nan,nan,0,0
CAGTAGCATTGACTTT,N94H,0.1405,0.1405,3050,3036
CAGTAGCCATCATTAA,H18S,0.0627,0.0627,760,1696
CAGTAGCTAGCAGTTA,E83K S356P,nan,nan,0,0
CAGTAGCTGCGCCTAG,E31A,0.1915,0.1915,16156,11798
CAGTAGTCTAGTGAAA,K156N,0.1369,0.1369,1526,1559
CAGTATACAAAAACAT,L402C,0.0426,0.0426,25,82
CAGTATACTTCCAAAA,K156Y,0.3154,0.3154,212,94
CAGTATATCAAATAAC,S383M,0.1883,0.1883,696,517
CAGTATGCAGCAAATA,K157H Q226T Q371R,0.0000,0.0000,0,38
CAGTATGCGTCCCATA,,0.1710,0.1710,444,363
CAGTATTATCGAAAGT,S492A,0.1372,0.1372,2111,2151
CAGTATTATTAAATTA,N464S,0.1613,0.1613,999,866
CAGTATTCGGAAAATC,N129P,0.2034,0.2034,96,66
CAGTATTCTAAAATAT,,0.1397,0.1397,4067,4072
CAGTATTCTGGAATAA,Y518N,nan,nan,0,0
CAGTATTGCCCCTATC,L428W,0.0439,0.0439,195,621
CAGTATTGTGAATCTA,A137D,0.0257,0.0257,74,402
CAGTATTTGGGTTCAA,A218V,0.1257,0.1257,641,713
CAGTATTTTGTCACCG,Q191K,nan,nan,0,0
CAGTCAAAACTGAATT,S519A,0.1659,0.1659,528,445
CAGTCAACAGATAGAC,D457V,0.0000,0.0000,0,10
CAGTCAATAATTTTCA,T390P P489W,0.0610,0.0610,24,55
CAGTCAATACTCATTT,,0.1028,0.1028,786,1069
CAGTCACACATGGCTA,N475W,0.4218,0.4218,187,62
CAGTCACATTATTTGA,N94K D366V T370V F469R,0.0000,0.0000,0,15
CAGTCACTAGTCGTAT,I374A,0.2236,0.2236,275,172
CAGTCATACCCCCCGG,K50R L534P,0.0314,0.0314,24,107
CAGTCATTCACATGCA,T370Q F469H,0.0000,0.0000,0,3
CAGTCATTTCGCAGGT,G376N,0.1766,0.1766,96,76
CAGTCCAATGAAATCT,Y105C A188F,0.0437,0.0437,423,1354
CAGTCCATAGCACCGG,Q344T,0.2003,0.2003,2091,1460
CAGTCCATATAGTTCC,M292P V381A,0.1398,0.1398,1,1
CAGTCCCAGTAAAATA,K328cS,0.0000,0.0000,0,1
CAGTCCCATAATACAT,G333Y,0.1131,0.1131,110,136
CAGTCCCTAACTTAAC,E468L,0.1780,0.1780,6904,5424
CAGTCCTACCATGAAT,G341D,0.1290,0.1290,179,194
CAGTCCTATCACCTCC,L61W M431I,0.0000,0.0000,0,1
CAGTCGCGAAATTACC,Y486L,0.0000,0.0000,0,1
CAGTCGCTGGTAGGCT,F469G,1.0000,2.5638,55,3
CAGTCGGCACTATTAA,S290I,0.1257,0.1257,3833,4264
CAGTCTAATAGTGTCT,Q226G L497T,0.0000,0.0000,0,2
CAGTCTACCACTTTAG,E500F,0.1653,0.1653,52,44
CAGTCTACCCATTGCA,M-6F I385F,0.0000,0.0000,0,16
CAGTCTACCTTTAATT,S291Q,0.0699,0.0699,116,232
CAGTCTATTTACAGTT,,1.0000,1.3810,79,8
CAGTCTCAAAGAACCC,M-6A,nan,nan,0,0
CAGTCTTAAGGAGAAC,T200Q,0.0000,0.0000,0,6
CAGTCTTACATACAAT,T206W,0.0000,0.0000,0,12
CAGTCTTATTAATACA,T200E,0.0000,0.0000,0,6
CAGTCTTCCAAACCTC,F147C,0.1987,0.1987,27,19
CAGTCTTGCAAACCAA,S85N,0.3120,0.3120,29,13
CAGTCTTTAACTGTAA,N73H R326H,0.1690,0.1690,58,48
CAGTGAAATGTAACCC,A364Q R499Q,0.0000,0.0000,0,6
CAGTGAACTAAATAAA,H18Y A39D L70H,0.1853,0.1853,212,160
CAGTGACATTGCCCTC,K411C,0.0000,0.0000,0,6
CAGTGACGCTCGGTGA,D457I,0.0000,0.0000,0,3
CAGTGACTGTAGCGTT,I-3V S535I,0.1340,0.1340,92,96
CAGTGAGAAGTCATCG,T200Y,0.0000,0.0000,0,11
CAGTGAGACAAGAATT,S265W,0.0000,0.0000,0,2
CAGTGAGCCTAAGGAC,,0.1157,0.1157,4241,5128
CAGTGAGGAAAAAGAG,K472P,0.0966,0.0966,1195,1730
CAGTGATCTGAACCAT,I13V E358T,0.0984,0.0984,159,226
CAGTGATGATAACTAC,N210M,0.1237,0.1237,23,26
CAGTGCAGTAGGTAAC,I335W,1.0000,1.3585,68,7
CAGTGCCCCCAATGAA,N382S,0.1672,0.1672,208,174
CAGTGCTGAGAATATA,H18R N322V T370W,0.6663,0.6663,81,17
CAGTGGAGTAACACAA,I178D Q490G,0.0000,0.0000,0,5
CAGTGGCTAATCATCG,I288R,0.0000,0.0000,0,2
CAGTGGTAACAGTACT,V223A V505C,0.8041,0.8041,23,4
CAGTGGTACAGACAAA,K262aP,0.0878,0.0878,1689,2691
CAGTGTAAAAGCCTAT,G16V V420Q,nan,nan,0,0
CAGTGTAAACTAGGAA,I297Q,0.0000,0.0000,0,5
CAGTGTAGCTATGAGA,E414K L437Y,0.0000,0.0000,0,3
CAGTGTGGTTACTTGT,A39T,0.1051,0.1051,672,894
CAGTTAAAATATCACC,,0.1255,0.1255,1474,1642
CAGTTAAACCTACATT,,0.0361,0.0361,108,418
CAGTTAAAGTGGGTTA,N250M,0.0000,0.0000,0,2
CAGTTAATTAAACTCG,V135D L544P,0.5749,0.5749,37,9
CAGTTAATTCCACACA,V481E,0.0000,0.0000,0,7
CAGTTACAAAAAAAAT,,0.0650,0.0650,72,155
CAGTTACCTATGAATC,H183C,0.2175,0.2175,14,9
CAGTTACGGAAATCGA,I4M,0.1407,0.1407,164,163
CAGTTAGTTTGCTAGA,N312E,0.1515,0.1515,1938,1789
CAGTTATAAAATCAAT,W127L,0.1807,0.1807,641,496
CAGTTATCGAAGATTA,P489H,1.0000,1.3585,68,7
CAGTTCAAAAACGAGC,R329Y,0.4068,0.4068,64,22
CAGTTCAACACATATA,V381E,0.0000,0.0000,0,6
CAGTTCAAGTTCATTG,S543W,0.0815,0.0815,67,115
CAGTTCCACACGGACA,P306A N408W,0.0000,0.0000,0,4
CAGTTCCACATGAATC,C466I,0.0000,0.0000,0,11
CAGTTCCCGTAACGCC,,0.1303,0.1303,1563,1677
CAGTTCGTACCAAGAT,N357E,0.0000,0.0000,0,9
CAGTTCTAGCCTTACA,,0.0804,0.0804,915,1592
CAGTTGACCCGCATGC,Q12R R328aS,0.0000,0.0000,0,3
CAGTTGAGGAGAGATG,,0.0529,0.0529,112,296
CAGTTGATACGTAAAA,M111Q H184N,0.0000,0.0000,0,15
CAGTTGATATTAGCAA,,0.2277,0.2277,990,608
CAGTTGCATCAAAATT,P239R K411Y,1.0000,1.7131,49,4
CAGTTTATCGGGCTAA,V151Q G345S,0.0000,0.0000,0,35
CAGTTTCACACTTTGA,N33C F399A,0.0000,0.0000,0,1
CAGTTTGACCCACAAC,H440D,0.0000,0.0000,0,2
CAGTTTTCAAACAAGG,S247T N410Y,0.0000,0.0000,0,25
CAGTTTTGTTCCACAA,,0.0000,0.0000,0,2
CATAAAAAATTAACCA,L497R,0.0654,0.0654,657,1404
CATAAAAAATTCAGTC,A91V,0.1311,0.1311,1218,1299
CATAAAAAGTCCACAA,L176S S291T,0.2756,0.2756,268,136
CATAAAACAAATTTCA,E107V D240Y,nan,nan,0,0
CATAAAACAACGTGGC,E89F,0.0000,0.0000,0,2
CATAAAACACTATTAA,G337F,0.0000,0.0000,0,10
CATAAAACCCCAGCAG,,0.1138,0.1138,855,1051
CATAAAACCTTTACCC,V377K,0.4545,0.4545,39,12
CATAAAACTACGAACT,L437P,0.0000,0.0000,0,14
CATAAAAGGCCCACAC,E255R,0.2174,0.2174,4934,3174
CATAAAAGTTTAAGAA,Y308D,1.0000,inf,23,0
CATAAAATATCGACTT,E304A,0.0887,0.0887,125,197
CATAAAATCAAGCATA,R496C,0.1174,0.1174,658,784
CATAAAATCCAAATAT,R321P T370C,1.0000,1.2985,65,7
CATAAAATGATTTGAG,W537I,0.1603,0.1603,1993,1739
CATAAACAAACCGGTC,R173*,0.0280,0.0280,22,110
CATAAACAAATGTTTT,S247P,0.0000,0.0000,0,2
CATAAACAATAGAGCA,C473P,0.0000,0.0000,0,1
CATAAACATAGAATAA,N48L,0.1625,0.1625,1227,1056
CATAAACCCGAGACGA,T171Y,0.1932,0.1932,1970,1426
CATAAACCTAAAAATT,R456G,0.0821,0.0821,343,584
CATAAACGGGTTTCCG,I166L,0.1404,0.1404,254,253
CATAAACGTGAACGTT,K280N,0.1210,0.1210,611,706
CATAAACTGTCAATCC,,0.1554,0.1554,2474,2226
CATAAACTTGAAAAAC,Y98L,0.0000,0.0000,0,13
CATAAAGGAAGCAACA,D348K,0.3916,0.3916,42,15
CATAAAGTATTGAATA,V151E,0.1682,0.1682,83,69
CATAAAGTGTCCAACA,,0.1680,0.1680,848,706
CATAAAGTTAGACGTA,G303H,0.0000,0.0000,0,27
CATAAATAAAGGCCGG,I164A,0.0898,0.0898,651,1014
CATAAATACCTAAACA,,0.1360,0.1360,214,220
CATAAATACGTTCGAG,V204L,0.0710,0.0710,63,124
CATAAATATATAACTA,L314W,0.0000,0.0000,0,3
CATAAATCAACGACAC,G249H P324Y,nan,nan,0,0
CATAAATGACGCAAGG,P239C,0.1024,0.1024,470,642
CATAAATGATTAAAAG,W234S,0.0000,0.0000,0,9
CATAAATTAAACATAA,,0.1255,0.1255,2840,3165
CATAAATTATATCAGG,L177F,0.2712,0.2712,223,115
CATAAATTTGGAAAAA,,0.0000,0.0000,0,4
CATAACAAATCGACAG,H47M T192H,0.2383,0.2383,121,71
CATAACAACGAGCGTA,,0.1598,0.1598,999,874
CATAACAACTTAACAC,S290N,0.1767,0.1767,2693,2131
CATAACAAGACGGCCT,D375K,0.3238,0.3238,213,92
CATAACATGGTAGAAA,I517Y,nan,nan,0,0
CATAACCAACCACCCC,,0.1298,0.1298,1814,1955
CATAACCCCCACTTCA,T390E,0.3263,0.3263,105,45
CATAACCTCTAACCGT,E119A,0.1284,0.1284,573,624
CATAACCTTAACCACA,,0.1394,0.1394,286,287
CATAACCTTCGCTCAG,Y363A,0.0000,0.0000,0,3
CATAACGACATCATGA,K367N,0.1366,0.1366,546,559
CATAACGAGGACAGAA,D240S,0.2022,0.2022,16793,11614
CATAACGATCGATCCA,Y488T Y518C,nan,nan,0,0
CATAACGCCGGATTGC,E89F,0.1162,0.1162,310,373
CATAACGGTCTCAAAG,H18W K45R G362S,nan,nan,0,0
CATAACGTGCCTCCAA,S361M,0.1450,0.1450,1875,1808
CATAACGTTTACAACC,,0.2180,0.2180,53,34
CATAACTCAAGTAGAC,N475G,0.1401,0.1401,2053,2049
CATAACTCCGGTTTCC,,0.1378,0.1378,958,972
CATAACTGTGCGTAAG,T219S,0.0226,0.0226,55,340
CATAACTTAAAGTCAA,H298N,0.1810,0.1810,5064,3912
CATAACTTCAATGTCC,N186K E432V,1.0000,2.7619,79,4
CATAACTTTAATAGAT,C52W,0.8391,0.8391,12,2
CATAACTTTGTTAGAA,G55I,0.0000,0.0000,0,2
CATAAGAAATTTTTCC,,0.1681,0.1681,10578,8800
CATAAGAAGCTAAAAT,R81T,0.2494,0.2494,2179,1222
CATAAGAATCTGACTT,I-3D,0.2314,0.2314,182,110
CATAAGACAATTCGAG,V309E Q454R,0.1259,0.1259,27,30
CATAAGAGCATCCTAT,L320V,0.0922,0.0922,1243,1885
CATAAGATAAAGCTGG,A253V L527D,nan,nan,0,0
CATAAGATGTGCGGGA,S509H,0.2022,0.2022,470,325
CATAAGATTTGCTTGT,I374Q,0.1452,0.1452,244,235
CATAAGCATACCATAC,I42*,0.0000,0.0000,0,7
CATAAGCCCTCGGTCA,K9H,0.1020,0.1020,1869,2563
CATAAGCGATTAGGAA,P239M E434Y,0.0000,0.0000,0,7
CATAAGCTAGATATAC,Q142L,0.2849,0.2849,1532,752
CATAAGCTGACTCGAC,N193K,0.2870,0.2870,1369,667
CATAAGGAAATTTGAG,,0.0686,0.0686,76,155
CATAAGGATAAGGTAC,R212Y,0.0996,0.0996,131,184
CATAAGGCCAAATACT,R321L F469A,0.0000,0.0000,0,6
CATAAGGCGTTATACA,S113N T378I,1.0000,6.9222,99,2
CATAAGTAACTAGCAT,R547D,0.1138,0.1138,96,118
CATAAGTCACGTACGA,Y351R,0.7342,0.7342,21,4
CATAAGTCACTACTAT,N94E,0.0599,0.0599,15,35
CATAAGTCCTCAGTTC,V510H,0.0212,0.0212,10,66
CATAAGTTAGTGCATC,A425V,0.1125,0.1125,136,169
CATAAGTTCATCAGAA,G360A,0.0000,0.0000,0,2
CATAAGTTTTTAATGT,F294K N410V,0.0000,0.0000,0,5
CATAATAACTTACATA,E501T,0.1241,0.1241,1915,2158
CATAATAAGTATAGTA,R329G,nan,nan,0,0
CATAATACAGCGTATG,V261C,0.2278,0.2278,202,124
CATAATACCAATGAGC,Y105P E107*,nan,nan,0,0
CATAATATCCGAACCT,P324F G504Y,0.1654,0.1654,4688,3963
CATAATATGAACAATT,,0.1489,0.1489,771,724
CATAATCACCAGACAA,A144T G303N,0.0000,0.0000,0,5
CATAATCAGCCCCAAA,H183Q,0.0133,0.0133,19,200
CATAATCAGTGATCTA,C549P,0.0401,0.0401,33,115
CATAATCCAAAGCAAA,I297A,0.0000,0.0000,0,24
CATAATCCAACAGTCA,,0.1351,0.1351,1253,1297
CATAATCCAAGACTCG,I202N Y491H,0.0000,0.0000,0,27
CATAATCTCTAAATCC,V66Y,nan,nan,0,0
CATAATCTTGTGGCAA,,0.1583,0.1583,1998,1765
CATAATGAACAATCTC,A495W,0.0978,0.0978,172,246
CATAATGAAGATATGT,K262C D348V,0.0000,0.0000,0,4
CATAATTCGACCAAAA,,0.0000,0.0000,0,14
CATAATTCGCCTAATG,G143S,0.1558,0.1558,3431,3079
CATAATTGAGATTCCT,T23D N169Q R321E Y518L,nan,nan,0,0
CATAATTTACCCGAGG,F332T,0.0000,0.0000,0,3
CATAATTTCCATTTGA,L455T,0.1573,0.1573,4950,4402
CATAATTTCCCTAACC,E426V,0.4241,0.4241,185,61
CATAATTTTGCAAAAC,D159K K445A,0.5304,0.5304,220,58
CATACAAAACAGATGA,N250R N289P,1.0000,2.0277,29,2
CATACAAAACAGGTAA,T192H,0.2063,0.2063,1279,867
CATACAAAGCATAAAT,,0.1922,0.1922,3989,2902
CATACAACACCAAGAA,,0.1573,0.1573,1088,967
CATACAAGATCTAACC,G333W,0.1606,0.1606,31,27
CATACAAGGAATCAGC,E403N,0.0000,0.0000,0,1
CATACAAGGCCCGGCT,K9L,0.0000,0.0000,0,30
CATACACAAAGGCTTA,S543E,0.1398,0.1398,2,2
CATACACACACTGGGT,,0.1212,0.1212,676,780
CATACACCACGCAATG,W537K,0.0000,0.0000,0,4
CATACACTAAAAATCA,,0.1875,0.1875,3120,2327
CATACACTACACCAAG,E119D,0.1629,0.1629,2224,1909
CATACAGACATACCAG,G349Y,0.0000,0.0000,0,2
CATACAGACCAATACG,I121E,0.2501,0.2501,127,71
CATACAGACTACCCCT,E479L,0.1125,0.1125,251,312
CATACAGATACATTGA,N169P V309W,0.0000,0.0000,0,5
CATACATAAAAAAAAG,G271Y D375Y,0.1663,0.1663,860,723
CATACATAATCTTTGA,G134Q N289E,nan,nan,0,0
CATACATCTAAAAGAG,G49T T422L,nan,nan,0,0
CATACATGAATTCTGC,A160K,0.3029,0.3029,8734,4032
CATACCACAATTGATC,,0.1644,0.1644,817,695
CATACCATGTCTTAAA,I13G T266N,0.8950,0.8950,32,5
CATACCCACCACCACA,G275P,0.0000,0.0000,0,2
CATACCCATATCGTAG,Q371Y,0.3243,0.3243,218,94
CATACCCGCAATACAG,L453F,0.1032,0.1032,2258,3061
CATACCCTTGACATAA,V82F N322D T370R F469N,0.0000,0.0000,0,4
CATACCGAATCTCAAA,W127P G337R,0.0000,0.0000,0,26
CATACCGCTCTTTCCA,C64K Y201Q,0.0000,0.0000,0,5
CATACCGGGCTTTAGC,S167Y N322H T370Y F469S,0.0000,0.0000,0,3
CATACCGTCCGAGATT,V444R L447V,0.0000,0.0000,0,10
CATACCTATTAATTAA,,0.1259,0.1259,7044,7824
CATACCTCTTTTTGCA,I217C,0.0000,0.0000,0,20
CATACCTTACTCATCA,E434D,0.1368,0.1368,1667,1704
CATACCTTATTATTTG,I121R,0.1115,0.1115,2103,2638
CATACCTTTTAGGGAT,R326S,0.1125,0.1125,1286,1598
CATACGAAAGGCTCCG,,0.0961,0.0961,3221,4689
CATACGAACCTTGCAC,,0.0920,0.0920,206,313
CATACGAAGCCCAACT,I297R,0.0000,0.0000,0,3
CATACGACAAAAACAC,G349F,nan,nan,0,0
CATACGCAATGTGAGG,N48D N169A N322H T370R F469D,0.0000,0.0000,0,15
CATACGCTTTTCTCGC,W127K,nan,nan,0,0
CATACGGCAGCATAGA,T200M,0.0000,0.0000,0,1
CATACGGCCTAGAAAA,,0.1507,0.1507,3035,2816
CATACGTAAAACTTGA,I335M,0.1041,0.1041,105,141
CATACGTTACAGCATG,V135E,0.1454,0.1454,4036,3881
CATACTACGTCAACTG,E246Y,0.0353,0.0353,29,115
CATACTACTAACGCAT,N169P,0.1850,0.1850,5982,4523
CATACTAGCTGTGCCA,E131* A394D,nan,nan,0,0
CATACTATACTGCAGA,E426Q,0.0000,0.0000,0,41
CATACTATCTGAAATA,F338Q,0.0000,0.0000,0,10
CATACTCATACCTAGC,G68L,nan,nan,0,0
CATACTCCAAATGAAA,,0.0442,0.0442,169,535
CATACTGCAGCGTATA,V315F A317S,0.0000,0.0000,0,12
CATACTTGGATTAAGT,A91R,0.0848,0.0848,171,282
CATACTTGGTGGGATG,D241L,0.0000,0.0000,0,1
CATAGAAATGAAAAAA,Q371K,0.3105,0.3105,322,145
CATAGAACATTGCTTT,A459T G465A,0.7691,0.7691,33,6
CATAGAATTAAACTCA,N458F,0.0000,0.0000,0,8
CATAGACCTTTAAATT,,0.1209,0.1209,2633,3045
CATAGACGAAATATGA,A365Q,0.6393,0.6393,32,7
CATAGACGTAAACTCA,R114V,1.0000,1.3110,75,8
CATAGAGACGGCGCAA,E414W,0.5174,0.5174,37,10
CATAGATAAAGCCATC,I87Y E500G,0.1700,0.1700,79,65
CATAGATAGGAAAAAC,L70Y,0.0000,0.0000,0,1
CATAGATTTACTAAAA,C466P *551C,0.0000,0.0000,0,2
CATAGCAAACATATAT,K450I,0.1116,0.1116,162,203
CATAGCAATTCACGTG,R328aE,1.0000,1.1088,111,14
CATAGCAATTGTCTTT,M388H,nan,nan,0,0
CATAGCACATGCTATA,L437S,0.0000,0.0000,0,14
CATAGCAGAAAAGCAA,,0.0991,0.0991,187,264
CATAGCAGCTAGTCAT,P145Q G228C,0.0000,0.0000,0,1
CATAGCCGTCTCTAAC,K307H,0.9964,0.9964,57,8
CATAGCGCATGCATAA,H184E,0.0000,0.0000,0,5
CATAGCTCCAACACTT,,0.2012,0.2012,2164,1504
CATAGCTCGCCAAACC,S146G,0.0633,0.0633,713,1576
CATAGGACTAAAACCA,L133aW,0.2995,0.2995,23786,11107
CATAGGCACCCGACTA,T301N,0.0000,0.0000,0,12
CATAGGCTGAGTTACG,E501K,0.1301,0.1301,1604,1724
CATAGGGAATAAATTA,N322Q T370K F469*,nan,nan,0,0
CATAGGGCGATAAGCG,G333E,0.9509,0.9509,34,5
CATAGGTCCGGTACCA,,0.1025,0.1025,998,1361
CATAGGTGATAGAACT,H244Y,0.1213,0.1213,1264,1457
CATAGGTTGCACCCCA,E327V,0.1189,0.1189,1411,1659
CATAGGTTTCCAAAAT,G271E,0.1037,0.1037,540,728
CATAGTAATATTTAGG,N150F,0.0382,0.0382,159,582
CATAGTAGCAGAGGTA,V505T,0.2095,0.2095,2901,1936
CATAGTATAATACAAG,D487F,0.1281,0.1281,643,702
CATAGTATAGATCTAG,,0.1685,0.1685,3054,2535
CATAGTATAGTACCCG,F233E,0.0391,0.0391,482,1725
CATAGTATTGATGCGA,,0.1599,0.1599,4677,4091
CATAGTATTTGAACAA,,0.1712,0.1712,1485,1213
CATAGTCCCGCACGAT,C477* T485I,0.0000,0.0000,0,3
CATAGTCGCGTAAAAA,C52Q,nan,nan,0,0
CATAGTCTAACTTAAG,D41N,0.2039,0.2039,5604,3844
CATAGTGACGGTTATC,N312E,0.1182,0.1182,464,549
CATAGTTCCCAGAAAT,G342N,0.6024,0.6024,56,13
CATAGTTTCACCGCCC,S136M,0.1487,0.1487,184,173
CATAGTTTTCAAAATG,,0.1698,0.1698,6179,5088
CATATAAAATAATCTC,Y105P I302L,0.2419,0.2419,128,74
CATATAAAATTAACTG,,0.1615,0.1615,7263,6288
CATATAAAATTGAGTA,G100F,0.2931,0.2931,109,52
CATATAAAATTTTTAA,,0.1410,0.1410,237,235
CATATAAATTTAGTAA,G345E,0.1718,0.1718,156,127
CATATAAATTTTAAAA,N169V F469W,0.0000,0.0000,0,2
CATATAACATATTACT,,0.1145,0.1145,226,276
CATATAAGACACACAT,A394C,0.4493,0.4493,392,122
CATATAAGCAATAGCC,P125E,0.1876,0.1876,10481,7811
CATATAAGTGCCCTCG,W343V,0.0000,0.0000,0,3
CATATACATTACTTTA,G49A A242E,0.0252,0.0252,442,2450
CATATACCAATTTCGA,C14Q,0.0000,0.0000,0,6
CATATACCACAGATGA,S133G A459K,0.0000,0.0000,0,5
CATATACCGCCAAACG,E89K R229G I517F,nan,nan,0,0
CATATAGCGTCGTCTA,A218M,0.1836,0.1836,881,671
CATATAGTAGAACCGA,,0.1162,0.1162,5803,6986
CATATATAACTATGAT,S167Y I178F,0.0652,0.0652,417,894
CATATATAATTATTTA,,0.1731,0.1731,151,122
CATATATACTACATGC,N410A,0.1564,0.1564,5039,4505
CATATATCAAGGCTCG,Q12N,0.0701,0.0701,779,1554
CATATATCAAGTAATA,,0.1571,0.1571,109,97
CATATATCATCGATGC,I-3A L430I,0.0388,0.0388,244,879
CATATATCGGCAGATG,E31R F469S,0.0000,0.0000,0,10
CATATATCTTGTCTGC,A3E,nan,nan,0,0
CATATATTACTATGAT,H117Y Q490D,0.1040,0.1040,223,300
CATATATTATAATGTT,N169F,0.1658,0.1658,4176,3522
CATATATTCGGACCAA,K216G S270T,0.0000,0.0000,0,18
CATATATTCTACAAAA,Y470K,0.0732,0.0732,67,128
CATATCAAACTTTCTT,K45D D264Y,0.1609,0.1609,4683,4070
CATATCAGACTTGCAA,V26P N103F,0.1296,0.1296,38,41
CATATCAGCCTACACC,D11L K310Y,0.0000,0.0000,0,8
CATATCATGACACGCA,V36S,nan,nan,0,0
CATATCCACAAATAAT,S167F R321P E426A,0.0000,0.0000,0,10
CATATCCATGGGCACT,,0.1689,0.1689,2028,1679
CATATCGAAATAGAAC,L102E,0.0000,0.0000,0,6
CATATCGCGTCCGAAC,E24M S356R,0.1730,0.1730,120,97
CATATCTAATTGGCAG,S85T Q454*,nan,nan,0,0
CATATCTACAACTGCA,,0.1631,0.1631,5031,4313
CATATCTACAATCAGC,G143K,0.0807,0.0807,30,52
CATATCTTATATCGAC,K9Y I297Q H355E,0.0000,0.0000,0,13
CATATGAACTAACATC,L325V,0.0936,0.0936,298,445
CATATGACAGCATTAC,G416H,0.6992,0.6992,30,6
CATATGAGAGTATACG,L70A,0.0912,0.0912,15,23
CATATGAGATAGTCAA,G49C D241C,0.0000,0.0000,0,2
CATATGATACAAGGAA,L71W L418I,nan,nan,0,0
CATATGCCAACTAGAA,N483P,0.3916,0.3916,28,10
CATATGCTCAACATGG,,0.3073,0.3073,167,76
CATATGGACACCATGG,T378Q,0.1942,0.1942,6485,4669
CATATGGCTAACGATC,H110G G463D R496P,nan,nan,0,0
CATATGGGCACTCTAC,E304W,1.0000,4.1953,30,1
CATATGTAGCAAAACC,T422V,0.8577,0.8577,184,30
CATATGTATTATCAGC,Q142R C473G S503N,nan,nan,0,0
CATATGTCTTTAAATC,E340F,0.5403,0.5403,85,22
CATATGTTTAGTATTA,K412H,0.1020,0.1020,70,96
CATATTAAACTTCCGC,,0.1145,0.1145,996,1216
CATATTAAATTTTACC,G16C R435F,0.0000,0.0000,0,5
CATATTACCTGGCCTT,T46W,0.0714,0.0714,318,623
CATATTAGAAAGTACA,L428Y,0.0884,0.0884,340,538
CATATTCGTAATTAAA,V395P,0.1605,0.1605,70,61
CATATTCTAAACACCA,N322F K367P M531I,nan,nan,0,0
CATATTCTCGACGTGA,L507C,0.0000,0.0000,0,7
CATATTGATAATAGGC,Y488H,0.1342,0.1342,4191,4367
CATATTGGCTATGCGT,H183I,0.0000,0.0000,0,3
CATATTTAGATATTGC,L527*,0.4064,0.4064,93,32
CATATTTCTTAACCCA,K328H,0.0971,0.0971,150,216
CATATTTGAATAATAA,P254W,0.0000,0.0000,0,3
CATCAAAATTCAATCA,,0.1595,0.1595,5196,4555
CATCAAACGATATTAA,W153R W421R,0.0000,0.0000,0,27
CATCAAACGGCCAATA,S22R,0.0131,0.0131,14,150
CATCAAATAATGAACG,,nan,nan,0,0
CATCAAATACATAGGG,,0.1722,0.1722,468,380
CATCAACAAATTAATA,C549P,0.1556,0.1556,178,160
CATCAACAAGACAGGT,H276P,0.3574,0.3574,92,36
CATCAACAGAATAGCT,E304V,0.0873,0.0873,307,492
CATCAACCTGAGTCAG,,0.2784,0.2784,225,113
CATCAACTCATGCACG,,0.1069,0.1069,827,1082
CATCAAGACAATGATT,N186E L544V,1.0000,1.4450,31,3
CATCAATAGCTTATGT,P58S A287Y,0.0000,0.0000,0,4
CATCAATGCCGATAAG,,0.0749,0.0749,776,1448
CATCAATTAAATAGTG,A242F,0.1818,0.1818,957,736
CATCAATTCTAGGGTA,,0.1045,0.1045,313,419
CATCACAAGCAAACTT,N382A,0.1303,0.1303,394,423
CATCACACAGTGCGTC,D240L,0.1884,0.1884,923,685
CATCACACATTATACG,L237Q,0.2997,0.2997,30,14
CATCACCAAAGCTTGA,G100C,0.0770,0.0770,49,89
CATCACCCTTGACCCT,,0.1307,0.1307,1761,1884
CATCACGACGATGCCA,I502Y,1.0000,2.3307,50,3
CATCACGAGGTGCGAG,I550K,1.0000,1.4684,126,12
CATCACGCACCCAGTG,M346Q,0.0000,0.0000,0,3
CATCACGCGGACAACA,S523G,0.4033,0.4033,398,138
CATCACGTGGCCATAG,,0.0000,0.0000,0,2
CATCACTTCTATTGAA,V223Q,0.2161,0.2161,102,66
CATCACTTTTCGCGCC,W234A,0.0000,0.0000,0,7
CATCAGCCCGTCTCGG,H18C,0.7303,0.7303,141,27
CATCAGCGATCCTAAA,L194R L427A,0.0000,0.0000,0,2
CATCAGCGCTTCCCCA,N475L,0.1593,0.1593,377,331
CATCAGGATTACGAAA,V26W,0.0000,0.0000,0,3
CATCAGTCGGGCATCC,N20R K262P,nan,nan,0,0
CATCATAAATCTAAAC,I335K,0.0000,0.0000,0,8
CATCATAACCTTACCG,Y353F,0.1566,0.1566,168,150
CATCATACACAAGCCA,,0.1312,0.1312,272,290
CATCATATATGCGCAC,Y308W,1.0000,7.5515,54,1
CATCATATCTTTATCA,L102G N322L F469T,nan,nan,0,0
CATCATATTTAAAGCA,E246D,0.1470,0.1470,5370,5110
CATCATCCACGCACAC,K57Q T279G,0.0759,0.0759,145,267
CATCATCCCCTAGATA,F467N,0.0000,0.0000,0,1
CATCATCCCGACTCGG,G275C,0.1740,0.1740,2590,2081
CATCATCTACTATAAC,,0.1304,0.1304,331,355
CATCATTAGGTCTCCC,D77L,0.1269,0.1269,756,833
CATCATTATTACACGT,V381N,0.8391,0.8391,96,16
CATCATTCGCTATAAG,C64Y,0.6782,0.6782,97,20
CATCATTGACGTTCAC,I217V,0.1033,0.1033,399,540
CATCATTGAGAGGAAA,T511M,0.2052,0.2052,1610,1097
CATCCAACGCAGCAAG,,0.1915,0.1915,652,476
CATCCAATAATAATTG,G303N,nan,nan,0,0
CATCCAATCTCTAAAG,N169M C277F,0.0000,0.0000,0,1
CATCCAATGTCACGTA,K450D,0.1848,0.1848,366,277
CATCCACCCAAACGTT,L43F,nan,nan,0,0
CATCCACTTGTAGACC,R173E,0.1273,0.1273,4267,4688
CATCCAGATGAGGCAT,A144D V204E,nan,nan,0,0
CATCCAGGAGTGCGGG,N73P,0.0000,0.0000,0,1
CATCCAGGATTAGTAG,R482F,0.1163,0.1163,1021,1228
CATCCAGGGAATGGTA,K262aN,0.1427,0.1427,2333,2286
CATCCATAAAATGTAT,C546G,0.4475,0.4475,32,10
CATCCATATTAAAGAA,G68D,nan,nan,0,0
CATCCATCATAAAAGG,K196P K380N,0.0000,0.0000,0,6
CATCCATCTAGCTTTC,C14G,0.0000,0.0000,0,15
CATCCATTAAGCCACA,L43W S265R,1.0000,1.3052,28,3
CATCCCAAAGCCGGTT,,0.0825,0.0825,539,914
CATCCCCAGTAACAAG,L51W,0.0000,0.0000,0,3
CATCCCGGACCGAAAC,Y201A N410K,0.1398,0.1398,70,70
CATCCCTAAACAACTC,R397G,0.1877,0.1877,98,73
CATCCCTGGTACCGAT,,0.0958,0.0958,50,73
CATCCGAAACCGCACA,T206V,0.0000,0.0000,0,11
CATCCGAAACTTTTGG,D11C Q40* Y161V,nan,nan,0,0
CATCCGATACACGAAT,L43A N410P K450D,nan,nan,0,0
CATCCGATACTAATAT,G504Q,0.1393,0.1393,3341,3354
CATCCGCATATCAAAC,C281I G533S,nan,nan,0,0
CATCCGCTTTTACGGA,,0.0891,0.0891,1097,1722
CATCCTAAATCCTTTA,Y195Q,nan,nan,0,0
CATCCTAAATTTTCAG,,0.1228,0.1228,1283,1461
CATCCTCCCTTAGTAA,T279V,0.2052,0.2052,3946,2689
CATCCTTCCGCACAAG,Y491L,0.2997,0.2997,30,14
CATCGAAACTACACGT,W69V L325V,0.1573,0.1573,585,520
CATCGAAAGAATCCGT,,0.1267,0.1267,58,64
CATCGACAGTCTTAAG,P125W,0.6215,0.6215,40,9
CATCGAGAATCCTATT,R397S,0.0849,0.0849,332,547
CATCGATACTGAACGT,S492V,0.1081,0.1081,667,863
CATCGATCAACTATGG,,0.2012,0.2012,11601,8063
CATCGATCAATTTCAA,I548S,0.6393,0.6393,288,63
CATCGATCCGCAAGCT,,0.1216,0.1216,400,460
CATCGATGGTTATCTA,,0.1620,0.1620,3572,3084
CATCGCCCAAGCATCT,G275C,0.2306,0.2306,11656,7069
CATCGCGCATATCAAA,I339P,0.8857,0.8857,38,6
CATCGCGCCCATTCAT,,0.2689,0.2689,125,65
CATCGCGGAGGCGAAG,W537M,0.2514,0.2514,151,84
CATCGCGTGTGTGACA,K32C,0.0991,0.0991,1388,1958
CATCGCTTACTATAGC,N458G,0.1615,0.1615,1743,1509
CATCGCTTAGTCGTAG,M230K G504D,0.0000,0.0000,0,2
CATCGGAACACCAGAT,F469G,nan,nan,0,0
CATCGGGTTCTAGTAA,I297E,0.5403,0.5403,85,22
CATCGGTGTACAAGGT,Y488E,0.0532,0.0532,251,660
CATCGTACCGTGTTAT,,0.2278,0.2278,4582,2813
CATCGTCTACACAATA,,0.0595,0.0595,126,296
CATCGTCTGGCACAGT,A334E S492F,0.0000,0.0000,0,1
CATCGTGACAGGCAGG,A19N,0.0750,0.0750,110,205
CATCGTGTGAATATAA,P299D T436C,0.0000,0.0000,0,3
CATCGTTAATTTTACG,V5R A67T,0.0000,0.0000,0,6
CATCGTTAGTTTACAG,R496G,0.2035,0.2035,211,145
CATCTAAGACTACGAG,,0.0713,0.0713,696,1366
CATCTAATGAAAAAAA,I15Y T46Y,nan,nan,0,0
CATCTACAACCCGAGC,R547K,0.1425,0.1425,1035,1016
CATCTACTAATGCCAT,C466T,0.0000,0.0000,0,1
CATCTAGATCCCTGGC,L176C,0.1137,0.1137,513,631
CATCTAGTATCGCTTT,Q391K,0.0000,0.0000,0,2
CATCTAGTTATTAACC,R456P,1.0000,1.0100,65,9
CATCTATGTACCTACA,I87Q D415Q,0.0000,0.0000,0,3
CATCTATTACTTAAAA,V261R,0.1258,0.1258,1174,1305
CATCTATTAGCTTGAG,L430E,nan,nan,0,0
CATCTATTTCACTTAT,F233G,0.0958,0.0958,135,197
CATCTCCAGTGTAATA,,0.1428,0.1428,666,652
CATCTCCTACATCAGA,L51V,0.1479,0.1479,257,243
CATCTCTACCATAATA,G49L A218V E414Y,0.0000,0.0000,0,18
CATCTCTCCGAAGGGC,F79M,0.3473,0.3473,1063,428
CATCTCTTCCATGCCA,E89K,0.3004,0.3004,58,27
CATCTCTTTGTAGGCA,M292W,nan,nan,0,0
CATCTGATGAAACTCA,I514D,0.0000,0.0000,0,1
CATCTGGACGCAGGGA,E107P,nan,nan,0,0
CATCTGTAATGCGAGC,,0.1216,0.1216,3430,3946
CATCTGTATATTTGCA,Q545S,0.2105,0.2105,2159,1434
CATCTGTCCAAACTAA,G484V,nan,nan,0,0
CATCTGTTGTGTAATC,F467R,0.0000,0.0000,0,17
CATCTTAAAACCTCGA,,0.1656,0.1656,2707,2286
CATCTTAACCTCCAAA,Q12I,0.1465,0.1465,1567,1496
CATCTTAATTTTTAAA,K262aN,0.1735,0.1735,2965,2390
CATCTTATACCAGGGA,A93T,0.1569,0.1569,2846,2536
CATCTTATAGCCGATG,R81A,0.1040,0.1040,93,125
CATCTTCTTAAATATG,N389T R452W,0.0414,0.0414,29,98
CATCTTGTCATAAAAT,S311F,0.0999,0.0999,20,28
CATCTTTAACTCTACG,Q226P,0.3941,0.3941,31,11
CATCTTTTGTAGTTCT,K411H,0.1745,0.1745,3211,2573
CATGAAAAAGGGGACT,I288D R499T,0.0000,0.0000,0,1
CATGAAAACACATGGT,E500F,0.1123,0.1123,509,634
CATGAAAAGCATAAAA,W234A A459C,0.0000,0.0000,0,7
CATGAAAAGTACATCA,K9A S133R,0.1788,0.1788,372,291
CATGAAAATATCTAAT,A19R,0.0852,0.0852,385,632
CATGAAACCCGCAATA,L133aV,0.2926,0.2926,11957,5714
CATGAAATACCAACCT,,0.1802,0.1802,1058,821
CATGAAATCGCTTTCT,N224R,0.2344,0.2344,3487,2080
CATGAACCTAAGAAAA,D415K D419E,0.1619,0.1619,22,19
CATGAACGTTTGTCGC,K411F,0.2865,0.2865,127,62
CATGAAGAAAGAAATA,,nan,nan,0,0
CATGAAGACCAGGGAG,I302P,0.0000,0.0000,0,29
CATGAAGAGAAATGGC,K57E L59W H440T,0.0000,0.0000,0,4
CATGAATAAACGCCTT,D53Y,0.3830,0.3830,63,23
CATGAATGTGTCTTAC,T23N,0.0964,0.0964,111,161
CATGAATTCCGAAGTA,,0.2001,0.2001,156,109
CATGACCAGCTGGCCC,,0.1624,0.1624,1211,1043
CATGACCATCTAACAC,W69P R229P,0.0000,0.0000,0,6
CATGACCCGGATGTAG,R499I,0.0622,0.0622,440,990
CATGACCCTAAATTCT,L2Y N483H,0.0000,0.0000,0,1
CATGACCGACGACCTC,,0.1571,0.1571,182,162
CATGACGCGGAAGAGG,F251A,1.0000,1.4983,75,7
CATGACGTATGTCAGC,G337W E508N,0.3097,0.3097,31,14
CATGACTCACGTCAAA,C97P,0.0000,0.0000,0,11
CATGACTGCTCTTGTG,,0.1844,0.1844,906,687
CATGAGAAAAAACGCT,P306W,nan,nan,0,0
CATGAGAATTTGTGTA,Y17S Y518V,0.4958,0.4958,39,11
CATGAGACCGTCTATA,R328aF,0.5527,0.5527,83,21
CATGAGATACAAACCT,R329S,0.0000,0.0000,0,3
CATGAGATTCCAGTAT,F245W,0.1298,0.1298,2256,2431
CATGAGCACAAAGACG,E119C,0.1843,0.1843,506,384
CATGAGCCCTACAACA,S113M,0.0000,0.0000,0,2
CATGAGCGTAGGAGAA,S101G N446F,0.0821,0.0821,1277,2176
CATGAGGATGACTCGC,,0.1377,0.1377,1900,1930
CATGAGGCTCACTCAC,E246Q I548S,0.0000,0.0000,0,28
CATGAGTATAGATCCA,K9G,0.1664,0.1664,10850,9121
CATGATAATAACAATA,H110R S291T,0.1309,0.1309,73,78
CATGATATAGCACTAT,R114S W127T,nan,nan,0,0
CATGATCAAGCTCCGT,N129C L527A,0.7192,0.7192,36,7
CATGATCAGACTAAGA,V8A,0.0000,0.0000,0,60
CATGATCGGTGCATCA,K372* D386H F469E,0.0000,0.0000,0,2
CATGATCTATGTAACC,,nan,nan,0,0
CATGATGACTCAACAC,,0.1415,0.1415,690,682
CATGATGATACGACCA,,0.0795,0.0795,510,897
CATGATTATGTGTATT,L-1V,0.1767,0.1767,776,614
CATGATTTATACCCAC,G416R,0.0000,0.0000,0,1
CATGATTTTCACAAAC,P198K,0.0973,0.0973,955,1372
CATGCAAAAAATCCGT,L314G,0.0000,0.0000,0,3
CATGCAAATACGGCAG,L316S,0.0000,0.0000,0,3
CATGCAACTAGATATA,W421M,0.0000,0.0000,0,10
CATGCAATCCCCCCAG,G68W,0.0000,0.0000,0,3
CATGCACACTCTTAAA,I155P,0.0000,0.0000,0,11
CATGCACCATAATGCT,,0.2140,0.2140,2054,1342
CATGCACCGTTTCTTG,Y486P,0.0000,0.0000,0,11
CATGCATATACCATAA,,0.2081,0.2081,128,86
CATGCATTGAAAGTTT,L54V,0.0615,0.0615,160,364
CATGCCAGATAATCAA,C76M A459D,0.0000,0.0000,0,6
CATGCCGATTAAACCC,C97Y E501V,0.0000,0.0000,0,3
CATGCCGCTGGCGTAA,,0.0746,0.0746,1030,1932
CATGCCGTAATTAACT,W84T,0.5034,0.5034,36,10
CATGCCGTTGTGCACT,T28R,nan,nan,0,0
CATGCCTAGATATGCT,V88E I124K,nan,nan,0,0
CATGCGAAAGCCAGCT,V223T,0.0280,0.0280,86,430
CATGCGCCAGAAGAAT,E273D,0.2826,0.2826,388,192
CATGCTAAGCATTCGT,K328G,0.1080,0.1080,435,563
CATGCTCATTATGCTC,I87Q,0.0000,0.0000,0,5
CATGCTGAACTTTAGT,S6E K307S M431I I550P,nan,nan,0,0
CATGCTGCTAACATAT,S167R R321S T370P F469S,0.0000,0.0000,0,4
CATGCTGTGTCACACA,E476S,0.1421,0.1421,500,492
CATGCTTCATAAATCG,Y448E,0.0000,0.0000,0,6
CATGCTTGCTTGAAAA,E368Y F469T,nan,nan,0,0
CATGGAACGAGCCATA,V223R,0.1576,0.1576,1658,1471
CATGGAACGTAAAACT,K460T,0.0000,0.0000,0,11
CATGGACAATAATTCC,L300H,0.1024,0.1024,713,974
CATGGAGAGTCACCCA,N103D,0.0964,0.0964,1838,2665
CATGGAGCAAAATTTC,E461W,0.0000,0.0000,0,6
CATGGAGGTTAACCTA,,0.1970,0.1970,665,472
CATGGATTGACTAGCG,G333M,0.0311,0.0311,14,63
CATGGCAACCATCCCC,A528V,0.1418,0.1418,213,210
CATGGCCGTTTCCAAC,,0.2215,0.2215,499,315
CATGGCCTGGCAGTGG,K156M,0.1232,0.1232,842,956
CATGGCTAGAACCGGT,M30*,0.0000,0.0000,0,1
CATGGCTGCACAAAGG,L430H,1.0000,6.2929,45,1
CATGGCTTAACAGAGC,V261I,0.0278,0.0278,191,961
CATGGCTTAACCTTCC,G68R,0.1573,0.1573,9,8
CATGGGAGACCAATGC,M431K,0.1049,0.1049,27,36
CATGGGCAATTAAGAC,A138T,0.0074,0.0074,57,1075
CATGGGGGGCCCCAAA,S523R,0.0000,0.0000,0,3
CATGGTAAACTGGAAC,,0.0463,0.0463,144,435
CATGGTACTTCTGAAC,E327Q,0.1330,0.1330,2280,2398
CATGGTGCCTTTACAC,,0.1106,0.1106,2595,3281
CATGGTGTTACATGAT,K262aN N322R T370P F469T,0.0000,0.0000,0,1
CATGTAAATGAGCCGC,,0.3459,0.3459,47,19
CATGTAACGATCACTA,H110F,0.0000,0.0000,0,1
CATGTAACTATATAAA,,0.1445,0.1445,2845,2754
CATGTAATGCACACCC,,0.1110,0.1110,2368,2983
CATGTACATTCCTACC,N103H,0.1601,0.1601,3304,2886
CATGTACCTCACCTAA,V272M,0.1175,0.1175,21,25
CATGTAGAAACCAGTT,G263P,0.0000,0.0000,0,1
CATGTAGCAACTAACA,E398P,0.1368,0.1368,452,462
CATGTAGCCTGACTAT,E78V,0.0163,0.0163,34,291
CATGTAGTTTGACCTA,,0.1336,0.1336,3013,3153
CATGTATAACCAATAC,G55R V204L,0.0000,0.0000,0,13
CATGTATAGCAATTTG,P324H,0.2276,0.2276,8869,5450
CATGTATATACCGGAG,P306G,0.1633,0.1633,648,555
CATGTATCAAACTGCA,P92aN V395E T520H,0.0000,0.0000,0,14
CATGTATCTCGCAACC,I302H,0.0000,0.0000,0,11
CATGTCAAGGACCATT,V5R R328bM,0.0638,0.0638,89,195
CATGTCACATTTTTAC,D415Q,0.0000,0.0000,0,2
CATGTCATCAAAGAAA,H471M,nan,nan,0,0
CATGTCTATAGTACAT,N73H R114Q,0.0000,0.0000,0,5
CATGTCTGAAATTAAA,V66G S492P,0.0000,0.0000,0,13
CATGTGAAGAAAATGC,P306Y,0.0000,0.0000,0,7
CATGTGTACAGACTTC,,0.1526,0.1526,1851,1696
CATGTGTCACCCTTCA,N172M,0.0877,0.0877,498,794
CATGTGTCATAACAAG,G263Q,0.0000,0.0000,0,9
CATGTTAACCGCTCCC,P239K,0.2040,0.2040,1883,1291
CATGTTCGTTAAAGAC,,0.1387,0.1387,1188,1198
CATGTTGAATAAGAGA,Q12C,0.1167,0.1167,1309,1569
CATGTTGAGACTTATC,S167P S323K F469V C549M,0.2331,0.2331,30,18
CATGTTGCTGCCCGTA,,0.2110,0.2110,347,230
CATGTTGGGATATGAC,V261K,0.1443,0.1443,2125,2059
CATGTTGGGTGGAACT,,0.1573,0.1573,2464,2190
CATGTTTAATGTGATA,,0.1447,0.1447,651,629
CATGTTTAGATAAAAA,,0.1377,0.1377,1033,1049
CATGTTTAGCTTCATA,I123M,0.1948,0.1948,2411,1731
CATGTTTCTCGACAAC,N210I,0.0000,0.0000,0,8
CATGTTTGAGGGCAAA,K125aH A521C,0.1153,0.1153,202,245
CATGTTTGATTTTACA,A91C N408H,0.1942,0.1942,1129,813
CATTAAAAAAATAGGT,T35N T370V F469K,0.0000,0.0000,0,4
CATTAAAAAATATAGT,,0.0725,0.0725,440,849
CATTAAAACCATCTAC,F148W Q222C,0.1245,0.1245,65,73
CATTAAACAGATCTAT,D104F,0.1590,0.1590,5358,4712
CATTAAAGAGAACCTT,L213P,0.0000,0.0000,0,20
CATTAACAACCCATTG,L430P S492K,0.0000,0.0000,0,10
CATTAACACTTACTTT,K62M,0.1788,0.1788,6821,5336
CATTAACCTAGGTTTA,K157F,0.2491,0.2491,579,325
CATTAACGAACATAAG,S136W,0.0731,0.0731,91,174
CATTAACGCACACCCA,S167H R321V T370V F469Q,1.0000,1.2236,35,4
CATTAACGCTCGAATA,C466E,0.2221,0.2221,27,17
CATTAACTATATGGAA,G55N R404Q,0.2508,0.2508,4345,2423
CATTAACTGCAGCCCA,H295Q N379K,0.0000,0.0000,0,7
CATTAAGAAACAGATT,,0.1148,0.1148,1939,2362
CATTAAGCAAACAAAT,T283G,0.2051,0.2051,22,15
CATTAAGCCAAAGGAG,M478S,0.0000,0.0000,0,4
CATTAAGTGGTTATGA,L133aF,0.0000,0.0000,0,41
CATTAATACGCCTCGA,N20M M111S,0.0000,0.0000,0,4
CATTAATACGCGCCCA,H354L,0.1924,0.1924,1497,1088
CATTAATCCGAAGAGG,E-5T I297K G341D,nan,nan,0,0
CATTAATCGCATTGTA,P128G T266E C277*,nan,nan,0,0
CATTACAAATACAACA,K262aS E508M C539T,0.1287,0.1287,23,25
CATTACACGGAACTCA,D241C D474L,nan,nan,0,0
CATTACAGGTAGCAAA,T318H,0.0000,0.0000,0,6
CATTACATACCGCGAC,,0.1293,0.1293,209,226
CATTACATTTTCTCGA,I302Q,0.0000,0.0000,0,30
CATTACCACAACCTAC,D419V,0.0596,0.0596,49,115
CATTACCATTGTTTGG,I121W H276P,0.1729,0.1729,979,792
CATTACCGAAGTGAAG,E434L,0.1594,0.1594,57,50
CATTACCGAGATCAAA,S113A I550Y,0.4069,0.4069,323,111
CATTACCGCCCGTATT,K372F,0.1552,0.1552,1285,1158
CATTACCTAGCAACCA,G341V,0.1013,0.1013,100,138
CATTACGACCCGCGCA,Y105A,0.1917,0.1917,5489,4005
CATTACTATATCGGGA,L316I,0.1402,0.1402,456,455
CATTACTATGAAGATC,N158W,0.3441,0.3441,3917,1592
CATTACTCACTCCCGT,Q222K,0.2898,0.2898,1689,815
CATTACTTAGTTGCAC,,0.1679,0.1679,2966,2470
CATTAGAAAGTCCGAA,K9F R212A L430A,nan,nan,0,0
CATTAGAAGGCAGCAA,P92aS,0.1579,0.1579,9693,8586
CATTAGAGAATCTAAA,W127D,nan,nan,0,0
CATTAGAGCCTCATAC,D11Q,1.0000,1.9178,96,7
CATTAGCCAAACCGAA,N483G,0.1411,0.1411,326,323
CATTAGCTAGGGACGA,Q513R,0.0854,0.0854,94,154
CATTAGGGCCCCTAAA,E83N,0.0000,0.0000,0,12
CATTAGGTATTCTCCA,K216A,0.0899,0.0899,809,1259
CATTAGTGCTGATCGA,W84Q,0.0000,0.0000,0,6
CATTAGTTGTCTAATA,G134P,0.0000,0.0000,0,39
CATTATAAAAAGGACA,N169P T370R,0.2459,0.2459,51,29
CATTATAAAAGAAAAT,G319F,0.0000,0.0000,0,2
CATTATACCATGACAA,I406A,0.1979,0.1979,75,53
CATTATACTAAGAAAA,,0.0993,0.0993,1048,1476
CATTATAGAAACCGTG,A39Q E340N,0.0000,0.0000,0,3
CATTATCCATACGGAG,Y256D D438T,0.3560,0.3560,28,11
CATTATCGTAGAATAT,D419Q,0.0960,0.0960,293,427
CATTATGAATCTGGTC,C539Y,0.0000,0.0000,0,6
CATTATGAGCCTGTCC,K165V,0.0462,0.0462,527,1595
CATTATGTGTGACTGG,N250S,0.0675,0.0675,644,1335
CATTATTAACAGCATA,,0.0631,0.0631,93,206
CATTATTACACCCCGA,L179N,0.0444,0.0444,654,2058
CATTATTCTACGTCAT,H471S,0.0000,0.0000,0,9
CATTATTGTATAGTAA,T28*,nan,nan,0,0
CATTCAAACTCACCAA,E106Y P125A,0.0000,0.0000,0,13
CATTCAACTCCTAATT,H38Q L409Q G510aC,nan,nan,0,0
CATTCAATGTCCACTA,S6E,0.0960,0.0960,403,587
CATTCAATTATAAAGA,H355Q K450Y,0.1150,0.1150,668,812
CATTCACCCAGGTCAA,P74W E494W,0.0000,0.0000,0,2
CATTCAGACACCAACT,S146G,0.0900,0.0900,1851,2875
CATTCAGATTCCGCTA,N379H,0.1133,0.1133,478,590
CATTCAGCATAAGATA,G49A Q545L,1.0000,1.1763,143,17
CATTCAGCCTAACGCT,,0.1173,0.1173,1173,1398
CATTCAGGCCTGAATT,F233R K472I,0.0829,0.0829,991,1671
CATTCATACAATGGAA,L507Q,0.1119,0.1119,32,40
CATTCATATCCGAGAA,D240L,0.1521,0.1521,4870,4478
CATTCATCATCGGAAA,C97T,0.0000,0.0000,0,26
CATTCATTCAGAGCGG,A3V A67L R499Y,0.1052,0.1052,79,105
CATTCCATAGTCTAAA,N169V N322T S369F F469*,0.7691,0.7691,33,6
CATTCCCATGCAATAG,T370I,0.3466,0.3466,57,23
CATTCCGCGATGTAAA,L112I,0.2048,0.2048,246,168
CATTCCTTGTAAGAAG,G465D,0.0000,0.0000,0,8
CATTCGAAAGTGGTAT,K196G,0.1241,0.1241,2601,2931
CATTCGAACCGGAATG,,0.1537,0.1537,1705,1551
CATTCGAATAAAGCCT,W537D G542C,0.0392,0.0392,21,75
CATTCGAATAACAGAA,L402H,0.1668,0.1668,550,461
CATTCGACAACCGAGG,S503R,0.0205,0.0205,59,402
CATTCGACACATCCGT,,0.0804,0.0804,249,433
CATTCGCAACAGACAA,P125E,0.1567,0.1567,4370,3899
CATTCGCACCATTCGT,L527T,nan,nan,0,0
CATTCGGTGCTCGAAT,R81Y,0.1970,0.1970,10565,7500
CATTCGGTTCTACCAA,K460A,0.1411,0.1411,673,667
CATTCGTCAAGCCCAG,I42G H298S,0.0000,0.0000,0,7
CATTCGTGCCGAATGT,,0.1068,0.1068,265,347
CATTCTACTGATACGT,V315F,nan,nan,0,0
CATTCTATGCATCCTG,,0.3023,0.3023,147,68
CATTCTCATAATACAA,V261C,0.0833,0.0833,178,299
CATTCTCTCCGGCCAA,,0.1797,0.1797,3437,2675
CATTCTGAGTCCCCGC,M75T E461K,0.0000,0.0000,0,2
CATTCTGCGCTGCCTC,F399W,0.1132,0.1132,874,1080
CATTCTGCGCTGTGTT,P215W K372R,0.0000,0.0000,0,2
CATTCTTAAGGTAGTG,I123W G303V,0.5394,0.5394,27,7
CATTCTTACATGGTTA,L325A,0.1679,0.1679,2189,1823
CATTCTTTATAACCCC,D95H L430Y,0.0000,0.0000,0,1
CATTCTTTTGTACCTA,N150P,0.0479,0.0479,532,1554
CATTGAAAAATTCATA,H295E,0.0491,0.0491,193,550
CATTGAAAACAAACAT,E255R G533D,0.1473,0.1473,257,244
CATTGAAATGCATCTA,,0.1469,0.1469,438,417
CATTGAACAGAAATAA,,0.1089,0.1089,949,1219
CATTGAAGGCGTATAA,L51H,0.0000,0.0000,0,6
CATTGAAGTCAGACTC,S247K,0.0000,0.0000,0,9
CATTGAATAGTACCTC,K156N,0.0788,0.0788,164,291
CATTGAATGTACGACA,V204H,0.0000,0.0000,0,3
CATTGACACTTTGAGC,S524R,nan,nan,0,0
CATTGACCACAAATAT,T301V Y486D,0.1218,0.1218,27,31
CATTGACGTGATACAT,,0.1459,0.1459,265,254
CATTGAGAAGCGCGGT,P125I K387L,1.0000,1.6781,120,10
CATTGAGAGAGGTGAA,N224H A495W,0.1190,0.1190,131,154
CATTGAGCAAAAAAAA,,0.1694,0.1694,837,691
CATTGATACCATGAGA,,0.1512,0.1512,133,123
CATTGATAGATGGAAT,,0.1540,0.1540,882,801
CATTGATCACTTCCTT,,0.1289,0.1289,6613,7177
CATTGCAATCTTAACC,S203I N312A S361I,0.0000,0.0000,0,3
CATTGCACCAGGCATG,T370D,0.0000,0.0000,0,6
CATTGCATATGTTAAG,Y141N Y256I,0.0769,0.0769,533,969
CATTGCATATTTCCCA,D95S,0.1472,0.1472,1454,1381
CATTGCCGTCTTTATG,A144Q,0.1859,0.1859,3344,2515
CATTGCGTGTTGACCT,,0.1636,0.1636,344,294
CATTGCTAATTTGTAC,V223T,0.0470,0.0470,109,324
CATTGGAGATCAACGA,K156P K412F,0.5594,0.5594,68,17
CATTGGATTTCACCAT,G55W,0.1395,0.1395,3093,3100
CATTGGCCATGCTAAC,,0.0000,0.0000,0,4
CATTGGCCCTACACGA,T370V D487A,0.0000,0.0000,0,8
CATTGGCGTCGTTTAT,,0.1094,0.1094,1116,1426
CATTGTAACATCTACA,E304S,0.1172,0.1172,434,518
CATTGTATAACGGCAG,S185G T436K,nan,nan,0,0
CATTGTCGAACAATAT,K328cF,nan,nan,0,0
CATTGTCGAGATTGTG,S167P F469Y,0.0000,0.0000,0,5
CATTGTCTAACCCAGC,,0.2870,0.2870,39,19
CATTGTCTCCATATGA,P254G,nan,nan,0,0
CATTGTGATGGAGTGT,P284Y,0.0000,0.0000,0,6
CATTGTTAGTATGTCA,K238M L316W,0.3373,0.3373,41,17
CATTGTTCAAGTGAGC,E358L,0.1245,0.1245,1729,1942
CATTGTTCACATCGAA,D264N M531F,0.3687,0.3687,29,11
CATTTAAAAGACTATG,,0.1492,0.1492,576,540
CATTTACAAAACTCTA,W180M,0.0000,0.0000,0,1
CATTTACACATTTATC,,0.2700,0.2700,56,29
CATTTACCCAAAAGGC,K280V,0.1714,0.1714,935,763
CATTTACGGGAACACA,Q191E S369G,0.0000,0.0000,0,1
CATTTACGTTACAAAG,R90T,0.1903,0.1903,132,97
CATTTACTAATAAGAC,R499Q,0.0000,0.0000,0,130
CATTTAGCAAGTTGAA,T171M,0.2147,0.2147,909,592
CATTTATCAATTGAAA,M30C,0.0760,0.0760,112,206
CATTTATGTTCACATG,K157D,0.1942,0.1942,100,72
CATTTATTAAAACATA,,0.0069,0.0069,12,244
CATTTCAAGGTGGAAC,,0.0000,0.0000,0,32
CATTTCATAGTCTAAT,V152H E500K,0.1680,0.1680,1841,1532
CATTTCATCTTGAAAC,,nan,nan,0,0
CATTTCATTAAATGTT,N296S,0.0934,0.0934,1554,2327
CATTTCCACTTCACAA,,0.1729,0.1729,607,491
CATTTCCAGAGCAAGA,G504A,0.1450,0.1450,990,955
CATTTCCCAGGACATA,N389P,0.2587,0.2587,37,20
CATTTCCCCCGGTCAT,C14* K310D,0.0000,0.0000,0,11
CATTTCCCTCACGCGA,V56T,0.0000,0.0000,0,31
CATTTCGTCCAGCCAT,I60S,0.0022,0.0022,1,65
CATTTCTTATGTCGAC,F469E,0.0000,0.0000,0,5
CATTTGACAGGAGAAA,R227P,0.1496,0.1496,551,515
CATTTGCAACTGCGAA,R321D D366R T370S F469Y,0.0000,0.0000,0,1
CATTTGCCCAATGAAT,P140N,0.1897,0.1897,9167,6757
CATTTGCCTTCAAGAC,K328W,0.0994,0.0994,27,38
CATTTGGATTCTACCC,L112Y V420F,0.0000,0.0000,0,3
CATTTGTACCAATGAC,V429A,0.1487,0.1487,1113,1047
CATTTGTGATAAAATA,,0.0794,0.0794,434,764
CATTTGTTGCGCAATC,D264M G337E M530I W537*,0.0000,0.0000,0,7
CATTTTAAGACCTCAA,F148M,0.1643,0.1643,363,309
CATTTTAGCGTAACTT,S85P K328I,0.1711,0.1711,542,443
CATTTTATTATGTTTA,T23R D449M,0.8624,0.8624,111,18
CATTTTCAAGAAACTA,L427R,0.1606,0.1606,31,27
CATTTTGACAAATACA,M111E D386A,nan,nan,0,0
CATTTTTAGCAGAACG,K310E Q513Y,0.0000,0.0000,0,7
CATTTTTGTCCACACA,S22L D348R,nan,nan,0,0
CCAAAAAAACCTAGGC,V8P,0.0000,0.0000,0,4
CCAAAAACACCCTACC,A160T P324A,0.4776,0.4776,5113,1497
CCAAAAACAGAAGGTG,S361T,0.1947,0.1947,831,597
CCAAAAACAGCTGTAA,A39T L515G,nan,nan,0,0
CCAAAAACATACAATT,R321* F469S,0.0000,0.0000,0,9
CCAAAAAGACGCAGTA,,0.0000,0.0000,0,13
CCAAAAAGATCAGTTC,D231Q,0.0843,0.0843,1227,2036
CCAAAAAGGATGACTT,Q513W,0.0997,0.0997,1161,1629
CCAAAAATCGGTTCTC,,0.1588,0.1588,6030,5311
CCAAAAATGAGTTAAA,,0.2086,0.2086,1872,1255
CCAAAAATTCAAAGCC,R499W,0.1621,0.1621,7948,6858
CCAAAACATAAAATAA,A138G D366H T370F,0.3496,0.3496,15,6
CCAAAACCTCACGTAT,Y258E,0.3545,0.3545,109,43
CCAAAACGATTCAAAG,A317R,nan,nan,0,0
CCAAAACTAGAGGAAG,V429T,0.0000,0.0000,0,68
CCAAAACTTTAGAGCT,C277I,0.0000,0.0000,0,2
CCAAAAGAACATGACA,T163W,0.0938,0.0938,921,1373
CCAAAAGACAAGACAT,,0.2039,0.2039,5134,3521
CCAAAAGACTAGCGAA,F233C,0.3560,0.3560,28,11
CCAAAAGAGCCATTAA,F469S,nan,nan,0,0
CCAAAAGCAGAAGTAA,,0.2081,0.2081,125,84
CCAAAAGCGACACATA,,0.2407,0.2407,561,326
CCAAAAGGGCAATATG,V377I,0.0856,0.0856,249,407
CCAAAAGTAATGATAG,L430E,0.0000,0.0000,0,1
CCAAAAGTAATTCGAC,N48T V223L,0.0000,0.0000,0,24
CCAAAAGTCTAATACT,F245V,0.1031,0.1031,1157,1570
CCAAAAGTTCTAAGCA,F147R,0.3986,0.3986,57,20
CCAAAATACTCACGGA,Q359R,0.1390,0.1390,520,523
CCAAAATCAAGATTAC,M111N,0.0000,0.0000,0,14
CCAAAATGAACCGTTC,,0.2537,0.2537,205,113
CCAAAATTCACCATGG,L102E,0.0000,0.0000,0,3
CCAAAATTCCCAAACC,G205S,0.1592,0.1592,140,123
CCAAAATTTAATCCAG,H47L,0.0000,0.0000,0,13
CCAAACAAATCAGATT,Q25R N433D,nan,nan,0,0
CCAAACAACCAGAGCG,S65P K307E L320H,0.0000,0.0000,0,2
CCAAACAAGACTTTTA,S509P,0.2006,0.2006,538,375
CCAAACAATAGAGTAC,T28E A336W,0.0000,0.0000,0,2
CCAAACAGAGGCTTAG,,0.1738,0.1738,7625,6134
CCAAACAGGACTCTAC,E393L,0.1176,0.1176,618,735
CCAAACATACTTGATG,F392K,0.0000,0.0000,0,2
CCAAACATAGTGTAGG,,0.2007,0.2007,2505,1745
CCAAACATCGTCGAGA,I13N,0.0254,0.0254,2,11
CCAAACCATCAAAAAA,,0.1565,0.1565,5939,5306
CCAAACCCAGGCTGTT,L108C S480Y,0.0000,0.0000,0,32
CCAAACCCTGACAAAT,Y168H,0.1071,0.1071,167,218
CCAAACCTGGCATGTT,N312C,0.1634,0.1634,1012,866
CCAAACCTTCCAAATC,C97M,0.0000,0.0000,0,16
CCAAACGCGTGCTTCT,I-3H F469*,0.0000,0.0000,0,1
CCAAACGGATCCATCC,H117R S383F,0.2260,0.2260,1508,933
CCAAACGGGTGTACGC,L314P,0.0000,0.0000,0,8
CCAAACGGTAAATTCG,W180P L300G,0.0000,0.0000,0,26
CCAAACGTGTTCTAAA,H295F,0.0000,0.0000,0,32
CCAAACGTTAGCTTAA,E255G,0.1553,0.1553,2098,1889
CCAAACTCAAATATCG,Q359M,0.0879,0.0879,305,485
CCAAACTCCATTATTG,D366* T370R,0.0000,0.0000,0,5
CCAAACTGTGCACTTG,L59N,0.0807,0.0807,220,381
CCAAACTTAATAACAC,Y141I C466M,0.0000,0.0000,0,2
CCAAACTTCCTCGACA,K157R V444I,0.3888,0.3888,1949,701
CCAAACTTTGCTTGAA,H130N,nan,nan,0,0
CCAAAGAAGGTGTTTA,N92R,0.0851,0.0851,941,1547
CCAAAGACAGAGCACA,V381R,0.0000,0.0000,0,5
CCAAAGATATGACCAC,R90V,0.1713,0.1713,4768,3893
CCAAAGATCAACTCAA,R328bA A528T,0.0915,0.0915,429,656
CCAAAGATGTACAACA,Y141A G349Y,0.0000,0.0000,0,5
CCAAAGCCTGCAGCTG,C277V,0.0000,0.0000,0,1
CCAAAGCTACTGAGAG,E461R,0.0000,0.0000,0,3
CCAAAGTAAACCCTAC,S503L,0.1707,0.1707,2847,2332
CCAAAGTAATTATTTA,E508K,0.0524,0.0524,27,72
CCAAAGTCTTCCCTTA,E434V,0.1678,0.1678,18,15
CCAAAGTGACAACTCC,,0.1398,0.1398,2,2
CCAAAGTGACTTGAGC,N289V,0.2294,0.2294,1524,929
CCAAATAAAATCAGCG,K387F,nan,nan,0,0
CCAAATAAGTAAATGG,N193F,0.1592,0.1592,5765,5063
CCAAATACAACCCATA,V377N I550C,nan,nan,0,0
CCAAATACGGAAACCA,H298F G416P,0.0000,0.0000,0,19
CCAAATAGAAACTTAT,I-3S,0.1320,0.1320,4793,5078
CCAAATAGATTAAATA,K380M,0.1026,0.1026,4155,5662
CCAAATAGCGCGGTAT,,0.1315,0.1315,910,968
CCAAATATAGACCATC,S167L N322* K367A F469T,0.0000,0.0000,0,22
CCAAATATTCTCAATC,I384T,0.2161,0.2161,51,33
CCAAATCACGCGTTAC,,0.1773,0.1773,1622,1279
CCAAATCATATATCAC,N48W F439T,0.0667,0.0667,21,44
CCAAATCTCAGGCCAT,S543P,0.5511,0.5511,134,34
CCAAATGCTCTCCCTA,R173D,0.1927,0.1927,1367,992
CCAAATGGCCATAATA,W127Q C539*,0.0000,0.0000,0,1
CCAAATTATTTTGACT,N410G W537*,0.0745,0.0745,90,169
CCAAATTGCATTCGAG,K506C,0.4720,0.4720,27,8
CCAAATTGGAATCACG,,0.1332,0.1332,2669,2802
CCAACAAAACCCTCAA,I115M S509P,0.0000,0.0000,0,7
CCAACAAACCAATAAA,S10V,0.6293,0.6293,81,18
CCAACAAATGTATTGT,D487N,0.0427,0.0427,22,72
CCAACAACTTACAGAT,A495Q,0.0495,0.0495,159,449
CCAACAAGTCATCCGC,I115M,0.0000,0.0000,0,9
CCAACAATAATAAAAA,I42W L179N,0.0000,0.0000,0,4
CCAACAATAGGACGAT,L300M,0.1379,0.1379,1370,1389
CCAACACGCGAAATAA,N197S N424V,0.0799,0.0799,12,21
CCAACACGGAACACAC,,0.1939,0.1939,251,181
CCAACAGACTAATAAC,V151T G225E,0.0000,0.0000,0,150
CCAACAGATCACTCAA,R114I K313N,1.0000,inf,30,0
CCAACAGCGACCTCTA,N312P,0.1269,0.1269,4264,4699
CCAACAGCTGGCCAGT,N103V Y308M,0.2118,0.2118,106,70
CCAACAGGTGAAAGAC,L527*,0.0000,0.0000,0,19
CCAACATACCACGAAT,A188G R321L K372C,nan,nan,0,0
CCAACATATATAAAAT,I29E S311P,nan,nan,0,0
CCAACATGAATTTAGA,T283R,0.0000,0.0000,0,6
CCAACATGTAAGTACG,G49Y K262M,0.0844,0.0844,32,53
CCAACATGTCTGGATT,K380W T511I,1.0000,1.2411,71,8
CCAACATTAACCCGTT,D264F,0.0843,0.0843,414,687
CCAACATTACCACGAC,G55R N278P,nan,nan,0,0
CCAACCAAGAGTTGCA,T266S,0.0000,0.0000,0,4
CCAACCACAGACGCGT,,0.1611,0.1611,9435,8189
CCAACCATTCTAACTA,H440E G463D,0.0000,0.0000,0,6
CCAACCCAGCCTATGC,T132I,0.1332,0.1332,4005,4204
CCAACCCGCAAAAAGC,K45I,0.1403,0.1403,2148,2141
CCAACCTAAAAGCATC,N379I Y470C,nan,nan,0,0
CCAACCTATCATGATT,N433Y,0.0000,0.0000,0,34
CCAACCTCGTTCGTAA,D27W,0.0000,0.0000,0,10
CCAACCTTAAATGTAG,P198H D419L,0.0000,0.0000,0,3
CCAACGACAGGATTTA,K165A,0.1439,0.1439,3134,3046
CCAACGACTACTGCCT,,0.1498,0.1498,12915,12058
CCAACGATTACAACTA,N73T,0.2119,0.2119,3581,2363
CCAACGTGAAGTGCGG,G205E N357K,1.0000,2.6221,75,4
CCAACGTGGTACAACG,T370G G463S F469Q,nan,nan,0,0
CCAACGTTAAAACAAT,V315D,0.0000,0.0000,0,2
CCAACGTTGTTCACTA,V82Y,0.2090,0.2090,801,536
CCAACTCAAAACCCCC,Y448H,0.0000,0.0000,0,39
CCAACTCATATCATGC,Q513A,0.1471,0.1471,2902,2758
CCAACTCGAGCTAGGA,S10G,0.0640,0.0640,350,765
CCAACTCTGCCCAGGA,E107K E500K G533S,1.0000,2.3773,34,2
CCAACTGAAAATCAAT,,0.2077,0.2077,4762,3206
CCAACTGAAACAAACC,S6D,0.0489,0.0489,140,400
CCAACTGATCATAGAA,L-1H R149I E501H,0.1280,0.1280,5412,5914
CCAACTGCCAATGGAA,P92aA,0.2081,0.2081,183,123
CCAACTGCGCAAGTAG,C305V,nan,nan,0,0
CCAACTGTAAACTAGG,T208L Y486I,0.0000,0.0000,0,32
CCAACTTCCTAGCATC,N103D S270W,0.6060,0.6060,26,6
CCAAGAAAAGACAGAC,N169G S369G F469E,0.0000,0.0000,0,10
CCAAGAAAATACCATA,E479I,0.1800,0.1800,3445,2676
CCAAGAAGAAACGATA,I13F L133aM,0.1432,0.1432,169,165
CCAAGAGAGGGAATTA,R329A,0.0000,0.0000,0,3
CCAAGAGCCATAAAGC,D241A E246D,0.0000,0.0000,0,10
CCAAGATAGTAAGAAC,R328aW A364D,nan,nan,0,0
CCAAGATCCCATAGAC,I4Y E246K K450R N458S E468G,nan,nan,0,0
CCAAGATTCTTTATTT,Y423D,0.5128,0.5128,22,6
CCAAGCACATCTCAAA,G49A E368K,0.0466,0.0466,2,6
CCAAGCACGGTACCAT,N158G,0.3139,0.3139,1742,776
CCAAGCAGGCATAATC,I385E,0.0000,0.0000,0,17
CCAAGCATAATCAAGG,,0.1442,0.1442,33,32
CCAAGCATGAATCTAC,R321G K367T,0.0000,0.0000,0,4
CCAAGCATGACTCTGT,A137T N458A S509R,0.0721,0.0721,165,320
CCAAGCATTATGTAGA,,0.3274,0.3274,775,331
CCAAGCGAAAATTACT,R114P,nan,nan,0,0
CCAAGCGAAACGGAGC,L59F V510L,0.1467,0.1467,1866,1779
CCAAGCGGTCATGCTA,S291I,0.3253,0.3253,3401,1462
CCAAGCTAAGAGCTTA,N20Q A459T,0.0000,0.0000,0,15
CCAAGCTATCGAACTA,N382K,0.1996,0.1996,471,330
CCAAGGAAGTGTCAAT,V88N,0.3996,0.3996,80,28
CCAAGGAGTGCTTACG,,0.1672,0.1672,1349,1128
CCAAGGATAAGTTTTA,E434P,nan,nan,0,0
CCAAGGATCAGGCAAT,S356W,0.1614,0.1614,1228,1064
CCAAGGCGAAATCCAG,P82aT E508T,0.0000,0.0000,0,1
CCAAGGTGCATAACCT,A334H,0.8041,0.8041,69,12
CCAAGTAAAGGAATTA,Q222T,0.1136,0.1136,52,64
CCAAGTACACGCATTA,S442I,0.1312,0.1312,698,744
CCAAGTCACGAAATAC,Y351W N483L,0.0000,0.0000,0,4
CCAAGTCATGCAAGAA,A91V,0.1551,0.1551,2798,2523
CCAAGTCATTACCGAG,E468M,0.1141,0.1141,2609,3199
CCAAGTCCCAATCCCT,L209C A317R,0.2303,0.2303,28,17
CCAAGTCGAACCCACA,G504W,0.0880,0.0880,153,243
CCAAGTCGCAGGTCAA,Y201N A218T,0.0346,0.0346,24,97
CCAAGTCGCCATGGAC,,0.1592,0.1592,2211,1942
CCAAGTGACGTACTCA,L177W,0.3196,0.3196,16,7
CCAAGTGTACATTTAA,E479K,0.1057,0.1057,2774,3670
CCAAGTTAAATCAAAT,L177R Y512R,0.0000,0.0000,0,2
CCAAGTTACACTTTTA,H117R,0.1409,0.1409,131,130
CCAAGTTGCTCGCAAT,A257Q,0.0000,0.0000,0,4
CCAATAAAAACTTTGT,N224V L527M,0.0000,0.0000,0,24
CCAATAAAATGCAAAG,I550V,0.1179,0.1179,2219,2633
CCAATAAAATTGACGC,,0.1288,0.1288,314,341
CCAATAAACACGAGTA,H471T,0.5244,0.5244,60,16
CCAATAAACACTATCA,,0.1654,0.1654,3964,3352
CCAATAAATCAGTGCA,,0.2045,0.2045,193,132
CCAATAAATTAAATTG,N410T,nan,nan,0,0
CCAATAACTAATGAAT,L237P E246G,1.0000,1.3829,89,9
CCAATAATCGAAAATT,I384Y,0.0987,0.0987,497,704
CCAATACAGAAAGACG,Y256W,0.1228,0.1228,953,1085
CCAATACATAAGTACC,C546L,0.2980,0.2980,505,237
CCAATACATGTGCCTA,E461K,0.0000,0.0000,0,2
CCAATACCGGGTACCC,Q25E V151L Y258Q S503N,0.0000,0.0000,0,3
CCAATACTCCATAGTA,L54P F251V D415N,0.3765,0.3765,70,26
CCAATAGATCCAGTTG,L7D A336T,0.6433,0.6433,23,5
CCAATAGTCGAGCCCT,V8L N158K,nan,nan,0,0
CCAATATAAATAATTG,Y86H K450R,0.0000,0.0000,0,1
CCAATATAAGCAAATA,Y353G M531I,nan,nan,0,0
CCAATATAGGAAAGAA,K196Q G510aL,0.1084,0.1084,2171,2802
CCAATATAGTATGAGG,G72R H471N,nan,nan,0,0
CCAATATCGTTTCTAC,R321* T370N,nan,nan,0,0
CCAATATGGGCTTTAA,I-3K,0.1086,0.1086,2280,2935
CCAATATTCTTACATG,,0.1803,0.1803,49,38
CCAATCACCATGTTCG,P254D,0.1748,0.1748,20,16
CCAATCCAATACAGAA,E174K,0.4195,0.4195,72,24
CCAATCCATTAGATAA,L102R,nan,nan,0,0
CCAATCCGACATTACA,H18M,nan,nan,0,0
CCAATCCGTTCGAGTG,S101M,0.2186,0.2186,286,183
CCAATCGGCTAATGCA,Y256H,0.0796,0.0796,858,1508
CCAATCGTACATACAG,S291I,0.2388,0.2388,1279,749
CCAATCTATAACGGTT,Y98V G337E M530E,1.0000,2.0976,15,1
CCAATCTTGCGAAAAC,,0.1056,0.1056,241,319
CCAATGAAAAGCTTGC,Q391S,0.2975,0.2975,117,55
CCAATGAAACAAATCG,C281D,0.0000,0.0000,0,3
CCAATGAGAACGGGAA,V34*,nan,nan,0,0
CCAATGAGGACGTTGC,G263T,0.0000,0.0000,0,5
CCAATGATGCAGTGAT,P58Y,1.0000,1.0838,31,4
CCAATGCATAAGAAAA,S519D,0.0000,0.0000,0,17
CCAATGCGTTCCAATC,,0.1562,0.1562,162,145
CCAATGGACAGGCCAG,L70Y,0.4817,0.4817,31,9
CCAATGGACGCAATCC,G228T,0.6712,0.6712,48,10
CCAATGGTATCTTGAT,S85P H440Y,0.0000,0.0000,0,3
CCAATGTCAAGAGGTA,G465D,0.6992,0.6992,95,19
CCAATTACCCGTATTT,A364D,0.2468,0.2468,30,17
CCAATTACTAATTAAG,,0.2341,0.2341,2247,1342
CCAATTAGTGGTCAGA,A364D,0.0000,0.0000,0,8
CCAATTATTACCGTTC,L7G L133aH,0.3473,0.3473,1572,633
CCAATTCTTAAACAGA,N129Q N278W,0.1395,0.1395,724,726
CCAATTGAGTCATAGA,K412I,1.0000,1.1569,182,22
CCAATTGATCCATCTG,L409Y,0.0000,0.0000,0,8
CCAATTGATTAGTAAT,Y512V G533S,0.1080,0.1080,981,1270
CCAATTGCTAATACCA,H184E,0.0000,0.0000,0,5
CCAATTGTACGGCATT,L54M G533V,0.1304,0.1304,275,295
CCAATTGTGCTGAATG,D27G C539V,0.0000,0.0000,0,6
CCAATTTAAACCGCCT,E78- F79- I80- G330C I514A,0.0000,0.0000,0,9
CCAATTTGAACTAAAA,N357R,nan,nan,0,0
CCAATTTGATATATGA,N103P,0.0458,0.0458,146,446
CCAATTTGCCACCAAC,N389I,0.1435,0.1435,551,537
CCACAAAAAATAACCC,I517C,0.3554,0.3554,61,24
CCACAAAAACGTTTAG,,0.0000,0.0000,0,32
CCACAAAATGACAAAA,E403R,nan,nan,0,0
CCACAAAATGATTGAT,,0.1229,0.1229,2995,3409
CCACAAACTGACTGGC,H440C,nan,nan,0,0
CCACAAAGAGAAAGTC,,0.1275,0.1275,535,587
CCACAAAGCTAAACAC,Q25K,0.0817,0.0817,159,272
CCACAAAGGACTCCCG,K387N,0.1036,0.1036,3441,4644
CCACAACAGGGAATTA,*551L,0.0533,0.0533,96,252
CCACAACATCGGAGCA,S311K,nan,nan,0,0
CCACAACCAATGAGAA,N248D F469H P489S,nan,nan,0,0
CCACAACGTATGATAG,P125F,0.0000,0.0000,0,11
CCACAAGAAAAACAGT,K120S A242H,0.1510,0.1510,27,25
CCACAAGAATTGAAAC,Q282V,0.0000,0.0000,0,12
CCACAAGCCCTCATGA,P82aT R90I,0.6293,0.6293,108,24
CCACAAGTACGAGCAA,,0.0927,0.0927,55,83
CCACAATCCGATAACA,L71W C277L,0.0000,0.0000,0,3
CCACAATTAGCATAAT,T28D K445L,0.2198,0.2198,33,21
CCACAATTTAGAGTTT,C76* N458M,0.0000,0.0000,0,3
CCACAATTTGGGTCAA,T370K,nan,nan,0,0
CCACACACGGAAAGTA,D175N,0.1039,0.1039,661,890
CCACACAGAAGGCAAA,E24K T35R,0.1054,0.1054,1305,1731
CCACACAGATACGAAC,V56H,0.0607,0.0607,243,560
CCACACAGGCTTCCCT,V505I,0.1414,0.1414,93,92
CCACACATAAGCTGAC,T199N E500K,0.0000,0.0000,0,30
CCACACCAAATAGAGA,,0.1249,0.1249,677,758
CCACACCATAGTGTGT,L402V,0.0428,0.0428,26,85
CCACACGCGGAGCCTG,F332G,nan,nan,0,0
CCACACGCTACCATAT,R328bK,0.2010,0.2010,46,32
CCACACGGTGGGCAAT,K498C,0.2278,0.2278,316,194
CCACACGTTCGGCGAC,S113I,nan,nan,0,0
CCACACTGTTTATCAA,L61I,0.1146,0.1146,300,366
CCACACTTAATACACT,S113E,0.9439,0.9439,27,4
CCACACTTCATATAGC,D95K,0.0875,0.0875,566,905
CCACAGAAAATTGGGA,T35E,0.0000,0.0000,0,7
CCACAGAGCACCAAAT,A459T,0.0000,0.0000,0,23
CCACAGAGGCTCGTAA,N20V,0.0000,0.0000,0,2
CCACAGATGGGGCCTT,L71W K262aG,0.0000,0.0000,0,1
CCACAGCATGTTTTGC,G16E Q211H D449K V510M,0.0000,0.0000,0,7
CCACAGCTTAAGAATC,F79L S442D,0.0000,0.0000,0,6
CCACAGCTTTCGTATC,S167R R321V,0.0000,0.0000,0,11
CCACAGTAAAGATACT,V510F,0.0000,0.0000,0,11
CCACAGTACTCATTCC,S167T F469V,0.0000,0.0000,0,8
CCACAGTGGCCGCCAC,T485C,0.0846,0.0846,618,1021
CCACAGTTGGAAACAC,I288M E393N,0.0280,0.0280,32,160
CCACATAAAAATCGGC,D11I,nan,nan,0,0
CCACATAAAATATAGA,P162H,0.1371,0.1371,2042,2083
CCACATAAGCATGGTT,,0.0783,0.0783,145,259
CCACATATAGCACAAA,T318W,0.0599,0.0599,63,147
CCACATATGCTAATAA,E461G,0.4195,0.4195,66,22
CCACATCAAATCAAAA,Y448D,0.0000,0.0000,0,8
CCACATCAATTGTTAA,S167L T370I F469Q,0.0000,0.0000,0,4
CCACATGAAACGATGA,Q25T P293E,0.0000,0.0000,0,3
CCACATGAAGTTATTC,,0.0713,0.0713,317,622
CCACATTCTTGAAATA,E78S,0.1966,0.1966,381,271
CCACATTGAATTAAGC,Y353T,0.0000,0.0000,0,17
CCACATTGCTCTCATT,A39K,0.0000,0.0000,0,3
CCACCAACTCCCTGTT,D438M,0.1509,0.1509,8285,7678
CCACCAAGAATCATCT,L1Q Y363Q F439E,0.0000,0.0000,0,6
CCACCAAGTTAACACA,S10D G225L Q545A,0.0000,0.0000,0,9
CCACCAATGTATCGAA,T46S,0.1481,0.1481,430,406
CCACCACATCCTAGGT,,0.0915,0.0915,2341,3577
CCACCACTACGAAGCA,I335R,0.0000,0.0000,0,8
CCACCACTCTGGTTAA,I178N,0.2972,0.2972,34,16
CCACCAGAATAGCCTA,K109W,0.2114,0.2114,133,88
CCACCAGGGCTGTCGC,N20D E414Y,nan,nan,0,0
CCACCAGGTATTATAA,D63N A253T E327D,0.1700,0.1700,1112,915
CCACCATAGAAGCCCA,I502A,0.8327,0.8327,131,22
CCACCATGAGGACGAA,N433P,nan,nan,0,0
CCACCATTTCCGTACC,E83C,0.0000,0.0000,0,5
CCACCCACTATGAGAA,,0.1219,0.1219,868,996
CCACCCATCGTTATAC,,0.1657,0.1657,8523,7195
CCACCCATGCCCTATG,A188G C277* I548L,nan,nan,0,0
CCACCCCAAAATCCAC,P293H,0.0000,0.0000,0,5
CCACCCCAGAACCATC,,0.0000,0.0000,0,120
CCACCCGTGCAGTATC,A138P M413V E476Y,0.1567,0.1567,102,91
CCACCCGTGGCCGAAT,,0.0000,0.0000,0,2
CCACCCTAAATCACAT,,0.1324,0.1324,4785,5053
CCACCCTACCCAGATC,I60C,0.1948,0.1948,78,56
CCACCCTAGGATTCAA,V152E,0.0885,0.0885,312,493
CCACCCTCATCAAGAC,R220W E426V,nan,nan,0,0
CCACCCTCTCAACTCA,L102E,0.0000,0.0000,0,4
CCACCGAACTAACATA,Y17P,0.0000,0.0000,0,17
CCACCGATTGATAGTA,D77F,0.0699,0.0699,6,12
CCACCGGAAACCCTAT,,0.0907,0.0907,61,94
CCACCGGACTAGGACA,V395E,0.1937,0.1937,694,501
CCACCGGCATGAAGAC,I87H S523L,nan,nan,0,0
CCACCGGGGGATGCAA,N197E,0.0823,0.0823,2511,4267
CCACCGTACCTACCGA,G263S,0.0000,0.0000,0,23
CCACCGTGAAAAATAT,M478I,0.0874,0.0874,293,469
CCACCTAAAATCGGAA,V88K,nan,nan,0,0
CCACCTAATGCACTAA,E119Y,0.0390,0.0390,65,233
CCACCTACGCGGACTT,T219F E508G,0.2034,0.2034,112,77
CCACCTCATATACACT,S85M D375N,0.0000,0.0000,0,1
CCACCTGCATGAGACA,A317L,0.0566,0.0566,96,237
CCACCTGGATTAAAGA,F469G R547V,0.0000,0.0000,0,7
CCACCTTAGTCCTCCA,E174H,0.1003,0.1003,1338,1865
CCACCTTCACCTTAGA,A365R S523L,0.0000,0.0000,0,10
CCACCTTTGAACCCCC,N54aM,0.1417,0.1417,2818,2782
CCACCTTTGCACAAGG,,0.1201,0.1201,1308,1523
CCACGAAAGCGTTGAA,,0.1748,0.1748,1175,940
CCACGAAATTCATAAT,E479I,0.0780,0.0780,330,592
CCACGAATGAGCCGCC,,0.1161,0.1161,1223,1473
CCACGACAGTTATAAT,P306Y,0.0000,0.0000,0,3
CCACGACATAACTTCC,L237S,0.0000,0.0000,0,6
CCACGACGCAGGCAGG,D474N,0.1156,0.1156,2466,2984
CCACGACGGAATGTTC,H110M,0.1406,0.1406,2333,2320
CCACGAGCACTGCCAG,N446F,0.1365,0.1365,1645,1685
CCACGAGGCAACCTAC,I384C,0.6593,0.6593,165,35
CCACGATATGCGGGTC,N224V,0.0833,0.0833,59,99
CCACGCAATCAATCCC,C305L,0.0000,0.0000,0,2
CCACGCACAAAGTGTG,L409S,1.0000,1.1467,41,5
CCACGCAGCATTTGCC,,0.0000,0.0000,0,2
CCACGCATTGATACAC,N400P,1.0000,1.3222,104,11
CCACGCGTATAGAGCC,N400K,0.1305,0.1305,139,149
CCACGCGTTGACGAGG,S167K N322G A364T S369L F469R,nan,nan,0,0
CCACGCTGACCCTATA,,0.0959,0.0959,157,229
CCACGCTTCCCCATTT,L2W,0.0708,0.0708,2328,4596
CCACGGCATGATATCG,D441V,0.0889,0.0889,75,118
CCACGTAAATCGATTG,G143M,0.1034,0.1034,323,437
CCACGTACCAAACCCC,,0.1851,0.1851,8124,6139
CCACGTATTGGACACT,R329Y,0.3030,0.3030,130,60
CCACGTCTATAAAATC,I252S,0.0000,0.0000,0,5
CCACGTGTCACCTGAC,,0.1872,0.1872,656,490
CCACGTGTGCCAATGC,S265Y T370S,0.2564,0.2564,44,24
CCACGTTTATCAAATG,R328aI,0.0000,0.0000,0,1
CCACTAAAATGATTTA,V36A I517K,0.0000,0.0000,0,2
CCACTAAACTGAACAA,G303Y,0.0000,0.0000,0,12
CCACTAAATTCGACAG,G181S N389R,0.7342,0.7342,21,4
CCACTAAGGCGCAGAT,W153D,nan,nan,0,0
CCACTACCACAAACTA,N172P,0.0000,0.0000,0,1
CCACTATACCAGTTCC,D11F L427S,0.0000,0.0000,0,19
CCACTATAGTACATCT,C546D,0.2545,0.2545,91,50
CCACTATATAGTCTCG,P162M,0.1431,0.1431,133,130
CCACTATGATCCAAAA,N116M P284L,0.0000,0.0000,0,184
CCACTATTTTGGAACA,I243S,0.0000,0.0000,0,1
CCACTCAAATAAGTAC,K269I,0.1563,0.1563,949,849
CCACTCAACGGGAGAA,R496W,0.1253,0.1253,7259,8102
CCACTCCCTAGGCAGC,Y201T P306E,0.0000,0.0000,0,4
CCACTCCGACGCTATA,F469V,nan,nan,0,0
CCACTCCTGTGATTAT,F392M,0.0000,0.0000,0,41
CCACTCGAGAAATCCT,W350D,nan,nan,0,0
CCACTCGATACGAACT,A257S,0.0000,0.0000,0,35
CCACTCGGCATTATAC,F233P,nan,nan,0,0
CCACTCTACCAAGGAT,G225Y R229I,0.0000,0.0000,0,10
CCACTCTTACCTGCTC,L179D,0.0000,0.0000,0,6
CCACTCTTCACCATTA,I297W A365T,0.0000,0.0000,0,3
CCACTGAAGTCTAAAA,N129M,0.2088,0.2088,224,150
CCACTGCGCTAAAAGC,D63E E407K,0.0834,0.0834,347,582
CCACTGGCGTCCTAGT,E403R,nan,nan,0,0
CCACTGTAAGCAACCC,,0.0000,0.0000,0,1
CCACTTAAAAGCTCTG,I42W I406E,0.0000,0.0000,0,5
CCACTTAAACGCAAAT,A526T,0.1551,0.1551,895,807
CCACTTAAAGCGATAG,E106W,0.0000,0.0000,0,4
CCACTTACCAATCACT,,0.1310,0.1310,385,411
CCACTTAGGCAAATGC,,0.1443,0.1443,1821,1765
CCACTTGAAAAAGGAA,S369D,0.0920,0.0920,480,730
CCACTTGATACCTCCA,I15N,0.0000,0.0000,0,8
CCACTTGATGTAGTAG,K45M,0.0649,0.0649,1773,3820
CCACTTTCAAACAACG,A214Q,0.0000,0.0000,0,6
CCACTTTTAAAGAGTA,H117P,0.0000,0.0000,0,1
CCACTTTTTGGTTTTT,N312H,0.1777,0.1777,1737,1367
CCAGAAAAAATTGGGA,K156D,0.0000,0.0000,0,2
CCAGAAAAATTTACAC,K328P,0.1789,0.1789,119,93
CCAGAAAACCGGTGAA,S65W,0.4511,0.4511,100,31
CCAGAAAAGATTCTAT,D415V,0.0000,0.0000,0,2
CCAGAAACATTGTGAT,V429M S519F,nan,nan,0,0
CCAGAAAGCTTTCCGA,Y98N N169W T370P F469L,nan,nan,0,0
CCAGAAATTTAAGGTT,T283G,0.0000,0.0000,0,4
CCAGAACAATAACTAC,,0.0980,0.0980,3151,4498
CCAGAACCTGCTTTGA,,0.0681,0.0681,151,310
CCAGAACTATGTTCTC,V8I S146G,0.0000,0.0000,0,11
CCAGAAGAGAGAAAGT,V223Q,0.1757,0.1757,500,398
CCAGAAGGAATATTCT,A528K,0.0000,0.0000,0,1
CCAGAATAACTTACGC,,0.1485,0.1485,2640,2486
CCAGAATAAGATTTTT,K313Y,0.1084,0.1084,1274,1644
CCAGAATACTGTCACA,Q282S,0.0000,0.0000,0,3
CCAGAATCTCAAACCT,N116I,0.1805,0.1805,1349,1045
CCAGAATGCTTACCTA,L325E,0.2017,0.2017,2101,1457
CCAGAATGGCGATGCG,,0.1371,0.1371,4107,4188
CCAGACAAAAAGCCTG,,0.1142,0.1142,446,546
CCAGACAAGTACATAA,,0.0000,0.0000,0,9
CCAGACACTGCACAAA,F467Q,0.0000,0.0000,0,13
CCAGACCGACCTCCAG,K9N,0.1029,0.1029,445,605
CCAGACCTGAACCAGA,S167Y,0.1335,0.1335,1440,1508
CCAGACGAACTCGAAG,N33K D95E,0.1223,0.1223,417,477
CCAGACGCATTTGAAT,,0.2267,0.2267,2146,1324
CCAGACTAAACAATAC,T23G,0.1349,0.1349,792,821
CCAGACTAAAGACGAA,K460M,0.1034,0.1034,1709,2312
CCAGAGAAGAATCCTA,Q25L A425L,0.3335,0.3335,31,13
CCAGAGATACAGACGA,K45Q,0.1115,0.1115,3405,4269
CCAGAGATGTAGATGC,,0.0618,0.0618,554,1254
CCAGAGGAAAGAAGAG,E340I,0.2597,0.2597,26,14
CCAGAGGCGCATACAA,N48Y,0.0299,0.0299,86,402
CCAGAGGTACGAAACT,I529R,nan,nan,0,0
CCAGAGTACTCCAGGA,K310L,0.0000,0.0000,0,4
CCAGAGTTGAAACGTT,G319F,nan,nan,0,0
CCAGATAGAAGCGCAT,I302W,0.0000,0.0000,0,2
CCAGATAGAATGGCCG,I121P C546M,0.1617,0.1617,37,32
CCAGATAGATTATAAA,I15D,nan,nan,0,0
CCAGATATCAAAACTA,I339R,0.6072,0.6072,165,38
CCAGATCCGCTTTATC,N-4P,0.0000,0.0000,0,3
CCAGATCTCGTGTTTA,G228E,0.0000,0.0000,0,3
CCAGATTGCGTGCTCT,V151H W350* K412Y,0.0000,0.0000,0,1
CCAGATTTAAATAAAT,Q40F,0.1425,0.1425,1632,1602
CCAGATTTAACAAGTC,E273D,0.2131,0.2131,3297,2164
CCAGCAATGTATGCTA,I178L,0.2249,0.2249,283,176
CCAGCACAACATGGTC,E255A,0.0000,0.0000,0,2
CCAGCACCTCTAGTAT,I87L,0.1053,0.1053,113,150
CCAGCATGGCAAAGAT,,0.1877,0.1877,729,543
CCAGCATTAGGTGGAC,I236S,0.0898,0.0898,140,218
CCAGCCAAGTCCGAAA,K125aQ,0.1076,0.1076,120,156
CCAGCCAGAACCACGC,A334D,0.3804,0.3804,136,50
CCAGCCAGGGAGAGAC,E508T,0.1831,0.1831,1799,1374
CCAGCGAAAACGATGG,C473H,0.0000,0.0000,0,7
CCAGCGAGGAATTATC,,0.1553,0.1553,1614,1453
CCAGCGGATGACCAAG,C477F,0.0000,0.0000,0,12
CCAGCGGGAGCAATCC,,0.0756,0.0756,711,1315
CCAGCGGGATAATATC,A522S,0.0750,0.0750,333,621
CCAGCGGGATAGCGCA,T436Q,0.1199,0.1199,60,70
CCAGCTACAAAAACAG,N443R,0.0000,0.0000,0,46
CCAGCTGAATTACACA,Q391P,0.1076,0.1076,127,165
CCAGCTTGCGTGGTAA,A287V,nan,nan,0,0
CCAGGAAAAAGAAGAG,N379H K460R,0.0809,0.0809,1911,3305
CCAGGAAATTCCCCTC,R90S,0.1685,0.1685,2773,2302
CCAGGAACAGTGATGA,A528F,0.0000,0.0000,0,30
CCAGGAACCCACCGAT,E479T,0.0650,0.0650,484,1041
CCAGGAATAAAGGCTG,,0.0000,0.0000,0,2
CCAGGACAAACAAGAG,F332M,0.0381,0.0381,24,88
CCAGGACTAAACCCTT,D41S I155T,0.1366,0.1366,253,259
CCAGGCAGCATAATTT,A365V,1.0000,1.3603,107,11
CCAGGCCTAAAGAACG,Y488P,0.0741,0.0741,80,151
CCAGGCCTAGAATAGG,F118N I406T,0.0000,0.0000,0,10
CCAGGCTCAAGTAGCA,L54S,0.0000,0.0000,0,1
CCAGGGAGTCGTTATC,,0.1070,0.1070,3545,4634
CCAGGGCACAACATTA,K412I,0.0211,0.0211,29,192
CCAGGGCCTCCGAAAC,P162T E434K,nan,nan,0,0
CCAGGGCGACCAAATA,K9N,0.1366,0.1366,8478,8681
CCAGGGGAATCTAGCA,D11G D449K,nan,nan,0,0
CCAGGGGACTTACCTC,R173I,0.0911,0.0911,196,301
CCAGGGGCAATTCCTA,,0.1497,0.1497,244,228
CCAGGGTATTCTAACC,G376V,0.0000,0.0000,0,4
CCAGGTACAATCTTAC,,0.2346,0.2346,1572,937
CCAGGTGATGATACAT,I124N,0.2797,0.2797,146,73
CCAGGTTCCCTACCCA,N172P,0.0000,0.0000,0,11
CCAGGTTTTTATGCAA,E44W,0.1622,0.1622,1109,956
CCAGTAAATTAATTGT,S492N,0.2541,0.2541,536,295
CCAGTAACACAAAACT,V451M,0.0000,0.0000,0,2
CCAGTAAGCGTACACG,R114V,0.5609,0.5609,369,92
CCAGTACCGTGTCGCG,R482H,0.1204,0.1204,649,754
CCAGTACTTAAAGGAT,W180V,0.0000,0.0000,0,2
CCAGTAGATACAGTTC,L7M M292N,0.1662,0.1662,4363,3671
CCAGTAGCACCTAACC,,0.1336,0.1336,128,134
CCAGTAGTGTGTGGGA,,0.0714,0.0714,49,96
CCAGTATCTATGTCGA,,nan,nan,0,0
CCAGTCAGACAAAGAT,I4D,0.0000,0.0000,0,4
CCAGTCCAAAACTCTA,E304I,0.1743,0.1743,3144,2523
CCAGTCGATGTAGGTC,K109G,0.0743,0.0743,77,145
CCAGTCGCTTCTATAA,S167* K411W,nan,nan,0,0
CCAGTCTCCCCCACAC,L2A,0.2160,0.2160,258,167
CCAGTCTGGCAATAGA,Q490G,0.1209,0.1209,1344,1555
CCAGTCTTTAAAACCG,G345D,0.7225,0.7225,62,12
CCAGTGAATCTAGTTC,,0.0988,0.0988,416,589
CCAGTGACGTGAATTA,V377S,0.4195,0.4195,24,8
CCAGTGATGATCCCCA,,0.1123,0.1123,882,1098
CCAGTGCTAAAGGTTT,R212T G341D L515H,0.0000,0.0000,0,3
CCAGTGTAGCCAAGTC,D441P,1.0000,1.5383,22,2
CCAGTGTCACTAGAGC,F392Q,0.0000,0.0000,0,11
CCAGTGTGGATGGCCT,,0.0542,0.0542,67,173
CCAGTTACTAAGTACC,S361R,0.1982,0.1982,2305,1626
CCAGTTATATGGTCAG,I550L,0.1161,0.1161,2107,2537
CCAGTTATTTGGAACT,,0.0930,0.0930,242,364
CCATAAAAAAAACTGG,R405C,nan,nan,0,0
CCATAAAAAATAGTAT,M268K,0.0000,0.0000,0,3
CCATAAAAATAAGATT,L108P W153* C477M,nan,nan,0,0
CCATAAACATAACAAT,T283R,nan,nan,0,0
CCATAAAGGGCACCTC,,0.1887,0.1887,660,489
CCATAACAACTGAGCA,E119D A317F,0.3543,0.3543,38,15
CCATAACAGCAAATTC,,0.1230,0.1230,11203,12740
CCATAACCAGTGTTTT,,nan,nan,0,0
CCATAACTAATCGTTT,Q282L G504Y,1.0000,3.4961,25,1
CCATAAGTAAAAATTA,N433S,0.0000,0.0000,0,4
CCATAAGTCACATATC,N248Q,0.0832,0.0832,860,1446
CCATAAGTCTCCTACA,C97W,0.0000,0.0000,0,4
CCATAATCACTGAAGA,C473F,0.0000,0.0000,0,14
CCATAATGTTCTACCG,K372V,0.2053,0.2053,91,62
CCATAATTGAACATCA,,0.1146,0.1146,2122,2589
CCATACACAGGAGACG,V420R A528T,0.0000,0.0000,0,1
CCATACACCAGAAGTA,L133aP N169- N170A W537H,0.0000,0.0000,0,9
CCATACAGAGAACACC,R90D,nan,nan,0,0
CCATACCAAACACCAG,M268F,0.0000,0.0000,0,6
CCATACCTTCGCAACA,,0.1624,0.1624,382,329
CCATACGATGTGCATG,E403H,0.4312,0.4312,74,24
CCATACGTTGAGTGTC,,0.1035,0.1035,2208,2984
CCATACTCGTGCATAG,L179W,0.0000,0.0000,0,114
CCATACTTGAAAGAAA,D77I E83D,0.1929,0.1929,160,116
CCATAGAAAAAGATCT,E190H,0.0000,0.0000,0,1
CCATAGAACCATCCCA,V223K,0.1931,0.1931,2701,1956
CCATAGACCGAAATCG,D241I D487N,0.0000,0.0000,0,28
CCATAGACCTCACCGA,A67V,0.0892,0.0892,342,536
CCATAGACTATACGTT,N424C,0.4195,0.4195,36,12
CCATAGATATAAATAT,S265R,0.0000,0.0000,0,12
CCATAGCAATCGGCAT,,0.1195,0.1195,335,392
CCATAGGAATTGACAA,E432K,0.4755,0.4755,17,5
CCATAGGCTTAGAACA,N443C,0.1092,0.1092,221,283
CCATAGGGTTTTCGGC,,0.0816,0.0816,855,1465
CCATATACGGAAGACT,I202S A521P,0.0000,0.0000,0,14
CCATATCAAGAAAAAG,Q25* G416W,0.0000,0.0000,0,2
CCATATCACTCTCTTA,G286N,0.0000,0.0000,0,4
CCATATCATCCCTACC,,0.2054,0.2054,570,388
CCATATCCAGTAATAA,Y161P,0.0000,0.0000,0,2
CCATATCCTGTCCCAT,F294I,0.0699,0.0699,6,12
CCATATCTCTGGCCGA,T279R,1.0000,inf,27,0
CCATATGAATAGGCAC,V420N,0.1282,0.1282,33,36
CCATATGTAAAAACAA,I374M,0.1133,0.1133,633,781
CCATATGTACCCCCAG,D386H,0.1832,0.1832,1246,951
CCATATTATTCTGACT,,0.0914,0.0914,393,601
CCATATTATTTAGGCC,I115W,0.0000,0.0000,0,1
CCATATTCATCTAAAT,A287D,1.0000,1.0255,44,6
CCATCAACAAAATCTA,R435N,0.1152,0.1152,996,1209
CCATCAACAGCTAAAC,I-3S,0.1733,0.1733,8104,6541
CCATCAAGCCACTTAC,M111E V261A,0.6817,0.6817,78,16
CCATCAATACATCGCT,E501G,0.1311,0.1311,359,383
CCATCACCCTGTATTA,A364D Q513K,0.0000,0.0000,0,3
CCATCACTTCTCGAAC,W127I P284L,0.0000,0.0000,0,15
CCATCAGGAATTAGCT,A144P,0.2027,0.2027,12463,8598
CCATCAGTCGTTTATA,N169H,0.1037,0.1037,619,835
CCATCATCTTGTTCAC,I80F,0.1823,0.1823,335,257
CCATCATGCAACAAAA,N172K,0.0655,0.0655,483,1031
CCATCATTCTCTTCCC,R326L,0.2457,0.2457,65,37
CCATCCAAATTAATAC,L70K,0.0000,0.0000,0,2
CCATCCAAGCAACAAA,I288Q,0.0000,0.0000,0,2
CCATCCAGATAATAAT,G484I,0.2447,0.2447,21,12
CCATCCATACCGCAAC,L-1A Y308K,nan,nan,0,0
CCATCCGAGGCCCGAC,K506P,0.2011,0.2011,1990,1384
CCATCCTACCAGGAAA,P58C,0.0000,0.0000,0,9
CCATCCTAGACATGCT,G49C,0.0475,0.0475,148,436
CCATCCTCATCATAAC,V347L S356N,0.1112,0.1112,2478,3115
CCATCCTTACCCAACC,D375G,0.0000,0.0000,0,69
CCATCCTTTAAACATA,,0.1523,0.1523,636,584
CCATCGATTCTATTAC,G249H,0.0000,0.0000,0,2
CCATCGATTTTACCCC,E414F,0.1910,0.1910,56,41
CCATCGGATATCAGGT,K50F,0.0000,0.0000,0,4
CCATCGTCACTGAGGA,L51R,0.2697,0.2697,27,14
CCATCTAAGCCCTCGA,C97G H244V,0.8990,0.8990,45,7
CCATCTACGACTGATC,E468Y,0.1718,0.1718,2282,1858
CCATCTCAACGACGAT,I29W,0.0578,0.0578,146,353
CCATCTCATTACAGTA,P58I L462Q,0.4108,0.4108,47,16
CCATCTTAAGTTAACA,V204K,nan,nan,0,0
CCATCTTCAGACACGT,S6R,0.1044,0.1044,1673,2242
CCATGAAATCTATACA,N357E,0.0000,0.0000,0,10
CCATGAACAAATGCCA,,0.1299,0.1299,6491,6989
CCATGAAGTGGTAGAA,Y351T,1.0000,1.0255,154,21
CCATGAATATATAATA,E190Q,0.0000,0.0000,0,43
CCATGAATCTAAGCAG,H184R,0.0000,0.0000,0,5
CCATGACGAGCTCACT,N224A,0.1198,0.1198,4141,4834
CCATGACTTGGATCTA,K445F C546Y,nan,nan,0,0
CCATGAGATATCTGAC,L507H,0.0723,0.0723,93,180
CCATGAGCAACTGAAA,I339W N458E,0.0000,0.0000,0,7
CCATGAGCTAAATGTT,N289M I502A,0.0000,0.0000,0,3
CCATGAGTTTACAGCA,,0.1770,0.1770,4675,3694
CCATGATCTGCACCCT,,0.0722,0.0722,1380,2673
CCATGATGGACAACTC,W537L,0.2230,0.2230,185,116
CCATGATTGAACGCTT,S133R,0.1941,0.1941,3631,2616
CCATGCAACCTTATTA,,0.1443,0.1443,878,851
CCATGCCACCGGCCAC,L102Y,0.0000,0.0000,0,32
CCATGCCCCAAATAAG,L430E,0.0000,0.0000,0,1
CCATGGAAGGACCAAG,T37N K196R,nan,nan,0,0
CCATGGAATAGACCGC,V36Q,0.0000,0.0000,0,12
CCATGGCAATTGAGCC,L179R,nan,nan,0,0
CCATGGCACCACCACG,,0.1465,0.1465,1749,1670
CCATGGGAGATACGTT,K62Y,0.1495,0.1495,2251,2105
CCATGGGCTGATACAA,G143H C546Q,0.5626,0.5626,173,43
CCATGGGTGAATAATT,S22C N33K R397N,1.0000,inf,1,0
CCATGGTAACTCTTTG,S167L T370S Y486M,0.0000,0.0000,0,5
CCATGGTAGTAATTAA,P324T,0.1607,0.1607,216,188
CCATGTAACGACGCCT,,0.4210,0.4210,277,92
CCATGTAATCCCTGTT,H440S,0.2272,0.2272,26,16
CCATGTAATGATATAT,,0.3780,0.3780,173,64
CCATGTACAACCTACA,T206Q Q211H,0.0000,0.0000,0,6
CCATGTATATACTTAA,I260N E403K I502G,0.0000,0.0000,0,3
CCATGTCAATTAACGT,E304D K310R,0.1466,0.1466,239,228
CCATGTGCAAAAAATA,,0.2210,0.2210,49,31
CCATGTTAACAAATTC,E78N K196M,0.2663,0.2663,1215,638
CCATGTTGTAGACTAA,S126F,0.2202,0.2202,15641,9934
CCATTAAAAGTGCGTA,R435Q,0.1439,0.1439,703,683
CCATTAAACTGGGCTA,G504C,nan,nan,0,0
CCATTAAAGTACTAAC,A522N,nan,nan,0,0
CCATTAAATCTTAAGC,C281A,nan,nan,0,0
CCATTAAATCTTACTC,L428P,0.0638,0.0638,21,46
CCATTAATTCTGTATG,A93E,0.2117,0.2117,6964,4601
CCATTACAATCTGTCA,Y258N,0.0000,0.0000,0,75
CCATTACACCCACTGA,V510C,0.3560,0.3560,84,33
CCATTACCAAGACAAG,Q226G E414T,0.0000,0.0000,0,1
CCATTACCGTAAATCC,K380Q,0.0000,0.0000,0,2
CCATTAGAACTAACTA,Y17C N433P,nan,nan,0,0
CCATTAGACGATACTA,G271N,0.0865,0.0865,2204,3564
CCATTAGCCCCTAACG,R452S,0.0000,0.0000,0,19
CCATTATAGAACCCCA,I80P C549H,0.0000,0.0000,0,3
CCATTATATCTGCCTT,I243R,0.0000,0.0000,0,4
CCATTATGAACTAATG,,0.1812,0.1812,3624,2797
CCATTATGGGGCAATA,I339Q,0.0000,0.0000,0,16
CCATTATTAAACGGAT,F79L,0.7924,0.7924,51,9
CCATTATTGTTGTCAT,V223H K307E,0.2020,0.2020,26,18
CCATTCATAGACGTCC,D487E,0.1641,0.1641,689,587
CCATTCATCTACTTAC,S323A,0.1916,0.1916,2303,1681
CCATTCCCAAACTCAG,S65W,0.0000,0.0000,0,28
CCATTCCCACACTCGA,E479R,0.0615,0.0615,552,1256
CCATTCCGGCATTATA,Y105V,0.1115,0.1115,1269,1591
CCATTCGAATGTATGC,M268I V429S,0.0000,0.0000,0,7
CCATTCTCCTCCCGGC,V66E K412E,nan,nan,0,0
CCATTCTGAAATCTCA,F79A R90K,nan,nan,0,0
CCATTGACAAGAAGTT,N248E,0.0000,0.0000,0,138
CCATTGACCTATCAGG,Y141F E407L,0.0496,0.0496,22,62
CCATTGACGGACCGGA,A336N,1.0000,1.3730,108,11
CCATTGATAGGCTGCA,D27Y K450P,nan,nan,0,0
CCATTGATTCTGTGAG,*551C,0.1053,0.1053,332,441
CCATTGCTGTTGAATT,Y17P,1.0000,1.3185,66,7
CCATTTAAGTAGGGAC,N54aS I80T,0.2134,0.2134,174,114
CCATTTAAGTTAAATA,L428N,0.7202,0.7202,103,20
CCATTTAATCCTTTAA,,0.0999,0.0999,60,84
CCATTTAGACTTAAAA,K62Q,0.1626,0.1626,8170,7027
CCATTTATACGGTCGG,E31Q N92Y Q211S,0.1321,0.1321,1875,1985
CCATTTATCCAAACTA,,0.1327,0.1327,93,98
CCATTTCCGATACATC,T206N,0.0000,0.0000,0,24
CCATTTCGCCCAGAAG,D415G,0.2405,0.2405,313,182
CCATTTCTAATTGATG,K328cN,nan,nan,0,0
CCATTTCTGAATCACA,,0.0996,0.0996,656,921
CCATTTGAAAATCCAA,N379K,0.0000,0.0000,0,29
CCATTTTTACAATTAA,P489C S492I,0.1180,0.1180,54,64
CCCAAAAAATTTCAAT,,0.1702,0.1702,2397,1969
CCCAAAAGGAGTTTTA,G100T M413T,0.0000,0.0000,0,2
CCCAAAATGATATCGT,N357G,nan,nan,0,0
CCCAAAATTAGCGAAA,M346K,0.0000,0.0000,0,1
CCCAAACATTCTCAAA,K262aV,0.1073,0.1073,1518,1979
CCCAAACTTAAACTAC,,0.1278,0.1278,456,499
CCCAAAGGTACTTAAA,G362K,0.0000,0.0000,0,43
CCCAAAGTTATCGCAA,E432Q,0.0825,0.0825,217,368
CCCAAAGTTTACTACC,A459R,nan,nan,0,0
CCCAAATAAAGCAGTT,P299C,0.0839,0.0839,51,85
CCCAAATACGTGATTA,V429P,nan,nan,0,0
CCCAAATAGACAACGT,,0.1508,0.1508,3124,2897
CCCAAATTAACCAAGA,,0.1441,0.1441,513,498
CCCAAATTTGGGCTAA,,0.2193,0.2193,1767,1127
CCCAACATGAGTAATA,I60S I115Y,0.0000,0.0000,0,1
CCCAACCATCTGTTAT,L102V,0.5514,0.5514,138,35
CCCAACCCAGTCAGCT,A528Q,0.3108,0.3108,40,18
CCCAACCTAAATGAAT,,0.1389,0.1389,1047,1054
CCCAACGTAACCGTTC,K156T,0.0990,0.0990,794,1122
CCCAACGTGAGACACT,I385N,0.0000,0.0000,0,10
CCCAACTAAAGAAGAT,D53H,0.1105,0.1105,535,677
CCCAACTTAGCTTAAG,V395A N408W,0.0193,0.0193,19,138
CCCAACTTTCTACTTT,,0.1774,0.1774,1097,865
CCCAAGAAATCATTCT,K259V,0.2092,0.2092,3049,2038
CCCAAGAATGATGTCA,,0.0000,0.0000,0,3
CCCAAGATAAGTCTCA,E89I,0.0905,0.0905,90,139
CCCAAGCAAGAAACGT,L51H,0.0000,0.0000,0,7
CCCAAGCCAGCCATAA,,0.0631,0.0631,60,133
CCCAAGCCAGGGTCCT,,0.1207,0.1207,1192,1381
CCCAAGCTCCAAGGAG,E273K,0.1724,0.1724,1550,1257
CCCAAGCTTTCTCGCA,A373T,0.0000,0.0000,0,15
CCCAAGGAGATAACAT,H47I K506P,nan,nan,0,0
CCCAAGTCTGAACTAG,A522W,nan,nan,0,0
CCCAATAAATAATAAA,S167F N322Q T370V L497K,0.0000,0.0000,0,8
CCCAATAGGAATACAA,,0.1654,0.1654,2922,2470
CCCAATATAAACCCAA,C14I,nan,nan,0,0
CCCAATATAGGCGAAA,K262A,0.1628,0.1628,206,177
CCCAATCCAAAAGAAG,Q191N,0.0846,0.0846,3788,6265
CCCAATCTAAGAGGAA,,0.1617,0.1617,2563,2217
CCCAATGCTAATCCTA,,0.0637,0.0637,210,461
CCCAATTAAAGGATCA,D231L,0.0000,0.0000,0,16
CCCAATTAAATACTAG,G16I,nan,nan,0,0
CCCAATTTCGAAACTT,T23A N483L,0.3496,0.3496,25,10
CCCAATTTTATGTCTG,A19N,0.2865,0.2865,2438,1190
CCCACAACCTTATCCA,W537H,0.1661,0.1661,76,64
CCCACAAGATCGTACT,,0.3418,0.3418,22,9
CCCACAAGGAGTGTCG,E398H,0.0000,0.0000,0,38
CCCACAATTCTTCGGA,I384C,0.9789,0.9789,28,4
CCCACACCAATTTCAC,T23S Y518H,0.3941,0.3941,31,11
CCCACACGAAGTTCAA,P489S,0.2946,0.2946,158,75
CCCACACGATACATTC,R220C,0.0000,0.0000,0,5
CCCACACGTGAATAAG,,0.1633,0.1633,209,179
CCCACCACGCCTGGGC,,0.1396,0.1396,583,584
CCCACCAGTCTATAGT,K45F,0.1039,0.1039,263,354
CCCACCCTCAAAGCGG,V5D,0.0686,0.0686,52,106
CCCACCCTCCTATATG,A93C,0.1040,0.1040,61,82
CCCACCGACACATCAA,D63G,0.1925,0.1925,2835,2060
CCCACCGCACACCGAC,,0.8391,0.8391,90,15
CCCACCTAGACCGCCC,C546F,0.1784,0.1784,3014,2363
CCCACGAGGCTAAGAG,I4T S361Y,0.1589,0.1589,5892,5185
CCCACTAGTTCTAAGC,,0.0831,0.0831,3140,5286
CCCACTATCGCAAACA,C477N M478I,0.0000,0.0000,0,5
CCCACTCCCCAGCAGC,Y86H Y201E,nan,nan,0,0
CCCACTGATAAACTAC,K216Q S356R S492G,0.3330,0.3330,100,42
CCCACTGGCATCTTCA,E174N,0.2144,0.2144,788,514
CCCACTTCCTAGGTGG,L154H,0.0000,0.0000,0,1
CCCACTTGTTCCCGAG,Q12R T485Q,0.1498,0.1498,1751,1635
CCCACTTTAGATATAG,M111V,0.1512,0.1512,374,346
CCCACTTTTATAGAAT,M75V,0.1021,0.1021,265,363
CCCAGAAAAATTTAAT,,0.1782,0.1782,2063,1619
CCCAGAAGACACCCTC,C277H,0.0000,0.0000,0,44
CCCAGACAAAATAACA,L409V,0.1972,0.1972,2401,1703
CCCAGAGTCTACTGTT,Y168L C281Q,nan,nan,0,0
CCCAGATAAGTACTGT,S543H,0.2162,0.2162,501,324
CCCAGCACGCCTAAAC,E78Q T200I,nan,nan,0,0
CCCAGCCAACACAGCC,L418S R499K,0.4087,0.4087,564,193
CCCAGCCGATTGCAAA,D438L,0.0869,0.0869,565,909
CCCAGGCAGTCAGTCC,E493G,0.1177,0.1177,207,246
CCCAGGGATCAAGTCG,N116R,0.0402,0.0402,82,285
CCCAGGGTCGAACCCA,K120L,0.0863,0.0863,1194,1935
CCCAGTACAACACCCG,S167R R321G,0.0000,0.0000,0,1
CCCAGTGAACAAAACA,M30L G134K A138S,0.2216,0.2216,103,65
CCCAGTTAGAACACAG,L409A,nan,nan,0,0
CCCATAAAAAAGAGGA,R81G,0.1958,0.1958,8088,5776
CCCATAAACTATAAGG,H276G V444D,0.0000,0.0000,0,14
CCCATAAAGCTAAGAA,P82aC I297F,0.0000,0.0000,0,9
CCCATAACAGTGTAAT,A93V S543Y,0.1705,0.1705,529,434
CCCATAATGAGAACGG,E31K G68D E255K,0.0000,0.0000,0,35
CCCATACAGGGGATAA,G225N,0.0579,0.0579,2192,5296
CCCATACATGGGGATT,S356W,0.1013,0.1013,218,301
CCCATAGGCCACAATG,K387Q,0.0888,0.0888,284,447
CCCATAGTCTGAATTT,A532R,0.0000,0.0000,0,6
CCCATATCGTTTAAAA,A214D,0.1739,0.1739,148,119
CCCATCACAGGAGGAG,G143N T266A,0.1383,0.1383,528,534
CCCATCACGCTGAATA,L176W,0.0000,0.0000,0,4
CCCATCATCAGGGACT,G349C S523G,0.0000,0.0000,0,22
CCCATCATTCGGGATT,K259V,0.1927,0.1927,8422,6113
CCCATCCACGAAAATA,Y518Q,0.0000,0.0000,0,2
CCCATCCCCAGAAATT,N382S,0.1248,0.1248,282,316
CCCATCCCGTCGAAGG,,0.2609,0.2609,804,431
CCCATCGAAATCACAT,L300W,0.1328,0.1328,170,179
CCCATCTGTTCACGGA,,0.1609,0.1609,9966,8664
CCCATGAAGCATTACG,L7W,0.1163,0.1163,1971,2369
CCCATGAATAAAGAGC,D375S,0.3087,0.3087,852,386
CCCATGAATTAATTAA,K196N,0.1341,0.1341,870,907
CCCATGACCTCATTAC,,0.1640,0.1640,1869,1594
CCCATGAGTGGAAATA,N73P T422E,0.0000,0.0000,0,2
CCCATGCAAAGCTTTT,K280I F338I L409G,1.0000,2.1326,122,8
CCCATGCTCTAGCTTT,,0.1216,0.1216,1419,1632
CCCATGGCATGAAAAC,V34G K412G,1.0000,1.7480,50,4
CCCATGGCATGGCGGA,V451E,0.0000,0.0000,0,7
CCCATTAAACAACGAA,I42V,nan,nan,0,0
CCCATTAACAAACACA,S361F,0.1121,0.1121,1323,1650
CCCATTAAGCACCCCC,S361T,0.2503,0.2503,2398,1340
CCCATTAGTACTGGAG,Y141E,0.1684,0.1684,12500,10382
CCCATTCAGGACTATA,,nan,nan,0,0
CCCATTCATAGAATAA,,0.1757,0.1757,1053,838
CCCATTCGCTAAAAAA,,0.1445,0.1445,188,182
CCCATTCGTCTCGATA,A93I W234M,0.0000,0.0000,0,1
CCCATTTACAAATGGA,M30E,0.0000,0.0000,0,5
CCCATTTAGAAATAAT,G303C,0.0000,0.0000,0,33
CCCATTTATTTGAACC,L418M,0.0609,0.0609,108,248
CCCATTTCTCACGCCG,N169A R321K T370H F469N,1.0000,inf,37,0
CCCCAAAAATTATAGA,R456M,0.1163,0.1163,485,583
CCCCAAAACACGGATC,E189P,0.1468,0.1468,254,242
CCCCAAACGACGCTCA,,0.3097,0.3097,268,121
CCCCAAAGAAAAAATT,L96F,0.0250,0.0250,476,2659
CCCCAAAGAAACCAAT,L96Y,0.0559,0.0559,1262,3159
CCCCAAATAAAAGTGG,N296H,0.0949,0.0949,169,249
CCCCAACAAGTCTATA,L71F,0.1270,0.1270,3134,3452
CCCCAACAGTACTATG,K120T Y351R,0.0000,0.0000,0,43
CCCCAACATAACAACC,K216R,0.0496,0.0496,110,310
CCCCAACGATTCACAT,P125A,0.1983,0.1983,638,450
CCCCAACTACGACGGC,I60K,0.1598,0.1598,32,28
CCCCAACTGCTCTTAT,K120P E174D,0.1283,0.1283,3536,3854
CCCCAACTGTACTAGA,K506W,0.1784,0.1784,2723,2135
CCCCAAGCCCCACCGA,,0.2705,0.2705,118,61
CCCCAAGCCGAGGACA,N224R,0.2016,0.2016,1763,1223
CCCCAAGGGATACGCG,A3R,0.5244,0.5244,75,20
CCCCAAGTAATTATAC,I60R N410S,0.0000,0.0000,0,3
CCCCAAGTCACCCTCC,S442H,0.0000,0.0000,0,51
CCCCAATAATAATCCC,G143N,0.2400,0.2400,3165,1844
CCCCAATAATGTAACC,L497P,0.1953,0.1953,1123,804
CCCCAATCACTTGGTT,Y105C P284Y I550E,nan,nan,0,0
CCCCAATTCTCGCCAT,Y308C,0.0000,0.0000,0,11
CCCCACATGGAAACCA,Y161K K165N,0.0000,0.0000,0,10
CCCCACCGGAACCCTC,H244Y A287T,0.0000,0.0000,0,3
CCCCACTATACTAACC,T390C,0.0000,0.0000,0,4
CCCCACTTACACAATT,G205F,0.5244,0.5244,30,8
CCCCAGACGTTTAACA,V510T M538P,0.0000,0.0000,0,5
CCCCAGATACCGACAA,Q490L,0.0878,0.0878,277,441
CCCCAGATATAACAAA,,0.1475,0.1475,1817,1723
CCCCAGCCTTGGACAC,P306H,1.0000,inf,54,0
CCCCAGGAATAACGAG,,0.1123,0.1123,3427,4269
CCCCAGGAGGCTTGCT,,0.0883,0.0883,142,225
CCCCAGGATGTCACAA,,0.0375,0.0375,48,179
CCCCAGGGTCCTATCC,G100C,0.1112,0.1112,833,1048
CCCCAGTAACGGAGAA,N475Q,0.0740,0.0740,18,34
CCCCAGTAATCCTTCG,L2W,0.1690,0.1690,116,96
CCCCAGTACCAGACCC,H117G,0.1007,0.1007,121,168
CCCCAGTTCCGAAAGA,T266D,0.1466,0.1466,260,248
CCCCATACAACAACTT,,0.1137,0.1137,239,294
CCCCATACAGATTCAC,,0.2173,0.2173,261,168
CCCCATACTCACAAGA,R81M A364Q,1.0000,1.3705,49,5
CCCCATAGTACGATAG,R499W,0.1165,0.1165,65,78
CCCCATAGTGTCACAG,K62Y,0.1426,0.1426,513,503
CCCCATCCCACGACCT,E189P,0.3200,0.3200,1634,714
CCCCATCGTACGTTCG,M230K,0.5516,0.5516,71,18
CCCCATGAACGATGTC,R173V G181D R499T,0.0000,0.0000,0,11
CCCCATGCCCCGCAAC,D441I,0.0902,0.0902,311,482
CCCCATGTGATTCACC,L453V,0.1561,0.1561,1391,1246
CCCCATTAATAAATAA,I80Y,0.2025,0.2025,3876,2677
CCCCCAAAAACCTTTT,T200H,0.0000,0.0000,0,17
CCCCCAATATTATATA,T132N,0.2256,0.2256,50,31
CCCCCAATGACTACCA,H355A,0.1652,0.1652,2329,1971
CCCCCAGAACACCCTT,D438Y,0.1036,0.1036,309,417
CCCCCAGGATCTATTA,K50Q L320S,0.2331,0.2331,10,6
CCCCCAGGGAATATCA,E31Q,0.1477,0.1477,2981,2823
CCCCCATAAAGAAAGA,N424M,0.0000,0.0000,0,2
CCCCCATACTTTTGGA,A317V,0.1132,0.1132,140,173
CCCCCCAAAGCAACCG,,0.2266,0.2266,2505,1546
CCCCCCACGCATACCA,F392W,0.1248,0.1248,1265,1417
CCCCCCCAGTACATGA,E407F,0.1182,0.1182,169,200
CCCCCCGTCCGCCTCA,Q545R,0.1642,0.1642,1590,1354
CCCCCCTACAGCCAAT,,0.0848,0.0848,165,272
CCCCCCTCTCCGGCAA,N464F,0.1142,0.1142,89,109
CCCCCCTTATCGATCA,S503V,0.1225,0.1225,120,137
CCCCCCTTTCGCGCAG,I335T,0.6553,0.6553,164,35
CCCCCGACCCCGACAT,,0.2004,0.2004,1539,1074
CCCCCGATGCCGTCCA,S10Q,0.0000,0.0000,0,8
CCCCCTAAATCAGGTA,A93F,0.1918,0.1918,2513,1832
CCCCCTCAAAGCCACT,K313Y,0.1818,0.1818,13,10
CCCCGAACCCATGTCT,,0.1293,0.1293,221,239
CCCCGAAGACAAGCCA,D375V,0.0466,0.0466,43,129
CCCCGAAGACGTAGAA,S22*,nan,nan,0,0
CCCCGAATAATGTTCT,N312I,0.1031,0.1031,1414,1918
CCCCGACATTAAACAA,G68K,0.0000,0.0000,0,4
CCCCGACTACCTGTAA,V34A,0.7924,0.7924,34,6
CCCCGACTTGGTAAGA,L70P A188V I252G,0.1332,0.1332,440,462
CCCCGAGATAGTTCCC,S10W,0.0000,0.0000,0,2
CCCCGCAGCCGCGAGT,V395G Y470L,0.1317,0.1317,2743,2913
CCCCGCGACCTAGTGT,S167V,0.1399,0.1399,6972,6970
CCCCGCGTGATATGTA,,0.1398,0.1398,122,122
CCCCGGCAGTGGCATA,,0.1569,0.1569,15226,13573
CCCCGGCTAAATTCGC,,0.2027,0.2027,1751,1208
CCCCGGGCGCTAATAC,I4L S290Q,0.0202,0.0202,11,76
CCCCGGTATTTCTACG,N150C G263D G362C,nan,nan,0,0
CCCCGGTTAAAGCAAA,M413T,0.0000,0.0000,0,7
CCCCGTAAAAAAAAGT,P74D Y141C,nan,nan,0,0
CCCCGTAAAAATTCAC,,0.1299,0.1299,984,1059
CCCCGTAGCTAGAACT,G134S,0.0254,0.0254,1879,10357
CCCCGTATCCCTGCAT,D104W,0.0919,0.0919,754,1147
CCCCTAAACCTTATTT,N446F,0.1764,0.1764,815,646
CCCCTAACCGGACACA,D386G,0.1035,0.1035,704,951
CCCCTAATACAGGACC,S113V L497G,0.0000,0.0000,0,3
CCCCTAATCCACACTT,S291P A522M,0.0729,0.0729,370,710
CCCCTACAAATCCAGA,D457F,0.2861,0.2861,133,65
CCCCTACCAATTTACG,,0.0972,0.0972,575,827
CCCCTACCCCAATAGC,R482E,0.1233,0.1233,1278,1450
CCCCTACCGCGCGACT,T318E,0.0000,0.0000,0,41
CCCCTATACTTAAACT,Y195C,0.0000,0.0000,0,8
CCCCTATCCGCTAACA,,0.1110,0.1110,1638,2064
CCCCTATGTCATCCCT,T485M,0.1351,0.1351,4066,4210
CCCCTCAATTCAAAGT,,0.1070,0.1070,517,676
CCCCTCATACCTTCAT,E89K,0.0563,0.0563,193,479
CCCCTCATCAGATACC,F332N,1.0000,1.1654,50,6
CCCCTCCAAATCCGTT,,0.0979,0.0979,639,913
CCCCTCCGAAAATCCA,V26T K262aT,1.0000,2.6221,75,4
CCCCTCCGATGCCCGA,,0.1439,0.1439,4222,4104
CCCCTCGGACACCACT,V510S,0.0749,0.0749,75,140
CCCCTCTGTATATGAA,R326S E508F,0.2486,0.2486,3063,1723
CCCCTGAGAAGGTAAA,L-1W,0.2001,0.2001,897,627
CCCCTGAGGGAATCTC,I-3Q A218T,0.0329,0.0329,8,34
CCCCTGATAAGGTTTG,R227S,0.0481,0.0481,1073,3119
CCCCTGCCGAATAAGA,K498C,0.1267,0.1267,493,544
CCCCTGGCGCGGGCCC,H355Y,0.0761,0.0761,1437,2639
CCCCTGGTTAATCTCT,N289T,0.1442,0.1442,1949,1890
CCCCTGTCATTATGAA,Y353W Y488I,nan,nan,0,0
CCCCTGTTTACACTAT,,0.1652,0.1652,801,678
CCCCTTCTAACCTTGA,V88Y,nan,nan,0,0
CCCCTTGACTGTAATA,T279K,0.0000,0.0000,0,1
CCCCTTGGCAGCTCGG,V26M,0.4895,0.4895,21,6
CCCCTTGGCGTACACA,L61Y L515T,0.0000,0.0000,0,4
CCCGAAAAATTCGGGT,I302D W343H,0.0000,0.0000,0,1
CCCGAAAAGCAATGCC,K328cI,0.0000,0.0000,0,7
CCCGAAACAATTAAAC,L71N,0.1280,0.1280,162,177
CCCGAAACCCCCCACC,L213A,0.1654,0.1654,433,366
CCCGAAAGAAAACCAC,P74N,0.2523,0.2523,184,102
CCCGAACATAGACCAT,P92aQ,0.2393,0.2393,373,218
CCCGAACGAAATCACT,T200C,0.1373,0.1373,2005,2042
CCCGAACTGCAAAAAA,G134K,0.0000,0.0000,0,4
CCCGAAGGAAACATAA,P215I,nan,nan,0,0
CCCGAATCTCTTAACT,,0.1471,0.1471,1982,1884
CCCGAATCTTACTCAA,,0.1849,0.1849,156,118
CCCGAATGATAAACTT,,0.1580,0.1580,6023,5330
CCCGAATGCGACTCAC,S543F,nan,nan,0,0
CCCGACACAAAGGGAC,A364V,0.0000,0.0000,0,8
CCCGACATTTCAATCG,H183F V451R,0.2074,0.2074,89,60
CCCGACCGGGAAAAGC,I217F,0.0829,0.0829,1405,2369
CCCGACGCTTGTGCCA,,0.1687,0.1687,187,155
CCCGACGGATAGGTTC,N94K R227L,0.0316,0.0316,21,93
CCCGACTCGTCGAACG,K307E,0.9989,0.9989,100,14
CCCGACTTACTAACGA,F439Y,0.1256,0.1256,4425,4927
CCCGAGAAACAAGAGA,,0.0565,0.0565,655,1622
CCCGAGAACAATTTAG,S133T T520D,0.0000,0.0000,0,7
CCCGAGATCCCCTTGG,D11G H110N L112V N172K,0.0000,0.0000,0,1
CCCGAGATTTTTGAGA,H38N,0.0883,0.0883,125,198
CCCGAGCTTACCCAAG,I406E,0.0000,0.0000,0,7
CCCGAGGACAATACAA,I335R,nan,nan,0,0
CCCGAGGACCTAAACC,,0.1293,0.1293,464,502
CCCGAGGGTGAACTTA,V135C H276C,0.2949,0.2949,1710,811
CCCGAGTCACAATTTG,S203T,0.3125,0.3125,333,149
CCCGAGTTATACGACA,F148T,0.0000,0.0000,0,2
CCCGAGTTTGTTCAGC,,0.0000,0.0000,0,47
CCCGATAAAGATTCAC,,0.1080,0.1080,958,1240
CCCGATACCCCTCCGG,E493T,0.0000,0.0000,0,63
CCCGATATAAACTGTG,I385T,0.0948,0.0948,897,1323
CCCGATCACCATGAAA,H295P,0.0000,0.0000,0,7
CCCGATCACCCGTCAA,W84C G360F R456W,0.1721,0.1721,32,26
CCCGATCTGCTGTTTA,T318V,0.2076,0.2076,343,231
CCCGATGCCCCCGATT,N21I,0.0000,0.0000,0,21
CCCGATTACCATCAAA,G352F,0.0000,0.0000,0,3
CCCGATTGTGCCACTT,N20A,0.0000,0.0000,0,4
CCCGATTTCTGAGTAG,H117N A144E,0.1385,0.1385,6316,6377
CCCGATTTTACATCGT,,0.1086,0.1086,522,672
CCCGCAAATATAGCAG,D53R,0.2023,0.2023,2100,1452
CCCGCAAATGGAAAAC,,nan,nan,0,0
CCCGCACTCGCTAGCG,S221F,0.0000,0.0000,0,2
CCCGCATAGGCAACGC,,0.0000,0.0000,0,32
CCCGCATGTGCATGGA,V88L,0.0000,0.0000,0,9
CCCGCATTGCCCTTAT,E78Q,0.2123,0.2123,7372,4857
CCCGCCAGATATAGTT,A336T,0.2292,0.2292,118,72
CCCGCCAGCCACAAAA,Q359L,0.1253,0.1253,1326,1480
CCCGCCCCGATCTTCC,T301Q K445R,0.1939,0.1939,4162,3001
CCCGCCGTTGCACCTA,D419V,0.0853,0.0853,324,531
CCCGCCTCCACTAGGG,L430Y,nan,nan,0,0
CCCGCCTGTAATTATC,C305T,0.0000,0.0000,0,10
CCCGCGATACTCACCG,S383K,0.0000,0.0000,0,2
CCCGCGCCCAGACTGT,K57C,0.1292,0.1292,947,1025
CCCGCGGACCAAGTTA,P162L,0.0000,0.0000,0,30
CCCGCGTCTGAAGATG,T436C,0.0000,0.0000,0,12
CCCGCTAAAATGTATG,M-6L,0.0000,0.0000,0,11
CCCGCTAGTACACCGA,L447G,nan,nan,0,0
CCCGCTGGATTTCCTA,,0.0181,0.0181,7,54
CCCGCTTGTGTATATA,V5Q,0.0894,0.0894,85,133
CCCGGAAAAATTGAGG,A242N,0.1001,0.1001,83,116
CCCGGAAACACCTAGA,D11A,0.0000,0.0000,0,60
CCCGGACAGAAGTGCA,S85L N278K,0.0000,0.0000,0,4
CCCGGACCAGACTAAA,I529*,0.0000,0.0000,0,2
CCCGGATCATAAAATT,,0.1728,0.1728,1583,1281
CCCGGCCAGAGGACAA,,0.1376,0.1376,307,312
CCCGGGAATTATACTA,N224C,0.0705,0.0705,1574,3124
CCCGGGAGTTGTCAAG,D11A P58N C539M,0.0000,0.0000,0,10
CCCGGGATAGACCACT,N400V,0.0000,0.0000,0,3
CCCGGGCCTCAAATAA,E190Q N389K,0.0066,0.0066,4,85
CCCGGTAGTACAAAAC,D441L A528T,0.0999,0.0999,355,497
CCCGGTAGTTATAAAA,,0.1696,0.1696,964,795
CCCGGTATACAAAACC,G275N S383W,0.0000,0.0000,0,12
CCCGGTATTATAAATC,N-4Q,0.1505,0.1505,2465,2291
CCCGGTCAATAAGAGA,A287H,0.0000,0.0000,0,1
CCCGGTGAAAAACAAC,L179M,0.1918,0.1918,1414,1031
CCCGGTTACTAGGGTG,,0.1263,0.1263,7878,8722
CCCGGTTCTAGCGATC,P99K,0.4720,0.4720,27,8
CCCGTACAACTAGAAC,I87W E246* D474G,0.5094,0.5094,51,14
CCCGTACAGATTGGTC,C539S,0.1112,0.1112,427,537
CCCGTACATCTCACCT,E24C A334R,0.0833,0.0833,28,47
CCCGTACATTTTAAAC,H298S,0.1084,0.1084,1322,1706
CCCGTATAATCGAATC,L108P,0.0000,0.0000,0,13
CCCGTATCACTGAATT,M-6T,0.0000,0.0000,0,7
CCCGTCCGCTGTTCAA,F79Y I514P,nan,nan,0,0
CCCGTCGACATTTAAA,E44Q D487Q,0.1017,0.1017,1323,1820
CCCGTCGCTACCTTAC,F118N,0.1460,0.1460,2198,2105
CCCGTCTCCGAATTTT,F417E,0.4260,0.4260,131,43
CCCGTGAAAAACTGCG,H183F,0.0000,0.0000,0,9
CCCGTGAAGAAAAAGG,N357M,nan,nan,0,0
CCCGTGAGAGCTAAAT,G352R E468G,0.1274,0.1274,255,280
CCCGTGATGAAACGCG,I217P,0.0537,0.0537,33,86
CCCGTTAACAAAGACA,,0.1658,0.1658,351,296
CCCGTTAAGCATATGC,K50C F294H,1.0000,1.9578,56,4
CCCGTTCGTGTCCGAA,,0.1281,0.1281,7108,7761
CCCGTTGATGACATGT,Q371K,0.3757,0.3757,317,118
CCCGTTTAAGGCGTTG,A93D,0.1491,0.1491,3989,3742
CCCTAAAAAAAGAGTA,S207N,0.2060,0.2060,2705,1836
CCCTAAAAACAATCAT,Y308W,1.0000,1.2027,43,5
CCCTAAAAAGATACCA,H47N M530G,0.2827,0.2827,93,46
CCCTAAACTATCCCAT,Y105D,0.1057,0.1057,186,246
CCCTAAACTTAACAAC,W153R G463F,0.0000,0.0000,0,12
CCCTAAAGGAAAGCAG,S221Y,0.0000,0.0000,0,2
CCCTAAATATAAGTAC,V481D,0.0000,0.0000,0,2
CCCTAAATGGATTACG,Y86M,0.1398,0.1398,13,13
CCCTAACCATACCCAG,Q391L,1.0000,11.6070,83,1
CCCTAACGTTTAGCCC,D415W Q513N,nan,nan,0,0
CCCTAACTTTACGGTT,K313A,0.1378,0.1378,3633,3686
CCCTAAGAAATAAAAT,N92A,0.1600,0.1600,167,146
CCCTAAGAGCAGGACG,T208I,0.1615,0.1615,843,730
CCCTAATTAGTACAAA,M431D,0.0000,0.0000,0,35
CCCTAATTGCCGTAAA,V88K,nan,nan,0,0
CCCTAATTTAACTAAG,,0.1028,0.1028,419,570
CCCTACAACTATCATT,D159Q,0.2388,0.2388,12564,7358
CCCTACAAGCGCAGGG,A394G,0.0000,0.0000,0,26
CCCTACACAAACACGA,,0.1283,0.1283,868,946
CCCTACACAGCCAAAC,L213V,0.1272,0.1272,807,887
CCCTACAGCTCTAACC,R229Y,0.0000,0.0000,0,1
CCCTACCAGAAAGTCT,T318D,0.0000,0.0000,0,1
CCCTACCAGTAGTCCA,P306W Q545K,nan,nan,0,0
CCCTACCCAAATAGAA,Y308E T511C,1.0000,inf,34,0
CCCTACCCACTGATAC,N400S,0.1335,0.1335,737,772
CCCTACTCGGAATCCC,,0.1515,0.1515,4061,3749
CCCTACTTTCCAAAAC,G181S,0.0000,0.0000,0,17
CCCTAGACAATTCCGA,N382P,0.0000,0.0000,0,5
CCCTAGACAGAACCGT,,0.1503,0.1503,1795,1670
CCCTAGATGGGTAAAA,A19E N443V,0.0000,0.0000,0,14
CCCTAGTACTCGATCA,A532H,0.0000,0.0000,0,3
CCCTAGTCATTCGCAC,Y363M,0.0000,0.0000,0,18
CCCTAGTCTCAGCGAA,T520E,nan,nan,0,0
CCCTAGTGCAAAAGGC,R456K,nan,nan,0,0
CCCTATAAGAGATCTC,P92aA,0.1684,0.1684,4122,3423
CCCTATACGAAACAAA,R405K,0.0000,0.0000,0,6
CCCTATCCACGCGCAT,A138S,0.0399,0.0399,418,1464
CCCTATCCAGACGATA,G465P,0.0000,0.0000,0,7
CCCTATCGAAAAACTC,V5A,0.1992,0.1992,5509,3867
CCCTATTGATGCCGCA,H244M,0.0684,0.0684,1689,3454
CCCTATTTTTGTTGCA,F392E,0.0694,0.0694,672,1354
CCCTCACAATACAAAT,,0.1185,0.1185,1454,1716
CCCTCACACCGAGGCC,,0.0000,0.0000,0,29
CCCTCACGTAAGACCA,L59K,0.1379,0.1379,346,351
CCCTCAGACACGTACA,F338M,0.0000,0.0000,0,78
CCCTCAGCTATCTAAA,S22Q V152N,0.0822,0.0822,272,463
CCCTCATAACCTTTAG,M30C,0.0000,0.0000,0,25
CCCTCATCTTTATGTC,,0.1473,0.1473,9906,9404
CCCTCATTATAGAAGC,E500N,0.1322,0.1322,242,256
CCCTCATTTGAATTGA,G333W,0.2431,0.2431,306,176
CCCTCCAAAGAATCTT,V444D,1.0000,2.9367,42,2
CCCTCCAACATATCTA,S524D,nan,nan,0,0
CCCTCCAACCTAACGC,V56L V309K G337V,0.0000,0.0000,0,22
CCCTCCACGTCAGCGA,G341V,0.2191,0.2191,318,203
CCCTCCGACAAAATAC,I385V,0.1001,0.1001,958,1339
CCCTCCTACATTTCCA,,0.1728,0.1728,901,729
CCCTCCTAGAATTCGT,K57C,0.1413,0.1413,95,94
CCCTCCTCAGCAAAAA,T283F,nan,nan,0,0
CCCTCCTCTTAGTACA,E246Y,0.0000,0.0000,0,39
CCCTCCTGTATAGAGC,A93L Q344D,0.2104,0.2104,6512,4328
CCCTCGAATACTTTGA,L54C,nan,nan,0,0
CCCTCGACATTCTCGG,R173W,0.1098,0.1098,1284,1636
CCCTCGGATACGGACG,I252F,0.6013,0.6013,86,20
CCCTCGGGGGTGGCTA,L133aR,0.3081,0.3081,2395,1087
CCCTCTATATACCCAA,L59V,0.1295,0.1295,150,162
CCCTCTGAAGCGACTC,K498S,0.1251,0.1251,221,247
CCCTCTGCCCTGACGA,K269R,0.0734,0.0734,256,488
CCCTCTTATATAAACA,,0.1516,0.1516,1944,1793
CCCTGAAAAAAAATGT,G55W,0.0000,0.0000,0,121
CCCTGAAAAGACAAAT,K460N,0.1608,0.1608,3081,2679
CCCTGAAAAGATTCGC,S126E,0.1015,0.1015,114,157
CCCTGAAATTAATGTG,R496Q,0.0651,0.0651,34,73
CCCTGAACAGGGAGAC,L43F,0.0000,0.0000,0,5
CCCTGACAACCATCAA,I182K,0.0000,0.0000,0,6
CCCTGACAGACCACAC,R227W E414G,nan,nan,0,0
CCCTGAGAAGACTTTT,N169R N322M T370V F469L,0.0000,0.0000,0,2
CCCTGAGAGTTAAAAG,C281E,0.0000,0.0000,0,6
CCCTGAGGTAGTGAAC,,0.1280,0.1280,65,71
CCCTGATATATTGAAA,,0.1844,0.1844,323,245
CCCTGATTGCTACTAA,F294W,0.1503,0.1503,216,201
CCCTGCCTTGGACTAA,,0.1222,0.1222,729,834
CCCTGCGAATCAAGAA,V66D Q513K,nan,nan,0,0
CCCTGCGCTTATTAGA,G463S,0.0983,0.0983,173,246
CCCTGGACCGATCACT,R405G,nan,nan,0,0
CCCTGGAGGACGCCAA,M478G,nan,nan,0,0
CCCTGTAACCCAAAAG,N289K,0.1659,0.1659,1001,844
CCCTGTAATGTAGGTT,L331M,0.1070,0.1070,140,183
CCCTGTCTTTTATCGG,D95N D375G G396D,1.0000,1.7580,88,7
CCCTGTGGACTTATTT,S523N,0.0000,0.0000,0,12
CCCTGTTTGAACATTT,T378F,0.1540,0.1540,523,475
CCCTTAAATAACAAAA,F467T,0.0000,0.0000,0,4
CCCTTAACATTACATG,,0.1242,0.1242,1614,1817
CCCTTAAGTCCGAACA,L427D,0.0000,0.0000,0,1
CCCTTACGTTCTGGGC,L437G,0.0000,0.0000,0,12
CCCTTACTGCAAAGTG,L71N E494K,0.6093,0.6093,61,14
CCCTTAGTTCTTTGGC,F232L,0.6013,0.6013,172,40
CCCTTATCCAGCAGCT,,0.0375,0.0375,59,220
CCCTTCAAAGTAACAA,A257F G484R,0.0000,0.0000,0,2
CCCTTCAAGATGTTAA,D375Q,0.1895,0.1895,1003,740
CCCTTCGATAACGGCT,P125Y,0.0857,0.0857,57,93
CCCTTCGCGTATCGCT,G286H,0.0000,0.0000,0,1
CCCTTCTAAGTATGTG,,0.2018,0.2018,2870,1989
CCCTTCTGATTGGGTG,,0.2941,0.2941,204,97
CCCTTCTTGACAAAGT,S22P V481F,0.0000,0.0000,0,18
CCCTTGGATTGTATAA,T132E A317C,0.2206,0.2206,2418,1533
CCCTTGGGTATTAAAT,D457F,0.2627,0.2627,278,148
CCCTTGTCCAGAGGTA,N92S R212M,0.0841,0.0841,3266,5428
CCCTTGTCGACCGTAA,,0.1987,0.1987,753,530
CCCTTGTGTACCACCA,E403T Y518K,nan,nan,0,0
CCCTTTACTCCTGCCT,,0.1267,0.1267,29,32
CCCTTTAGGTAATAAG,L51M,0.2000,0.2000,5075,3548
CCCTTTATCTAACACA,V395W,0.4031,0.4031,49,17
CCCTTTCAATCACGCT,I29H S480V,0.0000,0.0000,0,12
CCCTTTGAGATTGAAC,N169Y N322Y T370I,0.0000,0.0000,0,1
CCCTTTGTGACTCCGT,N443S,0.1364,0.1364,829,850
CCCTTTTCGTGACCTC,G362A,0.0949,0.0949,222,327
CCCTTTTCTTAACGCA,E131R,0.3969,0.3969,10388,3660
CCCTTTTGAAAAGCGT,Y274V,nan,nan,0,0
CCCTTTTGTCCACGTT,,0.1658,0.1658,1368,1154
CCCTTTTTGACACAAA,,0.1899,0.1899,5988,4410
CCGAAAAAAAAAATCG,,nan,nan,0,0
CCGAAAAGACGCAACC,E434L,0.2044,0.2044,1013,693
CCGAAAAGTTCCTGTT,V261A V347L,0.1455,0.1455,461,443
CCGAAAATATAATAGA,K120N,0.0588,0.0588,159,378
CCGAAAATCTCACCGA,A425P,0.8624,0.8624,74,12
CCGAAACAACTTGTAC,R326I,0.0641,0.0641,838,1828
CCGAAACCCAAATATA,F147N,0.3636,0.3636,26,10
CCGAAACGTAATCTCC,K157W K411T,0.0675,0.0675,246,510
CCGAAACTACGTCAGT,N116K,0.1102,0.1102,376,477
CCGAAACTTGTCGCAT,,0.1443,0.1443,2695,2612
CCGAAAGGAACAGAGG,K307M,0.0000,0.0000,0,4
CCGAAAGTGGTACAAA,K412F,0.0000,0.0000,0,8
CCGAAATCTCACGTTA,E340N,0.4755,0.4755,153,45
CCGAAATGAGGTATGA,G16K M230Q,0.0000,0.0000,0,7
CCGAAATTATAATAAA,K9R F332H,0.6526,0.6526,28,6
CCGAAATTGACATAAT,S480C,0.1409,0.1409,1042,1034
CCGAACAATTTAATAC,A144T,0.4113,0.4113,50,17
CCGAACACCCTACGAT,Y201M D438E,nan,nan,0,0
CCGAACATAAGGCGCT,N379F,0.2543,0.2543,120,66
CCGAACATATCCAAAA,P293E,nan,nan,0,0
CCGAACATCCGATATA,L507N,0.0000,0.0000,0,12
CCGAACCATGAACTTC,S291E,0.2102,0.2102,266,177
CCGAACCATTTATAAG,,0.1877,0.1877,9624,7172
CCGAACCTCCAGTAGA,K328cR,0.1662,0.1662,6998,5889
CCGAACTAAACTGAAT,R328bM,0.1503,0.1503,1284,1195
CCGAACTAAGTATCAG,,0.1220,0.1220,1405,1610
CCGAACTCTGACTATA,,0.1309,0.1309,555,593
CCGAAGAGGATAGTTG,I502K,0.0000,0.0000,0,4
CCGAAGATTCCTCCTC,A91W,0.1088,0.1088,1613,2073
CCGAAGATTGTAAATC,K387R,0.0637,0.0637,599,1316
CCGAAGCAGTAATAAA,,0.1186,0.1186,78,92
CCGAAGCATGTTAAAG,T436V,nan,nan,0,0
CCGAAGCGAATCACGA,V26A I385N,0.0000,0.0000,0,8
CCGAAGGTCAGATCCG,V34T,0.0000,0.0000,0,2
CCGAAGGTGAACACCT,G342K,1.0000,1.3052,28,3
CCGAATAAACAACATC,K262aP,0.1985,0.1985,687,484
CCGAATAAAGTGATAT,G333A,0.1691,0.1691,1663,1375
CCGAATAATTAGACCG,S442Q,0.1868,0.1868,3319,2485
CCGAATACTGAGGCCA,,0.0000,0.0000,0,11
CCGAATATGGACAGAC,C549Q,0.1049,0.1049,81,108
CCGAATATGTACGTAT,A39Q,0.6630,0.6630,128,27
CCGAATCAAGTGCCAA,H471P,0.1734,0.1734,31,25
CCGAATCAGACGCTTT,W180Y,0.2210,0.2210,12407,7850
CCGAATCGAATGACCA,,nan,nan,0,0
CCGAATGCAACAAACA,,0.1809,0.1809,573,443
CCGAATGTAATTGCCC,V444Y,0.0000,0.0000,0,7
CCGAATTGCAAGCCTA,D53M G345F,0.3222,0.3222,371,161
CCGAATTTCTACAAAA,K32D N248F,0.0000,0.0000,0,1
CCGACAAACCATGCAT,H184R,0.0000,0.0000,0,1
CCGACAAAGTAAATAG,S291E,0.1952,0.1952,878,629
CCGACAAATAACCTGG,N169* N322I D366I T370C F469V,nan,nan,0,0
CCGACAAATAGAACTT,D27E,0.1748,0.1748,25,20
CCGACAACAGGAGTAC,K280I,0.0000,0.0000,0,25
CCGACAACCACAAAAC,D95N S383D S480T,0.3885,0.3885,25,9
CCGACACAATACCTAT,C64Y Y470S,0.0000,0.0000,0,2
CCGACACAATTAGAAC,E501M,0.0756,0.0756,351,649
CCGACACAGCGATCAA,Q211Y,0.1496,0.1496,2635,2463
CCGACACGCATATGGA,K32N,0.1369,0.1369,657,671
CCGACAGGAACCTAGC,N158F,0.2727,0.2727,1761,903
CCGACATGGAGTTCAA,L7P V135A,0.0249,0.0249,49,275
CCGACATGGGAACTGA,I13Q,0.0000,0.0000,0,9
CCGACATGGTTATCGT,Y491N,0.1043,0.1043,1368,1835
CCGACCAATCGAAGAA,Y161F,0.1092,0.1092,595,762
CCGACCACAGTTAACA,,0.2179,0.2179,229,147
CCGACCATATTTTACT,,0.1789,0.1789,403,315
CCGACCGCTACACGAT,G345A,0.1541,0.1541,1315,1193
CCGACCTGACGCCAAG,A365E,1.0000,1.5045,312,29
CCGACGACCCGGTATA,Y274E,0.1474,0.1474,255,242
CCGACGAGTCCGTCAG,P254F,0.0000,0.0000,0,4
CCGACGCAAAATAACA,D11Q,0.2331,0.2331,30,18
CCGACGCTAGGTCACC,L71P S492P,0.0000,0.0000,0,26
CCGACGGTATGCAAGG,I-3Q,0.1029,0.1029,4063,5520
CCGACTATCAATCAGA,D240C,0.3360,0.3360,1833,763
CCGACTTCTAATTACA,S270I,0.0733,0.0733,11,21
CCGACTTGATTAGGCA,S442K,0.1933,0.1933,1508,1091
CCGAGAAATGACCGGC,G342V,0.0000,0.0000,0,3
CCGAGAAATGGGCATC,S265Q,0.6215,0.6215,40,9
CCGAGACACGTGAAAA,N357E,nan,nan,0,0
CCGAGACAGATCTAAA,Y353E E403D,0.0000,0.0000,0,2
CCGAGACATCACGATC,I13C Y353P,0.3696,0.3696,37,14
CCGAGACCGTTACCGA,E468R,0.1564,0.1564,2879,2575
CCGAGACGAATAACAG,G100I L447Y,0.0000,0.0000,0,6
CCGAGACGCTCCCGAC,C97L D474G I517D,0.0000,0.0000,0,15
CCGAGACGGGAAGGAA,S383E C473Y,0.0000,0.0000,0,8
CCGAGCACCTAAAACG,V315Y,0.1084,0.1084,620,800
CCGAGCCCGAAAAATA,L544R,nan,nan,0,0
CCGAGCGATTCCAGAA,V8*,0.0000,0.0000,0,18
CCGAGGAAAACACAAG,T28V,0.6730,0.6730,77,16
CCGAGGACGAATCCAA,S65F K450S,0.0000,0.0000,0,2
CCGAGGATTTCCCATC,T28A S167Q R321T,0.0000,0.0000,0,3
CCGAGGCGTAAACAGA,K307D,0.0000,0.0000,0,2
CCGAGTATAGAACAAT,,0.1581,0.1581,1411,1248
CCGAGTCACTACCCCG,R149Y,0.1375,0.1375,7047,7169
CCGAGTCAGTTGATAC,L194E,1.0000,inf,53,0
CCGAGTCCATATAAAA,K380D,nan,nan,0,0
CCGAGTCTAACCCAGT,,0.0758,0.0758,239,441
CCGAGTTATATATTTG,N193Q,0.4110,0.4110,3089,1051
CCGATAAATTTGTAGA,K196A,0.1828,0.1828,4499,3442
CCGATAACAAGAGCGG,,0.0379,0.0379,163,602
CCGATAACTACAACAT,,0.2733,0.2733,946,484
CCGATAATAGAAACCG,L-1P,0.1831,0.1831,728,556
CCGATAATCTAAGATT,,0.1013,0.1013,1154,1593
CCGATAGAACAAACAA,A521P,0.0000,0.0000,0,9
CCGATAGAGGTTAATA,L96Q Y258R,0.1057,0.1057,995,1317
CCGATAGATCTGATAA,,0.1568,0.1568,342,305
CCGATAGATTGCAGTC,H440C V481T,0.0000,0.0000,0,9
CCGATAGTACGTACCT,,0.1322,0.1322,2514,2659
CCGATAGTTGACCGGG,,0.3143,0.3143,218,97
CCGATATCACTTGGCG,V444F,0.6060,0.6060,26,6
CCGATATTACTCGATA,L447E,1.0000,1.0488,90,12
CCGATCCAGCCACAAG,,0.1221,0.1221,1062,1216
CCGATCGAACATTAAG,I267M,0.1304,0.1304,4189,4493
CCGATCGATATCCCAA,T35S,0.0813,0.0813,75,129
CCGATCGCCCTTAGAA,,0.1614,0.1614,6449,5586
CCGATGGAATGATATA,Y17W A317F,0.0000,0.0000,0,4
CCGATGGTAGACCCTA,V223M G342E,0.0000,0.0000,0,3
CCGATGTAGAACAGAG,,0.1772,0.1772,2409,1901
CCGATTACTCCCAAGT,,0.1603,0.1603,1097,957
CCGATTATTCATTTTG,Y98P L527Y,0.0000,0.0000,0,3
CCGATTCAAGCTCATA,K450L,0.1010,0.1010,1359,1881
CCGATTGGTAAATTGT,C539V,0.0964,0.0964,151,219
CCGATTTAAGATACGT,D487C,0.2485,0.2485,311,175
CCGCAAAAAAACTGCC,,0.1861,0.1861,523,393
CCGCAAAAACCAGTAC,H18T,0.1424,0.1424,2956,2903
CCGCAAAAAGATTGAC,L507D,0.0000,0.0000,0,13
CCGCAAAGAGCTGTAT,L112G,nan,nan,0,0
CCGCAAATATCCCTGG,F399V L527M,nan,nan,0,0
CCGCAAATGGTTAAAC,,0.1199,0.1199,2246,2620
CCGCAAGAAACAACCT,I217W,0.0000,0.0000,0,102
CCGCAAGCTACGAGAC,Q490T,0.4009,0.4009,43,15
CCGCAAGTCTAGGTTT,L462Y,0.1545,0.1545,137,124
CCGCAATCCAAAAACT,K50G M346L,0.0535,0.0535,26,68
CCGCAATCCACTTAGA,,0.1008,0.1008,31,43
CCGCAATCCATTAACA,M268I F467L,0.1265,0.1265,2835,3135
CCGCAATTAAGTGAAT,E508V,0.1303,0.1303,655,703
CCGCACAAAATATCGG,S101D,0.1142,0.1142,788,965
CCGCACATCCGGCGAC,N54aL S369Y,0.2353,0.2353,520,309
CCGCACATCGATGTCA,V56C M538N,0.0919,0.0919,136,207
CCGCACCACAAGAAAT,I87W E432K,0.0000,0.0000,0,1
CCGCACCATGGTTAAA,,0.0873,0.0873,148,237
CCGCACCCAAAGGCAA,,0.0998,0.0998,396,555
CCGCACGCAAAGAAAT,F392N R397K,nan,nan,0,0
CCGCACGGCATCCATC,V429A,0.1543,0.1543,32,29
CCGCACTACTTCCCAT,C466K,0.0000,0.0000,0,1
CCGCACTCCCCTACGA,,nan,nan,0,0
CCGCACTCTAGGAGGG,T378P,nan,nan,0,0
CCGCAGAAAAAAAGAC,R149K,0.0848,0.0848,1220,2012
CCGCAGATAGGGGCAC,A93E,0.0684,0.0684,1920,3924
CCGCAGATTAACTACG,I164W,0.0881,0.0881,1036,1644
CCGCAGGCATGAGCGT,G143V A218Q,0.2530,0.2530,76,42
CCGCAGTGGTTTAAGC,G342R N401K,1.0000,2.2375,32,2
CCGCAGTTCACCATTA,E403A,nan,nan,0,0
CCGCATAACCCGAACA,A160V,0.1176,0.1176,779,926
CCGCATATAAAAGGGA,F469C,0.0000,0.0000,0,11
CCGCATCCAGAATAAC,V-2T,0.0818,0.0818,511,874
CCGCATGTGACCTGAC,R405Y,0.0000,0.0000,0,3
CCGCATTCTAAAACGA,N187P,0.2357,0.2357,794,471
CCGCATTTATGTGACG,L515H,0.0000,0.0000,0,1
CCGCCAAACGACGCGT,H184Q,0.0503,0.0503,325,904
CCGCCAACTGACAAAC,A364W,0.4895,0.4895,56,16
CCGCCAGCGAGTTAGT,S167K N322H T370R,0.0000,0.0000,0,2
CCGCCATAAGCATCAG,E434T,0.1205,0.1205,933,1083
CCGCCATAGATATGCA,,0.2241,0.2241,1617,1009
CCGCCCAATTAAATAT,L122Q,0.0959,0.0959,2518,3673
CCGCCCAGCTGTAATA,S133K,0.1374,0.1374,570,580
CCGCCCCCTATCACGG,G484S,0.1428,0.1428,1584,1551
CCGCCCTGATATAAGA,K157L,0.2010,0.2010,3011,2095
CCGCCGAGAAGCCAAA,E31N,0.2128,0.2128,35,23
CCGCCGAGCCCAACCA,C14R,0.0000,0.0000,0,7
CCGCCGGCGTGATACA,A160E,0.0873,0.0873,1133,1814
CCGCCGGTCGACAAAC,C139V,0.0000,0.0000,0,2
CCGCCGTGTTAAAAAT,T163K,0.0000,0.0000,0,337
CCGCCTAAAATGTATT,,0.0825,0.0825,249,422
CCGCCTCAACGAGTGA,E273R,0.1633,0.1633,4810,4119
CCGCCTGCCCCACAAG,T422K,0.2704,0.2704,87,45
CCGCCTTCATACGTGT,G330Y Y488*,nan,nan,0,0
CCGCCTTGAATAATAG,L71W,nan,nan,0,0
CCGCCTTTTAAAAAAG,N250V G362D,0.0000,0.0000,0,2
CCGCGAATCTGCATTG,,0.0898,0.0898,79,123
CCGCGAGTACTTCAAA,,0.1041,0.1041,727,977
CCGCGATGCCGCTTTA,C14P,nan,nan,0,0
CCGCGCAAATGTCGTA,V66L,0.1476,0.1476,190,180
CCGCGCATAACAACTA,F332A,0.0000,0.0000,0,13
CCGCGCTAAATGCGTG,,0.1039,0.1039,214,288
CCGCGCTTTTCTACAA,L194N,0.3693,0.3693,375,142
CCGCGGCCAATCCCAG,K506L,0.0987,0.0987,290,411
CCGCGGTAACACCTGT,I406V,0.1288,0.1288,2231,2423
CCGCGGTAGTAGCAAA,R90N,0.1035,0.1035,1134,1532
CCGCTAAGAATCACCC,S125bL,0.1414,0.1414,1540,1523
CCGCTACCAGCATACC,A242P,0.0978,0.0978,114,163
CCGCTACCCCCGCAAC,I42H,nan,nan,0,0
CCGCTACCCTACCTGC,G341S V347L,0.1339,0.1339,112,117
CCGCTACGCGCGCACT,,0.0057,0.0057,4,98
CCGCTACGTATAAAGC,I514L,0.0999,0.0999,1756,2457
CCGCTAGGCCACTAGG,I29R,0.0000,0.0000,0,2
CCGCTATAAGCAGAAC,E44H,0.0391,0.0391,110,393
CCGCTCATCTAAATAC,,0.1174,0.1174,1050,1251
CCGCTCCCGAAACAGA,V-2H,0.1013,0.1013,531,733
CCGCTCTAAGCACAAA,L402C,0.1984,0.1984,559,394
CCGCTCTTTCACAGAA,S290N,0.1879,0.1879,5229,3892
CCGCTGACACAAGCCA,F118M,0.0000,0.0000,0,4
CCGCTGATATAAGTCT,N92T,0.1333,0.1333,2622,2750
CCGCTTAAAGTATCTC,L515V,0.0000,0.0000,0,9
CCGCTTAAATCCAGCT,K310N,0.1306,0.1306,1115,1194
CCGCTTAATAACACCG,N48P,0.0000,0.0000,0,9
CCGCTTTGTAGCAAGC,P82aL G465E,0.0000,0.0000,0,4
CCGGAAAATGGTTTAG,F469D,nan,nan,0,0
CCGGAAACAGACTAGA,T28R S167*,nan,nan,0,0
CCGGAAACCAGGGAGA,A188V,0.0667,0.0667,601,1261
CCGGAAACCTCATTGA,R227C I548P,0.0000,0.0000,0,2
CCGGAAAGGATATCCC,,0.1171,0.1171,4404,5258
CCGGAAATTGAGAACC,N158T,0.2035,0.2035,678,466
CCGGAACATGCTACCT,V451C,0.1069,0.1069,253,331
CCGGAACCCTACAACG,G16A K460N,0.2307,0.2307,33,20
CCGGAACCTAAAATCA,N94V,0.1965,0.1965,496,353
CCGGAACGAATCGATT,R326V,0.0000,0.0000,0,30
CCGGAATAAAAGTAGA,G342M,nan,nan,0,0
CCGGAATCGTAAAAGA,G360R,0.0000,0.0000,0,3
CCGGAATTCACTGTAA,K120Q,0.1138,0.1138,1221,1500
CCGGACAAAATACTTA,N169H R321A D366A F469A,0.0000,0.0000,0,1
CCGGACCCTGGAGCAA,,0.1496,0.1496,6283,5875
CCGGACTCTCGTCACT,T199D,0.0920,0.0920,624,949
CCGGAGACCAATATTG,C97W,nan,nan,0,0
CCGGAGACCTCTAAAT,,0.1334,0.1334,228,239
CCGGAGGTTGGTCGAT,M268R,0.0000,0.0000,0,5
CCGGAGTACAACACGC,P92aF,0.0933,0.0933,8137,12191
CCGGATAGAAAATTGG,M478C,0.4755,0.4755,68,20
CCGGATCAACGGGTAA,K120L,0.0713,0.0713,1491,2925
CCGGATTCGACGATCT,,0.1147,0.1147,306,373
CCGGCAAAGCAGTTCC,S270E,0.3336,0.3336,229,96
CCGGCACACCCCTATA,P254G,0.0000,0.0000,0,18
CCGGCAGTAGTTTCAA,K307V,0.0520,0.0520,61,164
CCGGCAGTCAGAAATA,E-5K L497A,0.1271,0.1271,170,187
CCGGCATAAACTCGCA,C281T,0.0000,0.0000,0,2
CCGGCCCCAGACATCC,V82Q N443L,0.0000,0.0000,0,6
CCGGCCTATAAATAAA,R90V,0.1252,0.1252,350,391
CCGGCGTGCAGGATGT,P128I E493D,0.2568,0.2568,112,61
CCGGCTATGCATAGGC,A425G,0.0000,0.0000,0,3
CCGGCTCTGAACGAGC,P140D T283S,0.1197,0.1197,4408,5151
CCGGCTTGAAAACTAC,,0.1245,0.1245,586,658
CCGGGAAGATAGGGCA,E119W,0.0000,0.0000,0,7
CCGGGAATAACCAAAA,H354M,0.0832,0.0832,395,664
CCGGGAATCTGAACTA,S146Y G286M,0.3056,0.3056,59,27
CCGGGAGGAGCTTAAC,D159K,0.0000,0.0000,0,2
CCGGGAGTTCTCACTC,Y518E,0.0000,0.0000,0,12
CCGGGCCTAGAATTAG,Y308T,0.0000,0.0000,0,2
CCGGGCTAAGCATGAT,N186R L300V,0.0000,0.0000,0,14
CCGGGCTGATAGCGTT,V377S,0.0000,0.0000,0,1
CCGGGGCAGTCCAACA,,0.0000,0.0000,0,21
CCGGGGCTTGCGGTTA,E31P N169A R321T S369T F469V Y491H,0.0000,0.0000,0,4
CCGGGTATTAATTAGA,H38R N73S N94D N158F,nan,nan,0,0
CCGGGTATTTGAATAT,,0.2101,0.2101,694,462
CCGGGTCATATTGCAC,A160S L209M,0.3077,0.3077,99,45
CCGGGTCTCATTTAGT,T219E,0.0273,0.0273,106,542
CCGGGTTAAACCCTCA,L437P I529H,0.0000,0.0000,0,7
CCGGGTTAAAGTCCTC,D104V,0.1036,0.1036,1492,2014
CCGGTAAACCTCACCC,S22I L437Y,0.4475,0.4475,32,10
CCGGTAATACCTTTCT,F294D,0.0000,0.0000,0,2
CCGGTACTCCCCGAAG,M530S,0.4122,0.4122,224,76
CCGGTAGAATTTTAAT,S10M G484L,0.1653,0.1653,564,477
CCGGTAGTAGAGAAGA,G205F,0.0000,0.0000,0,2
CCGGTTACATGTAGCT,H355L,0.1391,0.1391,191,192
CCGGTTCGTTTTTTGG,V429L,0.0527,0.0527,144,382
CCGGTTCTAATTCGCC,K387P,nan,nan,0,0
CCGGTTGAAAACGCTT,S65C E414K,0.0000,0.0000,0,1
CCGGTTTTGATTTTAG,V56C,0.1050,0.1050,2433,3240
CCGTAAAAAAAAATAG,,nan,nan,0,0
CCGTAAAAAGGAAGCC,V66F P125T F245Q,nan,nan,0,0
CCGTAAAGTCTACTAC,L2M,0.1555,0.1555,2222,1998
CCGTAACAATAGTATT,Y195W,0.5050,0.5050,65,18
CCGTAACAGTTAGTTT,S101N F332V,0.2610,0.2610,3740,2004
CCGTAACCCTGTTAAT,C52N,0.5794,0.5794,29,7
CCGTAACTGATTGTTA,E304W,0.3155,0.3155,97,43
CCGTAAGCACTCAATA,Y195N S509Y,0.0000,0.0000,0,3
CCGTAAGCATTCAGCT,,0.0801,0.0801,375,655
CCGTAAGGAGAGTACC,C549K,0.2087,0.2087,282,189
CCGTAAGGGCAGCGTT,,0.1209,0.1209,523,605
CCGTAATTACTGAAAT,L179Y,0.1839,0.1839,1001,761
CCGTACAGAAATAAAT,I87E,0.0000,0.0000,0,12
CCGTACAGAATTAACT,S291I,0.1859,0.1859,9277,6980
CCGTACATAATACCCC,L418S,0.1049,0.1049,21,28
CCGTACCATCATGCTT,,0.1344,0.1344,1819,1893
CCGTACGCAGGCCCAG,E89N,0.2428,0.2428,217,125
CCGTACTAATTAATAA,N475T,0.1024,0.1024,534,729
CCGTACTTTACGGAAG,E432Q,0.1398,0.1398,31,31
CCGTAGACCACAAAAT,,0.1696,0.1696,6576,5423
CCGTAGCAGGATCTGT,A373L,0.5461,0.5461,82,21
CCGTAGGATAACAGGG,H276M,0.1692,0.1692,1396,1154
CCGTAGGTCCCGTGAC,,0.0888,0.0888,364,573
CCGTAGTAAACTGCTA,Y353W,0.0000,0.0000,0,1
CCGTAGTTGGGTGAAA,A526H,0.0000,0.0000,0,1
CCGTATAAGATATGTG,E493Y,0.2059,0.2059,1761,1196
CCGTATACTAGCTCAA,A67S,0.1364,0.1364,2626,2692
CCGTATCAACCTATTA,D240K V444F,nan,nan,0,0
CCGTATCCTAATCTCT,C14L,0.0000,0.0000,0,4
CCGTATTGCGCAGTTT,N150L A214V,0.3169,0.3169,451,199
CCGTCAATGACCGATC,R404H,0.0339,0.0339,155,640
CCGTCACAACTGCATT,V5G N357H,0.0000,0.0000,0,4
CCGTCACGGCCCAGAT,T301N,0.1377,0.1377,647,657
CCGTCCACTACTCAGT,G100I,0.0000,0.0000,0,6
CCGTCCATCGGAATAA,F232R,0.0000,0.0000,0,2
CCGTCCCGAAATCAAG,N186A,0.0117,0.0117,28,336
CCGTCGACAACCATTA,,0.1327,0.1327,204,215
CCGTCGCAACGAAAAT,L497Q,0.1756,0.1756,314,250
CCGTCTAATTATACTG,,0.1272,0.1272,1167,1283
CCGTCTAGAACATAAC,E426Y,0.2797,0.2797,30,15
CCGTCTATGAAGAAGC,P215I,nan,nan,0,0
CCGTCTCAGCGGGTCT,S6M D449K,0.0000,0.0000,0,9
CCGTCTTCTGAAAACA,V34Q D438E,0.2429,0.2429,33,19
CCGTGAATACAACCAT,C14T,1.0000,1.2819,55,6
CCGTGAATACGCCGTG,M111E,0.0000,0.0000,0,4
CCGTGACAGAGAATGG,,0.1135,0.1135,1219,1502
CCGTGAGAACATACAT,L7C,0.1089,0.1089,176,226
CCGTGAGATAAGGCAA,,0.1178,0.1178,1006,1194
CCGTGATCTCAAATGT,R321S L462Q,0.7552,0.7552,54,10
CCGTGCGTGGGGCCTT,F467I,0.1418,0.1418,1332,1314
CCGTGCTTGTCGATAC,T171N Q222K,0.1865,0.1865,48,36
CCGTGGCGTAATAACT,S167T T279I,0.2109,0.2109,89,59
CCGTGTTAAAACGGGC,I406M E407L,0.0000,0.0000,0,5
CCGTTAAACCCTGGGA,,0.1312,0.1312,198,211
CCGTTAAAGACAATGA,W537Y,0.2991,0.2991,77,36
CCGTTAAAGCTGGCCA,K262aM,0.0251,0.0251,23,128
CCGTTAACCGAATTGG,N224S,0.1547,0.1547,3065,2770
CCGTTACACAAAACCT,A317K K460C,0.0000,0.0000,0,2
CCGTTATAAGTAAAAC,F399I,1.0000,7.1320,102,2
CCGTTATCATCCTAAT,G349Y,nan,nan,0,0
CCGTTCAGGTCTCTAA,P125K,0.1696,0.1696,2890,2383
CCGTTCATACGGATAA,C281I,0.0000,0.0000,0,1
CCGTTCCAATAACTAT,R547N,0.0000,0.0000,0,15
CCGTTCCGAATCTCAT,H244M F392I,0.0000,0.0000,0,1
CCGTTCCTATCCGTAA,P125N Q371Y,0.4416,0.4416,60,19
CCGTTCTAAATAGATA,Y258M,0.1430,0.1430,7726,7556
CCGTTCTAATGACAAT,V261C,0.2006,0.2006,436,304
CCGTTCTCCGATATAG,G504S,0.0858,0.0858,661,1077
CCGTTCTCTCCTCAGA,D231T,0.1484,0.1484,1215,1145
CCGTTCTTCCGAAATA,A287C,0.3027,0.3027,171,79
CCGTTGAGTCTATCAG,S85Q,0.0000,0.0000,0,5
CCGTTGCCCAGAAATA,S311G,0.0000,0.0000,0,51
CCGTTGTATGTAATGC,,0.2155,0.2155,510,331
CCGTTGTTGGGGTAAC,H184L,0.0000,0.0000,0,1
CCGTTTAAGCAGTCAA,A257M,0.1635,0.1635,69,59
CCGTTTACGAGTGGTG,V66M P284A,0.0000,0.0000,0,12
CCGTTTCTCTACAAAT,,nan,nan,0,0
CCGTTTGCTACGGATT,N401F,0.0000,0.0000,0,170
CCTAAAAAACCGTAAA,G342N,nan,nan,0,0
CCTAAAAAATGCACAA,F332K,0.0000,0.0000,0,4
CCTAAAAAATGCTAAG,H18N L70W G341F,0.4895,0.4895,7,2
CCTAAAAAGAGTTATG,C139P,nan,nan,0,0
CCTAAAAATATCAATA,P198S,0.0858,0.0858,322,525
CCTAAAAATCACACAC,,nan,nan,0,0
CCTAAAACACCTTACC,H295Q E414K,1.0000,1.5208,87,8
CCTAAAACATAAAAGT,G225Y,0.0851,0.0851,191,314
CCTAAAACATAAGGCA,T511C,0.1086,0.1086,1642,2115
CCTAAAACATGGAAAT,E432R,0.0000,0.0000,0,2
CCTAAAAGCTAATGAC,,0.1152,0.1152,499,606
CCTAAAAGTAGTCATA,A336K D441E,0.0000,0.0000,0,1
CCTAAAATAAAAGGGC,L515I,0.1120,0.1120,846,1056
CCTAAAATAAACCCTA,,0.1978,0.1978,1972,1394
CCTAAACACCCGCAGA,Q545*,0.1853,0.1853,53,40
CCTAAACCAAAAATAC,D449I,0.0760,0.0760,231,425
CCTAAACGTGGAAACC,R90P G396K V510M,nan,nan,0,0
CCTAAAGAGATGTTAA,S185D,0.0000,0.0000,0,28
CCTAAAGATTTAATCA,E414A,0.2128,0.2128,175,115
CCTAAAGGCATACCGC,L108T Y195Q,nan,nan,0,0
CCTAAAGGTTTCATTG,N312R,0.1143,0.1143,1470,1798
CCTAAATAGAAGAGTT,R405M,0.0000,0.0000,0,2
CCTAAATATGAATCCA,D63Q,0.1832,0.1832,10659,8138
CCTAAATGCTGAAATC,Q391F,0.0000,0.0000,0,8
CCTAAATGGTTACAGA,S509R,0.0677,0.0677,216,446
CCTAAATGTATTACGG,F233W C473*,nan,nan,0,0
CCTAAATGTTAGGCCA,Y105A,0.0935,0.0935,430,643
CCTAAATTAATGGTTC,Y141* V420N,nan,nan,0,0
CCTAACACGCTGAATA,E432K,1.0000,1.0988,55,7
CCTAACAGTCCCATCC,R227K,0.0896,0.0896,3252,5074
CCTAACATAACGCATG,N475F,0.0373,0.0373,28,105
CCTAACATCCTCTGAA,S6E D11-,nan,nan,0,0
CCTAACCAAAGTTTGC,L96N,0.1114,0.1114,208,261
CCTAACCAGCCTATCA,E189* C466A,0.0000,0.0000,0,14
CCTAACCATCGATCAC,D53R G55V L331C,0.0000,0.0000,0,1
CCTAACCGAAGATCAT,,0.1651,0.1651,1889,1600
CCTAACCGGTAGACAT,R173D,0.0974,0.0974,1626,2335
CCTAACCTTCGAAGAT,K280T,0.1876,0.1876,326,243
CCTAACGTATCCTTAC,,0.1114,0.1114,471,591
CCTAACTAGCATATCC,A364I,0.2822,0.2822,341,169
CCTAACTCAACCGTAC,K506C,0.0848,0.0848,37,61
CCTAACTCACGGAATA,H276Q,0.1559,0.1559,1147,1029
CCTAAGAAGAAGTACC,I4W,0.1400,0.1400,2218,2215
CCTAAGAGCGTATCTA,K9Y,0.0723,0.0723,151,292
CCTAAGAGCTAACGTA,L108W,0.3097,0.3097,31,14
CCTAAGAGGCCATAAT,E273R,nan,nan,0,0
CCTAAGATTTGATCGT,,0.1118,0.1118,1386,1734
CCTAAGCCAACAACAA,F118D E304G,1.0000,1.2586,36,4
CCTAAGCCAGCTTAAA,A394E,0.0000,0.0000,0,3
CCTAAGGCACAAACAT,A91R I260D,0.0000,0.0000,0,3
CCTAAGGTCGGCCCAA,A214S,0.1510,0.1510,2008,1860
CCTAAGTAATTCTCAC,,0.1670,0.1670,2380,1993
CCTAAGTAGAGCTTAG,A522C,0.1667,0.1667,2552,2141
CCTAAGTCTCCGATTG,H295D,0.0000,0.0000,0,14
CCTAAGTGGCGGTTTT,,0.2201,0.2201,1769,1124
CCTAATACAATGGATC,N197A,0.0858,0.0858,1508,2458
CCTAATACCACGATTC,A425R,nan,nan,0,0
CCTAATACCGTTAACA,Y423Q,0.9168,0.9168,59,9
CCTAATAGGATGTCCA,G360W G463S,0.0000,0.0000,0,6
CCTAATATAATATAGG,G330N,0.1865,0.1865,24,18
CCTAATCACACAACGA,D415W R482E,1.0000,2.1676,31,2
CCTAATCAGTCCAAAG,L320W,1.0000,inf,72,0
CCTAATCGCAGTTAAA,H117S,0.1420,0.1420,1307,1287
CCTAATGAAAGACCCA,L527H,0.9944,0.9944,64,9
CCTAATGAAATACGTC,P58F R229H,0.0000,0.0000,0,10
CCTAATGAGAAATCAA,A144P,0.1794,0.1794,127,99
CCTAATTAATACAATA,N210I,1.0000,4.5449,65,2
CCTAATTGTAGAAATA,P299L,0.1437,0.1437,74,72
CCTAATTTATATCCTC,G263H,nan,nan,0,0
CCTACAACCTAAGACC,E255W,0.2786,0.2786,1875,941
CCTACAATTTGATGTT,P284G H471V,0.0979,0.0979,14,20
CCTACACAAATCGCCC,D348N,0.0891,0.0891,684,1074
CCTACACCTCTGGAAC,I202T,0.0999,0.0999,1533,2145
CCTACACTGGAATCTG,A137T,0.0509,0.0509,60,165
CCTACAGACAACCAGA,S185W,0.7167,0.7167,82,16
CCTACATCAGGACAAT,I164N,0.0192,0.0192,118,861
CCTACATTCCTTAGCG,,0.1263,0.1263,251,278
CCTACCAATAAGACAA,I13C K310H,0.0000,0.0000,0,12
CCTACCGAATTGTAGA,T370V,0.0000,0.0000,0,14
CCTACCGACCGACATC,F417I,0.2303,0.2303,56,34
CCTACCGGAATGTATG,G100D S167T R321N K367A N443P,0.0000,0.0000,0,24
CCTACCTGTCATAGTT,P306K,0.0000,0.0000,0,13
CCTACCTGTGTTAGAG,M111L,0.1297,0.1297,2148,2316
CCTACCTTACCGCTTA,I374N,0.0765,0.0765,504,921
CCTACGACCTTAGGGT,L7R,0.1004,0.1004,6308,8782
CCTACGAGGAGGAAGA,F399A,1.0000,4.4750,32,1
CCTACGAGTTGTAAAC,L194R,0.0000,0.0000,0,8
CCTACGCAATGAAGCG,A336S,0.0699,0.0699,165,330
CCTACGGCAGAGACTA,I339C,0.1748,0.1748,35,28
CCTACGGTTCCGTAGA,L462E,1.0000,3.9156,140,5
CCTACTAAGTACGTAT,G341L,0.1279,0.1279,634,693
CCTACTAGAAATCTCA,L213H,0.1056,0.1056,579,767
CCTACTAGATAAATGC,,0.1524,0.1524,328,301
CCTACTCTCCCATAAA,L61M L427Q C546Y,0.3356,0.3356,24,10
CCTACTGATCAAATGG,G55Y,0.0688,0.0688,122,248
CCTACTGCAATTATAC,N94E N443H T520A,0.0000,0.0000,0,18
CCTACTGCACCTTTGA,D104T R328aS,0.1088,0.1088,21,27
CCTACTGCGAGACTTT,K450F N483K,0.0000,0.0000,0,14
CCTACTGTACTAGGTT,G55I,nan,nan,0,0
CCTACTTCATAAGGCT,E189R,0.2480,0.2480,1720,970
CCTACTTGGATGAAGA,A287W,0.8740,0.8740,25,4
CCTAGAAAAACATTCG,S167G T370Q F469C,0.0000,0.0000,0,8
CCTAGAAACCTAACTC,K45I,0.1139,0.1139,110,135
CCTAGAACAGAGACAA,N278T M431I,1.0000,inf,58,0
CCTAGAACAGGACTGA,M292K,0.1074,0.1074,737,960
CCTAGACCAAACCATT,V152H,0.0863,0.0863,919,1490
CCTAGACCAAGTCAAT,K472I,0.1853,0.1853,673,508
CCTAGACCCGCTCTAA,A188S C473R,0.0000,0.0000,0,1
CCTAGAGGCAGAATAA,P128S D175S,0.0222,0.0222,16,101
CCTAGATTACCACAAC,R81F W350S,nan,nan,0,0
CCTAGATTAGCTAGGA,L453P,0.0000,0.0000,0,6
CCTAGCACCGTCTCAA,,0.1655,0.1655,3283,2774
CCTAGCGCCCTACTGG,P299T E501L,0.0563,0.0563,83,206
CCTAGCTCTACCGCCG,,0.1783,0.1783,1368,1073
CCTAGCTTTTTACGAC,,0.1366,0.1366,883,904
CCTAGGAAAACAGGGA,C546G,0.0000,0.0000,0,14
CCTAGGAAACCTGTAA,G465R,0.0420,0.0420,9,30
CCTAGGACCGACGTAA,T28G,0.0000,0.0000,0,2
CCTAGGCCAATAGTGA,V285G,0.0000,0.0000,0,20
CCTAGGCCTTGTATAT,R456M,0.1398,0.1398,62,62
CCTAGGTGCTAAAATG,R435G,0.0000,0.0000,0,8
CCTAGTAAACATATAA,S221F,0.2151,0.2151,20,13
CCTAGTAATTAATAGA,I384S,0.0000,0.0000,0,2
CCTAGTATTAATGTTG,,0.1395,0.1395,1585,1589
CCTAGTCAACTACGGA,Q454E,0.1669,0.1669,6555,5491
CCTAGTGCCAAGAATG,G49P,0.0294,0.0294,29,138
CCTAGTTTCCTAAAAA,D474C,0.0000,0.0000,0,1
CCTAGTTTGATAACAG,M30W T200I,0.2159,0.2159,105,68
CCTATAAAAACACGAA,,0.0885,0.0885,324,512
CCTATAACAATCAAAA,V285M,0.1733,0.1733,689,556
CCTATAACATTTCGAA,P324L,0.1287,0.1287,2472,2686
CCTATACAAATCTCCT,Q40V I243N,nan,nan,0,0
CCTATACCGCGCCTTA,Q359G,0.0877,0.0877,69,110
CCTATACCGCGTATCC,R404T,0.0000,0.0000,0,1
CCTATACGCACATAGC,Y448D,0.0000,0.0000,0,12
CCTATACTTCAATAAA,,0.1391,0.1391,949,954
CCTATACTTGAGAGCT,T46Q,nan,nan,0,0
CCTATAGACTATCCAA,N278D,0.1599,0.1599,2010,1758
CCTATAGGATGTCTAA,S290H,0.0810,0.0810,51,88
CCTATATAAAAACGGC,K156D,0.0000,0.0000,0,6
CCTATATCTTTCGCAC,G396I,0.4895,0.4895,91,26
CCTATCATAACATCAT,,0.1817,0.1817,12323,9486
CCTATCATAGCGTAGA,C546K,0.0000,0.0000,0,6
CCTATCATCCACACAC,E78P,0.1218,0.1218,176,202
CCTATCCAACAAGTTT,,0.1809,0.1809,6084,4704
CCTATCCACAAGAGGC,W343C G484S,nan,nan,0,0
CCTATCCCACAATAGA,H47W R405W,0.0000,0.0000,0,2
CCTATCCCACCCCAGC,S383A,0.1268,0.1268,2401,2649
CCTATCTGAAAGCTTT,Q371F,0.0000,0.0000,0,9
CCTATGAGATTGAGAC,L122K,0.2868,0.2868,966,471
CCTATGATGACGCAAA,,0.1525,0.1525,819,751
CCTATGATTGACATGA,R499E,0.1674,0.1674,364,304
CCTATGCATATAATAG,S290A,0.2529,0.2529,1407,778
CCTATGGCTTATTTTA,A521D,0.0000,0.0000,0,14
CCTATGGGCAGATCAA,Y448K,0.0000,0.0000,0,12
CCTATTACAGCTATAG,L507P,0.0000,0.0000,0,53
CCTATTACTTTCATAT,A459D,0.0000,0.0000,0,1
CCTATTATCCATACAT,N186Y,0.1805,0.1805,422,327
CCTATTCAAAGCACAA,P198L,0.1390,0.1390,496,499
CCTATTCCATTGAGTA,E304T N483Y,0.0000,0.0000,0,42
CCTATTGAATATACAT,,0.0733,0.0733,195,372
CCTATTGACATAAGGA,C277Y,nan,nan,0,0
CCTATTTACATGACGG,,0.1264,0.1264,3740,4139
CCTATTTAGGCAAAAC,A218M,0.0996,0.0996,257,361
CCTATTTGCAGGTGTC,E78C D231V,0.3012,0.3012,336,156
CCTCAAAAAGTCAATA,Y195D,0.0000,0.0000,0,13
CCTCAAAACATGGCCT,,0.0649,0.0649,97,209
CCTCAAATACGTTCGG,V-2Q,0.0877,0.0877,1431,2281
CCTCAAATTAGTCATT,Y351H,nan,nan,0,0
CCTCAACACATAATAG,R404A,0.1006,0.1006,100,139
CCTCAACGCAAATATG,M292Q,0.0994,0.0994,1659,2334
CCTCAACGGAGAAAAA,,0.0000,0.0000,0,11
CCTCAAGCTAGTAAGC,L176C G504D,0.1625,0.1625,1147,987
CCTCAAGTCACCACCA,L51W,nan,nan,0,0
CCTCAATAAATACAAT,H130K,0.2307,0.2307,160,97
CCTCACAACATAGTAC,L102E,0.0000,0.0000,0,10
CCTCACACGGCATTAT,M230L F399L,0.0000,0.0000,0,3
CCTCACCCACAGAAAT,,0.0599,0.0599,510,1190
CCTCACCGCAACATTG,S22N,0.1522,0.1522,4018,3692
CCTCACGCACTGACAG,E24M T370C F469N,0.0000,0.0000,0,16
CCTCACTGCCATCGCG,Y518S,0.7614,0.7614,98,18
CCTCAGAACAACTGAA,H18F C473A,0.0000,0.0000,0,4
CCTCAGAGACACTTTA,A214M,0.2490,0.2490,235,132
CCTCAGAGGTCATCCA,G205M A257T T318S,0.0000,0.0000,0,1
CCTCAGATTTTGATAG,P299E,0.1049,0.1049,54,72
CCTCAGCACCGACCTA,L462R,0.1905,0.1905,3493,2564
CCTCAGGAATAACTCT,S290Y,0.1289,0.1289,3597,3901
CCTCAGTCTAGCCCAA,Y518A,0.0000,0.0000,0,7
CCTCAGTGATATCCCC,S101H C549I,0.1952,0.1952,1139,816
CCTCATAAAACAGTAA,S203N,0.1286,0.1286,517,562
CCTCATAACCCCGAAC,N475K,0.0378,0.0378,30,111
CCTCATCCCCGGAAGC,R81C,nan,nan,0,0
CCTCATCGAACTAGAG,I15L,0.1185,0.1185,438,517
CCTCATCGAAGCCACC,I123F,0.1469,0.1469,438,417
CCTCATCTAAACCCAG,Y161N,0.0000,0.0000,0,21
CCTCATTAAGTTGCCG,R328aG,0.3077,0.3077,33,15
CCTCATTATGTTAATA,,nan,nan,0,0
CCTCATTATTCTGAAG,N172T,0.0000,0.0000,0,2
CCTCATTGACAAATCA,Y17C N21D I374M,0.0000,0.0000,0,10
CCTCCAAAATAGACCT,V34N Y308P,0.0000,0.0000,0,3
CCTCCAAAGGGGAGTA,K62M R326Y,0.1494,0.1494,1285,1203
CCTCCACATGAGTGAA,T301P,1.0000,inf,33,0
CCTCCACCGCAAGTTT,N172I Y518W,0.0676,0.0676,989,2046
CCTCCAGCAGAGAGTT,E24K M413N D441N,1.0000,1.5383,22,2
CCTCCATACCGGTTTA,G342E,0.0000,0.0000,0,6
CCTCCATTTCCACTAG,T219A K445E,0.3040,0.3040,100,46
CCTCCCAACAAATACA,Y351L E479V,0.0000,0.0000,0,1
CCTCCCAGCAGTGTAA,Y161H W343I,0.0000,0.0000,0,7
CCTCCCATGGATGCGA,M346G,nan,nan,0,0
CCTCCCCACCGCACCT,A144N,0.1634,0.1634,2369,2027
CCTCCCGCAAATATCC,N424I,0.0000,0.0000,0,1
CCTCCTACAGAGCAAA,,0.1498,0.1498,1874,1750
CCTCCTATACTAATTT,R81V,0.2696,0.2696,2271,1178
CCTCCTCAAATCCATG,A214T H354N,0.0000,0.0000,0,8
CCTCCTGAAATTCCAT,,0.1715,0.1715,1268,1034
CCTCCTGATCGTATAT,D457Y,0.0745,0.0745,138,259
CCTCCTGTTTACGCGA,I121V E494L,0.0745,0.0745,813,1527
CCTCCTTCGAAATCGC,G303N F469R,0.8828,0.8828,101,16
CCTCGAATAAACAATT,A19Q,0.0995,0.0995,1937,2723
CCTCGACACATGGAAA,,0.1093,0.1093,2632,3366
CCTCGACACGGATCCA,N433E,0.3170,0.3170,34,15
CCTCGAGCAACCCATA,R212Y,0.0730,0.0730,4673,8950
CCTCGAGCACTCAGTT,S167G,0.1891,0.1891,5199,3844
CCTCGCAATAACCCCT,,0.1075,0.1075,206,268
CCTCGCGGTTCTGTGT,,0.1034,0.1034,213,288
CCTCGCGTTCTACTCA,D41E A67D,0.0000,0.0000,0,7
CCTCGGCCGCCGTCAA,S247P,nan,nan,0,0
CCTCGGGATTTGAGAA,C277K,0.0000,0.0000,0,1
CCTCGTACATGTAAAC,C277R,0.2797,0.2797,28,14
CCTCGTAGTTATATTC,K45L,0.1278,0.1278,702,768
CCTCGTATTTCTTCCT,D457W,0.0866,0.0866,26,42
CCTCGTCCTTTCAACA,L428M T511P,0.0118,0.0118,18,213
CCTCGTTTAAAAATTA,Y470V,0.1398,0.1398,246,246
CCTCTAATCAACTGTC,S65K,0.7831,0.7831,28,5
CCTCTAATCCTAATCT,Y256W,0.1225,0.1225,8401,9589
CCTCTACCCAGAACCC,K45N,0.1239,0.1239,11387,12853
CCTCTCAACGACGAAA,I384Y,0.0550,0.0550,415,1056
CCTCTCAGACAAGGAA,S509Y,0.1501,0.1501,967,901
CCTCTCCTCCAGTGCT,N169T G362V,0.4458,0.4458,102,32
CCTCTCGTATAAACAG,K450S,0.1039,0.1039,1170,1575
CCTCTCTACCAATGAG,,0.1276,0.1276,976,1070
CCTCTGCACATACCGA,I87T,nan,nan,0,0
CCTCTGCACGCGACCG,S133M,0.0601,0.0601,358,833
CCTCTGCCCCCCTTGC,V135P Y161N L527P,0.4195,0.4195,21,7
CCTCTGTGGTTTTATT,T422I,nan,nan,0,0
CCTCTTAACCATTTAA,N224E,0.0000,0.0000,0,5
CCTCTTCAAGAATCAT,I124L,0.1121,0.1121,1538,1919
CCTCTTGAGGAATCCC,V34* M478L,0.0000,0.0000,0,2
CCTCTTGGCTAGTACG,N248Y,0.0000,0.0000,0,1
CCTCTTTACGTCGAAT,A364D,0.2929,0.2929,111,53
CCTGAAAAGATACGAA,A138M,0.2242,0.2242,295,184
CCTGAAAATACCGGGG,C139Y H355Y,0.0000,0.0000,0,6
CCTGAAAATCAAATAA,P125E,0.1086,0.1086,2396,3085
CCTGAAACGAAATCCC,A137I C477Y,0.0000,0.0000,0,2
CCTGAAATTCATGCAC,M292W,0.0000,0.0000,0,10
CCTGAACCCTTGAAAT,W180C I297V A336T,0.3341,0.3341,43,18
CCTGAACCTAGTCCAG,Y518G,1.0000,1.3518,58,6
CCTGAAGCTAGCACAG,E89D,0.1776,0.1776,94,74
CCTGAATAAAAAAAAA,,0.0996,0.0996,57,80
CCTGAATAACAATAAC,N400I,0.2875,0.2875,185,90
CCTGAATAACGTTCAG,L320E E407K,0.2597,0.2597,13,7
CCTGAATCATCAGCAT,E494M,0.1891,0.1891,169,125
CCTGAATCTTGTAACC,G330R,nan,nan,0,0
CCTGAATGCCATACGA,H355N,0.1557,0.1557,59,53
CCTGAATTAAGGTGAC,E31S P99T E493Q,0.0000,0.0000,0,1
CCTGACAAACACTTAA,S85M,0.1088,0.1088,14,18
CCTGACAGCTTAAGCA,G504I,0.1244,0.1244,2092,2351
CCTGACCAACGCCACC,E476R,0.1251,0.1251,4992,5579
CCTGACCCGCGTGAAC,P284Y,0.0000,0.0000,0,2
CCTGACCCTTCCCTAC,A257H,0.0000,0.0000,0,23
CCTGACGTTTAAAATG,T422H,0.3574,0.3574,23,9
CCTGACTACTCAGGCA,F332S F469D,0.0000,0.0000,0,2
CCTGACTAGCACGGTC,D63S,0.1101,0.1101,148,188
CCTGACTAGCAGAGTT,Q513Y,0.1611,0.1611,2877,2497
CCTGACTCATGCTTTC,,0.1225,0.1225,3789,4325
CCTGAGACGGGCCTTG,K506V,0.1843,0.1843,3702,2809
CCTGAGGAAAGTTCAA,V272L A365T,0.2124,0.2124,2278,1500
CCTGATAAAATTTGTT,D441V,0.0884,0.0884,206,326
CCTGATACGAAGTCGA,N389V,0.2356,0.2356,647,384
CCTGATCACCAGCAAA,Q142E,0.1675,0.1675,3947,3295
CCTGATGAAGTAACCC,S113R P125T,nan,nan,0,0
CCTGATGCTCCTCTGC,,0.1512,0.1512,9704,8975
CCTGATGGGAATACCC,,0.1056,0.1056,1882,2492
CCTGATTCGGTAATAG,I121Y G205V,0.0000,0.0000,0,37
CCTGATTTGGAAAAAA,,0.2351,0.2351,2707,1610
CCTGCAAAGCTACGAG,S10H,0.0000,0.0000,0,2
CCTGCAAATTATCTGT,L133aE,0.2027,0.2027,1306,901
CCTGCACATTCACTTA,G330K,0.4803,0.4803,158,46
CCTGCACCCAATAAAC,R456N,0.1563,0.1563,3344,2991
CCTGCAGTTTCCAATG,,nan,nan,0,0
CCTGCATTAACATAGC,R114T,0.2540,0.2540,89,49
CCTGCCAAGCGCTAAA,P293L,0.5993,0.5993,120,28
CCTGCCATATCACCTA,K372Q,0.2219,0.2219,211,133
CCTGCCATGAGGCGAA,E500N,0.0000,0.0000,0,2
CCTGCCCCCAAATAAT,A188P,0.2415,0.2415,4913,2845
CCTGCCCCCTTCCCAG,L154Q A257K,0.0000,0.0000,0,2
CCTGCCCGAAAATCAA,T219F T520M,0.2884,0.2884,532,258
CCTGCCCGATTGCCAT,N20L N443A,0.2543,0.2543,20,11
CCTGCGAATGTATTAC,D241F,0.7254,0.7254,83,16
CCTGCGACAATTACAA,,0.0213,0.0213,26,171
CCTGCGCTAGGCCAAA,H110N I267G,0.1619,0.1619,22,19
CCTGCGGTACGGACAT,R149C,0.0585,0.0585,245,586
CCTGCGTTAAACACTA,,0.1727,0.1727,5420,4389
CCTGCGTTGCCCAGAT,R328aI,0.0000,0.0000,0,8
CCTGCTAGAGGCACCG,,0.1607,0.1607,2196,1911
CCTGCTATTCGTCTCG,T206K,0.0000,0.0000,0,15
CCTGCTCAGTCTGCTA,T28L,0.0000,0.0000,0,1
CCTGCTCGACAATAGA,A93N,0.1617,0.1617,2756,2383
CCTGCTTATTGGCGCT,V429E,0.0000,0.0000,0,2
CCTGCTTCGGCAACAT,P299Q,0.1253,0.1253,4548,5076
CCTGCTTGACCTAATA,E31L,0.1089,0.1089,363,466
CCTGCTTTACATGCTT,C64H,0.0000,0.0000,0,7
CCTGGAAAATAGCTCA,N172M,0.1870,0.1870,6575,4916
CCTGGAATTTATGCTT,V88E,0.0000,0.0000,0,2
CCTGGACCGTCAAGCA,A528K,0.0000,0.0000,0,4
CCTGGATATACTGATC,V152M,0.2141,0.2141,1430,934
CCTGGCAACTATCTCA,,0.1061,0.1061,729,961
CCTGGCTTCATGATCT,,0.1738,0.1738,4427,3563
CCTGGGCTCCCTACGC,H295P,nan,nan,0,0
CCTGGGGAAATTAAGA,,0.1027,0.1027,3201,4357
CCTGGGGAACCACTCG,A67M K165H,0.0422,0.0422,1219,4039
CCTGGTAATTGACGAG,,0.1268,0.1268,39,43
CCTGGTACGAAACTGT,V381T,nan,nan,0,0
CCTGGTACGACGCCAT,T390C,0.0656,0.0656,23,49
CCTGGTAGGCCCAAGC,Q25I L428M,0.0983,0.0983,825,1174
CCTGGTCTTTCAAAAA,,0.3717,0.3717,699,263
CCTGGTGGAAGGGCAA,L1M P58L,0.0000,0.0000,0,15
CCTGTAAACCACGCAT,,0.0000,0.0000,0,7
CCTGTAACTAAAGCGT,E414W,0.0000,0.0000,0,2
CCTGTAAGCGTTAGGC,A521C,0.0793,0.0793,626,1104
CCTGTAAGCTTATAAC,S167R R321L T370L,0.0000,0.0000,0,2
CCTGTACCCGCTATAT,D41G L497H,0.2041,0.2041,216,148
CCTGTATAAAATTACG,A364M,0.0000,0.0000,0,5
CCTGTCGTCATATCTA,F332G,nan,nan,0,0
CCTGTCTGCACGCTAA,L-1Q Q226H P284M,1.0000,1.7480,25,2
CCTGTGAACCACAACG,D487L,0.0000,0.0000,0,20
CCTGTGAATATGTAAT,,0.1279,0.1279,32,35
CCTGTGCAACCTAGAA,Y98D,nan,nan,0,0
CCTGTTACTTGGGGTT,M75V H298E,0.0000,0.0000,0,6
CCTGTTATGGAAGTCT,M75C,0.2016,0.2016,3788,2628
CCTGTTCGGATTTCGG,L96E D457Y,0.0000,0.0000,0,4
CCTGTTGCTAACTTTT,G376S,0.0816,0.0816,84,144
CCTGTTTTGACGGGCT,,0.1651,0.1651,8793,7449
CCTTAAACGCGAAATC,D441N R499W,0.0827,0.0827,256,433
CCTTAAACGCGAATCA,N186T N410I,0.4865,0.4865,167,48
CCTTAAATAACCTCTG,V510M,0.0000,0.0000,0,25
CCTTAAATTAAAGACA,N248I,0.1589,0.1589,25,22
CCTTAACAATAACAAC,K9W H184D,0.0000,0.0000,0,50
CCTTAACCAACAAACG,M413P,nan,nan,0,0
CCTTAAGAAAGTAATT,M431D,0.4149,0.4149,89,30
CCTTAAGAACCCCTAA,L428A,0.0000,0.0000,0,3
CCTTAAGACCATTTCG,L507I,0.0967,0.0967,589,852
CCTTAAGATATAATAG,H47G N424I,0.2609,0.2609,125,67
CCTTAAGATGACTCAT,V309F,0.0000,0.0000,0,1
CCTTAAGTGCAAAAGA,F232L,0.1393,0.1393,1515,1521
CCTTAAGTTAAATAAT,K32N,0.2327,0.2327,396,238
CCTTAATAAAGTTGCA,L402I,0.1890,0.1890,146,108
CCTTAATGTGTACGAA,S167P,0.3185,0.3185,82,36
CCTTAATTAATTAACT,,0.6100,0.6100,253,58
CCTTACAATTTCCAAG,C539W,0.1694,0.1694,252,208
CCTTACACCTCAGACC,D41S Y141* C477M,0.0000,0.0000,0,4
CCTTACATTAGCATTC,E327D,0.1009,0.1009,2778,3851
CCTTACCAGGTGACAA,I202V,0.1411,0.1411,545,540
CCTTACCGCTCATATA,D41K,0.3780,0.3780,100,37
CCTTACGAAAATCCGC,L331S,0.1931,0.1931,29,21
CCTTACGCAATGTGCG,G352I,1.0000,1.0411,67,9
CCTTACGTCCTAAGAG,,0.1279,0.1279,2013,2201
CCTTACTAGACATAGA,L102C,0.0997,0.0997,179,251
CCTTACTCCACCTTAC,N172Q,0.1400,0.1400,2244,2242
CCTTAGAACCAATAAA,M388D,0.0000,0.0000,0,49
CCTTAGAATGTATATC,,0.0852,0.0852,1185,1946
CCTTAGAATTACTCCA,P128Q,0.2414,0.2414,7047,4082
CCTTAGACATGTAGTG,R173Q,0.2049,0.2049,1269,866
CCTTAGCAATAAACTG,L177T,0.0000,0.0000,0,19
CCTTAGCACATCAACA,,0.1603,0.1603,2018,1760
CCTTAGCTAACATTAG,G349V N410W,1.0000,4.5449,65,2
CCTTAGCTGGGCGACC,G376T,nan,nan,0,0
CCTTAGTCATTGAATT,,0.1721,0.1721,48,39
CCTTATAAAGCCTGTG,D240V,0.1069,0.1069,94,123
CCTTATAACGCGCCTA,G100V T485I,0.0000,0.0000,0,3
CCTTATACTTAACAAT,K120R T436V,0.3596,0.3596,18,7
CCTTATCAGCAATCCA,A160W K307F,0.0000,0.0000,0,2
CCTTATCTGTCCGCCA,L-1P,0.1584,0.1584,213,188
CCTTATTAAATTGCCA,I202K,0.4475,0.4475,48,15
CCTTATTACGAACCAC,C76I,nan,nan,0,0
CCTTATTCAATTATCG,,0.1409,0.1409,1119,1111
CCTTATTGGATCTAAA,,0.2400,0.2400,695,405
CCTTATTTTAATCTCT,,0.1712,0.1712,1691,1381
CCTTCAAAAAAATTAC,K9Y E493H,0.1316,0.1316,64,68
CCTTCAAAAAGAAGAT,G376K,0.1900,0.1900,776,571
CCTTCAACTTACTACT,,0.0855,0.0855,255,417
CCTTCAAGCTTATAGG,F245N,nan,nan,0,0
CCTTCAGAACTGAACA,,0.1474,0.1474,837,794
CCTTCAGCATCGTCAT,,0.1657,0.1657,4179,3527
CCTTCATTAGAAGACG,K412F,1.0000,1.2586,81,9
CCTTCCAAACACCTGC,G143F,0.1644,0.1644,6666,5669
CCTTCCAAACGGTTAC,E246F A334D T390N,0.0000,0.0000,0,2
CCTTCCACATCCACAA,N210H,0.0000,0.0000,0,1
CCTTCCAGAAACAGCA,C466N,0.0000,0.0000,0,3
CCTTCCATTAACCCAG,N400C,0.0720,0.0720,557,1082
CCTTCCGAACCCTGTA,G225C V285M I529E,0.0000,0.0000,0,2
CCTTCCGAATAAAAAT,M478I,0.0816,0.0816,224,384
CCTTCCGACAAGTTAC,L209Y N475S,nan,nan,0,0
CCTTCCGCCCAAATTC,,0.1954,0.1954,306,219
CCTTCCGTAACATAAA,A336M,0.1796,0.1796,122,95
CCTTCCGTATAACAAC,E393Y,0.1446,0.1446,512,495
CCTTCCTAAGTTTCAA,V481G,0.0000,0.0000,0,7
CCTTCCTACAAAGAAC,A144K R452Q V510K,0.1787,0.1787,23,18
CCTTCCTACCGGCAAC,,0.1756,0.1756,265,211
CCTTCCTTCCGCTGCA,E89R,0.0000,0.0000,0,27
CCTTCGAAACTGCTTG,N103K V395M,0.0648,0.0648,277,598
CCTTCGCAAACCATAT,G275S,0.1863,0.1863,954,716
CCTTCTAGCTTCATCG,M431I S442G,0.2629,0.2629,47,25
CCTTCTAGTATAACCC,F118W,0.1067,0.1067,6779,8884
CCTTCTCGGAGTTCTG,,0.1260,0.1260,762,846
CCTTCTCGTTTCTAGG,,0.1349,0.1349,7142,7405
CCTTCTCTTACTTATT,K216R,0.1830,0.1830,3677,2810
CCTTCTGATGTTTCCG,E131T,0.3976,0.3976,1251,440
CCTTCTGGTATAGCAG,K9M N169R N296K,nan,nan,0,0
CCTTCTTACATTTGAC,L122Q S311G,0.0000,0.0000,0,15
CCTTCTTCACAAATAA,I87K A521F,0.0000,0.0000,0,32
CCTTGAAGGATGGAAA,,0.0878,0.0878,864,1376
CCTTGACTATACTCGT,,nan,nan,0,0
CCTTGAGGCGTAACAA,L176S,0.0000,0.0000,0,15
CCTTGAGTAAAGAGGC,,0.0950,0.0950,904,1331
CCTTGATGCGTGATTT,Y105C G342E,1.0000,1.0313,59,8
CCTTGCACTATTGTAT,L54R,0.6837,0.6837,44,9
CCTTGCAGAAATCCCC,I252W C281I,0.0000,0.0000,0,12
CCTTGCAGACTATAGT,,0.0000,0.0000,0,23
CCTTGCAGGAGTTAGT,G330R,0.9789,0.9789,28,4
CCTTGCGCGAAGCCTA,K32I K157S,0.1499,0.1499,672,627
CCTTGGAGCCCTCAGG,S167T D366T T370D F469V,1.0000,1.9228,55,4
CCTTGGCAAAACGTTT,S126L,0.1780,0.1780,658,517
CCTTGGCCAATAGAAC,A373V,nan,nan,0,0
CCTTGTAATAATGACC,D386L,0.1284,0.1284,867,944
CCTTGTACGCTCCACT,,0.2176,0.2176,1052,676
CCTTGTATATCCTATA,I166K,0.2638,0.2638,432,229
CCTTGTCGTTATAAAA,Y470I,0.0335,0.0335,57,238
CCTTGTGGCAACATAA,I166D,0.6759,0.6759,174,36
CCTTGTTGACCTCCCC,E426K D438Y S442I,0.0000,0.0000,0,1
CCTTTAACCAAATTCT,A526R,0.0000,0.0000,0,2
CCTTTAACTAGAAATT,,0.1333,0.1333,3202,3358
CCTTTAACTTCAATAC,K45I,0.1095,0.1095,1770,2261
CCTTTAATAGACAGTA,E106H,0.0930,0.0930,471,708
CCTTTAATTGCTATCA,E246* P306M,nan,nan,0,0
CCTTTACATTAACAAA,D63P Y363W,nan,nan,0,0
CCTTTACGACGTGAGC,L2V L7Q,0.1233,0.1233,2555,2898
CCTTTACTAACATACA,G225W,0.0000,0.0000,0,43
CCTTTACTTATTCATG,T279I,0.0591,0.0591,30,71
CCTTTATAAAAATAAC,,0.2096,0.2096,787,525
CCTTTATAGTCGGTGC,I166H I550G,0.0742,0.0742,201,379
CCTTTATCCGCCTCGC,S247K,0.0000,0.0000,0,5
CCTTTATTAATGTTAA,D241I,1.0000,1.6781,24,2
CCTTTATTGTTCGGAA,,0.1442,0.1442,2675,2595
CCTTTCAAAACAAAAA,V8* M413C,0.0000,0.0000,0,12
CCTTTCAACTCGAGCA,Y195C R435S,0.0000,0.0000,0,2
CCTTTCAGTTCTTTAT,S207N I385A,0.2415,0.2415,152,88
CCTTTCCGCGATATTC,I60W,0.0463,0.0463,50,151
CCTTTCGACCGGAAAA,T192K G342E,0.0000,0.0000,0,10
CCTTTCGCAACCACTC,P293K,0.0000,0.0000,0,2
CCTTTCGGCTCCTCGT,N172D,0.0693,0.0693,56,113
CCTTTCTGAATCTAAC,,0.1838,0.1838,15695,11943
CCTTTCTGGTAACATG,H110Y R326Y,0.1692,0.1692,380,314
CCTTTCTTTCACAATC,L455K,0.0000,0.0000,0,1
CCTTTGAAATTTAAAT,L54P I236L,nan,nan,0,0
CCTTTGAGCACTGAAA,D415W,0.6992,0.6992,30,6
CCTTTGCCCGACGAGG,F251H A317D,0.3657,0.3657,34,13
CCTTTGGATCTAATAG,Y161H,0.1361,0.1361,72,74
CCTTTTAACCAGTGAT,L325M Y518M,nan,nan,0,0
CCTTTTAAGATATGTC,,0.6792,0.6792,34,7
CCTTTTAGTTTCCAAT,S356R,0.1712,0.1712,2154,1759
CCTTTTGTCTCTATAA,E89Q,0.2954,0.2954,357,169
CGAAAAAAACCAAGTC,E468D,0.1013,0.1013,2342,3233
CGAAAAAAAGTAGGGG,E189V,0.2476,0.2476,239,135
CGAAAAAACCTTGTAG,V261E,0.2586,0.2586,1995,1079
CGAAAAACAAATGCAC,S185R,0.0000,0.0000,0,15
CGAAAAACAATCCTGA,S480D,0.2415,0.2415,95,55
CGAAAAACATTACAGC,F332Y,0.5419,0.5419,372,96
CGAAAAATCCACATAA,I13M Q282R E368G F469G,nan,nan,0,0
CGAAAACAAGCTACCC,I29L,0.1204,0.1204,1090,1266
CGAAAACACACATGAG,L54F L455E,nan,nan,0,0
CGAAAACCCGTCCATC,G249T,0.0000,0.0000,0,8
CGAAAACGGTAGCACA,L462N,0.1283,0.1283,435,474
CGAAAACTCTAAGTCT,N48Y,0.0963,0.0963,704,1022
CGAAAACTTCCTATTG,K269S,0.0991,0.0991,1553,2192
CGAAAACTTTGTAATA,P140I,0.1949,0.1949,797,572
CGAAAAGAATCGCAAT,F467P,1.0000,1.0255,44,6
CGAAAAGACCTAGTGA,I302E,nan,nan,0,0
CGAAAAGCATATTAGA,D53Y,0.0000,0.0000,0,3
CGAAAAGGTTACTCAC,I236L,0.0000,0.0000,0,36
CGAAAAGTACAAATAT,L43W Q344R I374G,0.0000,0.0000,0,5
CGAAAATAATCTCAAG,E432P,0.0000,0.0000,0,5
CGAAAATAATGTCATG,H183T,0.0000,0.0000,0,13
CGAAAATATAGTGTAG,N150K F332L,1.0000,1.2275,79,9
CGAAAATATTTAAACA,E246C,0.2023,0.2023,311,215
CGAAAATTAAGAAGAC,,0.6992,0.6992,100,20
CGAAACAAACATAAAA,A365W,1.0000,1.3705,49,5
CGAAACACAAATTCAT,T171I,0.1648,0.1648,10667,9050
CGAAACACAATGCATT,N312M,0.1022,0.1022,6729,9209
CGAAACACTCACTAAT,K216N,0.0024,0.0024,6,345
CGAAACATATGGAGAG,E494A,0.0978,0.0978,2520,3605
CGAAACCACAATAAAA,Q513F,0.1440,0.1440,1672,1624
CGAAACCACCGGTGGC,T378L,0.0849,0.0849,85,140
CGAAACCATAATGGCT,I517L,0.1220,0.1220,219,251
CGAAACCCAAAACGAC,V223F,0.1984,0.1984,332,234
CGAAACCGAGATTGAG,G72P R220M,nan,nan,0,0
CGAAACCGCAATAGAT,C305A K445P,0.0000,0.0000,0,25
CGAAACCGTTAGAAAA,L108Y,0.1558,0.1558,39,35
CGAAACCTAAATAATT,,0.1179,0.1179,864,1025
CGAAACCTGGAAATTT,E500Q,0.1732,0.1732,3307,2670
CGAAACGAAGGAAAGA,K50*,0.0000,0.0000,0,8
CGAAACGCGGAGGATT,Q142E,0.0841,0.0841,561,933
CGAAACGCTTATCACT,N197L,0.0548,0.0548,1117,2853
CGAAACTAACTGTATA,L237W,0.0000,0.0000,0,3
CGAAACTAAGAGTTAA,T28L,0.1614,0.1614,105,91
CGAAAGAAAAACCCGT,L320M E327W A526V,0.1061,0.1061,591,779
CGAAAGAATGTACACC,N-4D Q12R Y17C S22G K57E R81G Y98C V481Q,nan,nan,0,0
CGAAAGACTGATTCTA,T206M,0.1139,0.1139,22,27
CGAAAGAGTATGAAGT,Q40K H47F M388S,nan,nan,0,0
CGAAAGAGTCGCAATA,F467M,0.1365,0.1365,1092,1119
CGAAAGATGCAGGGTA,T301F C549R,0.1587,0.1587,328,289
CGAAAGCACAGTATTA,,0.0000,0.0000,0,53
CGAAAGCCGTAACTAT,K62N S291Y,0.1405,0.1405,431,429
CGAAAGCGACCCTGAT,G68C F233I,nan,nan,0,0
CGAAAGCTTAAAAGAA,C281E,0.3929,0.3929,59,21
CGAAAGGCTAGGCCTG,P74I,0.0000,0.0000,0,10
CGAAAGGGTCTACCGA,,0.0921,0.0921,264,401
CGAAAGGTTACCCGCC,,0.1584,0.1584,273,241
CGAAAGTAATTTCCCT,S136L,0.1551,0.1551,132,119
CGAAAGTCACCATAAT,V135L A317D,nan,nan,0,0
CGAAAGTGCAACCCAA,,0.0960,0.0960,105,153
CGAAAGTGCCTAGCCA,E340W,0.1705,0.1705,334,274
CGAAAGTTAAAAGCAC,Y491D,0.0000,0.0000,0,6
CGAAATAAAAGAATAG,N170D G341S,0.1069,0.1069,39,51
CGAAATAACATCCAGA,V510K,0.1802,0.1802,791,614
CGAAATACAAAAACTC,D474S,0.1009,0.1009,720,998
CGAAATACATACCGTT,,0.2066,0.2066,3255,2203
CGAAATAGGTACCAAA,M530Y,0.0000,0.0000,0,92
CGAAATCAAGAACCGC,S543T,0.1622,0.1622,1297,1118
CGAAATCAATACCAAC,M30V,0.1586,0.1586,3649,3218
CGAAATCACACGACGG,D41E T200D,0.0000,0.0000,0,28
CGAAATCCATGTAAAA,,0.1270,0.1270,366,403
CGAAATCCTGTGCTCC,E479G,0.4195,0.4195,42,14
CGAAATCGAACAACAT,G463R,0.2349,0.2349,84,50
CGAAATCGTTGACATC,V347I,0.1540,0.1540,469,426
CGAAATCTGTCCTTGA,L59M,0.1610,0.1610,5802,5039
CGAAATCTGTTAAGAC,,0.2827,0.2827,277,137
CGAAATTAACGCGCGT,S101R A138T,0.0252,0.0252,93,516
CGAAATTACATAATGC,N169D R321V T370W,0.0000,0.0000,0,13
CGAAATTCCAACAAAC,G349S L544M,0.7691,0.7691,33,6
CGAACAAAATGTTCAG,,0.1136,0.1136,1124,1384
CGAACAAGCCAACAAA,H130T,0.0548,0.0548,80,204
CGAACAATAACAGCAA,S85Y A93Y,0.0000,0.0000,0,3
CGAACACTATAATACG,R81D,0.1461,0.1461,631,604
CGAACAGCAGGACACA,Q191V T485G,0.2591,0.2591,63,34
CGAACATAATAAACGT,W421M,nan,nan,0,0
CGAACATACCCCATGG,N408S,0.1534,0.1534,305,278
CGAACATACCTGGGCA,S113W,0.0000,0.0000,0,10
CGAACATGAATTGCTC,R499W,0.2678,0.2678,494,258
CGAACATGTACATGAC,H440R,1.0000,1.5033,43,4
CGAACATTACTCCGGT,V261G,0.0979,0.0979,1260,1799
CGAACATTTCACCAGC,T37M I406Q,0.0000,0.0000,0,10
CGAACCAAAGCCAACT,S6E T266E,0.1148,0.1148,2008,2446
CGAACCAATCGGGAAC,T37R L237T A242S,0.0000,0.0000,0,14
CGAACCAATTCCGGGG,,0.0000,0.0000,0,20
CGAACCACCCACACTC,N464F,0.0000,0.0000,0,14
CGAACCCACCGAAAAC,,0.1568,0.1568,1696,1513
CGAACCCCAGGGACAA,Y258L,0.0430,0.0430,8,26
CGAACCCCTAAAGTGT,,0.1579,0.1579,856,758
CGAACCCCTGAAGAAC,G352D,nan,nan,0,0
CGAACCCGCTCGAATA,N169G,0.0645,0.0645,125,271
CGAACCTAAAATGAAT,W343G,1.0000,inf,72,0
CGAACCTAAGGGCACG,T163P,0.1083,0.1083,729,941
CGAACCTCCTTAATTA,H38E D348N,0.0495,0.0495,437,1235
CGAACCTGTCTGAATA,T520I,0.3072,0.3072,279,127
CGAACGAAGTAGAGAT,,0.0000,0.0000,0,3
CGAACGCCCAGTCCAT,L314V,0.0000,0.0000,0,22
CGAACGTAACACCGAT,I29S L402K,0.2597,0.2597,1001,539
CGAACGTAATTAAGGT,,0.0965,0.0965,2529,3665
CGAACGTATTACCAGA,D474Y,0.1421,0.1421,2088,2055
CGAACGTGAAACAACC,Q359D,nan,nan,0,0
CGAACGTTCGCAGCTC,P162S S203V V309W,0.0000,0.0000,0,6
CGAACTAAACCCTCGT,T283S,0.1479,0.1479,5678,5369
CGAACTAATAGCACCA,K125aW M230V W537*,nan,nan,0,0
CGAACTACAAAGTACA,I217H S509P,0.0551,0.0551,814,2065
CGAACTACCGGCTCGC,L43W I288P,nan,nan,0,0
CGAACTACCGTAAAAA,Y363H,0.3623,0.3623,57,22
CGAACTAGTCCTTATT,L7A,0.1027,0.1027,1612,2195
CGAACTCAGTAACACA,N169Y D231K T370M F469K,0.0000,0.0000,0,9
CGAACTCTAGGGCATG,T23Y,0.5993,0.5993,30,7
CGAACTGTGTTCACAT,,0.0577,0.0577,598,1449
CGAACTTAAATACGGT,S167I V204M W234*,nan,nan,0,0
CGAACTTATAAGTAGA,N446W,0.1143,0.1143,152,186
CGAACTTCACCCGTAG,,0.1565,0.1565,442,395
CGAACTTCTTTGGCGT,F251G,0.0000,0.0000,0,26
CGAAGAAAAGAAAAGC,Y353Q,0.0000,0.0000,0,13
CGAAGAAACCTATAAC,D487A,0.0711,0.0711,282,555
CGAAGAAATATTAAAG,L112P,0.0000,0.0000,0,15
CGAAGAACTGTTTTAC,,0.2113,0.2113,8408,5565
CGAAGACATACACAAA,,0.1432,0.1432,926,904
CGAAGACGTTGGGACT,,0.1507,0.1507,641,595
CGAAGACTTCGAAATA,,0.1064,0.1064,175,230
CGAAGAGTAATCGCAC,A188C G342A,0.6837,0.6837,44,9
CGAAGAGTTCTCTGGC,L331V Y491Q,nan,nan,0,0
CGAAGATATTCCCTAA,,0.1202,0.1202,55,64
CGAAGCCCGACTCAAC,G484N,0.1742,0.1742,4066,3264
CGAAGCGGCCACAGGG,L43N,0.0000,0.0000,0,2
CGAAGCTATATTTGAA,,0.1241,0.1241,4047,4562
CGAAGCTGGGAAGCTC,,0.1993,0.1993,1730,1214
CGAAGCTGTTCTAAAT,I121F,0.1816,0.1816,683,526
CGAAGCTTTCATCTGA,G249N,0.1843,0.1843,29,22
CGAAGGACTACACTTT,M413Q R547I,nan,nan,0,0
CGAAGGATTATGAGCA,I4K K328I,nan,nan,0,0
CGAAGGCCATCCGTGC,I-3Q G143P,0.1309,0.1309,44,47
CGAAGGGGTCTCAAAA,S492M,0.1067,0.1067,2639,3460
CGAAGGTATATGAGCG,I155L,0.0413,0.0413,57,193
CGAAGGTATTGTCTTT,P215F F399W,0.0000,0.0000,0,3
CGAAGTAAACCCATTG,F79N,0.1398,0.1398,31,31
CGAAGTACATCCTCTC,K109R,0.2128,0.2128,2031,1335
CGAAGTATTTCCATAT,E189D,0.2259,0.2259,1079,668
CGAAGTCAGTAACTAC,L179D,0.0000,0.0000,0,7
CGAAGTCCATATCCCA,P299Q,0.1483,0.1483,6821,6433
CGAAGTGTGCCCTCTA,K328cQ,0.1976,0.1976,65,46
CGAAGTTAATGTGAAG,I217W,0.0401,0.0401,387,1351
CGAAGTTAGAGTGTAA,M531C,0.0459,0.0459,85,259
CGAAGTTCCTCGGGCT,T37H,nan,nan,0,0
CGAAGTTGTTGGTGAG,P145I,0.2028,0.2028,1163,802
CGAATAAAACAGCATA,S167M N322V,0.0851,0.0851,238,391
CGAATAAAATATATAG,T23H G134L,0.0000,0.0000,0,6
CGAATAAACGCCAAAT,P145D,0.0603,0.0603,2161,5015
CGAATAAAGCTAGTGT,F118H,0.3305,0.3305,52,22
CGAATAAAGCTGCCAT,L54I L427D,0.0000,0.0000,0,4
CGAATAACCAAAAAAA,N21F,0.1291,0.1291,372,403
CGAATAAGAAAATTAG,A188S,0.0000,0.0000,0,3
CGAATACACTTCACTG,,0.0999,0.0999,2328,3259
CGAATACCTGCACACC,K165N,0.0689,0.0689,1055,2140
CGAATACGATATCAGT,R452N,0.8546,0.8546,275,45
CGAATACGTCATCTTG,A93I,0.1647,0.1647,4046,3436
CGAATAGCCAGATAAG,A373F,nan,nan,0,0
CGAATAGGATATATAA,E78Q,0.1329,0.1329,478,503
CGAATATAGATAGCCG,,0.1482,0.1482,566,534
CGAATATCACCCCATC,S6M,nan,nan,0,0
CGAATATGTTATACGG,L325R,0.1723,0.1723,483,392
CGAATATTAATTCGGT,Q191M,0.0000,0.0000,0,9
CGAATCAAATTCCCAA,,0.1609,0.1609,4928,4284
CGAATCAAGAGATGGT,,0.1666,0.1666,5535,4647
CGAATCACTTTGTAAT,,0.1421,0.1421,3958,3894
CGAATCAGCCGAAGCT,V26H,0.0000,0.0000,0,11
CGAATCAGTATACAGA,G504K,0.1774,0.1774,52,41
CGAATCCAGCACAAAC,N379S,0.0505,0.0505,48,133
CGAATCCGAGTAGGAC,P92aQ,0.1530,0.1530,5654,5168
CGAATCCGCTGTATTT,S442Q,0.2510,0.2510,1761,981
CGAATCGCTCCACATT,E414C,0.4475,0.4475,80,25
CGAATCGGTGACGAGA,V151C,0.1247,0.1247,1983,2224
CGAATCTCACATATAC,I124W,0.0681,0.0681,114,234
CGAATCTTGAACTTTA,V285H,0.0727,0.0727,802,1542
CGAATGCCTACACCAA,N169R R321S C466K,0.0000,0.0000,0,5
CGAATGTAATAAATAA,L213C,0.0831,0.0831,406,683
CGAATGTCCCAATCCC,,nan,nan,0,0
CGAATGTCGCAACACT,V429Y,0.0000,0.0000,0,14
CGAATTAAATTGCAAG,,0.1573,0.1573,7102,6312
CGAATTAACGGTAATA,C477S,0.0000,0.0000,0,8
CGAATTAACTCGTCTA,,0.0639,0.0639,396,866
CGAATTAGAGGATTAA,E304Q,0.1286,0.1286,183,199
CGAATTAGCCAGTAAC,G319T,0.0000,0.0000,0,6
CGAATTAGCGAGTACA,L133aR,0.3066,0.3066,2223,1014
CGAATTATGTTCACTC,K62R L447A,0.0000,0.0000,0,14
CGAATTATTGGACGAC,N424F E479C,1.0000,1.1100,254,32
CGAATTCAAACAGTTC,E-5P I374H,0.1668,0.1668,2016,1690
CGAATTCAGTAAACTA,H298- L300F C305Y,0.0000,0.0000,0,3
CGAATTCCGATAGTTT,L-1H W537C,0.7552,0.7552,405,75
CGAATTCGCCGAAAAT,I384E,0.7207,0.7207,67,13
CGAATTCTAGGTCTCC,D449I,0.0839,0.0839,291,485
CGAATTCTCGTCCCGA,L122Q F467D,0.0000,0.0000,0,1
CGAATTGAACCGACTC,H471D,0.0000,0.0000,0,11
CGAATTTAAGCAGACT,Y161D L544Q,nan,nan,0,0
CGAATTTAATTCGACT,S383E,0.1149,0.1149,23,28
CGAATTTAGTGTACGA,T192E F469T,0.0000,0.0000,0,1
CGAATTTATACTAAAG,I123Y G465H,nan,nan,0,0
CGAATTTGAGGGAACC,D11A S383Y,0.3846,0.3846,33,12
CGACAAAACACGTATG,Y161E Y363W,0.0000,0.0000,0,9
CGACAAAAGAATCAAT,T520A,0.2052,0.2052,2333,1590
CGACAAAATCTTTTCT,D419V,0.0673,0.0673,76,158
CGACAAAGCAGCAATG,,0.0704,0.0704,287,570
CGACAAATACTATAGA,I115W,nan,nan,0,0
CGACAAATGGTTTAGA,M413S,0.0000,0.0000,0,4
CGACAACAAAATCTAA,C477E,0.0000,0.0000,0,11
CGACAACAATTAACAT,V204N,0.0000,0.0000,0,10
CGACAACAGGCACATA,,0.1197,0.1197,778,909
CGACAACGCGTACAGG,I80E,0.0000,0.0000,0,88
CGACAAGAGATGTCAT,,0.1233,0.1233,2115,2398
CGACAAGGAATATCAA,T200C F469V,nan,nan,0,0
CGACAAGGCGAGACAT,V223C,0.2260,0.2260,1083,670
CGACAAGGTGACATCG,S509K,0.1464,0.1464,2490,2379
CGACAAGTTCAAAAAT,S442C,0.1950,0.1950,3007,2157
CGACAATAACAACTTA,A532F,0.1310,0.1310,148,158
CGACAATAACCTGAGT,I15A A373D,0.0000,0.0000,0,3
CGACAATAATCAAGAG,S361L,0.0000,0.0000,0,26
CGACAATAATGATATA,E468C,0.0724,0.0724,411,794
CGACAATTGAACCTTG,G333Y F469I,0.0000,0.0000,0,31
CGACACAAAAAACTTA,T37I L316P,0.0000,0.0000,0,2
CGACACAACTCCTCTC,V481W,0.0769,0.0769,88,160
CGACACAAGGCTGCGC,E246W,0.0000,0.0000,0,69
CGACACAGCTGAGAAG,L179M,0.1375,0.1375,3907,3974
CGACACAGTCAACCTT,R321T,0.0000,0.0000,0,1
CGACACATGACCGTCC,,0.1702,0.1702,3061,2515
CGACACCATTTAACTT,N169S K262aE,0.2177,0.2177,1440,925
CGACACGATCCCTCAA,G72S,0.1581,0.1581,1783,1577
CGACACGCGCCTGGCG,Q344K G463R,0.4076,0.4076,239,82
CGACACGGAAAGAAAA,,0.1565,0.1565,499,446
CGACACTAACTTTAGC,I339V Y351C Y353C Y363C T378A K380R W421N,0.0000,0.0000,0,7
CGACACTATGCGGTTA,C14Y K328cV,0.0000,0.0000,0,1
CGACACTGCCATAGAG,M-6W E479P,0.0000,0.0000,0,1
CGACAGAATCAAAACC,P82aC,0.1174,0.1174,477,568
CGACAGAATTTCCGGG,T511K,0.2009,0.2009,102,71
CGACAGAGCCTAGTAT,S291E,0.1006,0.1006,1642,2282
CGACAGCAGACAGAAC,T390Q,0.0410,0.0410,649,2211
CGACAGGCCGAGGATG,K307C,0.0000,0.0000,0,17
CGACAGGTATATACTG,E358W,0.0897,0.0897,573,893
CGACAGTAACAACTTG,G181A A242T,0.0511,0.0511,122,334
CGACAGTACAAAATCC,Y486V,0.0000,0.0000,0,1
CGACAGTGAGACGCTT,,0.0364,0.0364,56,215
CGACATAAGCTCGGAG,,0.1242,0.1242,1526,1718
CGACATAATCCCTGCA,S247W,0.2461,0.2461,132,75
CGACATACCCTCTGAT,N443F,0.0000,0.0000,0,45
CGACATATAAACCATC,L430G,0.0000,0.0000,0,2
CGACATCCCGAATCAT,P145Q,0.2912,0.2912,11894,5711
CGACATCGCTTGAATC,N382P,0.0000,0.0000,0,4
CGACATGATAATGGAA,M-6P,0.0000,0.0000,0,17
CGACATTTAGAGTAGA,S291G,0.2156,0.2156,6133,3978
CGACCAAAACATCCCC,C139T Y161S,0.0000,0.0000,0,6
CGACCAAAATTAGAAA,,0.1613,0.1613,1067,925
CGACCAATAACTTTCC,L194D,nan,nan,0,0
CGACCAATTCAACAGT,W421H,0.3196,0.3196,64,28
CGACCACAACTTTCGT,G286K S291C,nan,nan,0,0
CGACCACATAAATATC,K196R,0.1199,0.1199,276,322
CGACCACCAATATATA,,0.1920,0.1920,814,593
CGACCACTCACTACAA,V309E,0.0000,0.0000,0,6
CGACCATACAAGACAA,G330Q,0.4906,0.4906,221,63
CGACCCAACGACTATG,H183Q D240L,0.1016,0.1016,231,318
CGACCCAATAGCAGCG,G68P,nan,nan,0,0
CGACCCAATATATGAT,I115D,0.0000,0.0000,0,6
CGACCCACGAAATTCG,R499G,0.1268,0.1268,195,215
CGACCCCATTACTTCT,,0.1151,0.1151,735,893
CGACCCGAAGTGTACC,A144R,0.2602,0.2602,6792,3651
CGACCCGACGAAGAGG,A214V,0.1028,0.1028,5633,7665
CGACCCGTAAGTGAGC,D41L N289R,0.2461,0.2461,139,79
CGACCGACACTCCTAG,E432D,nan,nan,0,0
CGACCGACTATACGAT,,0.1066,0.1066,765,1004
CGACCGATAACACTCC,C277V K328cD,nan,nan,0,0
CGACCGCATTTTAAAC,S509H,0.0224,0.0224,16,100
CGACCGCTTCCAAACC,C139V,0.2074,0.2074,86,58
CGACCGGGAATCCCCA,L1H S523C,0.0000,0.0000,0,4
CGACCGGTAGGATTAA,G100T D386K,0.1178,0.1178,32,38
CGACCGTATACTTGCA,G362Q,0.2533,0.2533,594,328
CGACCGTCGCTAGCTT,N424E,0.1706,0.1706,61,50
CGACCTAACAACGCAA,F148S S185V,0.2039,0.2039,35,24
CGACCTAAGGGCTCGA,H130W,0.1022,0.1022,1169,1599
CGACCTAGTGAGATGT,N169S I302Q,0.2657,0.2657,38,20
CGACCTCTAGTGTGAT,,0.0984,0.0984,126,179
CGACCTTTGGCAGTAT,G275R,0.0765,0.0765,29,53
CGACGAACTAACTGTG,Q513R,0.1934,0.1934,383,277
CGACGAAGTTTAATTA,H130C,0.6643,0.6643,57,12
CGACGACCATTCTAGT,S146K,0.6837,0.6837,396,81
CGACGAGAGCGGTTGG,H18R,0.1290,0.1290,558,605
CGACGATACACAATAG,,0.1534,0.1534,1626,1482
CGACGATATACGAGCA,K32P,nan,nan,0,0
CGACGATGGACATTAT,A138V K328cN,0.0000,0.0000,0,4
CGACGATTACGATAAT,,0.1603,0.1603,1138,993
CGACGCAAACTGCAAA,V285C,0.1697,0.1697,2807,2313
CGACGCCAATCTCCAA,Q513D,0.2797,0.2797,318,159
CGACGCCCGTATATTA,M-6T,0.0000,0.0000,0,8
CGACGCCCTTGTGTCC,S524C,0.0000,0.0000,0,3
CGACGCTCCACCGCTA,L179N I517S,0.0932,0.0932,14,21
CGACGCTCCCACTTAT,L453M,0.0581,0.0581,291,701
CGACGCTCCCTGCAAA,,0.1484,0.1484,932,878
CGACGCTTGACCAGGA,V5A R405K,0.0000,0.0000,0,2
CGACGGACTTAGCGCA,N54aK M538I,0.5022,0.5022,79,22
CGACGGCGTGCATTTA,,0.6759,0.6759,29,6
CGACGTCAACCTCCGT,L428T,0.0000,0.0000,0,13
CGACGTCAGACTATGT,L133aS,0.3438,0.3438,794,323
CGACGTCATCTCAAAT,,0.1132,0.1132,6400,7908
CGACGTGAACTATACA,H354E,0.5594,0.5594,92,23
CGACGTGAGAAACTCC,N103V I202T,0.0604,0.0604,1132,2619
CGACGTTAAACAAGTC,W234D N248D,0.0000,0.0000,0,2
CGACGTTAACGAAGGA,D487G,0.1123,0.1123,314,391
CGACGTTGAAAATCGC,D231K,0.1121,0.1121,1226,1530
CGACGTTTCAAGATCC,L427Q,0.2367,0.2367,22,13
CGACGTTTTACCTTGA,I297H,0.0000,0.0000,0,4
CGACTAAAATACAACA,I124K,0.0738,0.0738,105,199
CGACTAAAGAACCTAG,E414P,0.0000,0.0000,0,5
CGACTAAATTGAAGAT,D53N D104G D386N,0.1814,0.1814,1191,918
CGACTAACTTGTATTT,G271E,0.0796,0.0796,654,1149
CGACTAAGTGTACGGT,L320C,0.5379,0.5379,100,26
CGACTACATGAAGAGC,S247W,0.1473,0.1473,119,113
CGACTACCAAGGACAA,N250S,0.0693,0.0693,155,313
CGACTACCGGTCCAAC,T436R,1.0000,5.2791,151,4
CGACTACTTCAATCCA,Q391H,0.1464,0.1464,737,704
CGACTATAACTTAGAT,,0.1167,0.1167,288,345
CGACTATATGTCCTGT,D348K,0.0000,0.0000,0,111
CGACTATTGCTTGGTG,L300N,0.0658,0.0658,448,952
CGACTATTTCAACGCT,S492Q,0.1376,0.1376,2814,2860
CGACTCACAGATAGGT,W84D,nan,nan,0,0
CGACTCATAAAAAAGT,,0.1841,0.1841,345,262
CGACTCATCTAATTAT,L7N,0.0572,0.0572,1559,3812
CGACTCCAAGCTTTTG,A253L D487F,0.1120,0.1120,855,1068
CGACTCCAGTTTAAGG,M111A,0.0296,0.0296,41,194
CGACTCCCGCGGAGGT,C473R,0.0000,0.0000,0,7
CGACTCCGATACGAAA,Q191D,0.0826,0.0826,13,22
CGACTCCGGACATAAC,G249W N424R,0.0000,0.0000,0,5
CGACTCGTAATACCGA,,0.2233,0.2233,1225,767
CGACTCGTATAGCCGG,,0.1326,0.1326,55,58
CGACTCTGGGAAGCGC,N357P,0.0000,0.0000,0,1
CGACTCTTGAGACATC,N94Y,0.2909,0.2909,104,50
CGACTGATGTTACGCA,N129Y,0.1292,0.1292,302,327
CGACTGTTTCCAAAAA,,0.0889,0.0889,276,434
CGACTTATTCACTAGG,K196A,0.1658,0.1658,2342,1975
CGACTTCGTTCATGAA,G416V A521K,0.0000,0.0000,0,1
CGACTTCTCTTAAAAA,G360P,0.0000,0.0000,0,17
CGACTTGCAAAAAATG,E106G,0.0957,0.0957,2131,3115
CGACTTTATCACATTC,L497E,0.1419,0.1419,1899,1871
CGAGAAAAACAAAATA,G484D,nan,nan,0,0
CGAGAAAAATAGAATA,,0.0000,0.0000,0,17
CGAGAAACATTGCTCA,Y105A,0.1615,0.1615,7182,6219
CGAGAAACCGTAGATT,,0.0554,0.0554,44,111
CGAGAAAGTTTTGTCA,R482M,0.1181,0.1181,936,1108
CGAGAAATATGTGACC,V36Q,0.0000,0.0000,0,13
CGAGAACAACGAAACA,M413Y,0.0976,0.0976,30,43
CGAGAACAATACTCCA,A373V,0.6922,0.6922,99,20
CGAGAACACTCACAAG,M538G,0.1617,0.1617,488,422
CGAGAACGGGCCCATG,L430N,0.7733,0.7733,282,51
CGAGAAGGAATTGTTC,K412R,0.0000,0.0000,0,6
CGAGAATACGCTTGAA,A459T,0.1951,0.1951,60,43
CGAGAATAGCATCATG,N197Y,0.1509,0.1509,1021,946
CGAGAATATATACCGG,G205D,0.2582,0.2582,24,13
CGAGAATATCTCTGAA,C305R,0.0000,0.0000,0,2
CGAGAATCCTACTAGG,V56P,0.2564,0.2564,22,12
CGAGAATCTTCAGGAC,V347S,0.1127,0.1127,29,36
CGAGAATCTTGTATCC,,0.0975,0.0975,488,700
CGAGAATGCAGCACAG,C76E,0.0000,0.0000,0,18
CGAGAATTGGATTTAA,I502R,0.0000,0.0000,0,4
CGAGAATTTAGTGTTA,R496N,0.1416,0.1416,647,639
CGAGACACAAACGGCC,,0.1081,0.1081,1460,1888
CGAGACAGAACTCACA,,0.1801,0.1801,3728,2895
CGAGACATGGTAAGCT,E119S,0.1363,0.1363,2373,2435
CGAGACCTGAGGAAAC,A160V D419V,nan,nan,0,0
CGAGACGAATCTATGC,N92W,0.2202,0.2202,1359,863
CGAGACGTCTTAGGAA,F294T L437M,0.0000,0.0000,0,2
CGAGACTTATTAGACA,I550Y,0.0000,0.0000,0,10
CGAGACTTTTGCTAAA,F232H,0.0541,0.0541,58,150
CGAGAGAACAGCAATA,V34G L108K A214N,0.3380,0.3380,29,12
CGAGAGAACTTAGCAC,L314N,0.7591,0.7591,38,7
CGAGAGACCAATCCCT,Q344Y,0.0099,0.0099,26,366
CGAGAGAGCAAAAGCG,C477Q,0.4386,0.4386,69,22
CGAGAGGATAATGCAT,T132W I385L,0.2149,0.2149,189,123
CGAGAGTTAAAAAACC,A495G,0.1538,0.1538,807,734
CGAGAGTTAGCCTACC,E174R,0.2216,0.2216,1155,729
CGAGATAAAGACAAAA,T23R,0.2007,0.2007,584,407
CGAGATATTTAAAAAA,R149P,nan,nan,0,0
CGAGATATTTTGGCAG,G416P,0.0000,0.0000,0,3
CGAGATCCAGCATGTC,M413P,1.0000,1.1071,95,12
CGAGATCGAATAATAA,,0.0753,0.0753,146,271
CGAGATCGAGTATCAA,H47K,0.0000,0.0000,0,5
CGAGATGCACAGACGT,S10P,0.0908,0.0908,1365,2103
CGAGATTCTGTGGGTG,A242K A528G,0.1350,0.1350,1586,1643
CGAGATTGCTTACAAT,T35A Q142C G228D D474I,0.0000,0.0000,0,1
CGAGATTGGACGATTA,S290F,0.1257,0.1257,142,158
CGAGCAAAAGTAAATC,K216A,0.0000,0.0000,0,15
CGAGCAAATATTTCGA,Q545H,0.4195,0.4195,90,30
CGAGCAAGTGAACAAG,Y491A,0.0000,0.0000,0,4
CGAGCAATTAACGGAT,L462M,0.1594,0.1594,3131,2747
CGAGCACAGACAAAAC,G228W,0.5005,0.5005,68,19
CGAGCACTCGAACAAG,,0.1089,0.1089,1333,1711
CGAGCAGTGGTAGCCA,L61M,0.1653,0.1653,130,110
CGAGCATTATGCCCGG,N94T,0.1182,0.1182,71,84
CGAGCCAAATAAACAA,G319P N446G,0.0000,0.0000,0,3
CGAGCCAACACCCTAA,E89A,0.1326,0.1326,291,307
CGAGCCCCCTATTATA,L71M,0.1138,0.1138,83,102
CGAGCCTAACTGCTAC,E493G,0.1938,0.1938,1583,1142
CGAGCGAACCGGCTTT,L447E,0.5993,0.5993,60,14
CGAGCGATTATGAGTG,K372M A528K,0.0000,0.0000,0,1
CGAGCGTAGGACGGTT,,0.1285,0.1285,1444,1572
CGAGCTCCCTTAGAAA,F332A,1.0000,6.2929,45,1
CGAGCTGGGCTCGATT,I178G,0.3729,0.3729,32,12
CGAGCTGGTTATGGGG,V-2I I80W,0.1886,0.1886,445,330
CGAGCTTAAGACAGTC,M111E G416C,0.0000,0.0000,0,5
CGAGGAGTTACCTTTA,,0.0797,0.0797,142,249
CGAGGATCGGATCTAC,V309N Y491A,1.0000,1.4917,32,3
CGAGGATTCCTAACCC,R212I,0.1283,0.1283,1791,1952
CGAGGCACCATAGAAA,E89K,0.1858,0.1858,97,73
CGAGGCATCCTGTACC,D27K S323G,0.0000,0.0000,0,3
CGAGGCCAAGGATAAA,A39M,0.1570,0.1570,3003,2674
CGAGGCCATGAAAATA,,0.1520,0.1520,276,254
CGAGGGACCAAAACAC,S133V F467K,0.0000,0.0000,0,6
CGAGGGAGACAGACAA,N278D F338Y,0.1663,0.1663,44,37
CGAGGGAGTATAACAC,H355V,0.0240,0.0240,24,140
CGAGGGTTAATAGCGA,,0.1313,0.1313,368,392
CGAGGTAGATAGGGCC,A522K,0.0000,0.0000,0,4
CGAGGTATACAGAAAA,S442V,nan,nan,0,0
CGAGGTCATTTTGAAG,A521Q,0.0000,0.0000,0,42
CGAGGTCCAACTTACT,S167C F469R,0.0000,0.0000,0,2
CGAGGTCCACTTAAAG,K157N,0.2131,0.2131,4345,2851
CGAGGTCTAGCCGCTG,A19S F467L,0.1239,0.1239,2625,2963
CGAGGTCTATTCAATT,E89P,0.0000,0.0000,0,5
CGAGGTGTACAGAAAA,S442V,0.1580,0.1580,3748,3317
CGAGGTTCGGGCTGAA,,0.0000,0.0000,0,14
CGAGTAAGTCTCAAAG,Q25A,0.1500,0.1500,828,772
CGAGTAGTTAAGAACG,,0.1651,0.1651,2657,2250
CGAGTATACCCCGTAC,G263A P306T,nan,nan,0,0
CGAGTATATACCGAAT,E44A,0.0809,0.0809,85,147
CGAGTATCCCTATACA,N172E,0.0779,0.0779,157,282
CGAGTCAAACGGAATC,,0.0000,0.0000,0,89
CGAGTCAATACCAATG,I-3* G465N,nan,nan,0,0
CGAGTCATGGCACAAT,K32Y L154M,0.0296,0.0296,51,241
CGAGTCCCCATGGATA,L7K K328cG,nan,nan,0,0
CGAGTCCCTTAAACCC,L427D,nan,nan,0,0
CGAGTCGAAAATCGGA,K156V,0.0972,0.0972,1552,2233
CGAGTCGATGAAAACA,L409S,nan,nan,0,0
CGAGTCTAAGTTAATA,E24S K157G N169S E189G K196R N197S T200A,0.0000,0.0000,0,10
CGAGTGAAGATTTAAT,R328aK,0.3250,0.3250,172,74
CGAGTGAGCATGATAT,Y105Q,0.0804,0.0804,199,346
CGAGTGCCAGTATAGT,N458C S519R,nan,nan,0,0
CGAGTGGACTAATGCT,V510E,0.1182,0.1182,575,680
CGAGTTAAATAAACTA,T219S,0.0826,0.0826,1085,1836
CGAGTTAATACCTTTA,S136E,0.0369,0.0369,34,129
CGAGTTAATTATTTGC,T370F A532S,0.0000,0.0000,0,13
CGAGTTACGTAAATAA,H183I P489F,0.0000,0.0000,0,19
CGAGTTAGACTAAAGG,G504K,0.1207,0.1207,101,117
CGAGTTATTAAATAAG,D231K E508R,0.8062,0.8062,98,17
CGAGTTCCCCCTACCT,N357H,0.0000,0.0000,0,9
CGAGTTGAAAACAAGA,S480G,0.0681,0.0681,37,76
CGAGTTGACTAACAAT,T192Y,0.0991,0.0991,102,144
CGAGTTGCCATCACAC,S167D R321A D366A T370N F469G,0.0000,0.0000,0,4
CGAGTTTATTCTTAAC,W234N,0.0743,0.0743,17,32
CGATAAACCTGCCAAA,V151G,0.0736,0.0736,714,1356
CGATAAACCTGGGAAG,T46L Y105N C539H,1.0000,2.4822,142,8
CGATAAAGACCTATCA,S146N,0.1444,0.1444,3658,3543
CGATAAATATAGGCAC,S167V Q513W,0.0971,0.0971,177,255
CGATAAATGAACACCA,N443P,0.0000,0.0000,0,19
CGATAAATGTAATAAG,A257F T370G F469S,0.0000,0.0000,0,13
CGATAACCAGCTAGAC,N150R,0.2536,0.2536,165,91
CGATAACCATTCAGTT,T520S,0.4312,0.4312,111,36
CGATAAGAAGCTCTCT,T132F G271W,0.2922,0.2922,5401,2585
CGATAAGACCCGTCCG,F294W,0.0905,0.0905,66,102
CGATAAGCCCCTTGCA,I60G Y512E,0.4458,0.4458,51,16
CGATAAGCTGACTGGA,P293S S356P K472E,nan,nan,0,0
CGATAATAACGTTATG,A317D,0.5749,0.5749,37,9
CGATAATCTACATATT,,0.0938,0.0938,874,1303
CGATAATGATATGTAT,A521S,0.3857,0.3857,171,62
CGATAATGGTTAGTCT,T301Y,0.1785,0.1785,872,683
CGATAATTATATAAAC,I-3N,0.0854,0.0854,1308,2141
CGATACAAGCAAAGCT,,0.1624,0.1624,533,459
CGATACACTAGCATAG,,0.0993,0.0993,1167,1644
CGATACAGAAAAGAGT,,0.0839,0.0839,1948,3246
CGATACATAACGAGCC,Q545C,1.0000,2.8968,145,7
CGATACATCATCATGG,L96R I302N,0.4118,0.4118,53,18
CGATACCAATGCTATA,S101D,0.1116,0.1116,3680,4611
CGATACCCACGGAGAT,V34R,nan,nan,0,0
CGATACCTACACATGA,T23C G330F,0.0000,0.0000,0,14
CGATACTAAAATGTTA,L527F,nan,nan,0,0
CGATACTAGCAAAAAG,,0.1411,0.1411,654,648
CGATAGAGATGCTGAA,F417A,nan,nan,0,0
CGATAGAGTAGATTAA,P489T,0.1404,0.1404,4602,4585
CGATAGCAGCAGGGCC,,0.1899,0.1899,763,562
CGATAGCGCTACTTAT,T266M,0.0000,0.0000,0,46
CGATAGGCTTACTTCG,C473* M538L,0.0000,0.0000,0,2
CGATAGGTATTAGCCG,H354V G360V,0.0000,0.0000,0,1
CGATAGTAAAAATCCT,E468A,0.1428,0.1428,5708,5588
CGATAGTTAATAGATA,D159L N289F,0.1967,0.1967,886,630
CGATATAAAACCAGAC,A137S,0.0367,0.0367,48,183
CGATATAACATCTAAG,E500A,0.0845,0.0845,180,298
CGATATACCTTACGGA,,0.2291,0.2291,1658,1012
CGATATACTTAAACTC,,0.0000,0.0000,0,15
CGATATATAGCCGGAG,A532W,0.2131,0.2131,128,84
CGATATATCATGAATT,A459K,0.5244,0.5244,75,20
CGATATCAAGCTAATA,,0.1673,0.1673,2953,2469
CGATATCTACACCCAC,D77L,0.2637,0.2637,132,70
CGATATCTCACAGGTT,D41V I374D,0.9789,0.9789,28,4
CGATATGCTACCTCTA,E-5C,0.0917,0.0917,1081,1648
CGATATGCTCATAGTC,L428W,0.1467,0.1467,1131,1078
CGATATGTGAGACATT,S146Y N475R,0.0000,0.0000,0,2
CGATATGTTCTCAAAC,R81K,0.1910,0.1910,1194,874
CGATATTCCTAAATTC,Y256I E432Q,0.1870,0.1870,111,83
CGATATTCTAGGAAAC,L7P K216M,0.0398,0.0398,647,2274
CGATATTTAGATTAGT,,0.1659,0.1659,344,290
CGATCAAAAGTTCTCA,G319L,0.0000,0.0000,0,1
CGATCAAAGTACTAGC,,0.1254,0.1254,7296,8138
CGATCAAATCCCTGAC,E508R,0.1184,0.1184,851,1005
CGATCAACCGCATCGG,Q454E,0.1459,0.1459,455,436
CGATCAATTTACTAGA,G228V D264N,0.7392,0.7392,37,7
CGATCACACTGAAAAC,G352I,0.0000,0.0000,0,15
CGATCACATTGCTTCT,N210E,0.0000,0.0000,0,8
CGATCACTACACAAAG,M431E,0.0000,0.0000,0,4
CGATCAGAAAAGCCAC,Y470R,0.1049,0.1049,45,60
CGATCATAACGTACAC,R329P,nan,nan,0,0
CGATCATATGATACAA,M431I,0.1280,0.1280,518,566
CGATCATCCTCAAACT,E432A,0.2409,0.2409,1199,696
CGATCATTAAGTGAAT,S6I,0.0000,0.0000,0,49
CGATCCAAGAAATCCA,P284F F469Y,0.0000,0.0000,0,7
CGATCCATATTGAAGA,F469W,nan,nan,0,0
CGATCCGGACTCAGTT,L194R,0.0000,0.0000,0,3
CGATCCGTTGAATGCT,L179Q,0.1291,0.1291,396,429
CGATCGAAAGAAGCCA,N475G,0.0327,0.0327,46,197
CGATCGGACCCGGTTT,F469Y,nan,nan,0,0
CGATCTAACTAAATGT,Q391T,0.1398,0.1398,64,64
CGATCTACGATACGTC,T318L E327K,0.1953,0.1953,229,164
CGATCTAGCCATTTCG,Y491D,0.0000,0.0000,0,1
CGATCTCCATATGCTG,L176D,0.0000,0.0000,0,20
CGATCTTATAGTTAAA,E407Y,0.0532,0.0532,167,439
CGATCTTCAAACTCTA,,0.1716,0.1716,362,295
CGATCTTCCAGGGCAG,Y491G,0.0000,0.0000,0,3
CGATGAAAACCCGATT,S442M,0.2283,0.2283,382,234
CGATGAAATATACATT,,0.2123,0.2123,2124,1399
CGATGAATGAAGACGA,,0.1451,0.1451,138,133
CGATGACCAACTTCTG,K32I E304F,0.1691,0.1691,491,406
CGATGAGATAATCCAA,I124Q,0.3426,0.3426,245,100
CGATGAGTATTAGCCA,V26T,0.0000,0.0000,0,3
CGATGATATAAATAAA,H110G M530G,0.0000,0.0000,0,2
CGATGCAAAACAATTA,V315R,0.1428,0.1428,2801,2743
CGATGCGCTCGTTTCG,,0.1939,0.1939,897,647
CGATGCGGACGCCGGC,K450D Q454H,0.0318,0.0318,112,493
CGATGGAACGTTCACA,L213G A425H,0.0000,0.0000,0,3
CGATGGATACAGTGCA,V36D,nan,nan,0,0
CGATGGCAAATGTTTA,G465C,0.0000,0.0000,0,4
CGATGGTGGATTCCTC,L70M,0.1118,0.1118,2272,2842
CGATGGTTGGATCTCA,I60T,0.0993,0.0993,228,321
CGATGTAACATAACTT,I302A,0.1641,0.1641,3959,3373
CGATGTACCTGTATTA,,0.1463,0.1463,317,303
CGATGTATCGCGTACA,L179P E508S,0.1142,0.1142,308,377
CGATGTCGCCCAGCAG,,0.0766,0.0766,599,1093
CGATGTCTTACGAGTA,,0.2405,0.2405,1245,724
CGATGTGAAGCTCAAG,K109V P299S,0.0612,0.0612,91,208
CGATGTGATCATAGAC,,0.1427,0.1427,1239,1214
CGATGTGTGTTAAACG,A218F R329T,0.0000,0.0000,0,1
CGATTAACAAAGAAGA,,0.0929,0.0929,618,930
CGATTAAGAACAAAAT,L314C,nan,nan,0,0
CGATTAGCTCTAGGGA,R452W,0.0000,0.0000,0,60
CGATTAGGGGGAATTA,C14K,nan,nan,0,0
CGATTATAGTCGGTGA,L133aW,0.2312,0.2312,3926,2375
CGATTATATTGACAAA,A257T,nan,nan,0,0
CGATTATTTAATAAAG,G263T,nan,nan,0,0
CGATTCAATATAACGA,M111Q,0.0000,0.0000,0,5
CGATTCACGACACGAA,A257P,nan,nan,0,0
CGATTCACGGGAAATA,Q191V L316M,0.4485,0.4485,93,29
CGATTCAGCCCCCTGT,C52Q M346R,0.0000,0.0000,0,9
CGATTCAGTGAAGATC,S523W,0.2303,0.2303,28,17
CGATTCCATTATACGC,P284M,0.0734,0.0734,994,1895
CGATTCCCTTTTGGAA,P74M V347N,0.0511,0.0511,79,216
CGATTCCTACCCACTG,C76K L320A,0.6138,0.6138,79,18
CGATTCGAATTGTAAA,S291F,0.1230,0.1230,752,855
CGATTCGAGGCTGTGA,E500C,0.3839,0.3839,140,51
CGATTCGATGAATATT,K328W,0.1068,0.1068,1114,1458
CGATTCTGTGGCAATG,V5M,0.2024,0.2024,492,340
CGATTGTACTAGACCG,Y448L,0.4118,0.4118,53,18
CGATTGTATTGCATGC,K380Q,0.6060,0.6060,39,9
CGATTGTCACTTCGTA,N54aW N464M,0.0000,0.0000,0,3
CGATTGTGGTACTAAA,,0.1484,0.1484,6505,6128
CGATTTGATAAATCTA,V152G,0.1264,0.1264,2633,2912
CGATTTTTATAAGAGG,R326L,0.1329,0.1329,1861,1958
CGCAAAACAAGGGTCT,Q371S K506H,0.0626,0.0626,47,105
CGCAAAACATCCTGTC,R229H,0.0000,0.0000,0,1
CGCAAAACCATAACCC,N33W D95L L402T,0.0000,0.0000,0,1
CGCAAAATAGATAAAC,,0.0000,0.0000,0,6
CGCAAAATCGCCCCAG,E327Q,0.1745,0.1745,1642,1316
CGCAAACACATGGCCC,K32P L507R,0.2773,0.2773,1140,575
CGCAAACCGAGTCGAG,D415T,0.0462,0.0462,39,118
CGCAAACGAATATATA,V26M,nan,nan,0,0
CGCAAACGGACGCGAT,A138Y,0.1787,0.1787,46,36
CGCAAAGACCATAGAA,A336W,0.4088,0.4088,38,13
CGCAAAGCACTCAAAC,A93S,0.0412,0.0412,56,190
CGCAAAGGCTATGGTT,G286I,0.0000,0.0000,0,5
CGCAAATAACCATAGC,F417K,0.0000,0.0000,0,2
CGCAAATGAACTGTAT,,0.1734,0.1734,4328,3490
CGCAAATGATCTAACA,Y518Q,0.0000,0.0000,0,25
CGCAAATTGACAAAGT,,0.1810,0.1810,25502,19699
CGCAACAAACAACAAG,E432S,0.0661,0.0661,166,351
CGCAACAATTGAGCCC,,0.1827,0.1827,7953,6087
CGCAACAGTGTTGTCT,N186F F399Y,0.0890,0.0890,21,33
CGCAACCGACCCGCTA,H298W,0.0981,0.0981,1288,1837
CGCAACGAGCGCCAGG,H47S,0.0828,0.0828,29,49
CGCAACGCATACATAC,A144M,0.1858,0.1858,1496,1126
CGCAACGTCCGTTGAC,G360M,0.5780,0.5780,62,15
CGCAACTAGATGAAAA,D419Y,0.5314,0.5314,57,15
CGCAACTTGCACGCTG,I87F,0.0000,0.0000,0,13
CGCAAGACGTTTACTC,F251R,0.0000,0.0000,0,1
CGCAAGATCGATTGCC,,0.0000,0.0000,0,2
CGCAAGCAAAGCGCCT,,0.1155,0.1155,1014,1228
CGCAAGCACATGGGAA,P145W N446D,0.1103,0.1103,202,256
CGCAAGCGCACCACAT,N186Q,0.1117,0.1117,306,383
CGCAAGCTTAGAGAAC,G228P,0.0000,0.0000,0,6
CGCAAGGGTGTACAAT,Q545M,0.0000,0.0000,0,1
CGCAAGGTTTAGATGA,A495P,0.6992,0.6992,75,15
CGCAATAAAATTGAGA,N116S S523R,0.0000,0.0000,0,6
CGCAATAACCAAACAT,H183I,0.0000,0.0000,0,3
CGCAATAATGGTAAAA,N289A,0.1476,0.1476,324,307
CGCAATAGCGCATGAA,N424D,0.2397,0.2397,12,7
CGCAATATAGGGCCGG,S519L,0.8391,0.8391,108,18
CGCAATCTGTACGAGC,T35W,0.0000,0.0000,0,3
CGCAATGTCGCCGCGC,D449I,0.1449,0.1449,807,779
CGCAATTAGAAGGGAC,C305W,0.0000,0.0000,0,8
CGCAATTCAAAACGCT,L7R S85Q,nan,nan,0,0
CGCAATTGGGCCCAGC,,0.0599,0.0599,421,983
CGCACAACATAACAGA,E131F W537H,nan,nan,0,0
CGCACAACCTCGCAAT,N103W,0.1491,0.1491,1827,1714
CGCACAACTTATGTAC,L527A,0.3496,0.3496,35,14
CGCACAAGGCATAACC,,0.0598,0.0598,238,557
CGCACAAGGCTGATAC,I-3Y,0.1473,0.1473,335,318
CGCACAGGGTACACAA,H110K,0.4434,0.4434,130,41
CGCACATAGGGTCACA,Y86K L331C,nan,nan,0,0
CGCACATGCCTTTTCA,,0.1368,0.1368,1316,1345
CGCACATTCTCCCAAT,,0.1708,0.1708,4198,3437
CGCACCAAGAAGCTGT,A257E,nan,nan,0,0
CGCACCAATAAACAAC,P140L,0.1916,0.1916,5155,3762
CGCACCCAAGAAAGAA,L43S G275Q,0.6153,0.6153,22,5
CGCACCCTGAGATGGA,M-6K,0.0000,0.0000,0,23
CGCACCGGAGGGATTA,,nan,nan,0,0
CGCACGAAATATCCAA,,0.1742,0.1742,4233,3399
CGCACGACCAATAGAA,Q211Y,0.1622,0.1622,9199,7931
CGCACGCCGGCCAGTG,,0.0766,0.0766,727,1328
CGCACGTGACGACACC,L427F,0.0505,0.0505,26,72
CGCACTACGTACTTGA,C64P,nan,nan,0,0
CGCACTATCTAATTAT,,0.1136,0.1136,108,133
CGCACTCTAGCACAAA,W153V,0.0000,0.0000,0,2
CGCACTGAGCCGTTAG,I123L,0.0744,0.0744,773,1453
CGCACTTATAGATAGA,L515M,0.1036,0.1036,2936,3963
CGCACTTCCCCTTGAA,S290D,0.0618,0.0618,283,640
CGCACTTGGCATTGTG,Y486Q,0.0000,0.0000,0,7
CGCAGAAAGTCTTGTG,G181P,nan,nan,0,0
CGCAGAAGCCATATTC,,0.1003,0.1003,490,683
CGCAGAATATTCGACA,W234N,0.1490,0.1490,114,107
CGCAGAATTGTGACCA,Y363G,1.0000,6.7125,96,2
CGCAGACAAAGAAGGA,,0.1592,0.1592,5623,4940
CGCAGACAATGAATTT,,0.1049,0.1049,453,604
CGCAGACCAGATACTC,E468L,0.0595,0.0595,179,421
CGCAGACCATAGAAAC,D240A,0.1665,0.1665,519,436
CGCAGACCGAGCTCCC,L428V,0.1032,0.1032,62,84
CGCAGAGCGTGGCTGA,H354D,0.0000,0.0000,0,6
CGCAGATTAGCCTAAG,I87A M431I,1.0000,inf,13,0
CGCAGCAAACTGCACG,G396A,0.1057,0.1057,96,127
CGCAGCATGAAAAAAG,N116Y,0.0850,0.0850,31,51
CGCAGCATGAATGGGA,,0.1692,0.1692,23601,19510
CGCAGCATGTTTAAAA,I517H,0.0000,0.0000,0,2
CGCAGCGATACCTAAA,H130T A459D C466N,0.1810,0.1810,44,34
CGCAGCTGCCGAAGAA,L96K,0.0599,0.0599,197,460
CGCAGCTTCGCGGACA,F467N,nan,nan,0,0
CGCAGGAATAGATTTA,,0.0893,0.0893,1451,2273
CGCAGGACATGGTGTT,N21I G303W,nan,nan,0,0
CGCAGGATACTCCGAC,,0.0000,0.0000,0,8
CGCAGGCAACCCCTGA,F245W,0.1686,0.1686,4630,3840
CGCAGGGTGTTAGTAC,L320K,0.0000,0.0000,0,38
CGCAGGTAAAGACAAA,E131R,nan,nan,0,0
CGCAGGTCAAATTTAA,A19T E414S,0.3433,0.3433,27,11
CGCAGTAATCAAATAA,G143S,0.1172,0.1172,119,142
CGCAGTAATGCAGATT,,0.2061,0.2061,971,659
CGCAGTAGCGGCCTTC,Q222A,0.0570,0.0570,638,1566
CGCAGTGATTTGACTA,,0.0823,0.0823,93,158
CGCATAAACCAAATCT,L325W,0.0884,0.0884,543,859
CGCATAAGGAAATCAG,L497Y,0.1408,0.1408,437,434
CGCATAATTTGAATTT,M531V,0.1830,0.1830,4429,3385
CGCATAGACAATGATA,E414K C473G,nan,nan,0,0
CGCATATTAACGTATA,E414I,0.1349,0.1349,220,228
CGCATCAATTACTATA,,0.0299,0.0299,170,794
CGCATCACAGAATTAA,E304R,0.1662,0.1662,284,239
CGCATCACAGGCCTCA,K125aL,nan,nan,0,0
CGCATCACATGCGCGT,K472C,0.1734,0.1734,7990,6445
CGCATCCCGACGGTTT,K165D,0.0492,0.0492,544,1547
CGCATCGCAAGTTAAA,T219C,0.0848,0.0848,843,1391
CGCATCTAAAAAAAAA,H38G I121N V481T,0.0000,0.0000,0,8
CGCATCTTGAAGAGCC,S167V F251L T370Y F469K,0.0000,0.0000,0,12
CGCATGCCACTGCCAA,,0.0490,0.0490,129,368
CGCATGTAATGGATCG,D441C,0.1293,0.1293,527,570
CGCATGTCACCCCATA,,0.1748,0.1748,1251,1001
CGCATTACGTAAGCAC,,0.1336,0.1336,1721,1802
CGCATTAGAACCACTT,E-5A,0.0734,0.0734,970,1848
CGCATTAGATGCGGGA,,0.0982,0.0982,1732,2466
CGCATTATAAAATTCA,,0.2051,0.2051,2072,1413
CGCATTATAAACGTAA,V261G,0.3988,0.3988,77,27
CGCATTCCCAAATGAG,,0.1751,0.1751,845,675
CGCATTCCCGGAGTGT,,0.0931,0.0931,237,356
CGCATTGTAGATCCCA,L54G P254M,nan,nan,0,0
CGCATTGTCACGCTAT,C477A,0.0000,0.0000,0,6
CGCATTTGAAGTGTAG,,0.0000,0.0000,0,1
CGCCAAAACAAAACAT,E340I,0.1981,0.1981,289,204
CGCCAAAAGGGTAGAT,G319I,1.0000,1.0566,68,9
CGCCAAACTATATAAT,A425I,0.1207,0.1207,1228,1423
CGCCAAACTCATTATA,,0.1167,0.1167,237,284
CGCCAACTGTTAGCCC,I4E,nan,nan,0,0
CGCCAAGAGACTGAAA,H183M,nan,nan,0,0
CGCCAAGCTAGAAGCA,N210S,0.0000,0.0000,0,18
CGCCAAGGTTCACGTC,F332D,0.1212,0.1212,13,15
CGCCAATACCTTCTCA,D375E,nan,nan,0,0
CGCCAATATACGCACT,,0.1802,0.1802,2036,1580
CGCCACAAGTCGGCAT,E89W,0.0722,0.0722,126,244
CGCCACAATAAGGACT,M111G,0.1571,0.1571,27726,24688
CGCCACAGTTGCGACA,G225Q,0.0543,0.0543,113,291
CGCCACATATAGACAC,V5M,0.1222,0.1222,1140,1305
CGCCACGAAACTATCG,I15S E479S,1.0000,inf,18,0
CGCCAGACGCCAAAAC,N48V,0.1676,0.1676,423,353
CGCCAGAGACATAGGT,P162H A373S,0.1122,0.1122,61,76
CGCCAGAGCCCCATAA,I123N,0.0000,0.0000,0,8
CGCCAGATCTGAAGCA,K269G,0.0658,0.0658,742,1578
CGCCAGCGGACGCTTA,L1N F294E,nan,nan,0,0
CGCCAGGAAGACATAA,Y195C,0.0000,0.0000,0,25
CGCCAGGACCAAACTA,E493C,0.1753,0.1753,2605,2078
CGCCAGTCCTTACATT,,0.1133,0.1133,989,1221
CGCCAGTGACGGTATA,V261C,0.1021,0.1021,992,1359
CGCCATAATATGAAAA,E89C N193M,0.1511,0.1511,1793,1659
CGCCATGAAGAATGAC,E368D,0.0831,0.0831,107,180
CGCCATTTACAAAAGT,Y98F,0.0000,0.0000,0,31
CGCCCAAAAAATCCAG,K307V,0.0813,0.0813,733,1261
CGCCCAACATATACCA,A138T K445Y,0.0000,0.0000,0,8
CGCCCAAGATTACCTC,N92W,0.1380,0.1380,152,154
CGCCCACTAACTTCTT,F147L,0.0550,0.0550,241,613
CGCCCACTGACTTTGG,,0.1167,0.1167,2204,2640
CGCCCATACAAATGCA,L430A,0.0000,0.0000,0,5
CGCCCATTATACATTC,E426R,0.1822,0.1822,86,66
CGCCCATTTGAAGAGC,,0.1156,0.1156,2249,2720
CGCCCCAATTTGGCCA,,0.0840,0.0840,1617,2691
CGCCCCACTGGGCACA,C549M,0.1672,0.1672,4781,3998
CGCCCCAGAGTGACCA,S290R A522G,0.0000,0.0000,0,13
CGCCCCCGTATGTACA,,0.1441,0.1441,1712,1662
CGCCCCGAGTAGATGC,,0.1186,0.1186,2300,2711
CGCCCCGGGTAGAACC,R326F,0.2337,0.2337,2746,1643
CGCCCCTAATGCGAAA,K50Y V152M,0.2712,0.2712,7250,3738
CGCCCGACAATTCGAT,D104H,0.1450,0.1450,1220,1177
CGCCCGAGAAGACTAA,K50L P324M,0.1769,0.1769,697,551
CGCCCGCCTACCGATC,G68W G286E,0.0000,0.0000,0,5
CGCCCGCTTTGAATAA,,0.1965,0.1965,1092,777
CGCCCGTTGACCTCTA,S133I,0.1148,0.1148,5574,6791
CGCCCTGCCGTATTCA,A425Q,0.0000,0.0000,0,16
CGCCGAATCTCTTTTT,A160F A257S,0.1043,0.1043,208,279
CGCCGACCTAGACGAC,Q282N P284S K387W V481M,0.1155,0.1155,19,23
CGCCGACGCACTGTAA,I406S,nan,nan,0,0
CGCCGAGCCGACGTCC,C139A,0.0000,0.0000,0,2
CGCCGAGCCGAGTTAT,D175A,0.1469,0.1469,414,394
CGCCGATCCAAGAATA,E78V,0.1715,0.1715,579,472
CGCCGATTATAGATCA,,0.1021,0.1021,691,946
CGCCGCAACAATTCAG,N312R,0.1161,0.1161,729,878
CGCCGCCACACTGATT,A19M G303S E501K,0.0000,0.0000,0,2
CGCCGCCTATTACAAA,L1V,0.1587,0.1587,1997,1760
CGCCGCTCACTGATCT,A3F K380T,0.0000,0.0000,0,33
CGCCGCTGTAAAGCCT,L316E,nan,nan,0,0
CGCCGGAGTAATAATG,I267T,0.9090,0.9090,26,4
CGCCGGCAAAAGAACA,N248W,0.0000,0.0000,0,2
CGCCGTACACAACCAA,I297Q,0.0000,0.0000,0,6
CGCCGTAGTCTTATAG,G396M,0.4972,0.4972,32,9
CGCCGTGACGTCATAA,,0.1722,0.1722,8474,6883
CGCCGTGGCGAACAAC,I42V,0.0985,0.0985,525,745
CGCCTAAATAAAAATG,M268C F469S,0.0000,0.0000,0,14
CGCCTAACAAATTATA,T35M G416A,0.1560,0.1560,29,26
CGCCTAACCCTTGGAC,T511L,0.1634,0.1634,6792,5814
CGCCTACGCCGGAGTA,G303W,0.0000,0.0000,0,2
CGCCTAGACAGTTGTG,I15N V151N A521P,nan,nan,0,0
CGCCTAGACTCGTACA,K9M,0.0999,0.0999,150,210
CGCCTATTATGCTCAC,S383I,0.3988,0.3988,77,27
CGCCTATTCTGTTCAT,L177E,0.3846,0.3846,33,12
CGCCTATTTAAATCCG,,0.2243,0.2243,1113,694
CGCCTCCAAACGAGTC,Q40C R328bL,0.1233,0.1233,2153,2442
CGCCTCGGTGACTGCT,E78H,0.1325,0.1325,2189,2310
CGCCTGCATAATATCT,T192N V481H,0.0000,0.0000,0,11
CGCCTGCCAGAAATCG,H184M Y486L,0.0000,0.0000,0,3
CGCCTGGTCAATTGGA,E426L,0.0000,0.0000,0,8
CGCCTGTATATGTGTA,,0.1385,0.1385,105,106
CGCCTGTTCCAGCGAG,D240H,0.1915,0.1915,330,241
CGCCTTAAGAAAGACC,N289F,0.1524,0.1524,363,333
CGCCTTCCGAGGAAAC,I406G,0.0000,0.0000,0,5
CGCCTTCTAAAAAAAT,G286H F399C,1.0000,1.6082,23,2
CGCCTTGAAAACTAAC,K50Y,0.1666,0.1666,3975,3336
CGCCTTGAAAGATTCT,E398I,0.0000,0.0000,0,10
CGCCTTGAACCATTCA,I178D,0.0000,0.0000,0,12
CGCCTTTAAAGTTTTA,N382F,0.1398,0.1398,2,2
CGCGAAATAACCCACT,,0.1598,0.1598,224,196
CGCGAAATCGTTAAAT,P162V,0.0811,0.0811,626,1079
CGCGAACCGTAGTCAC,N20I,nan,nan,0,0
CGCGAAGGCTAGACCC,L1V,0.0948,0.0948,61,90
CGCGACACATAAAAAA,D41W,0.1874,0.1874,2415,1802
CGCGACATGTGCAATT,,0.1366,0.1366,3221,3298
CGCGACCAAACAGATC,P74T I385G,0.0000,0.0000,0,1
CGCGACCGATGGTTAA,A39N,0.1176,0.1176,424,504
CGCGACCTGGTTAGCT,V223M,0.1671,0.1671,5261,4404
CGCGACTAAGTCGGTT,W153K,0.0000,0.0000,0,3
CGCGACTCTGGTCAAC,Y256L,0.0823,0.0823,4135,7027
CGCGACTGAATACTTT,P239T,0.1755,0.1755,4081,3252
CGCGAGCGTAAACACC,R114W,0.1824,0.1824,1256,963
CGCGAGGATTATGGAA,F332W,0.0000,0.0000,0,7
CGCGAGTACACAAAAG,,nan,nan,0,0
CGCGAGTGAACTGACC,,0.1430,0.1430,322,315
CGCGATAATCGCATAA,R329F,0.0000,0.0000,0,2
CGCGATAATGACCAAA,V88E,0.0000,0.0000,0,1
CGCGATACATCATTCA,,0.0489,0.0489,56,160
CGCGATCCAAGCAGCC,,0.1273,0.1273,1855,2037
CGCGATCCAGACCACC,M388L,0.2472,0.2472,99,56
CGCGATGACCCATGAT,M413N,0.2447,0.2447,35,20
CGCGATGAGCTTGGCG,P125H L497T,0.0428,0.0428,15,49
CGCGATGCCCTTTCCA,E393D,0.1104,0.1104,1551,1964
CGCGATTAAAAAACCA,,0.1827,0.1827,4150,3177
CGCGCAAAATTAAAGT,G134Q D419K,0.0000,0.0000,0,1
CGCGCACAAAAACCAG,S203A,0.1401,0.1401,1116,1114
CGCGCACGTCAACAAT,T485K,0.1265,0.1265,161,178
CGCGCATAATGCCACC,N169K,0.0824,0.0824,175,297
CGCGCATTCAATTTAT,F399A,nan,nan,0,0
CGCGCCGAAACACTCT,,0.1783,0.1783,153,120
CGCGCGAAGAGTAATA,R321L T370P,0.0000,0.0000,0,9
CGCGCGACTGAGCAAA,E479R,0.1107,0.1107,338,427
CGCGCGAGGAACGCTC,T422H,nan,nan,0,0
CGCGCTAATAAAAGAT,H295W,0.0000,0.0000,0,6
CGCGCTCTAATAGCAA,,0.1361,0.1361,684,703
CGCGCTGCAGTGGCTA,L1F,0.0623,0.0623,184,413
CGCGGAAAGCTAAAAG,I42Q D487N,nan,nan,0,0
CGCGGATAAGACAGAA,R229E,0.0000,0.0000,0,7
CGCGGCCCGATTTGAA,A521Y,0.0000,0.0000,0,18
CGCGGGCATAGACCAA,M292Q,0.0000,0.0000,0,9
CGCGGGGACCTCCGAT,,0.1361,0.1361,1497,1538
CGCGGTCCGCTGGGAA,K157F,0.0701,0.0701,204,407
CGCGTAAATATTTATG,H471Q,0.6611,0.6611,52,11
CGCGTAATATAAAGTA,T301A,0.0910,0.0910,341,524
CGCGTAATCCCCGTTA,A3P,0.0737,0.0737,58,110
CGCGTACGCCAATTAC,N322K S369V F469S,1.0000,1.0348,74,10
CGCGTACTATTATTTT,S492G,0.0912,0.0912,225,345
CGCGTATCAACGACTA,N20M,0.0000,0.0000,0,10
CGCGTCAATCAAATTT,M292H N408T,0.2535,0.2535,203,112
CGCGTCGAATAAAAAG,A137T,0.0429,0.0429,122,398
CGCGTGAAACACACGC,A137Y,0.0518,0.0518,865,2335
CGCGTGAACCAGTGAG,E508H,0.1045,0.1045,62,83
CGCGTGGTAAGAACGT,Y512W,0.1770,0.1770,81,64
CGCGTGTCATCTGTTG,S65L,1.0000,1.2586,54,6
CGCGTTAAACAAACTT,G330S,0.0966,0.0966,38,55
CGCGTTAAGACCACCA,A334G,0.3560,0.3560,914,359
CGCGTTAATTACATCA,R114Q H471F,0.0000,0.0000,0,30
CGCTAAAAACACCGGC,C97M,0.0691,0.0691,40,81
CGCTAAAAAGGCTGTG,Y423G,0.2797,0.2797,70,35
CGCTAAAAATAATGTA,Y353C,nan,nan,0,0
CGCTAAAATGACATTT,G68D K262P T318I,0.0000,0.0000,0,3
CGCTAAACAGGCCGAT,I15L,0.1450,0.1450,705,680
CGCTAAACAGGTTAAA,H18Y Q545*,0.9964,0.9964,57,8
CGCTAAATCAGCAGAA,K445M,nan,nan,0,0
CGCTAACATAAGCAAT,P306C,0.0000,0.0000,0,4
CGCTAACGATCTAGCA,,0.1538,0.1538,319,290
CGCTAACGCTATCGTT,E414S,0.1838,0.1838,794,604
CGCTAACTGTAACTGC,,0.1022,0.1022,160,219
CGCTAAGCCTTATCTC,I202N,0.6801,0.6801,107,22
CGCTAAGTAAACACGG,R405F,1.0000,1.8180,52,4
CGCTAATCAAGGCATA,T23S A521H,0.5893,0.5893,59,14
CGCTACACAAAGCCAT,P162E,0.1574,0.1574,710,631
CGCTACCCTTAAAGAT,A334L K387I,0.2246,0.2246,159,99
CGCTACGACATATTAA,N94M,0.3056,0.3056,636,291
CGCTACGCTACCGATC,R114D,0.8335,0.8335,149,25
CGCTACGCTCCTAAGG,S492T,0.1571,0.1571,155,138
CGCTACGTAAACTATA,D27S,0.0867,0.0867,435,702
CGCTACTAACCGCTCC,F232D,0.0000,0.0000,0,1
CGCTACTTAAAGGTAA,A287L E398G,1.0000,inf,14,0
CGCTAGACCCTCCAGG,E189A P284G,0.0000,0.0000,0,13
CGCTAGATTAAATCAG,G337R,1.0000,6.0832,87,2
CGCTAGCTGAATACCT,G228T,0.0000,0.0000,0,1
CGCTAGGCTTGTCTGC,E500S,0.1066,0.1066,1160,1522
CGCTAGTAACCTAGTT,,0.1258,0.1258,2396,2663
CGCTATAATCGTTATT,N210M,0.3596,0.3596,36,14
CGCTATAGATATAGAC,,0.0000,0.0000,0,39
CGCTATCAAGTAAGCT,,0.1643,0.1643,895,762
CGCTATGAAACCATTT,,0.0544,0.0544,290,746
CGCTATGACTATACAG,L527D,1.0000,1.4450,62,6
CGCTATGATTCAGTGA,,0.1090,0.1090,258,331
CGCTATGCGTGACTGT,M230W,0.0000,0.0000,0,16
CGCTATGTCATTCGCC,F233S L507D,0.0000,0.0000,0,15
CGCTATTTTTATAACA,F469I,0.1094,0.1094,2182,2789
CGCTCACACCGGGTCA,E358K,0.1277,0.1277,3028,3316
CGCTCACGTTACACCT,T37H C546N,0.0000,0.0000,0,10
CGCTCATATGTCACAC,S290N,0.0980,0.0980,326,465
CGCTCATCATGAAAAG,N169Q Q226K,0.0000,0.0000,0,9
CGCTCCAGTAACACAA,N278F,0.0753,0.0753,625,1160
CGCTCCATAAATGAAT,A214L,0.1765,0.1765,1732,1372
CGCTCCCCCCCGAGCG,Y86C,0.2427,0.2427,59,34
CGCTCCCTTCTCATAC,,0.0000,0.0000,0,47
CGCTCCGATCGCGCTG,,0.1340,0.1340,856,893
CGCTCCGGATAAAGCT,N458F,0.0000,0.0000,0,9
CGCTCCTAGGCATAAT,G362F,0.2031,0.2031,138,95
CGCTCCTCTTAAGGAT,,0.1686,0.1686,305,253
CGCTCGGATCAGCAAA,R227E,0.0000,0.0000,0,43
CGCTCGTAATGACAGA,,0.2131,0.2131,349,229
CGCTCTAAATGTGTAT,R482W,1.0000,inf,44,0
CGCTCTACGGAGTATT,V285C,0.1291,0.1291,3991,4322
CGCTCTCAACGATAAC,N210M L428C,0.0000,0.0000,0,1
CGCTCTCACGTACACG,,0.1546,0.1546,136,123
CGCTCTGACGTTAACC,,0.2400,0.2400,1903,1109
CGCTGAATCATCACTA,E190T,0.2887,0.2887,510,247
CGCTGACATGACCATT,Y86C N187A,0.0000,0.0000,0,3
CGCTGAGATAGGGTAA,G360D,0.0000,0.0000,0,6
CGCTGATAGACCACCA,T199N G271S,0.0494,0.0494,198,560
CGCTGCACCTCTAATG,G205E F332D,nan,nan,0,0
CGCTGGCTCTGATTAA,P293E,0.3636,0.3636,13,5
CGCTGGTGTAGTTTGA,A242C,0.2087,0.2087,188,126
CGCTGTAAATACTATA,G337P,nan,nan,0,0
CGCTTAATTTAACCAT,I29Q,0.5104,0.5104,365,100
CGCTTAGAAGCCAGGG,,nan,nan,0,0
CGCTTATAAGCCTAAA,E89F Y518M,0.0000,0.0000,0,11
CGCTTATACCTTGTAG,P74L,0.0000,0.0000,0,9
CGCTTATCCTCCTTAA,T370I F469*,0.0000,0.0000,0,3
CGCTTCAAGGCCTGCA,E432Q D474Q,0.3916,0.3916,28,10
CGCTTCGGCCTAGTCA,M230L,0.1034,0.1034,4474,6051
CGCTTCTGCGTACTGC,H47P F245Q,0.0000,0.0000,0,3
CGCTTGAAACAAAGAC,G205A,0.0976,0.0976,312,447
CGCTTGCAGGCACCAC,G362H,0.0000,0.0000,0,4
CGCTTGTACGAACTGT,H184W,nan,nan,0,0
CGCTTGTATAAGAGTT,L316S,0.0000,0.0000,0,6
CGCTTGTTTTATTTAC,N400V,0.0000,0.0000,0,4
CGCTTTAAATCCTACA,S523W,nan,nan,0,0
CGCTTTAACAATTACT,T35S,0.1949,0.1949,3772,2706
CGCTTTAGAATATTAA,A137G,0.0000,0.0000,0,8
CGCTTTAGACATTTAT,T200M,0.0000,0.0000,0,17
CGCTTTAGCCCCGTTG,E358K M538V,0.0000,0.0000,0,6
CGCTTTATACGGTGAT,V347S,0.1215,0.1215,186,214
CGCTTTCTTGGATAGA,C539F,0.1656,0.1656,1901,1605
CGGAAAAAGTAAGGAT,,0.1936,0.1936,641,463
CGGAAAAATTACCATC,H130S L427N,0.9789,0.9789,28,4
CGGAAAACACTTCCTT,K156Y,0.0000,0.0000,0,9
CGGAAAAGACTTTTTG,,0.1538,0.1538,66,60
CGGAAAATCGCACTAA,I123Q,1.0000,1.7061,61,5
CGGAAAATTATTACTG,V429T,0.1477,0.1477,206,195
CGGAAACAGAGATCAA,N424H,1.0000,inf,41,0
CGGAAACCCTTTTTAA,Y363E,0.0000,0.0000,0,2
CGGAAACGCCACAAGA,Q142W,0.2212,0.2212,1343,849
CGGAAACTGCCATTGG,H47D,nan,nan,0,0
CGGAAAGAGACGGTCT,D264G,0.0979,0.0979,436,623
CGGAAAGCTGATATCC,F399L,0.0000,0.0000,0,9
CGGAAAGGGTATTCAA,F469L,0.1897,0.1897,765,564
CGGAAAGTCTGTCAGG,S65P,1.0000,inf,46,0
CGGAAATTCTCCTAGA,L2S,0.0716,0.0716,83,162
CGGAAATTTCTACTAG,I550S,0.1932,0.1932,326,236
CGGAACAAATTGCTGC,A526E,0.0000,0.0000,0,1
CGGAACAAGTATATGA,I335A,0.1893,0.1893,352,260
CGGAACCAAAAATCGA,Y423K,0.3496,0.3496,30,12
CGGAACCAAAAGTTAA,F439N,1.0000,2.4123,69,4
CGGAACCACACTCCCA,L179A,0.1488,0.1488,498,468
CGGAACCACCTTAAGC,A532E,0.2879,0.2879,35,17
CGGAACGATTCACAAC,R456A,0.1823,0.1823,5930,4548
CGGAACGTCGAATTAC,,0.1588,0.1588,386,340
CGGAACTAGCGCCAAG,L428M,0.1294,0.1294,3569,3856
CGGAACTGCTGTACAT,E304P,0.1084,0.1084,152,196
CGGAAGAACTTATAGA,F469S,0.4195,0.4195,60,20
CGGAAGAATATTATGA,W84C,nan,nan,0,0
CGGAAGAGTTTTATGA,H47A,0.1415,0.1415,520,514
CGGAAGATGAGCAATA,N116K,0.0961,0.0961,246,358
CGGAAGCAGAGCCTCG,E340A R452W,0.4720,0.4720,27,8
CGGAAGCATACAAGAA,E31V G225I,0.0000,0.0000,0,4
CGGAAGGAAAACCTCC,I80T,0.1491,0.1491,1271,1192
CGGAAGTGTACCCCAT,C277G,0.0000,0.0000,0,1
CGGAAGTTCTAGATAC,E426W,0.0000,0.0000,0,11
CGGAATAAATTGTGTA,V135F,0.4108,0.4108,796,271
CGGAATAGAAATCAAC,D41T L96Q,0.0787,0.0787,404,718
CGGAATCAGATCTCTA,,0.1953,0.1953,539,386
CGGAATCATAGATCAC,F439A,0.5419,0.5419,31,8
CGGAATGCTTTTCTAA,P140F,0.2519,0.2519,3276,1819
CGGAATTTTCTGCACG,S125bQ S519Y S535R,0.1492,0.1492,16,15
CGGACAAATCGAACAG,I288R,0.0000,0.0000,0,20
CGGACACCATAGTATG,,0.3263,0.3263,350,150
CGGACACGATAAACTA,L108Q,0.0000,0.0000,0,19
CGGACACGTTACCGGC,I529V,0.2340,0.2340,8215,4909
CGGACCATATGTAATG,N54aL L177E,0.0000,0.0000,0,6
CGGACCCAAGCTCGAA,D386A,0.1018,0.1018,2585,3551
CGGACCGAGCATGCCA,,0.1584,0.1584,2048,1808
CGGACCGATTTTATAA,N187C P293W S480Q,0.0000,0.0000,0,6
CGGACGAGAGGGAGTA,T266C,0.2745,0.2745,479,244
CGGACGATAGTTAGCG,T485A,0.1075,0.1075,893,1162
CGGACGGCTAGTATAC,S167K T318- G319- L320- R321- W350L F469R,0.0000,0.0000,0,11
CGGACGTACTATCAAC,C64E,0.0000,0.0000,0,3
CGGACGTCATTCATAC,,0.1355,0.1355,3518,3631
CGGACGTCCAAATGGT,G319D E476S R482L,nan,nan,0,0
CGGACTATGACTGAAC,,0.0000,0.0000,0,2
CGGACTGTAAATACCC,A522H C549F,0.3263,0.3263,21,9
CGGAGAAGAAACCCCA,P145C,0.3783,0.3783,18946,7003
CGGAGAATTGAGAGTT,,0.0374,0.0374,76,284
CGGAGATACTAATGGC,K45P E407T,0.0000,0.0000,0,4
CGGAGCAACCCTAGGA,T35F,0.1372,0.1372,2202,2245
CGGAGCAGCATACACT,,0.0352,0.0352,37,147
CGGAGCGCACTAAAAA,L527*,nan,nan,0,0
CGGAGCTAACCGTTAG,A188S E494H,0.7991,0.7991,200,35
CGGAGCTACGAACATT,W180C,0.0000,0.0000,0,2
CGGAGCTCAAACCGTA,I302D,0.4615,0.4615,33,10
CGGAGCTGTTTCAGTT,V26A,1.0000,2.0976,15,1
CGGAGGACCTACAAGA,L536M,0.1663,0.1663,1727,1452
CGGAGTCCCGGAACTC,A3Y E407Y,0.1348,0.1348,1272,1320
CGGAGTGAATATTTAA,,0.1316,0.1316,3347,3557
CGGAGTTAACATATGG,C546F,0.0734,0.0734,42,80
CGGAGTTACCTTATAT,E78H H110N,0.2045,0.2045,117,80
CGGAGTTATGGTAGCC,,0.2415,0.2415,133,77
CGGATAAAACACTTTA,D457N S503C,0.5975,0.5975,47,11
CGGATAAAATAGTATT,G263Q,0.0000,0.0000,0,13
CGGATAAATCTATGTC,P293L R435L,0.0000,0.0000,0,1
CGGATAACACAAATAT,D63Y S492K,0.2391,0.2391,224,131
CGGATAAGATTGATTA,,0.1323,0.1323,2135,2257
CGGATAATAATCGATA,M-6I N172S W421C,0.1835,0.1835,21,16
CGGATACCCCCTAAAT,A317I,0.1249,0.1249,50,56
CGGATACCTTCATCAA,,0.1401,0.1401,2077,2073
CGGATAGGATACTAAC,A459H,0.0000,0.0000,0,7
CGGATCAACGAACCGG,,0.0000,0.0000,0,11
CGGATCAAGCGTCAGT,,0.1416,0.1416,487,481
CGGATCATGTATTTGA,P140F L437P,0.0000,0.0000,0,1
CGGATCCACTGCGGGC,R81M,0.1751,0.1751,1690,1350
CGGATCCAGACATCCT,I87T,0.0970,0.0970,34,49
CGGATCCCAGAGCGGA,F332H,0.6215,0.6215,80,18
CGGATCCGTCTAAGGT,R326A,0.1986,0.1986,1264,890
CGGATCTATTTGCTAC,A242V,0.0564,0.0564,292,724
CGGATCTCTTCCCCAT,H298Y,0.0332,0.0332,29,122
CGGATGAACCGATCGG,N278D,0.0714,0.0714,74,145
CGGATGCTCTCGAGAT,I339Q,0.0000,0.0000,0,1
CGGATGGTGCGCATCA,K165G,0.1006,0.1006,361,502
CGGATGTACGATTTCG,L51G F469K,1.0000,inf,64,0
CGGATGTGGTACCCAA,D241I,0.1034,0.1034,17,23
CGGATTAACCATTTGA,G319Y,nan,nan,0,0
CGGATTCAAACACCGA,F233E M413D,0.0000,0.0000,0,1
CGGATTCAATCCAGAA,,0.1115,0.1115,2944,3692
CGGATTCCTAAGCACG,F294D N458D,0.0000,0.0000,0,2
CGGATTGGATGCAAAC,,0.1694,0.1694,1265,1044
CGGATTGTACAATCAA,G263R,0.1739,0.1739,281,226
CGGATTTAAATCCAAG,M-6R,nan,nan,0,0
CGGATTTACACCCAGA,T200Q,0.1571,0.1571,73,65
CGGCAAATGGTAGTTC,,0.1535,0.1535,9169,8352
CGGCAACACATTAAAT,,0.4047,0.4047,3510,1213
CGGCAACCACAGAGTA,D438I,0.1776,0.1776,362,285
CGGCAAGGTGATAAAG,M478S,1.0000,inf,29,0
CGGCAAGTAAGTAAAC,S509Q,0.1596,0.1596,2094,1835
CGGCAATCGCAAGCAA,N172L,0.1217,0.1217,47,54
CGGCAATGAAAAAACG,,0.1099,0.1099,147,187
CGGCAATTGACCTAAA,N92K C281D,0.0000,0.0000,0,5
CGGCACACACAATACA,,0.1636,0.1636,7041,6017
CGGCACCTCCCTGCAT,N172D C539M,0.1445,0.1445,31,30
CGGCACCTCGCGAGAA,,0.0124,0.0124,11,124
CGGCACTACGAACCAA,I517Y,0.1052,0.1052,1946,2588
CGGCACTCTGCCTGAT,D415E,0.1266,0.1266,230,254
CGGCACTTCGTTTAAA,D419Y,0.0000,0.0000,0,5
CGGCACTTGGCACAAC,I29P,0.0602,0.0602,37,86
CGGCAGCTTACCGGCT,Q211M,0.0958,0.0958,2180,3182
CGGCAGGGTCAATATA,,0.3337,0.3337,210,88
CGGCATACTTATTTAA,,0.2072,0.2072,3225,2177
CGGCATTGAATAAAAT,,0.1995,0.1995,3027,2122
CGGCCAAAATAAGTGT,I-3Y V88I,0.1119,0.1119,1018,1272
CGGCCAATTAGAGATA,,0.1144,0.1144,1676,2048
CGGCCACTGCAATCTA,Y141Q,0.0800,0.0800,131,229
CGGCCAGATAATGGTT,H276T,0.1504,0.1504,2191,2037
CGGCCATCATCAGAGC,K165I,0.0781,0.0781,912,1633
CGGCCCAGCCTAACAA,P215F,1.0000,5.4073,116,3
CGGCCCATTAGAAATC,I121M,0.2094,0.2094,1589,1061
CGGCCCCCTCATAAAT,N21K,0.1945,0.1945,3362,2417
CGGCCCCGAACTGTGA,N401C,0.1316,0.1316,17766,18886
CGGCCCGCATGAATTT,L54E,0.0000,0.0000,0,5
CGGCCGGCGAAATATA,S369D,0.1215,0.1215,106,122
CGGCCTAAAAACACAA,Y168V,0.1415,0.1415,423,418
CGGCCTAAGGAATAGA,G465N,0.0000,0.0000,0,9
CGGCCTACTCATTCCA,Q226C,0.0146,0.0146,28,269
CGGCCTTTTCTCATGT,,0.1216,0.1216,1185,1363
CGGCGAAAATATTAAG,Y201G,0.0959,0.0959,668,974
CGGCGAACCCATCATG,P140Y,0.1757,0.1757,1167,929
CGGCGAGGTGTATAAT,D487R,0.1822,0.1822,490,376
CGGCGATAATGGGCTG,L43R Q211N,0.0000,0.0000,0,13
CGGCGATCCAAAGGGA,V272A,0.1854,0.1854,14538,10964
CGGCGATCTAGCTCAC,T436F,0.0000,0.0000,0,3
CGGCGGAAGTAAATAC,C281Y P324C,nan,nan,0,0
CGGCGGTATATGGGAA,,0.1425,0.1425,264,259
CGGCGTAAATCTACTA,R452E,0.4348,0.4348,171,55
CGGCGTAAATGGTGCA,L1D K156R,nan,nan,0,0
CGGCGTGCGTCCTAAT,H110Q,0.1382,0.1382,252,255
CGGCGTTAAGTTCAGT,,0.1136,0.1136,622,766
CGGCGTTTACACATGA,L320T,0.0000,0.0000,0,2
CGGCTAGATGAACTTT,I517R,0.0000,0.0000,0,6
CGGCTAGGTGCGGTGA,S356E,0.0000,0.0000,0,34
CGGCTATTACATACAG,Q25K Q454I,0.2060,0.2060,651,442
CGGCTATTATTACATC,T23P,0.1247,0.1247,33,37
CGGCTCAAAATCCAGG,R321M D366A T370A,nan,nan,0,0
CGGCTCAATATACCAG,K307Q,0.0000,0.0000,0,5
CGGCTCGCGGAGTTTG,H354V,0.3240,0.3240,95,41
CGGCTGAACGACGACT,L51C,0.0000,0.0000,0,5
CGGCTGAACTATGTCA,N94I P306K,0.0000,0.0000,0,3
CGGCTGAGCCAAGTAC,G337W,0.2397,0.2397,84,49
CGGCTGCATACTTTCT,A394S,0.1712,0.1712,551,450
CGGCTGTAATACAATA,V315Y E398D,0.1285,0.1285,1094,1191
CGGCTGTACAATTAAC,N443H,0.1721,0.1721,32,26
CGGCTGTGACCATAAA,I406A,0.0565,0.0565,40,99
CGGCTTCCTGGGTTAT,T200K,1.0000,2.7969,60,3
CGGCTTGTTCGTCACC,,0.1469,0.1469,2856,2718
CGGGAAACTTTGCCAT,V8C,0.0863,0.0863,158,256
CGGGAACATAGTATAC,I121T,0.1524,0.1524,7710,7073
CGGGAACCACCCTCAA,K328R T485I,0.1497,0.1497,1634,1526
CGGGAAGGCTACATGT,K472R,0.1506,0.1506,1748,1623
CGGGACAAGCATGTGG,P284R,0.0000,0.0000,0,8
CGGGACAAGCTCATTG,I252H,nan,nan,0,0
CGGGACTTAGGTTGAC,V88G,0.0155,0.0155,1,9
CGGGAGAACAGTAAAC,,0.3450,0.3450,301,122
CGGGAGCCAGCTGTAA,R114F L428P,1.0000,1.1654,25,3
CGGGAGGGCAAAAAAA,N408T,0.1468,0.1468,671,639
CGGGAGTGTAAGACAG,Q359W,0.1315,0.1315,1187,1262
CGGGAGTTTCCGAGAT,F467H,0.0200,0.0200,7,49
CGGGATAGTCCCAGTG,P125S,0.0959,0.0959,2493,3635
CGGGATATACACCCTA,D63H,0.1818,0.1818,3721,2863
CGGGCAACAACAAATA,V505L,0.1243,0.1243,1552,1746
CGGGCCAACCATATGA,R326N,0.1753,0.1753,450,359
CGGGCCCATGTCAAAA,P215S,0.0402,0.0402,29,101
CGGGCCTAACTATGTG,N248L I517Q,nan,nan,0,0
CGGGCCTCATTAGACA,S265I,0.0000,0.0000,0,8
CGGGCGAATCTAATGT,K9E,0.1586,0.1586,1550,1367
CGGGCTAAAAAGGAGA,,0.1181,0.1181,830,983
CGGGCTAGACCGATAT,G143F E500N,0.1131,0.1131,507,627
CGGGCTATAATAACGG,,nan,nan,0,0
CGGGCTTGACAATCCA,K9E,0.1838,0.1838,1669,1270
CGGGGAACGCAGAGTA,S442A C546A,0.0000,0.0000,0,70
CGGGGACCAATGACGA,N169A,0.0000,0.0000,0,22
CGGGGACGTGCTAGTC,,0.0748,0.0748,146,273
CGGGGACTTGCATGTG,,0.1037,0.1037,2062,2780
CGGGGAGAGGAAATTA,T46N,0.1217,0.1217,194,223
CGGGGATACGGATTCC,T46R,0.1617,0.1617,37,32
CGGGGCATAACATAGT,,0.1860,0.1860,2479,1864
CGGGGCTTTGCAGCCT,,1.0000,1.1607,83,10
CGGGGGTACTTCGTTA,K280F,0.3056,0.3056,118,54
CGGGGGTCAGAGATAA,,0.1916,0.1916,8104,5915
CGGGGTAATGTCCTAT,L544W,0.1409,0.1409,278,276
CGGGGTGACGATTATG,E190C,0.2517,0.2517,36,20
CGGGGTTTGCCTGAAC,T206R,0.0000,0.0000,0,7
CGGGTAAACCCAAATC,,nan,nan,0,0
CGGGTAACATCATGTA,,0.0650,0.0650,166,357
CGGGTACGGTGCAGGC,K165W,0.0605,0.0605,1108,2562
CGGGTATGGTATTCTT,I42Q,0.7991,0.7991,40,7
CGGGTCCATCACTTTC,W153C L507Y,nan,nan,0,0
CGGGTGAGCCTAGAAG,E44H,0.1692,0.1692,1026,848
CGGGTGTCAACCGAAT,E131V S221P V315P,0.1398,0.1398,24,24
CGGGTGTTATCTATAC,K372E,0.1303,0.1303,381,409
CGGGTTAACACCAAGA,G341V,0.0000,0.0000,0,29
CGGGTTTACACCTTAT,A532N,0.0000,0.0000,0,5
CGGGTTTCAAACACCA,L437A,0.3860,0.3860,69,25
CGGTAAAGATAATAGT,I335C,0.0000,0.0000,0,1
CGGTAACATGTGAAAC,G337W,0.0000,0.0000,0,2
CGGTAACCAGTCACTT,I335Y,1.0000,2.2375,48,3
CGGTAACGTTGAAGAA,,0.0481,0.0481,86,250
CGGTAATAAAAATGAC,P324C,0.6293,0.6293,81,18
CGGTAATCACTCGAAT,I202V T390I,0.2285,0.2285,201,123
CGGTAATTAGGCTATT,L437F,0.0000,0.0000,0,8
CGGTAATTTCTCGACG,,0.1635,0.1635,5017,4291
CGGTACACAGACGAAA,,0.0000,0.0000,0,56
CGGTACAGGAAGGAAA,A93I,0.1696,0.1696,1248,1029
CGGTACCCCAATCTAA,E500T,0.0441,0.0441,303,960
CGGTACCTCAACATAG,E500G,0.0589,0.0589,56,133
CGGTACCTCTACAGGT,L213K A334V,0.2076,0.2076,98,66
CGGTACTCCTACCTTC,Y351G,0.0000,0.0000,0,17
CGGTATAAATTATGAA,A257V,0.0863,0.0863,814,1319
CGGTATACCAACAATT,,0.0690,0.0690,1322,2681
CGGTATATAGAAGTTC,P299K E476V,0.1003,0.1003,203,283
CGGTATCATCAAAGAA,Y486V,0.6416,0.6416,78,17
CGGTATCTACACCAGC,I384L,0.0631,0.0631,882,1954
CGGTATTAAAACAATA,H47Y,0.0140,0.0140,4,40
CGGTATTGGCGTAACA,,0.1440,0.1440,1870,1816
CGGTCACACCAAGGAA,K45P,0.1175,0.1175,814,969
CGGTCACACTAATTAA,,0.2715,0.2715,66,34
CGGTCATCGCGATATC,R328bC,0.1005,0.1005,595,828
CGGTCCAACCTTGGAG,,0.1163,0.1163,371,446
CGGTCCAGCAGGTAGG,T35K D438M,0.0660,0.0660,158,335
CGGTCCTGGACCAAGC,I87H,0.0000,0.0000,0,1
CGGTCGAAAACCACGA,N186A,0.0000,0.0000,0,11
CGGTCGAGCTCATGTT,L154A,0.1230,0.1230,278,316
CGGTCGATAATTGAGA,,0.1319,0.1319,529,561
CGGTCGCGTATGAATC,M431L L544K,0.0000,0.0000,0,1
CGGTCGGCGAGCATTT,N401T,0.1133,0.1133,2589,3196
CGGTCTCAACGGAGAT,Q142E,0.1573,0.1573,2765,2458
CGGTCTGATCGAATGG,E107K R328bA,1.0000,inf,33,0
CGGTCTGTAACTCATC,R397I Q513S,0.1115,0.1115,106,133
CGGTCTTAAATATATC,V505G,0.3255,0.3255,568,244
CGGTGAGAAAAGTATC,L325K,0.0984,0.0984,982,1396
CGGTGCAAAAAGACTA,G463K,0.1265,0.1265,295,326
CGGTGCACCGGAAACA,,0.1428,0.1428,870,852
CGGTGCATCAAGACAC,T283K,0.0000,0.0000,0,3
CGGTGCTTACTCGAAG,L112I,nan,nan,0,0
CGGTGTATGGACAAAA,L108M T132R,0.1307,0.1307,4595,4915
CGGTTAACACAGAACT,D175S,0.2412,0.2412,921,534
CGGTTAAGGTTGTACC,N483T,0.3609,0.3609,80,31
CGGTTACACCTCACGT,Y512F,0.1564,0.1564,2221,1986
CGGTTACTCTATGATT,,0.0999,0.0999,1993,2789
CGGTTATCTGTGAACG,E246R,0.0811,0.0811,163,281
CGGTTCCCCCCATCAT,G49S,0.0000,0.0000,0,26
CGGTTGAAAGTGAAGC,D231Y,0.0462,0.0462,545,1651
CGGTTGCTAACTTGCG,,0.1106,0.1106,3218,4070
CGGTTTAGTCTAAACG,K45N V451D,1.0000,1.2586,117,13
CGGTTTGCTGTTGCAT,N169A R321W T370A F469I,0.0000,0.0000,0,10
CGGTTTGTATCCCACC,F294A,0.0000,0.0000,0,4
CGGTTTTTGTTTATTG,D240P,0.0000,0.0000,0,1
CGTAAAAAATAAATTT,S442M,0.1257,0.1257,338,376
CGTAAAAACGCACTTA,Y141C I550S,1.0000,1.0938,219,28
CGTAAAAAGGTTTCCC,N92A,0.1186,0.1186,3392,4000
CGTAAAAATGGCTCGC,Y512M,0.0000,0.0000,0,6
CGTAAAACAAAGTAAC,H117N,0.1534,0.1534,283,258
CGTAAAACACGTATAG,,0.1489,0.1489,131,123
CGTAAAACCTCACTGT,H276N,0.2419,0.2419,391,226
CGTAAAACGTAACTCA,A242T R547N,nan,nan,0,0
CGTAAAAGCAACTTCT,W350M,0.0000,0.0000,0,9
CGTAAAAGCTCAAGCA,K109A,0.1541,0.1541,2891,2624
CGTAAAATTGGTGCCT,L325Q,0.1518,0.1518,2346,2161
CGTAAACCCGACCTTG,S126A,0.0885,0.0885,248,392
CGTAAACGAGATATTA,,0.1393,0.1393,490,492
CGTAAACTAAATATCT,M230N,0.3329,0.3329,557,234
CGTAAACTTGGAAAAC,R81Y G360E,0.0000,0.0000,0,18
CGTAAACTTTTGTCAA,K460H,0.1180,0.1180,1603,1899
CGTAAAGAGAAGAGAT,R220L,0.0000,0.0000,0,12
CGTAAAGAGTACTACC,R452E,0.0746,0.0746,24,45
CGTAAAGATAGCGCTA,I335Y,0.6484,0.6484,51,11
CGTAAATAAGACTAAG,C277L,1.0000,3.0416,87,4
CGTAAATATAACGATA,K307M,0.0932,0.0932,22,33
CGTAAATGTTAGTATA,G263H,0.3754,0.3754,102,38
CGTAAATTGCGTGTAC,C64F H354N G376S,nan,nan,0,0
CGTAACATACACACTC,Q142P,0.1305,0.1305,139,149
CGTAACATCACCAAAA,K328H,0.1335,0.1335,1077,1128
CGTAACCGGCCCACCA,M346F,0.0814,0.0814,916,1573
CGTAACCTACATACAA,H471R,0.5018,0.5018,61,17
CGTAACCTGCGGCGAA,K387A,0.2031,0.2031,15101,10398
CGTAACGAAAATCTTT,G249W,0.3671,0.3671,21,8
CGTAACTATTAAGAGC,N116C,0.0943,0.0943,333,494
CGTAACTCATGTCATC,Q142A,0.2135,0.2135,516,338
CGTAACTCTACCAGCC,S125bV G181V,0.0000,0.0000,0,11
CGTAAGAAAGTGACAG,,0.0935,0.0935,365,546
CGTAAGATACCGTACA,T28G I217V,0.0699,0.0699,1,2
CGTAAGCTAAACCGTT,W69M,nan,nan,0,0
CGTAAGTCCCTTCTCG,,0.1148,0.1148,2089,2544
CGTAATAAATATCTAA,,0.1176,0.1176,444,528
CGTAATAACTTGATTT,A214E,0.1540,0.1540,533,484
CGTAATCATAAAACTT,,0.2210,0.2210,1149,727
CGTAATCGGCCTTTAA,,0.1807,0.1807,1795,1389
CGTAATCTCACACAAA,T436G,0.0000,0.0000,0,23
CGTAATGAGTGTTAGA,I406Q,0.0000,0.0000,0,1
CGTAATGCCAAAGACA,V381A,0.0515,0.0515,323,877
CGTAATGGCAATATAG,N169P L314C E500S,0.0000,0.0000,0,4
CGTAATGTAATAGGAA,Y491K,0.1186,0.1186,525,619
CGTAATGTCCCCCTAA,Q371P E500C,nan,nan,0,0
CGTAATTAAAATAGTA,K472F,0.1124,0.1124,131,163
CGTAATTACTAATTTA,P145H,0.1559,0.1559,649,582
CGTAATTCTACGTCCG,A218I L507Y L515R,0.0000,0.0000,0,4
CGTAATTGCCACATAA,G55E Y258V,0.0000,0.0000,0,5
CGTACAAAGGCACTCT,G100S,0.2629,0.2629,1438,765
CGTACAACCCGTTGTC,,0.0904,0.0904,578,894
CGTACAATAGAAATTA,A214Y,0.1272,0.1272,4724,5194
CGTACAATATCCAAAT,D159R,0.2527,0.2527,900,498
CGTACAATTTAATTTA,C281V,nan,nan,0,0
CGTACAGGTTATTCAC,A495V,0.4848,0.4848,156,45
CGTACAGTGGTGGTTT,C277F P324R,0.0000,0.0000,0,3
CGTACATATAATGGCT,E501H,0.2129,0.2129,1239,814
CGTACATCGATTTATG,,0.1667,0.1667,744,624
CGTACATGTCCAGCCA,V151H,0.1450,0.1450,536,517
CGTACATTACAATGAG,C477M,0.0000,0.0000,0,14
CGTACATTTATTTGAT,R328aD,0.1923,0.1923,33,24
CGTACCACTTTGTATC,,0.1508,0.1508,1115,1034
CGTACCAGTTTAGTGA,,0.1775,0.1775,1956,1541
CGTACCATGCTGTTTT,C477E,0.0000,0.0000,0,4
CGTACCGTTACACAAC,,0.1563,0.1563,2675,2394
CGTACGAACTTCGACA,N54aT N446T,0.3776,0.3776,27,10
CGTACGAATTTTCAAT,D264M,0.0000,0.0000,0,15
CGTACGATGCTCTATA,K411P,0.0000,0.0000,0,6
CGTACGTTCGCAGAGG,D63I,0.4795,0.4795,24,7
CGTACTAAGCATAGTC,V429R,0.0000,0.0000,0,2
CGTACTACGCAAAAAT,G330Q,0.2554,0.2554,42,23
CGTACTATCTAAATTG,Q25N,0.1583,0.1583,1215,1073
CGTACTCATCCATAAA,E403R,0.0000,0.0000,0,2
CGTACTCCCGCACCTT,,0.0426,0.0426,28,92
CGTACTGAAACTTAAA,G341S,0.0939,0.0939,92,137
CGTACTTTAAGGAGTA,E304Q D487Y,0.0778,0.0778,1436,2582
CGTACTTTCATTTCGG,D175L,0.1482,0.1482,585,552
CGTAGAACATCCTATC,,nan,nan,0,0
CGTAGAACCGCACATG,N150V L462S,0.0000,0.0000,0,18
CGTAGAAGACTTAACA,Q226H,0.2207,0.2207,161,102
CGTAGACACACAAAAA,,0.4295,0.4295,215,70
CGTAGACATGTACACT,I252E,0.0000,0.0000,0,2
CGTAGACCCATAACCA,P198T S442L,0.0772,0.0772,69,125
CGTAGAGACACATTGT,,1.0000,3.7058,106,4
CGTAGATCGACAATGT,V135Q,0.0941,0.0941,3560,5292
CGTAGATGATTGATCC,,0.0710,0.0710,1525,3003
CGTAGATGCGTGATCG,N33Y Q344L,0.0350,0.0350,34,136
CGTAGCAACCCTATCC,D41E A160S,0.4830,0.4830,2884,835
CGTAGCAAGCTATCAA,I29E,0.0000,0.0000,0,1
CGTAGCAGAGTCCAAA,Y351G,0.4607,0.4607,56,17
CGTAGCATTCATCATT,E501K,0.1409,0.1409,273,271
CGTAGCCATTAGCCAT,G362Q,0.1762,0.1762,1545,1226
CGTAGCGATGTTTAAG,L409M,0.1589,0.1589,501,441
CGTAGCTAAAAACCCC,N103Q,0.1947,0.1947,1348,968
CGTAGGAAGTACATCA,E304D,0.0999,0.0999,410,574
CGTAGGATAAGAACTT,,0.1212,0.1212,1066,1230
CGTAGGCCTAGGAGAA,,0.2112,0.2112,5904,3909
CGTAGGCTAGAAGGTG,K50T S125bN,0.0000,0.0000,0,1
CGTAGGTCAAAGGGAA,Q25S A317D,nan,nan,0,0
CGTAGGTCGCACTGAT,,0.1937,0.1937,4042,2918
CGTAGTACGTTGACAA,A93R,0.1563,0.1563,4216,3772
CGTAGTGAATGTATAT,C97T S101C,0.0000,0.0000,0,16
CGTATAAACTATAAAT,K57H,0.2632,0.2632,1630,866
CGTATAACAAGAAGCG,E393R,0.3375,0.3375,181,75
CGTATAAGAAGACTAA,,0.0785,0.0785,124,221
CGTATACATCACGAAC,T200W,0.0000,0.0000,0,7
CGTATAGATGAGTAAT,N210P,0.0000,0.0000,0,9
CGTATAGCACCATATA,K280V S543W,0.0706,0.0706,105,208
CGTATATTAACTCAAA,A526F,0.1971,0.1971,31,22
CGTATCAAGGAGAGCA,L427N,0.0000,0.0000,0,10
CGTATCACGTGGCAAC,V444W,0.0000,0.0000,0,4
CGTATCAGGTTCTAAC,S383V,0.1324,0.1324,214,226
CGTATCATAAATGCTA,V152Q,0.0286,0.0286,204,997
CGTATCCATCTCTAAG,I202F R328bW,0.0000,0.0000,0,15
CGTATCCGTTAACTGA,N250S,0.1405,0.1405,202,201
CGTATCTAATCAAGTA,K120S,0.0000,0.0000,0,2
CGTATCTTAGGATGCT,R326G,0.1516,0.1516,168,155
CGTATGACACTCCGTA,K216C,0.1693,0.1693,247,204
CGTATGAGCAATCCAA,V505W,0.1602,0.1602,394,344
CGTATGATATGAAATT,G72V Q490G,0.0774,0.0774,26,47
CGTATGATGTGTTCTT,N296P W537*,0.0000,0.0000,0,5
CGTATGCATTGCAGAA,P145C,0.3673,0.3673,13697,5215
CGTATGCTGCCCGCTG,T520V,0.2083,0.2083,73,49
CGTATGTGGATCCCAA,I42T,0.0000,0.0000,0,4
CGTATTACTTTGACAA,E189M,0.3336,0.3336,7912,3317
CGTATTAGTTTGCACA,M431V,0.0392,0.0392,7,25
CGTATTCATAAGGATA,C539H,0.2559,0.2559,366,200
CGTCAAAAGCTACCCG,K460S,0.0233,0.0233,12,72
CGTCAAACCTCACACA,K280E Y448L,0.0000,0.0000,0,8
CGTCAACCTAGAACAG,P299I,0.1057,0.1057,34,45
CGTCAAGCTTGTAACA,N94I G275D,0.0820,0.0820,605,1032
CGTCAATTTAAATACA,G275C,0.2603,0.2603,925,497
CGTCACACCTAGATAA,N197T,nan,nan,0,0
CGTCACACCTTACGCT,L176R H354D,nan,nan,0,0
CGTCACACGCGTCATT,C546L,0.1188,0.1188,625,736
CGTCACCTTTATTATC,,0.1353,0.1353,1438,1486
CGTCACGTCTCCGGAG,F332E,0.5749,0.5749,37,9
CGTCACTAAAGGCCGT,F251W,0.1450,0.1450,5136,4952
CGTCACTACGTCCGAT,Y486S,nan,nan,0,0
CGTCACTCGTACAGGC,A336C,0.0000,0.0000,0,54
CGTCACTGCAGTTAGC,G249K,nan,nan,0,0
CGTCAGTATAACAAAA,M413S,nan,nan,0,0
CGTCATACAAACGATC,C14F,0.1678,0.1678,18,15
CGTCATACCTTTGGAC,Q454V,0.2251,0.2251,805,500
CGTCATTCAACTAACC,,0.2166,0.2166,16277,10510
CGTCATTCGATAACAA,,0.0316,0.0316,93,411
CGTCCAACGCAAATTT,K328G,0.1758,0.1758,4718,3754
CGTCCAATAATGAATG,E119G I121V N541D,0.1134,0.1134,30,37
CGTCCACTAGAATAAC,V66F I80A,0.1110,0.1110,721,908
CGTCCCAATTAAAAAT,N129K,0.2792,0.2792,5622,2816
CGTCCCATACAGGCCC,N289P K412M I517K,nan,nan,0,0
CGTCCCATATATGCCC,A137F F467Q,0.0000,0.0000,0,3
CGTCCCGAATTTTATC,I87E,0.0000,0.0000,0,5
CGTCCCGCCCAACACG,L54W,0.0000,0.0000,0,12
CGTCCCTATTTAAGTA,,0.2041,0.2041,340,233
CGTCCGACCAAGTGTC,I13S,0.0000,0.0000,0,1
CGTCCGTATAAGACAG,E434T,0.1534,0.1534,1845,1682
CGTCCGTTGTATTCAG,,0.1151,0.1151,2050,2490
CGTCCTAAAAAAAATA,I15E S125bN D386W,0.0000,0.0000,0,5
CGTCCTAACTTCATGC,Q25H E493N,0.1170,0.1170,251,300
CGTCCTGGTTCGATCC,,0.0783,0.0783,178,318
CGTCCTTAAATGTAAT,A365Q,0.0000,0.0000,0,7
CGTCCTTATTATGTCA,S323K,0.2097,0.2097,23153,15438
CGTCCTTTGCGTTACT,R452L,0.2886,0.2886,130,63
CGTCGAATCAAGAGCG,A257T,0.6895,0.6895,212,43
CGTCGATGACCGGAAC,E189W G362I,0.2827,0.2827,186,92
CGTCGATGCATTAGAT,Y17R,0.6619,0.6619,71,15
CGTCGATGTGCCGTCA,,0.2185,0.2185,1039,665
CGTCGCACAACGTATC,E479C,0.0778,0.0778,618,1111
CGTCGCAGCAACCATC,E44P,0.0093,0.0093,1,15
CGTCGCATATAATCGA,P58E G228V,0.0000,0.0000,0,5
CGTCGCCTCGAAATAG,C477V,0.4720,0.4720,27,8
CGTCGGATTTAAATAG,I252K,0.0000,0.0000,0,4
CGTCGTACCCCAAAAA,D41W,0.2260,0.2260,4718,2919
CGTCTAAAAAGTGTAA,Y161E P489M,nan,nan,0,0
CGTCTAAAAGACATCC,I217E K472H,0.0330,0.0330,106,449
CGTCTAAAGCATAAAA,F469V,0.0000,0.0000,0,4
CGTCTAAGACGCGATA,,0.2047,0.2047,2279,1557
CGTCTAGTCATCTCAA,F294A,0.0000,0.0000,0,1
CGTCTATGACGGCTGC,K498P,0.0135,0.0135,20,207
CGTCTCGTAAAGTAGT,A137F,0.0560,0.0560,315,787
CGTCTCTTTCGACTCG,M268I,0.2087,0.2087,1397,936
CGTCTGAAACAGACAC,E174M,0.0567,0.0567,30,74
CGTCTGAGAACCAACG,E31L,0.0422,0.0422,102,338
CGTCTGAGTCCTTCAG,,0.2644,0.2644,845,447
CGTCTGTAAGAATAAT,G465V,0.0000,0.0000,0,2
CGTCTTACTGCGTACT,I339M,0.2542,0.2542,1494,822
CGTCTTAGACAAATAC,,0.1347,0.1347,211,219
CGTCTTCATTTTATAA,M230Q,0.0405,0.0405,443,1528
CGTCTTTAAACAAGGG,E246L,0.2225,0.2225,1518,954
CGTCTTTAGGCACTGA,G360Y,0.1563,0.1563,57,51
CGTCTTTCAGCCATAT,R321E F469Q,0.0000,0.0000,0,12
CGTCTTTGCACCTAAA,D27C,0.0000,0.0000,0,5
CGTGAAACTCCAGTAC,V347L,0.0960,0.0960,5359,7810
CGTGAAATACCATGCG,E273K R328aW,0.0000,0.0000,0,2
CGTGAAGTCCCCAGAC,A188K,0.0992,0.0992,117,165
CGTGACAAAACCACAG,S125bK,0.1646,0.1646,1364,1159
CGTGACAATATGATAT,S247D H355Q,0.5815,0.5815,79,19
CGTGACAATATGCTCG,,0.0000,0.0000,0,1
CGTGACAATTGATCGG,F79N,0.2230,0.2230,480,301
CGTGACACAAAACACA,,0.1727,0.1727,184,149
CGTGACACAATCCCAT,,0.0331,0.0331,36,152
CGTGACACACATAGGG,L428E,0.0000,0.0000,0,14
CGTGACGGTTAATCAA,T283L,0.0757,0.0757,13,24
CGTGACGTGACCCACA,I121K L462N,0.1223,0.1223,682,780
CGTGAGACAATTATTC,,0.1852,0.1852,1899,1434
CGTGAGATTGCACCCG,L213K,nan,nan,0,0
CGTGAGCAAGTCGACT,F147A V377T,0.0000,0.0000,0,8
CGTGAGCACGAAAAGG,E327L Q371R,0.1611,0.1611,401,348
CGTGAGTAACGTTCAA,L-1G,0.1445,0.1445,3055,2956
CGTGAGTAATGTGGAA,I123V,0.1669,0.1669,154,129
CGTGAGTCAAACTATC,G263V,0.0794,0.0794,105,185
CGTGAGTTTAATGTCT,A373K,0.1981,0.1981,34,24
CGTGATACCATGCTTT,Q211F,0.1258,0.1258,980,1089
CGTGATAGGTGATCCC,F467V,0.1096,0.1096,69,88
CGTGCAAGAGTGGAGT,N289Y,0.0798,0.0798,492,862
CGTGCAATCAAACTGA,Q191P,0.0000,0.0000,0,8
CGTGCACCAGACGGCC,,0.2655,0.2655,112,59
CGTGCCTGAAAACAGA,L112D C477W,0.0000,0.0000,0,6
CGTGCTATCACCGATT,M388F,0.5501,0.5501,118,30
CGTGCTGAGGTTGTAC,W180D,0.0000,0.0000,0,1
CGTGGAAAACCTAAAT,R220Y,0.0000,0.0000,0,3
CGTGGAACCAATACAC,Q226H,nan,nan,0,0
CGTGGAATAGTGGTAG,E500C,0.1222,0.1222,346,396
CGTGGAATGCACCATC,T192Y,nan,nan,0,0
CGTGGAATGTATGCCA,E327I,0.1531,0.1531,1407,1285
CGTGGACAATCACCCA,,0.0000,0.0000,0,31
CGTGGACCTCCTGTGA,E83K T279S,0.1026,0.1026,245,334
CGTGGCAAATGAACCG,M431W,0.0962,0.0962,642,933
CGTGGCAGCAACCGTA,Y86M,0.0000,0.0000,0,1
CGTGGCCACTGGCTAA,G362K,0.0798,0.0798,223,391
CGTGGCTTTCCAAAGT,G134H,1.0000,1.6458,153,13
CGTGGGCGATGTACCA,V8T,0.1536,0.1536,9770,8896
CGTGGTACTTTCCCAA,,0.0946,0.0946,802,1186
CGTGGTTATTAATAGA,,0.0715,0.0715,158,309
CGTGTAAATTGAGTAT,D95P,0.0000,0.0000,0,9
CGTGTCCGAGGCTTCC,N158E,0.3183,0.3183,3405,1496
CGTGTGGACGTTGATT,,0.1360,0.1360,5976,6146
CGTGTGTTTTAGACTA,I217C A287I,0.0000,0.0000,0,19
CGTGTTAAGAAGAAAA,W350L,0.2215,0.2215,160,101
CGTGTTCACGGACAAG,,0.1094,0.1094,97,124
CGTGTTCTAATATTAC,E304L V309L G465V,0.0000,0.0000,0,4
CGTGTTGGAATAACTT,W350A,nan,nan,0,0
CGTTAAAAGGACGTTA,C549K,0.0000,0.0000,0,51
CGTTAAAAGGATCTAA,R547N,0.1627,0.1627,548,471
CGTTAAACACAGAAAA,V272R E273*,nan,nan,0,0
CGTTAAACGGCTTGAG,,0.0840,0.0840,197,328
CGTTAAATCCCCTCAA,R114K K445P,0.0905,0.0905,22,34
CGTTAAATGTGAAATG,T485S,0.0957,0.0957,2462,3598
CGTTAACAACCAAGTG,G68K,0.0000,0.0000,0,1
CGTTAACACCCAATTT,M111H,0.0950,0.0950,4830,7108
CGTTAACCGGAGGAGA,,0.0959,0.0959,1131,1649
CGTTAACCTGGTTATG,D27S,0.2041,0.2041,143,98
CGTTAACGAACATTTG,K45H,0.2219,0.2219,633,399
CGTTAAGAGGTGGTAT,,0.9168,0.9168,118,18
CGTTAAGTCTCCTTAG,,0.1632,0.1632,707,606
CGTTAATAAAAACCAC,,0.0000,0.0000,0,5
CGTTAATACTCGGTAA,E476N,nan,nan,0,0
CGTTAATCGAAGAAGA,Q25S,0.0000,0.0000,0,6
CGTTACAAAAACTGGC,N169Q K262aW R321Q T370E F469V,1.0000,1.1887,34,4
CGTTACAAGGATATCC,Q211R,0.0712,0.0712,137,269
CGTTACATACTACAAA,H354K,0.0923,0.0923,3193,4840
CGTTACATTATAAAGA,S167R T370N F469V,0.0000,0.0000,0,3
CGTTACCAACGCAACT,I302M,0.0905,0.0905,1421,2196
CGTTACCCTGATGATT,K313C R496C,0.0000,0.0000,0,9
CGTTACGCTACACATA,K372Y,0.1602,0.1602,2628,2294
CGTTACTACAATGGAA,,0.1761,0.1761,5501,4369
CGTTACTACGAACAGT,Y470Q,0.1396,0.1396,3550,3556
CGTTACTCCCGGCGAA,T283R,nan,nan,0,0
CGTTACTCGTTAAAAG,,0.1614,0.1614,1874,1624
CGTTAGAAATATTTGA,,0.0936,0.0936,233,348
CGTTAGAAATCCAAAC,S167M R321C T370I F469D,nan,nan,0,0
CGTTAGAACATGATGT,*551K,0.2018,0.2018,391,271
CGTTAGAATCTCATCA,R90*,0.0000,0.0000,0,9
CGTTAGATATGACCAT,E358K,0.0688,0.0688,373,758
CGTTAGCAATGATTTC,E479R,0.1041,0.1041,518,696
CGTTAGCATGAACATT,,0.1254,0.1254,2016,2249
CGTTAGCTGTTCAGAC,E174Y,0.1398,0.1398,1,1
CGTTAGGTTTTATGGA,P92aV H298Y,0.0808,0.0808,141,244
CGTTAGTAGTACCTGT,S65G R452W,0.2186,0.2186,458,293
CGTTAGTGCGTGAGGA,V56C K498T,0.1486,0.1486,34,32
CGTTATACCTAAGCTT,N248F G319D,0.0000,0.0000,0,19
CGTTATATTTCGATAT,P125H,0.1280,0.1280,486,531
CGTTATCAGATACCTT,T436S,0.0000,0.0000,0,5
CGTTATCCAACGCTCG,,0.0000,0.0000,0,68
CGTTATCGAGGCTAAA,A257K G337R,0.0000,0.0000,0,6
CGTTATTCAGACATAC,L209V G275V,0.1382,0.1382,173,175
CGTTATTTCCAATGAG,T192R,0.0891,0.0891,121,190
CGTTCAAAATACTAAG,W343H R496C,1.0000,1.2586,27,3
CGTTCAAACAATATAA,L1K G263L R547K,1.0000,4.6148,33,1
CGTTCAAGTCGTGTAA,N224R Y363Q,0.0000,0.0000,0,4
CGTTCAATAAAACTTT,T171N,0.1447,0.1447,179,173
CGTTCACACTTAGCGT,,0.1218,0.1218,155,178
CGTTCACAGGATAATC,,nan,nan,0,0
CGTTCACGAACCCTAA,T35M C97T,0.0000,0.0000,0,6
CGTTCAGTCGTCAGCC,R452K,0.1301,0.1301,1569,1687
CGTTCATAATCATTTC,P489T,0.1587,0.1587,8888,7833
CGTTCATGGGCAGTTC,L70D,0.0000,0.0000,0,5
CGTTCATTAGGTTACG,W180C,nan,nan,0,0
CGTTCCCTATCAACAA,,0.3698,0.3698,632,239
CGTTCCTTACTGAGGC,G303M,0.0000,0.0000,0,23
CGTTCGAATCTAGAAA,,0.0000,0.0000,0,3
CGTTCGACGGAGTCTG,H47P,0.0000,0.0000,0,5
CGTTCGAGGTCATAGA,M268C,0.0000,0.0000,0,1
CGTTCGGACGGGCGTA,E-5*,0.0000,0.0000,0,5
CGTTCTAAACATAGAG,N224E M230I,0.1468,0.1468,252,240
CGTTCTCCTCATCAAG,C64E,0.0000,0.0000,0,1
CGTTCTCGATCACGAC,S101L,0.0961,0.0961,1580,2298
CGTTCTCTGGATATAT,A188I,0.1810,0.1810,1712,1323
CGTTGAACTAGTAGGA,L71K N193K,0.0000,0.0000,0,6
CGTTGACACACCAAAA,Y17F,0.0218,0.0218,49,315
CGTTGACACGAACTTA,S442Q,0.0687,0.0687,466,949
CGTTGCCGAGCCAAGA,V204E S311N A532Q,0.0000,0.0000,0,18
CGTTGGATACATATCA,H184F,0.0000,0.0000,0,1
CGTTGGATGTTTTCAG,,0.1726,0.1726,1285,1041
CGTTGGGCCAGCTACA,L213S,0.0662,0.0662,267,564
CGTTGGGTAGCATTAA,Y353C,0.0000,0.0000,0,4
CGTTGGTCGCCATGTG,,0.1755,0.1755,13861,11047
CGTTGTCAAAAGCAAC,E246I R328aI,0.9509,0.9509,68,10
CGTTGTCAGGTCCGTA,K313L,0.1678,0.1678,42,35
CGTTGTCATAAATGCC,D474V,0.0000,0.0000,0,16
CGTTGTGAAGACTGCA,,0.1158,0.1158,924,1116
CGTTGTGACATACCAA,,0.1360,0.1360,351,361
CGTTGTGTTGTGCGTT,C97S G362C,nan,nan,0,0
CGTTTAAATCTGTTGA,F148E,nan,nan,0,0
CGTTTAACATGACCTG,G360L,0.0000,0.0000,0,3
CGTTTAACCATGCCTA,H184M,0.0000,0.0000,0,8
CGTTTAACCGTAAGTG,Q211F E358G,0.1517,0.1517,385,355
CGTTTAATAATGATCC,K280E,0.1066,0.1066,3403,4464
CGTTTAATACCACAAT,,0.1879,0.1879,43,32
CGTTTACAAGTAGAAG,,0.1704,0.1704,7702,6321
CGTTTACCTACGTCAA,Y518E,1.0000,1.4067,171,17
CGTTTACTTGCATTGC,G360D,0.0000,0.0000,0,2
CGTTTATAACTTTACC,Q25N N379D G396C,nan,nan,0,0
CGTTTATACCAAATTA,K387L,0.6887,0.6887,197,40
CGTTTATGAGCACTGT,R496H,0.2797,0.2797,264,132
CGTTTCCCAGATTGTC,N464K,0.0416,0.0416,25,84
CGTTTCCCCGGATACA,S133P,0.1225,0.1225,1791,2045
CGTTTGAACTCGAAAT,,0.1654,0.1654,4093,3461
CGTTTGCATACCTAAC,L-1N,0.1154,0.1154,813,985
CGTTTGGTGACTACCG,V66C,0.0000,0.0000,0,18
CGTTTGTAGATCAGCG,V381T,1.0000,1.6781,36,3
CGTTTGTCGATCAGGA,A137Y,0.0948,0.0948,5053,7450
CGTTTTAACTAAACAA,E255F N464H,0.2266,0.2266,904,558
CGTTTTATAATAATTG,,0.2624,0.2624,409,218
CGTTTTGCCCTCACAT,,0.1260,0.1260,3973,4408
CGTTTTGGCAAAACAG,G352I,0.0000,0.0000,0,15
CGTTTTTAAACACGTT,,0.0710,0.0710,63,124
CGTTTTTACAACCATA,G100P Y256L,0.7552,0.7552,27,5
CGTTTTTCACCTTGAA,K328N,0.1870,0.1870,1793,1341
CGTTTTTTGTTATACT,D375H L402P,1.0000,1.2586,99,11
CTAAAAAAAACACCAG,I202F,0.0000,0.0000,0,5
CTAAAAAAACCCAGAT,Q391I,0.9144,0.9144,85,13
CTAAAAAAGGATGCTT,,nan,nan,0,0
CTAAAAACGAGCAGTA,N483M,0.0224,0.0224,26,162
CTAAAAACTTTGTCGC,M413L,0.0762,0.0762,903,1657
CTAAAAAGGTGTTAAC,W153G Q371L,1.0000,inf,1,0
CTAAAAATAAAAGAAG,,0.1926,0.1926,606,440
CTAAAAATAGAAGCCG,L1H,0.0000,0.0000,0,90
CTAAAAATCCAGCAGT,S10L A144W A364D,0.3216,0.3216,23,10
CTAAAAATTAATAAAG,P125C,0.1506,0.1506,28,26
CTAAAAATTGAACGGC,Y141V,0.1929,0.1929,4877,3536
CTAAAACAAAAAATTT,E107I,0.6643,0.6643,19,4
CTAAAACAGTGCAACA,T208I,0.1225,0.1225,275,314
CTAAAACCACGTATCA,,0.0790,0.0790,222,393
CTAAAACCATACCTTA,L300N,0.1807,0.1807,239,185
CTAAAACCATTAAACA,N357V,0.0000,0.0000,0,56
CTAAAACCGTTAGATC,K259Y,0.1023,0.1023,79,108
CTAAAACCTGGCCACG,S167H I529C,0.0955,0.0955,1388,2032
CTAAAACTAACAACTC,M75V E246M,0.0963,0.0963,579,841
CTAAAACTCGCATCGA,K445D,0.0000,0.0000,0,5
CTAAAACTGCCCTATA,W69L N408C,0.1788,0.1788,2111,1651
CTAAAAGAAGTGTATA,V36A D95V,0.0000,0.0000,0,4
CTAAAAGCATAAAAAT,V510I,0.1799,0.1799,481,374
CTAAAATAAAATCGGA,F469D,0.0000,0.0000,0,1
CTAAAATAACCGCATA,Y98P,0.0000,0.0000,0,2
CTAAAATAATGGGACT,,0.1552,0.1552,152,137
CTAAAATACAGAAAAA,L59R L325I,0.1769,0.1769,444,351
CTAAAATACAGCCTCC,I60E E414F,0.0699,0.0699,195,390
CTAAAATACTCATAAA,K9R,nan,nan,0,0
CTAAAATAGCATGAAG,I243A,0.0798,0.0798,738,1294
CTAAAATAGTTGGTAA,W127A,0.1213,0.1213,1188,1370
CTAAAATATCGAACAA,M268A,0.0000,0.0000,0,2
CTAAAATCTAACAAAA,K57M R321V T370R,nan,nan,0,0
CTAAAATGTTAACCTA,T422R M431I,0.0000,0.0000,0,1
CTAAAATTAATGTAAG,I87L,0.1116,0.1116,158,198
CTAAAATTACCGAGAT,I267S,0.0000,0.0000,0,7
CTAAACAAAAAGAACC,G72I N401D S523M,0.0000,0.0000,0,2
CTAAACAACCGTCCGA,R499M,0.1607,0.1607,1310,1140
CTAAACAATCACTCTA,A218I,0.0998,0.0998,409,573
CTAAACAGAGTAGTTC,,0.0943,0.0943,391,580
CTAAACAGCTACCAGC,Q25Y,0.1186,0.1186,496,585
CTAAACATAGTTGAAG,M30E E358*,0.0000,0.0000,0,14
CTAAACATTCCGAGAC,F233N,0.0000,0.0000,0,2
CTAAACCATTTTATAG,R397P,0.1559,0.1559,165,148
CTAAACCCCAAAATCA,D63M Q371T,0.2716,0.2716,1344,692
CTAAACCGGCCACGCC,A91C,0.1244,0.1244,1181,1328
CTAAACCTCCGAGCCA,I124A V347A,0.2105,0.2105,950,631
CTAAACCTGCGTGTGA,S85H Q359Y,0.3230,0.3230,97,42
CTAAACGGGGGCGGAG,S136H,0.1264,0.1264,47,52
CTAAACGTTCCAACAC,P239N,0.0000,0.0000,0,58
CTAAACGTTGCGTAAC,E131P,0.9989,0.9989,50,7
CTAAACTAAAATTGAT,I164P T318H,0.0000,0.0000,0,1
CTAAACTAAGGGGATA,D240N C549F,0.1513,0.1513,829,766
CTAAACTATACTTAGG,D104E,0.1454,0.1454,4642,4465
CTAAACTGCTTTGATT,E368K I514Y,0.1288,0.1288,246,267
CTAAACTTAGAAACAT,H298Q,0.0000,0.0000,0,11
CTAAACTTTTTTCAGT,,nan,nan,0,0
CTAAAGAAACCCGGAA,I339H,1.0000,3.0299,65,3
CTAAAGAACCCGGTAT,K472G,0.1552,0.1552,3443,3103
CTAAAGACACAGTTTT,R404I,0.1454,0.1454,26,25
CTAAAGATAAAAGTGA,E131I,0.5260,0.5260,4386,1166
CTAAAGATAACTTCTG,,0.0246,0.0246,61,347
CTAAAGATATGACCTC,L409G,0.0000,0.0000,0,4
CTAAAGATTATAAGAA,,nan,nan,0,0
CTAAAGCCTATGTAAG,,0.0578,0.0578,119,288
CTAAAGCCTCATTAGG,V285H,0.0250,0.0250,22,123
CTAAAGCGTGCGATAG,K45Y,0.0205,0.0205,26,177
CTAAAGCTGGAAAATT,D11S C477V,nan,nan,0,0
CTAAAGCTGGCTAAGA,,0.0505,0.0505,142,393
CTAAAGGAAAAATCAC,Q490F,0.1287,0.1287,706,767
CTAAAGGAAAATAATT,D449G,0.0840,0.0840,700,1165
CTAAAGGCTAAAGGAA,D386A G510aE,0.0816,0.0816,35,60
CTAAAGGTTTGTCTCG,L325C,0.1446,0.1446,4096,3960
CTAAATAACTTATCCC,I217Y,0.0660,0.0660,357,756
CTAAATACAAAGTTAT,,0.1584,0.1584,1743,1539
CTAAATACATACTGCG,,0.2200,0.2200,10793,6861
CTAAATAGAACCAGGC,E461D T511C,0.1675,0.1675,115,96
CTAAATATGCCCGCAA,S509Y,0.1636,0.1636,4917,4204
CTAAATCAATCAGCCC,R326Q,0.1839,0.1839,3981,3027
CTAAATCATTCCTTAC,G271R I550G,0.0000,0.0000,0,11
CTAAATCCAGCTAAAG,V88E A287S,0.3305,0.3305,26,11
CTAAATCCCAATCCCG,T46M,0.1524,0.1524,2054,1885
CTAAATCTAGCATGCA,T199F,0.0000,0.0000,0,4
CTAAATGAAATACAAC,K109H,1.0000,1.1987,60,7
CTAAATGCCCTCGTCA,L51R,nan,nan,0,0
CTAAATGCTATTGTAT,D240A,0.1481,0.1481,18713,17668
CTAAATGCTGTCACCC,H298S,0.1900,0.1900,7027,5171
CTAAATGCTTTACATC,L-1F F251Q,0.0000,0.0000,0,1
CTAAATGGGAGCAGTT,,0.0894,0.0894,55,86
CTAAATGTACTTTGTC,I178R,0.0000,0.0000,0,5
CTAAATTACATCTAGA,,0.0910,0.0910,69,106
CTAAATTATCAAAATT,S265I,0.0000,0.0000,0,4
CTAAATTCGATGACTT,I115Q,0.1398,0.1398,16,16
CTAAATTGAATAAGGT,A188N,0.1184,0.1184,2496,2949
CTAAATTGAGAGCGAA,T192I V377A,0.0000,0.0000,0,12
CTAACAAACTAGCTCC,N-4E Q359H,0.1163,0.1163,1010,1214
CTAACAAAGAGTTATT,L430I,0.1431,0.1431,219,214
CTAACAACCAATGGTT,,0.2103,0.2103,2128,1415
CTAACAATATGACCTC,H110S,0.2148,0.2148,149,97
CTAACAATCGATTAGG,I252E,0.5361,0.5361,46,12
CTAACAATTTGTCAAT,P198L,0.0000,0.0000,0,13
CTAACAATTTGTTGCA,G286T,nan,nan,0,0
CTAACACAAGTTATGC,S136V,0.1640,0.1640,34,29
CTAACACATCCTAACA,I182A N408A,0.0599,0.0599,194,453
CTAACACATCTCCTTG,K310S,nan,nan,0,0
CTAACACCCAAACTTA,F392C,0.8391,0.8391,36,6
CTAACACGACAAACAA,P162R,0.0000,0.0000,0,6
CTAACACGCTCAAACT,K498M,0.1296,0.1296,1611,1738
CTAACACGTTAACCAT,L61H,0.0000,0.0000,0,10
CTAACACTCGGATGCA,N169Q N322D K367P,0.0000,0.0000,0,3
CTAACAGATAAACTAG,I4H,0.8111,0.8111,145,25
CTAACAGGGTAGAGTA,V285A,0.1324,0.1324,548,579
CTAACAGGTACTGATT,A91C,0.1991,0.1991,6441,4525
CTAACATCATCCTAGA,S133F,0.0554,0.0554,775,1957
CTAACATCTCAGTAAT,S290L,0.0515,0.0515,134,364
CTAACATTCACGGCTA,D415Q,0.1847,0.1847,424,321
CTAACATTCTAAGTAG,G349D,0.0000,0.0000,0,2
CTAACCAAAAAAATAT,N150I,0.0494,0.0494,59,167
CTAACCAAAAAACAAG,D264W,0.0331,0.0331,9,38
CTAACCAAGGACCTAA,Q513N,0.0801,0.0801,627,1094
CTAACCAAGTATTAAT,,0.2106,0.2106,792,526
CTAACCACATAAACGT,S207W Y488D,0.0826,0.0826,26,44
CTAACCACTTCAGAAA,,0.1551,0.1551,1897,1710
CTAACCATGTATGTCC,E-5K C64L S509G,0.0000,0.0000,0,2
CTAACCCAACCCAACA,W180V,nan,nan,0,0
CTAACCCCACGAGTTG,S290K,0.1221,0.1221,1418,1624
CTAACCCCGAAACTAC,M268K,0.0000,0.0000,0,4
CTAACCCGTGGATAAA,P489F,0.1599,0.1599,751,657
CTAACCCTCACAACTT,N312G,0.1388,0.1388,385,388
CTAACCGCGCTGATTC,L71E,0.0000,0.0000,0,5
CTAACCTAACCCATTT,K9E,0.3084,0.3084,419,190
CTAACCTCAGAGCGCA,,0.1236,0.1236,1913,2164
CTAACCTCCCACACTA,A138K,0.0000,0.0000,0,7
CTAACCTTTAATATCC,K328cE,0.0000,0.0000,0,6
CTAACGAAAATTTGTT,,0.2395,0.2395,3303,1929
CTAACGAAGCAAAATC,G275D,0.1298,0.1298,3369,3631
CTAACGAATGAGTAAT,V5A E31H,0.0363,0.0363,41,158
CTAACGACCAATAACG,V56D,0.0000,0.0000,0,1
CTAACGACGAACCCAA,D63K,0.1362,0.1362,453,465
CTAACGAGAGAAACTA,I202W,0.0000,0.0000,0,10
CTAACGAGTAATGCAA,A459D,0.0000,0.0000,0,16
CTAACGCCACACCCCC,T163D,0.0885,0.0885,1049,1657
CTAACGCCGACTCTAG,P299L,0.0000,0.0000,0,7
CTAACGGACTGTAACA,E414S,0.1508,0.1508,193,179
CTAACGGTGGTGCTGG,T171R R321* T370K F469G,0.0000,0.0000,0,2
CTAACGTAGACCGGTC,V204S,0.1220,0.1220,3569,4092
CTAACGTTTGTGCACA,H38M,0.0508,0.0508,94,259
CTAACTAATCAAAACC,,0.2007,0.2007,1734,1208
CTAACTAATGGCGAAT,N172F A253I,0.1657,0.1657,1634,1379
CTAACTACAGACGCTT,I236P,0.0000,0.0000,0,11
CTAACTACGCTAGCAA,W127T,0.0860,0.0860,540,878
CTAACTATTAGGAAAG,W127M,0.1473,0.1473,1694,1608
CTAACTCTAGGTAGAC,L7I D175S,0.0522,0.0522,56,150
CTAACTCTCTATAGCT,N322I T370P S503M,nan,nan,0,0
CTAACTGAACTTGAAA,G68D T318N,0.0000,0.0000,0,2
CTAACTGCCCAGGAAT,M268A L409P,nan,nan,0,0
CTAACTGTCCGAGGTG,A93D,0.1537,0.1537,3705,3370
CTAACTTAACCCATTC,S133F,0.1195,0.1195,636,744
CTAACTTGGACGAGAG,K50G,0.0524,0.0524,73,195
CTAACTTGGCTATCAG,N103H N446S,0.0000,0.0000,0,27
CTAACTTTCGGAATGG,P128A L320F,0.0000,0.0000,0,1
CTAAGAAAACTAGAAC,P58D,0.0000,0.0000,0,13
CTAAGAAAGACGTGCT,L320P V377C,nan,nan,0,0
CTAAGAAAGGAAATTG,G275Y,0.2178,0.2178,950,610
CTAAGAACAGAACTCG,D175N,0.0000,0.0000,0,9
CTAAGAACATCGGCTT,,0.1428,0.1428,2691,2636
CTAAGAACGCTAAACT,G100K F469T,0.1632,0.1632,21,18
CTAAGAACTCTAGCAT,C64D,nan,nan,0,0
CTAAGAACTTGTTGCC,F251Q,0.0000,0.0000,0,1
CTAAGAAGACAGGTCA,,0.2048,0.2048,498,340
CTAAGAAGCTCGGAAA,S383Y,0.0711,0.0711,684,1346
CTAAGAAGCTTACGCT,S492C,0.1575,0.1575,2020,1793
CTAAGAATAGCAACTA,N443C,0.2021,0.2021,7527,5209
CTAAGACAAGTGTCAG,Q513I A522T,0.1455,0.1455,128,123
CTAAGACGATTATACA,P74H,0.4351,0.4351,28,9
CTAAGACGCCGCAGCT,F147M,0.1321,0.1321,239,253
CTAAGACTGCGCCCCT,G360V,0.0000,0.0000,0,3
CTAAGACTGTATGTCA,,0.0151,0.0151,39,362
CTAAGACTTTATCATA,,0.2092,0.2092,1016,679
CTAAGAGTAAGTTCCA,A19Y T23I,nan,nan,0,0
CTAAGAGTACATAAAT,N48K E255K W350* A394T W421* M431I R456Q M478I,nan,nan,0,0
CTAAGAGTACATGAAT,N48E,1.0000,1.3984,200,20
CTAAGAGTTACAATAA,,0.0000,0.0000,0,1
CTAAGAGTTGTACATA,R326F,0.1377,0.1377,2882,2926
CTAAGATAAGACCATA,G510aF,0.0439,0.0439,16,51
CTAAGATAGTTTATAC,H184E,0.0000,0.0000,0,3
CTAAGATATACGCCTT,L-1C P324A,0.1199,0.1199,192,224
CTAAGATATAGTGGTC,W69R,0.0000,0.0000,0,11
CTAAGATGAAGAAGGT,K9F F338T,0.3108,0.3108,40,18
CTAAGATTAAAAAGTA,F469R G504V,0.6153,0.6153,22,5
CTAAGCAAAGCATGCC,,0.1184,0.1184,5078,5998
CTAAGCCAAATGATAC,P74Y Y518S,0.0000,0.0000,0,2
CTAAGCCGGGTATCGA,E119F,0.0546,0.0546,109,279
CTAAGCCTTCCCTTAA,E24V G504M,0.2531,0.2531,552,305
CTAAGCTCCCTGAATA,A365N,0.0000,0.0000,0,3
CTAAGGAGATATCTGC,T199V,0.1687,0.1687,2301,1907
CTAAGGCTACCCAGTT,,0.0745,0.0745,417,783
CTAAGGGACCCATGGT,,0.1488,0.1488,8836,8302
CTAAGGGCGTAAAACG,Q371L W537*,nan,nan,0,0
CTAAGGGTAAAACCGA,,0.1151,0.1151,1925,2339
CTAAGTAAAAGTTTAG,F392N,0.2064,0.2064,31,21
CTAAGTAACATAACGC,,0.0989,0.0989,1117,1579
CTAAGTACTATAAATG,L418H,0.2901,0.2901,531,256
CTAAGTACTCCACATA,,0.1555,0.1555,1632,1468
CTAAGTAGTGCACATC,D264A,0.1436,0.1436,270,263
CTAAGTATTTACCCTG,V-2G,0.0947,0.0947,867,1280
CTAAGTCACCCGCCTC,I339T,0.1698,0.1698,34,28
CTAAGTCAGAATCGCT,E304K D438S,0.1294,0.1294,273,295
CTAAGTCATATAGATC,I243S,0.0000,0.0000,0,14
CTAAGTGTACCTCCCT,C477L,0.0000,0.0000,0,2
CTAAGTGTTGACACCA,P74S,0.0529,0.0529,329,869
CTAATAAAAATAAGAT,G249Y,0.2293,0.2293,41,25
CTAATAAAATCTGCGT,L96W L320P G337F,0.0000,0.0000,0,12
CTAATAACACAAATCA,L133aP,0.2379,0.2379,296,174
CTAATAACATAACAAT,Q490M,0.1315,0.1315,331,352
CTAATAACCTGGATAG,V381A,0.0895,0.0895,48,75
CTAATAACGAACTCCT,,0.1569,0.1569,3753,3346
CTAATAACGTTTGAAA,G286R,nan,nan,0,0
CTAATAAGTCACTTAA,L314W,nan,nan,0,0
CTAATAATAGCGTTGC,I288G K380D,0.0000,0.0000,0,41
CTAATAATCTGATCAA,I252G,0.0000,0.0000,0,15
CTAATACAAATTTTAA,E255D,0.8449,0.8449,145,24
CTAATACCTATCGGGT,I514E,0.0000,0.0000,0,7
CTAATACGATGTAAGC,E403W,0.3885,0.3885,25,9
CTAATACGTGTGGTTC,,0.1527,0.1527,2698,2471
CTAATAGAACATAAAT,D386M,0.1662,0.1662,82,69
CTAATAGATATCTAAA,T511G,0.1183,0.1183,55,65
CTAATAGATGATCGGA,V5M I335W,0.1814,0.1814,96,74
CTAATAGTACTAACAA,,0.1602,0.1602,512,447
CTAATATAATGATACG,N94M,0.1431,0.1431,925,904
CTAATATAGCCCTGGA,,0.0412,0.0412,28,95
CTAATATAGGGCCGTA,,0.1122,0.1122,162,202
CTAATATCTGATTAAA,R397F,0.1384,0.1384,97,98
CTAATATGAACGGCAG,Y486P,0.0000,0.0000,0,2
CTAATCAGCTTTAAGG,G533D,0.0000,0.0000,0,4
CTAATCAGGGAACAGA,,0.1135,0.1135,5231,6447
CTAATCCATTAACACG,Y168G,nan,nan,0,0
CTAATCCCCAGGTACT,I13C A522T,nan,nan,0,0
CTAATCGAATATATAT,G134K,0.0000,0.0000,0,8
CTAATCTAATGTTCAA,E398Q,0.0000,0.0000,0,74
CTAATCTGTCTATATT,V347I E398P,0.0511,0.0511,61,167
CTAATGACGACGCGCG,G342E,0.0000,0.0000,0,5
CTAATGCACGAGAGAG,H110W K460Q,0.0000,0.0000,0,4
CTAATGCAGGAGCCCC,S509H,0.1066,0.1066,1065,1397
CTAATGCATAATAATA,N169T R321K T370L F469V,0.0000,0.0000,0,10
CTAATGGAAGAAAATT,N169T F469T,nan,nan,0,0
CTAATGGTCGATCTTA,V347E V429F,nan,nan,0,0
CTAATGTAAGATTAGT,,0.0979,0.0979,1554,2219
CTAATTAAGTACACGC,R547Y,0.2352,0.2352,148,88
CTAATTAGAATGTCAC,A93Y,0.1571,0.1571,2561,2280
CTAATTATTCTATCTT,V315M,0.1268,0.1268,2896,3193
CTAATTCAAGTGAATC,N48R N169H F469C,0.1398,0.1398,2,2
CTAATTCATACCAAAC,A373W,0.0000,0.0000,0,1
CTAATTCGCGTTTTCA,W153D,nan,nan,0,0
CTAATTCTAGCTCATA,Y351N,0.0804,0.0804,23,40
CTAATTCTGTTGATTG,E493S,0.8740,0.8740,25,4
CTAATTGATTACACAT,,0.2556,0.2556,700,383
CTAATTGGTCGCAAGA,,0.1763,0.1763,455,361
CTAATTTAAAATTTAA,C477T,0.0000,0.0000,0,2
CTAATTTCAGTTCATG,Y351K,0.0866,0.0866,13,21
CTAATTTCCTATAAGA,A317W,1.0000,1.6432,94,8
CTAATTTTTAATGACC,E24A R173K,0.1482,0.1482,1028,970
CTACAAAAAAAAAATC,F245T A336V,nan,nan,0,0
CTACAAAAGTTTAATC,Q454W,0.0000,0.0000,0,2
CTACAAACGCCGTAAA,L96I,0.2311,0.2311,466,282
CTACAAATGAAATGCG,V88W,0.0000,0.0000,0,4
CTACAACATACAACGT,,0.2744,0.2744,155,79
CTACAACATGTAGAAA,T208D,0.1339,0.1339,2192,2290
CTACAACCAATGATCA,A257C,0.0643,0.0643,51,111
CTACAACGAACAAAGC,L96H,0.0684,0.0684,598,1222
CTACAAGACTTAGAAC,G465Y,0.2151,0.2151,20,13
CTACAAGAGAACCTTA,,0.1459,0.1459,363,348
CTACAAGAGTAAGATT,G263K,0.1823,0.1823,820,629
CTACAAGGAAGAATTG,M111T E119*,nan,nan,0,0
CTACAAGTATTTCATA,Q371I,0.2427,0.2427,899,518
CTACAATAACATTACG,S126I,0.1920,0.1920,5797,4222
CTACAATACTTAACCA,L59S R212I,0.0000,0.0000,0,2
CTACAATATCTCTCAC,,0.1284,0.1284,247,269
CTACAATCGAGGACTA,V444S,1.0000,3.7758,27,1
CTACAATTATGCACCC,,0.1640,0.1640,7590,6473
CTACACAAAGCTAACG,K9N K411V,0.0000,0.0000,0,125
CTACACATCTGTCTAA,,0.1576,0.1576,222,197
CTACACATTAGAATCC,G143N,0.1252,0.1252,3348,3741
CTACACATTTTATATA,L527A,0.0000,0.0000,0,4
CTACACCCCGTATTAA,Q282Y,0.1783,0.1783,51,40
CTACACGATACACACC,P293W,1.0000,1.0721,23,3
CTACACGATGTGGGAT,I-3M,0.0000,0.0000,0,5
CTACACGTGGGTCTAC,,0.0900,0.0900,224,348
CTACACTAAGCTAACA,T318M,0.1535,0.1535,741,675
CTACACTTACTCAGGC,H38Q,0.2039,0.2039,210,144
CTACAGAGAAATTATT,S101E E189L,nan,nan,0,0
CTACAGAGTATAGGAA,L177R,nan,nan,0,0
CTACATAAACCGAGAG,T511V,0.1592,0.1592,3585,3149
CTACATAACGTTTCCT,,0.1364,0.1364,6478,6643
CTACATACACAGAGGA,R114L K380Y,0.3386,0.3386,46,19
CTACATACACGCATTA,,0.1711,0.1711,914,747
CTACATACTTCTCTGG,R212S,0.0000,0.0000,0,23
CTACATAGACCCTGCC,T171F,0.0699,0.0699,86,172
CTACATAGATCCTGTT,L-1D,nan,nan,0,0
CTACATAGTCATATAG,N169T R321K A336T,0.0000,0.0000,0,27
CTACATCAAAGTGTGT,L177S,0.0968,0.0968,18,26
CTACATCAATGAAATT,,0.0574,0.0574,183,446
CTACATCCAAATGTAC,R326K,0.2524,0.2524,1785,989
CTACATCCATAGACCC,G134R E500S,0.4838,0.4838,1408,407
CTACATCGTATGCCTT,A218L,0.0815,0.0815,95,163
CTACATCTAAATAACA,E107F,1.0000,1.1032,71,9
CTACATCTCATATCTA,Y201P M292K,0.0000,0.0000,0,3
CTACATGACGTTAACC,I155R,0.0000,0.0000,0,48
CTACATGCAATGCTTC,E432G,0.3891,0.3891,128,46
CTACATGTGAAAACCA,D27H,0.0869,0.0869,197,317
CTACATTAAATGATGT,E493D,0.1574,0.1574,233,207
CTACATTCGCTACCGC,A137R H355S,0.0000,0.0000,0,4
CTACATTGAACTCCAA,,0.2047,0.2047,8884,6068
CTACATTGAAGATAAA,A19N T199R,0.0000,0.0000,0,15
CTACATTTGGTTTTAC,E434D,0.1235,0.1235,211,239
CTACCAAAATAGTTTA,K259Q,0.1558,0.1558,2211,1985
CTACCAAAATTTATGT,Y256I,0.1644,0.1644,2658,2261
CTACCAAACCAAAAGA,E398N,0.3496,0.3496,40,16
CTACCAAACCGGCGTT,A39V R81G V429S,0.0000,0.0000,0,1
CTACCAAACTTCTCAA,E119G D487E,0.0000,0.0000,0,20
CTACCAAGATACGAAA,L213C G484N,0.0000,0.0000,0,87
CTACCACACGAAATTA,S167F F232E,1.0000,inf,26,0
CTACCACCCGCACGCC,L428M,0.0734,0.0734,381,726
CTACCAGACAAGACTT,R456Q,0.0927,0.0927,1304,1968
CTACCAGATATTAACC,M30*,0.0437,0.0437,10,32
CTACCAGCACAACGTG,W343E,nan,nan,0,0
CTACCAGGACCGGGTG,N197G,0.3356,0.3356,24,10
CTACCATAAAATGCAA,S221G,0.0511,0.0511,490,1341
CTACCATATGGAAACA,L194E,0.0000,0.0000,0,1
CTACCATGACCAATGT,T132Q,0.1245,0.1245,461,518
CTACCCACTAGGATAT,E174M,0.1035,0.1035,1309,1769
CTACCCATAAAATGAT,P215W S442G,nan,nan,0,0
CTACCCATAACATGTA,S133C,0.0488,0.0488,73,209
CTACCCCCTAACTTAC,D104N,0.0880,0.0880,258,410
CTACCCGATTTCTTAT,*551E,0.0000,0.0000,0,6
CTACCCGCGAAAATAC,,0.2259,0.2259,1318,816
CTACCCGTGGTCGCTA,D95M K328F,0.0587,0.0587,60,143
CTACCCTATTTATAGA,,0.2214,0.2214,133,84
CTACCCTCCCCCTCCT,V152E,0.0460,0.0460,578,1756
CTACCCTTTACATGGC,,0.1260,0.1260,790,877
CTACCGAATCACGAGA,S167G R321G T370K D419E G463I,0.0000,0.0000,0,2
CTACCGCCAGATCAAC,N278K I385M,0.1865,0.1865,144,108
CTACCGCCAGCTACAT,A91L A394T A522T,0.0000,0.0000,0,3
CTACCGCCCTAGAGAC,S167L N322M F469A,0.0000,0.0000,0,20
CTACCGGAAACTTTGT,Q359I,0.1374,0.1374,804,818
CTACCGTGTGAAATAA,G72N K367P,0.3512,0.3512,560,223
CTACCTAAAATATTCT,A160P,0.0000,0.0000,0,4
CTACCTACAACAGAAT,Y195N,0.0000,0.0000,0,25
CTACCTATGATGGGAT,S167K E393M,0.1615,0.1615,216,187
CTACCTCAAATGTAAA,N158Y,0.3289,0.3289,1597,679
CTACCTCGAACCTGCC,S133Y A138S S361Q,0.0119,0.0119,411,4850
CTACCTCGCGAACACA,V395T,0.3496,0.3496,90,36
CTACCTGAAATCACTT,,nan,nan,0,0
CTACCTTCCGAACTCC,,0.1635,0.1635,3796,3247
CTACCTTTCACCTAAG,C473N,0.1325,0.1325,18,19
CTACCTTTGAAACGCC,T35D,0.0840,0.0840,498,829
CTACGAATAGATCAAA,,0.1443,0.1443,2105,2040
CTACGACAAAAAAAAA,I60Y,0.1516,0.1516,1517,1399
CTACGACGTAACGCTA,N187D,0.0000,0.0000,0,59
CTACGACTATACACAG,,0.1519,0.1519,897,826
CTACGAGAATCTATAA,N446W,0.2027,0.2027,1931,1332
CTACGAGATGTAATAT,S247T,0.1567,0.1567,792,707
CTACGAGATTCATTAA,L59Y,0.1865,0.1865,1516,1137
CTACGAGCAGGCCAAA,S167L R321T T370A F469Y,0.0000,0.0000,0,5
CTACGAGGACTCGCTG,I243N,0.0000,0.0000,0,8
CTACGATAAGAAAAAA,L316R,0.6712,0.6712,24,5
CTACGATTATGCTAGG,,0.1149,0.1149,138,168
CTACGCAAATTTCCCG,M30W,0.2464,0.2464,259,147
CTACGCAATGTACTCA,R227E,0.1214,0.1214,165,190
CTACGCCGGTAACACA,E89R,0.0307,0.0307,16,73
CTACGCGATTGCAAAC,K450T,nan,nan,0,0
CTACGCTGAGAAAGCC,V204R,0.2259,0.2259,21,13
CTACGGACGAGATAAA,N410A,0.3380,0.3380,29,12
CTACGGAGAAAACTCA,Y274P,0.1803,0.1803,472,366
CTACGGGTCTTGGGAC,T266D G504C,nan,nan,0,0
CTACGGTCCCTCCAAA,L314P,0.0000,0.0000,0,6
CTACGGTTTTCGCCCC,D231C D375G,0.0000,0.0000,0,12
CTACGTAAAACAATGC,D63E,0.2098,0.2098,93,62
CTACGTATCCTATATA,S167V R321K F469T,0.0000,0.0000,0,2
CTACGTCCAGGATCAA,I-3* R173W D441E,0.5482,0.5482,98,25
CTACGTCCCCGAACAT,K196A,0.2836,0.2836,9120,4497
CTACGTCGATCAATCC,A528S,0.1354,0.1354,4400,4546
CTACGTCTGCGCTAAA,N94K,0.0914,0.0914,130,199
CTACGTGATCTAACAT,I288Q,nan,nan,0,0
CTACGTGATTTCAGAA,A242S N389T,0.1058,0.1058,3913,5173
CTACGTGTCGCGTATC,S167L F294M,0.3680,0.3680,50,19
CTACGTTAATAGACAG,L176P M413D,nan,nan,0,0
CTACGTTACTACCTTA,T192G I550D,0.0000,0.0000,0,3
CTACGTTATAAGACGA,F245N N296P,0.7132,0.7132,51,10
CTACGTTTAAAAACTA,K216H,0.0645,0.0645,161,349
CTACTAAAACAGATAT,P324F,0.0000,0.0000,0,39
CTACTAAAATTAATGC,R321Y T370P H440S,0.0000,0.0000,0,3
CTACTAACTCTGGATA,,0.1920,0.1920,5927,4316
CTACTAATAACGCAGT,S356M,0.0852,0.0852,338,555
CTACTAGCAGAGTTTC,S323M,0.1040,0.1040,1218,1638
CTACTAGTAACACCAG,T37N,0.0000,0.0000,0,6
CTACTATACATTGACG,L61A R452H,nan,nan,0,0
CTACTATCCTACGAAG,N169P N322H R435H,0.0000,0.0000,0,2
CTACTCAGTCACACGA,S207V M292K,0.1595,0.1595,2258,1980
CTACTCATATGTAGTG,A526F,0.1165,0.1165,15,18
CTACTCATGCCTGCTG,R220N V510L,nan,nan,0,0
CTACTCCCTAGACGAC,T192I,0.1629,0.1629,233,200
CTACTCCTCTCAACTA,A334V,0.0000,0.0000,0,16
CTACTCGCACTTAACC,,0.1442,0.1442,1884,1827
CTACTCTATAGAGAGT,K216A,0.1029,0.1029,1233,1675
CTACTCTTGAAACCAA,,0.0930,0.0930,1225,1843
CTACTGCCATAGATAC,L320G,0.0000,0.0000,0,2
CTACTGGTCAGAGCAA,M538C,0.4414,0.4414,262,83
CTACTGTTCTCTTGGC,E189H,0.4166,0.4166,143,48
CTACTGTTTCAAATCG,I236C A242T,0.0783,0.0783,834,1490
CTACTGTTTTATGCGA,G504D,0.1140,0.1140,1512,1855
CTACTTACGTCAGCCT,,0.0000,0.0000,0,16
CTACTTCATTACTAAT,,0.0000,0.0000,0,4
CTACTTCCACTGAATT,Q391F,1.0000,1.5103,54,5
CTACTTCTAACTCATC,K62T,0.1623,0.1623,2207,1902
CTACTTGATCTGATCA,Y512M,0.1849,0.1849,2600,1966
CTACTTGCAAATACCA,Y17T,0.2125,0.2125,117,77
CTACTTGCTCCAGGGG,W343F,0.4895,0.4895,133,38
CTACTTTAAGTCATCG,S101Q,0.1928,0.1928,182,132
CTACTTTAATATATTC,A218P,0.0000,0.0000,0,2
CTACTTTACTGGATTA,E403G,nan,nan,0,0
CTACTTTAGAGTACGG,G510aA,0.1913,0.1913,5381,3933
CTACTTTATACCGTAT,N129W E476A,0.2258,0.2258,586,363
CTACTTTTCTAAACCT,S167Y Y308W,0.6223,0.6223,89,20
CTAGAAAACACATCAA,H38Q,0.1599,0.1599,3511,3070
CTAGAAAATGGGGTGA,L427D L527C,nan,nan,0,0
CTAGAAACGAAAGAGC,V395W,0.1017,0.1017,8,11
CTAGAAAGTATTTCAA,H130F,0.1605,0.1605,2129,1855
CTAGAAATTCACCAGG,,0.1386,0.1386,570,575
CTAGAACTATCAGTAA,L316D,nan,nan,0,0
CTAGAACTGTTGTAAG,S146I,0.0927,0.0927,309,466
CTAGAACTTCTCATAA,L515G,0.0000,0.0000,0,1
CTAGAAGAAATATTGT,T511H,0.0816,0.0816,865,1483
CTAGAAGCTTAACTCC,E304G,0.0944,0.0944,649,961
CTAGAAGTGGACGGAC,Y141R,0.1015,0.1015,643,886
CTAGAATAAACTCTAA,K216E,0.0000,0.0000,0,4
CTAGAATAATATAACA,,0.0746,0.0746,690,1293
CTAGAATACTCTGTCC,H183I,0.5943,0.5943,34,8
CTAGAATCAATTTAAC,I29P T370A,0.0000,0.0000,0,19
CTAGAATGAATTTTCA,I115Q,0.5244,0.5244,75,20
CTAGAATGTCACGGGA,T283L,0.0000,0.0000,0,6
CTAGACAAAAGAGGCA,S126I S133I L462T,0.0625,0.0625,184,412
CTAGACAAAGCTCATA,,0.0155,0.0155,16,144
CTAGACAACCGTTAAA,,0.1443,0.1443,258,250
CTAGACAGAAATAGGT,S323L,0.0703,0.0703,99,197
CTAGACAGATGACACC,I-3H Y274L,0.1274,0.1274,257,282
CTAGACATAACCCTGA,S203V,0.1651,0.1651,183,155
CTAGACCCGATAGCAA,L71D,0.0000,0.0000,0,10
CTAGACCTGACTCATA,T132I,0.1287,0.1287,381,414
CTAGACGATGCTTCCA,Y486H,0.0000,0.0000,0,14
CTAGACTTAAAAACGA,D41W K62E,0.0932,0.0932,30,45
CTAGAGAAAACATCCT,N129A,0.1479,0.1479,6791,6423
CTAGAGAGTCGTCAAA,,0.1437,0.1437,749,729
CTAGAGATAATGCACT,D95E A526D,nan,nan,0,0
CTAGAGCAAACTAGTA,H183I,0.0000,0.0000,0,9
CTAGAGGATAATTACA,L2S,0.1751,0.1751,258,206
CTAGAGTAAGACAATG,A160D,0.0129,0.0129,14,152
CTAGAGTGACAATGAA,,0.1832,0.1832,1585,1210
CTAGATAAAACGTCCA,G360D,0.1486,0.1486,17,16
CTAGATAAAAGCTCCA,N172S C549M,0.0000,0.0000,0,39
CTAGATAAAATGAATG,E340V,1.0000,1.0605,182,24
CTAGATAATACACAGC,G362D,0.0000,0.0000,0,33
CTAGATACTATAATTT,S265E,0.3704,0.3704,98,37
CTAGATATAGGTATTT,,0.1576,0.1576,1090,967
CTAGATATATTTTAAA,L59Q,0.0911,0.0911,321,493
CTAGATCGTGCCCACT,F469S,0.0233,0.0233,1,6
CTAGATCGTTCCTATA,G271E,0.1574,0.1574,5461,4851
CTAGATGAATCACCTA,,0.1211,0.1211,543,627
CTAGATGCCCCGTGAT,P293D,0.0000,0.0000,0,6
CTAGATGTTGACAAAA,M230K F439L,0.0000,0.0000,0,3
CTAGATTAGACCTATA,N-4C N197T,0.0834,0.0834,1017,1706
CTAGCACATCCTCAGC,Q490P,0.0752,0.0752,655,1218
CTAGCACTATTACTGT,T35V,0.1412,0.1412,3737,3700
CTAGCAGGCAGAAAGA,A214Q,0.1549,0.1549,2426,2190
CTAGCAGTATCGAACC,N193W,0.2747,0.2747,11568,5888
CTAGCATAAATCAACA,P293A,0.0496,0.0496,340,958
CTAGCATAACTTCAAG,L112V E434I,nan,nan,0,0
CTAGCATATCTATTCA,,0.0867,0.0867,1359,2193
CTAGCATTCAGGCACG,R482T,0.1113,0.1113,547,687
CTAGCCACGACCGACT,N443F V510P,0.0000,0.0000,0,11
CTAGCCATAAACAACT,G342W,nan,nan,0,0
CTAGCCCACAACTAAC,,0.0000,0.0000,0,186
CTAGCCTATACTTATG,K9D L96K,0.1274,0.1274,367,403
CTAGCCTTCATTATCC,V272S,0.1972,0.1972,4157,2948
CTAGCGCAACCCACAA,,0.1659,0.1659,975,822
CTAGCGCCAGGAATAC,I178H D487M L527P,nan,nan,0,0
CTAGCGCCCAGATGAA,R114N,1.0000,1.2713,100,11
CTAGCGCTGTCCCCGT,,0.5494,0.5494,55,14
CTAGCGGCTCCGGTCC,K411V,0.0922,0.0922,215,326
CTAGCTACCCATGTAG,T192K,0.1843,0.1843,3352,2543
CTAGCTATGCCCTCGC,,0.1305,0.1305,264,283
CTAGCTGATAAAATGG,T436D,0.0000,0.0000,0,14
CTAGCTGCGATTACCC,N382G,0.1990,0.1990,417,293
CTAGCTTAACCTAATG,,0.4335,0.4335,31,10
CTAGCTTGACGGGAAT,R149E,0.1912,0.1912,402,294
CTAGGAATGCTGCCGA,G360I,0.0000,0.0000,0,8
CTAGGAATGTCTAGTC,I202K,0.0000,0.0000,0,19
CTAGGACACTACTAAA,D11L,0.2486,0.2486,32,18
CTAGGACGTACATTAA,,0.1419,0.1419,407,401
CTAGGATAAAAATGAG,Q191* P324R,nan,nan,0,0
CTAGGATAACAGGATG,N289H,0.1487,0.1487,1075,1011
CTAGGATAATTGGCAC,C277E,0.0000,0.0000,0,1
CTAGGCCAAGGCGCAA,I236M,0.0273,0.0273,181,926
CTAGGGACCAACTAAA,,0.1281,0.1281,1644,1795
CTAGGGGGTCTGTTTC,P198D E432F,0.0000,0.0000,0,7
CTAGGGTCGCAGCGTA,M413S W421L,0.0000,0.0000,0,4
CTAGGTCAATGCAGAG,,0.0000,0.0000,0,25
CTAGGTCCATATCTGA,P125G,0.1570,0.1570,1620,1443
CTAGGTCTCAGAATGT,F294K,nan,nan,0,0
CTAGGTGTATACGTGA,E358Y,0.1424,0.1424,3962,3892
CTAGGTTAAACGATGT,,0.1289,0.1289,2042,2216
CTAGTAAAGAAAAAAT,L59G T301E,nan,nan,0,0
CTAGTAAATTTAAACA,I406F E432M,1.0000,1.5150,65,6
CTAGTAAGGTCGCATT,,0.1604,0.1604,7827,6822
CTAGTAAGTATTTGTA,,0.1906,0.1906,17889,13122
CTAGTAATTAATATTC,Q222K,0.2121,0.2121,91,60
CTAGTACCATTGACCT,,0.0000,0.0000,0,1
CTAGTACCCGAAACCA,T370F F469S,0.0000,0.0000,0,1
CTAGTACGGAGTAGGC,F392D,0.0000,0.0000,0,79
CTAGTACTATACTCAC,I335V F417K,0.3587,0.3587,59,23
CTAGTACTATTCGAAA,A242T,0.0833,0.0833,292,490
CTAGTAGAACACCAAC,Y308G,0.1208,0.1208,19,22
CTAGTAGCTGCCAGAA,K196S,0.1834,0.1834,3082,2350
CTAGTAGTTTACAGCA,L102E R496K,0.0000,0.0000,0,3
CTAGTATACTAAACCT,D375W,0.1058,0.1058,28,37
CTAGTATATACACCAG,V88P,nan,nan,0,0
CTAGTATATGTATAAA,E174I,0.1396,0.1396,2742,2747
CTAGTATATTTCAAAA,R229A L437M,0.0000,0.0000,0,5
CTAGTATCCCTGAAGT,I517E,0.0000,0.0000,0,11
CTAGTATGGCCCTAAG,K372R,0.0000,0.0000,0,3
CTAGTCCCCAGTAGTA,Y195I,0.0000,0.0000,0,2
CTAGTCGGTCAAAAAT,N169F R321Y F469G,0.0000,0.0000,0,7
CTAGTGATCTCAGAAG,E476T,0.1334,0.1334,3746,3927
CTAGTGCACGTAATCC,Q191S,0.0000,0.0000,0,1
CTAGTGCCATCCTAGT,,0.1824,0.1824,343,263
CTAGTGGAACCGCTAT,,0.4972,0.4972,64,18
CTAGTGGATGTTCACA,E246W,0.1093,0.1093,2860,3658
CTAGTGTCCTCACACT,G484L,0.1993,0.1993,218,153
CTAGTGTCGTACTAAA,V36T,0.0000,0.0000,0,2
CTAGTGTTTATCACAC,C305Q W537*,0.0000,0.0000,0,2
CTAGTTCACACCATGC,F338T,0.2098,0.2098,33,22
CTAGTTCTCCATCCCG,N169R R321F T370S,0.0000,0.0000,0,1
CTAGTTGTAGACCTAC,G345A,0.0579,0.0579,104,251
CTAGTTTACCAATTAA,L409E,nan,nan,0,0
CTAGTTTGAATCAGAA,,nan,nan,0,0
CTAGTTTGTTGCCGGG,F439M,0.0410,0.0410,22,75
CTATAAAAACACTCGC,W153* Q282R D457T,0.8915,0.8915,51,8
CTATAAAAAGACTTTG,T206R,0.0000,0.0000,0,7
CTATAAAACAGTGTGT,W127Y,0.2235,0.2235,5457,3414
CTATAAAAGTGTAGTG,W234* Y351T D375R,nan,nan,0,0
CTATAAAATGGTTACA,N248A,0.0899,0.0899,333,518
CTATAAACTCATCTCC,,0.0625,0.0625,572,1279
CTATAAACTGGCCATA,,0.1010,0.1010,276,382
CTATAACAATTACAGA,E493N,0.0000,0.0000,0,14
CTATAACAATTGTATG,C76V,0.7167,0.7167,41,8
CTATAACAGTAATACA,T219V,0.1667,0.1667,3187,2673
CTATAACCACTTTCTA,Y17Q,0.0000,0.0000,0,51
CTATAACGGTAGCCTA,Y274C,0.0000,0.0000,0,10
CTATAACTCAAAACTT,E89H S290K I550M,0.2797,0.2797,2,1
CTATAACTGAGCAATC,K165Y,0.1715,0.1715,271,221
CTATAAGATCCTTCTC,T28N,0.0000,0.0000,0,14
CTATAAGCAAAATGTC,W234Q,0.3263,0.3263,14,6
CTATAAGCATATGTTA,M75T,0.1474,0.1474,4540,4308
CTATAAGCCGTAACAA,V505F,0.0568,0.0568,119,293
CTATAAGGCCAAATAC,T485G,0.2295,0.2295,366,223
CTATAATAATACAGTA,G181A,0.1152,0.1152,431,523
CTATAATACCTAACTG,H38L K45N K269C,0.0000,0.0000,0,71
CTATAATCAATGCCGG,S146C,0.3765,0.3765,105,39
CTATAATGAACGCCCA,G345I,0.2984,0.2984,271,127
CTATAATGCGCAACTA,R149P,0.0000,0.0000,0,2
CTATACAAACATCCAT,,0.1444,0.1444,6090,5898
CTATACAACGATAAAA,L462I,0.0987,0.0987,1426,2021
CTATACAAGAACAAAG,H184M,0.0000,0.0000,0,7
CTATACAATAACGAAA,H244F,0.0750,0.0750,220,410
CTATACAGCAAATCGC,,0.1234,0.1234,2068,2344
CTATACAGTTCTACCA,Y274L,0.1199,0.1199,844,984
CTATACCAAACTCCAT,L453R I514S,1.0000,3.1115,89,4
CTATACCCTACGGAGC,L462W,0.2035,0.2035,147,101
CTATACCGGTCAGTCT,R496K,0.1473,0.1473,433,411
CTATACCTAAATAACT,R435L,0.0000,0.0000,0,3
CTATACGATACATCCT,K165H,0.1137,0.1137,1463,1800
CTATACGTTTAGTACC,,0.1484,0.1484,3874,3651
CTATACTACCGAAACC,N389A,0.0192,0.0192,18,131
CTATACTACGTACCCT,D419Y,0.3916,0.3916,28,10
CTATACTTACGTCGGG,N169D R321L T370H,0.0000,0.0000,0,1
CTATAGAAAACTGTTT,E119T,nan,nan,0,0
CTATAGACCAAATCCA,P145H,0.1366,0.1366,2036,2084
CTATAGAGACCCCATG,,0.1579,0.1579,3883,3439
CTATAGAGATGACATT,P92aL Q191G I550T,0.2670,0.2670,21,11
CTATAGATAGAATATT,D27Y N433F,nan,nan,0,0
CTATAGATAGCGATCA,,0.0472,0.0472,112,332
CTATAGCCGCTACTAA,E174T,0.0824,0.0824,142,241
CTATAGCGCACCGCCA,,0.1509,0.1509,4175,3868
CTATAGCTAAAGCCTC,M230K,0.0000,0.0000,0,6
CTATAGGCCAAAAACC,A528C,0.1689,0.1689,10170,8418
CTATAGGCTTAGAAAT,Y258T,0.0000,0.0000,0,29
CTATAGTCCAGCATGT,F439P,0.2768,0.2768,97,49
CTATATAAATCAAAAT,Y86Q,0.2997,0.2997,30,14
CTATATACCTCCGAAG,H295Y S361A,nan,nan,0,0
CTATATATAAAAGTTG,T23F N289Y,0.0000,0.0000,0,2
CTATATATAAGCCTGT,G303C,0.0000,0.0000,0,1
CTATATCGTATCAGAT,Q25C,0.0507,0.0507,1074,2965
CTATATGATCCCCTAT,S126F,0.1893,0.1893,8231,6079
CTATATTCAGTATTTG,,0.1562,0.1562,1647,1475
CTATATTCTGCCGCCT,K196N G319R,0.0000,0.0000,0,2
CTATATTTACCTAAAA,Y195K H355Y A373D,0.0000,0.0000,0,15
CTATCAAAAAGAGAAA,N408Q E432K,nan,nan,0,0
CTATCAAACGTATAGT,Q344A,0.1289,0.1289,282,306
CTATCAAAGATGAACT,M230G,0.0000,0.0000,0,1
CTATCAAGAGAGTATA,,0.1519,0.1519,6604,6079
CTATCAAGCGGCAAAG,L51D,0.0000,0.0000,0,7
CTATCACTGAACTAGT,N483M Q545M,0.0635,0.0635,64,141
CTATCAGAATGTAAAA,Y98I,0.0000,0.0000,0,15
CTATCAGATATGGACG,N169G N322E T370R F469V,0.0000,0.0000,0,3
CTATCAGCCGCCCCCA,Y488C,0.1611,0.1611,258,224
CTATCAGGAAGTAAAA,,0.0547,0.0547,90,230
CTATCATAAATATCTG,H440K,0.0000,0.0000,0,2
CTATCATAATTAAAAG,E-5R,0.1384,0.1384,3783,3822
CTATCATCAGGAGTAA,C52E,0.0000,0.0000,0,7
CTATCATTACAGACCA,N-4F,0.1667,0.1667,1067,895
CTATCATTTTACTCAT,E414D,0.1713,0.1713,49,40
CTATCCAATAAGAGCA,,0.0000,0.0000,0,8
CTATCCCAAAAGCAAT,,nan,nan,0,0
CTATCCCAAAATCTAT,,1.0000,5.5937,80,2
CTATCCCACAGACGAC,P99H,0.0000,0.0000,0,9
CTATCCCGCAGGAAGG,G510aR,0.2359,0.2359,506,300
CTATCCCGTATCAGAG,I178T,0.4051,0.4051,84,29
CTATCCCTTCATTTAA,E89G S383Y V510N,0.0000,0.0000,0,5
CTATCCCTTGAATGAT,L300Q,0.1392,0.1392,1724,1732
CTATCCGAACACCAAT,Q226L,0.0234,0.0234,428,2562
CTATCCGACCCCCAAA,L51G,nan,nan,0,0
CTATCCGAGATATTAT,E31C,0.1058,0.1058,613,810
CTATCCGCAAGTATAC,K310H,0.9439,0.9439,27,4
CTATCCGTTAAGTGAT,Q12* S221Q,nan,nan,0,0
CTATCCTAAAGAAAAA,I121W E501F,0.1913,0.1913,528,386
CTATCCTAAGTACTAG,Y195C G275L,nan,nan,0,0
CTATCCTACTACCAGA,E190K T283C,0.0000,0.0000,0,4
CTATCCTCTACGTGTT,A19W,0.1163,0.1163,84,101
CTATCCTTCTTAAACC,N289M,0.1383,0.1383,869,879
CTATCGAATCAGCAGA,K412Y,0.0000,0.0000,0,24
CTATCGCATGAAAGGG,G352I K412S,1.0000,1.0425,82,11
CTATCGCATGGCCCTT,,0.1929,0.1929,160,116
CTATCGCGTCATCTAT,N410C,0.1350,0.1350,279,289
CTATCGGACAAATTCA,M478D,1.0000,1.1654,25,3
CTATCGGTAACTAAAA,C139K,0.0000,0.0000,0,6
CTATCGTAACCCAACA,H295F,0.0000,0.0000,0,8
CTATCTAAAGATTCAT,E106R,0.2280,0.2280,75,46
CTATCTAAAGTCACAT,S6Q R482K,0.1434,0.1434,407,397
CTATCTACTCTGCGAA,D231S,0.0796,0.0796,161,283
CTATCTATATAAACTA,A528Y,0.0000,0.0000,0,5
CTATCTCATGCTACTT,V-2Y,0.1374,0.1374,5592,5693
CTATCTCCGAACCTGT,S85V L402P,0.2098,0.2098,12,8
CTATCTCCTAGAACAG,K165I,0.0949,0.0949,1229,1811
CTATCTGAGTTCAAAG,H130P,0.0000,0.0000,0,1
CTATCTTGCCACCCGG,,0.0337,0.0337,74,307
CTATGAAAGCGATGGG,D41N R482V,0.1583,0.1583,790,698
CTATGAAAGTTCAACC,L176K,0.0000,0.0000,0,6
CTATGAACCAAGACAA,,0.1119,0.1119,1076,1345
CTATGAACCCGAAACT,,0.0787,0.0787,832,1479
CTATGAAGTGCTCGAA,G510aS,0.0000,0.0000,0,5
CTATGAATAAAAACGT,,0.1252,0.1252,205,229
CTATGACACAAAATAC,N103S R482S,0.0723,0.0723,150,290
CTATGACGAGATGGTA,A144G,0.1665,0.1665,1487,1249
CTATGAGAATCACGAA,F417I,nan,nan,0,0
CTATGAGCACCAAAAC,A19C L507S,0.0000,0.0000,0,3
CTATGAGCGTCTCATA,,0.0371,0.0371,145,547
CTATGAGGACTAAAAC,T422K,0.6468,0.6468,37,8
CTATGAGTAACGACCA,G275A,0.4249,0.4249,79,26
CTATGATACATAATAG,A522S,0.0000,0.0000,0,9
CTATGATAGGCTCAAG,S291R M292I K450T,0.0000,0.0000,0,7
CTATGATGACAGGTAC,,0.1091,0.1091,411,527
CTATGATGGAACATAG,R321T T370V F469W,0.0000,0.0000,0,4
CTATGCAAGTTACACA,G143V,0.1433,0.1433,6927,6758
CTATGCAGCATTTTCA,S146R,0.1197,0.1197,196,229
CTATGCGAAGTTTAGC,R212C L402Y,0.0818,0.0818,399,682
CTATGCGTACCACCGA,S167L R321S T370C N389G F469P C546Y,nan,nan,0,0
CTATGCTTATGTGTGT,K9L,0.3426,0.3426,98,40
CTATGGCAATTAACTG,D415V,0.1260,0.1260,91,101
CTATGGTGCCAGATCA,Y258E,0.5194,0.5194,26,7
CTATGTACCTTATATC,P99M,0.4382,0.4382,47,15
CTATGTACTATTATCT,D159R N483G,1.0000,1.8180,26,2
CTATGTCAAGCTCATG,Q142P,0.3278,0.3278,75,32
CTATGTCTATACGACG,I502E,0.0000,0.0000,0,4
CTATGTGAGATACTGA,,0.0318,0.0318,170,747
CTATGTGCACCGACCT,T208K,0.2059,0.2059,2906,1974
CTATGTGGCCTCTTGA,F392I,0.0000,0.0000,0,14
CTATGTTGCACAAACT,,0.0920,0.0920,1122,1706
CTATTAAAACATACCA,N278Q,0.1792,0.1792,851,664
CTATTAACACCATCTT,V377M,0.0983,0.0983,376,535
CTATTAACATCCCAAC,K262A,0.3173,0.3173,152,67
CTATTAAGAAAGTTCT,V381Q,0.1137,0.1137,87,107
CTATTAAGATCCTTTC,L43Y,0.0000,0.0000,0,1
CTATTAATAAATTATA,,0.1700,0.1700,807,664
CTATTAATATGCACAC,T370K F469L,0.0000,0.0000,0,1
CTATTACATTGATTCC,F392K,1.0000,17.7601,127,1
CTATTACGCAAGACAA,N464M,0.0647,0.0647,342,739
CTATTACGTAGTCATT,,0.0934,0.0934,1202,1799
CTATTAGCACCATGAA,,0.2619,0.2619,590,315
CTATTATACCTCACGT,A495L,0.1052,0.1052,2942,3910
CTATTATATATACAAA,L462Y,0.1906,0.1906,304,223
CTATTATGCAGGATTA,P254T S361K,nan,nan,0,0
CTATTATTCTCTGAGA,Y17D N424P,0.0000,0.0000,0,1
CTATTCAACTTTTCTA,L428T,0.0000,0.0000,0,8
CTATTCACACACCAAG,G345C T520D,0.0000,0.0000,0,41
CTATTCCAAATGCCCG,,0.0000,0.0000,0,38
CTATTCCATAAAATCC,,0.1178,0.1178,10829,12857
CTATTCCCCCATATCT,N169P R321M,0.5710,0.5710,49,12
CTATTCCTATCTTTTG,K269F R547E,0.1310,0.1310,193,206
CTATTCCTATTAAAAC,E246D,0.1541,0.1541,789,716
CTATTCGCTAGGGGAA,E106K,1.0000,1.4450,31,3
CTATTCTACGTAACCC,D11I S167P T370M F469Y,0.0000,0.0000,0,1
CTATTCTCCCTGTGCA,A91S,0.1602,0.1602,12496,10906
CTATTCTGCGAGGTAG,S167V R321N T370K F469Q,0.4419,0.4419,237,75
CTATTCTTACCCGATT,,0.7755,0.7755,61,11
CTATTCTTTGGATGTA,S509N,0.1311,0.1311,209,223
CTATTGACAAGCTACA,,0.2459,0.2459,51,29
CTATTGACTAAGCTCA,I115E,nan,nan,0,0
CTATTGCAAACAAAAC,Y512D,0.0000,0.0000,0,7
CTATTGCACTACAACA,G349W,0.2349,0.2349,42,25
CTATTGCTACTATGTT,,0.0956,0.0956,762,1115
CTATTGTAATAACGTT,Q12N N446I,0.0579,0.0579,24,58
CTATTGTACACACACA,Y105N,0.1366,0.1366,596,610
CTATTGTATCAGTTTA,S167T R321S T370G F469E,1.0000,1.1887,34,4
CTATTGTGCTTCCAGA,L462N,0.1731,0.1731,988,798
CTATTGTGTAAACGTA,V135K,0.2095,0.2095,2783,1858
CTATTGTTACAGTCTT,S523C,nan,nan,0,0
CTATTGTTGATAGTGA,S523H,nan,nan,0,0
CTATTTAAAAGACAAC,C466Q,nan,nan,0,0
CTATTTAACACTGAAT,Y161N,0.2779,0.2779,155,78
CTATTTAATAATCAGT,N475L,0.0566,0.0566,300,741
CTATTTACCGAGATCT,F439W,0.1107,0.1107,391,494
CTATTTATATGGACGC,C52* P284S,0.0000,0.0000,0,1
CTATTTATCTAGCGGG,A334V D449G,0.0750,0.0750,44,82
CTATTTCAACAAATAC,D474S,0.1615,0.1615,1477,1279
CTATTTCAATTAGAAA,W69I,0.4778,0.4778,41,12
CTATTTCACGGGACTC,L7F A317V,0.1555,0.1555,2760,2482
CTATTTGCTCACTCAC,V309Q,nan,nan,0,0
CTATTTGGCGCACTTA,S291R,0.0000,0.0000,0,28
CTATTTGTACAGCATA,G68L,1.0000,1.7247,74,6
CTATTTTGGCTGTACA,L51Q I550Q,0.0000,0.0000,0,5
CTATTTTGTACCAATA,P82aT,0.1742,0.1742,71,57
CTATTTTTAAGTCCCA,M-6T,0.0000,0.0000,0,7
CTATTTTTCTTTTAAG,F392W,0.1210,0.1210,77,89
CTCAAAAAACATAAAA,G275V,0.2863,0.2863,741,362
CTCAAAACCAGTATAC,E407I,0.0000,0.0000,0,10
CTCAAAAGTCCCTCTC,K9E A317P,0.0000,0.0000,0,2
CTCAAAATAAACCGAG,E434M,0.1150,0.1150,153,186
CTCAAAATAAGTCAAT,I550P,0.2929,0.2929,1221,583
CTCAAAATCCTTTTTG,,0.0981,0.0981,785,1119
CTCAAACCACATAAAT,L59F,0.0682,0.0682,158,324
CTCAAACTACTATCAT,V505K,0.3916,0.3916,56,20
CTCAAAGCTATACATC,,0.1782,0.1782,3217,2524
CTCAAAGGACACCGAT,,0.1194,0.1194,140,164
CTCAAAGTACATAATG,S136N Y201L,0.1175,0.1175,21,25
CTCAAAGTAGCGTCAT,V381M,0.0000,0.0000,0,3
CTCAAATAAGCATATC,Y195N L536P,nan,nan,0,0
CTCAAATACCAGCATC,G100M A317L,0.0000,0.0000,0,19
CTCAAATATAGAGGGA,E398C,0.2838,0.2838,69,34
CTCAAATATAGGTGTT,S247Y,0.0000,0.0000,0,1
CTCAAATATCTATATC,,0.1235,0.1235,515,583
CTCAACAAATAATCAA,V429N,0.0000,0.0000,0,6
CTCAACAAATACTATA,V481Y,0.0000,0.0000,0,2
CTCAACAATAACTTTA,F467G,nan,nan,0,0
CTCAACAATATACAAT,F332V,0.1384,0.1384,93,94
CTCAACAATCTAGTGT,N48G,0.0328,0.0328,27,115
CTCAACACGGTAAAGG,L213R,0.0939,0.0939,92,137
CTCAACAGGTGTTTCC,D95L,0.0260,0.0260,127,683
CTCAACATAACTGCCA,N186V,0.0209,0.0209,28,187
CTCAACCATAAACATC,V381D,0.0000,0.0000,0,38
CTCAACCGCGGGTGAG,G465D,0.0000,0.0000,0,2
CTCAACCTTTCGCAGC,H184K,nan,nan,0,0
CTCAACGAAACCTGGG,N129D,0.0827,0.0827,543,918
CTCAACGCCCCCTAAA,W84I Q211I,0.0000,0.0000,0,26
CTCAACGCTTTGTGTT,S113E T485I,0.0000,0.0000,0,4
CTCAACGGTCATTGTT,I123R D457G,0.0000,0.0000,0,8
CTCAACTAGAATACCA,,0.1577,0.1577,1297,1150
CTCAACTATGATGTAA,G484S,0.0000,0.0000,0,2
CTCAAGAGAGGGTCAC,T28Y H298P,1.0000,2.9367,21,1
CTCAAGAGATAAGGCG,R114S,1.0000,1.3984,130,13
CTCAAGATACAAGACT,I217L C539Y,0.0000,0.0000,0,3
CTCAAGCCCAAAAAAC,L430E,0.0000,0.0000,0,1
CTCAAGCCTAGACTCC,I217K N458F,0.0000,0.0000,0,26
CTCAAGGAGCTACAAA,D53N E83K E89K R90K D104N E107K D159N R220K E246K G249K E255K R321K D375N E398K E414K D415N E426K E434K R435K D441N D449N R452Q G465R E508K S509F W537*,0.2098,0.2098,3,2
CTCAAGTAACAATAAT,K310E M531V,0.1707,0.1707,105,86
CTCAATAATTAAGACT,T422E,nan,nan,0,0
CTCAATAGAAAGGCAA,E501R,0.0379,0.0379,29,107
CTCAATATACTTTGCC,N224S,0.1253,0.1253,837,934
CTCAATCACTCAAAAG,S492V,0.1109,0.1109,1756,2215
CTCAATCATTTCTTTA,N103R S543Y,0.2070,0.2070,4825,3260
CTCAATGAATGTAAAA,S290H,0.1816,0.1816,1739,1339
CTCAATGATCGCACTA,E426V,0.0000,0.0000,0,1
CTCAATGCAAAAAACA,N158G,0.2134,0.2134,2818,1847
CTCAATGCCAAGAAAC,R496N,0.1677,0.1677,1664,1388
CTCAATGCCTGCTAAC,A138T,0.0401,0.0401,49,171
CTCAATGTGGCAATAT,C539M,0.1169,0.1169,905,1083
CTCAATTACTAATAGA,,0.4295,0.4295,43,14
CTCACAAAAGCCGTTT,,0.1411,0.1411,800,793
CTCACAACTCCAGAAC,N33M R547G,0.1137,0.1137,61,75
CTCACAACTGCTAACT,G345T,0.1939,0.1939,323,233
CTCACACAAAGGAATG,I548Y,0.2198,0.2198,33,21
CTCACACAGGACTAAG,G341I,0.2290,0.2290,167,102
CTCACACGAAGTAATG,K412I,0.1174,0.1174,157,187
CTCACATCGCTAATAC,L1F G100C I406Y,1.0000,4.8945,70,2
CTCACATGAAAAAAGT,I29F,0.1249,0.1249,919,1029
CTCACATGGTAACCTG,S22K A495V,0.1299,0.1299,366,394
CTCACCACATCCCGAA,A93H,0.0293,0.0293,26,124
CTCACCACCATACCCT,N186Y T390D,0.1709,0.1709,33,27
CTCACCAGATAGACTA,L314S,0.0000,0.0000,0,21
CTCACCCCAAACTTTA,,0.1637,0.1637,2440,2085
CTCACCCGATTCCCCC,R435D,0.1330,0.1330,232,244
CTCACCCTTATAAGCA,,0.5594,0.5594,28,7
CTCACGCGCTCAAATC,,0.1478,0.1478,2777,2627
CTCACGCTAGCGAATA,Q40E K156Y,0.0000,0.0000,0,2
CTCACGCTGACCAATA,K196R T206I,0.0000,0.0000,0,1
CTCACGGTACACACCC,Q282G,0.0000,0.0000,0,2
CTCACTAGATCCTTAG,,0.0928,0.0928,274,413
CTCACTCTCCGTTATG,Y98I K411Y,0.0000,0.0000,0,3
CTCACTTAAGACTCAA,V420D,0.0000,0.0000,0,15
CTCAGAAATAGGTCTA,C277S,0.4322,0.4322,34,11
CTCAGAATCCCATTAC,E119N I182L,0.0706,0.0706,2389,4734
CTCAGAATGTTTCCAT,V451Y,0.0000,0.0000,0,2
CTCAGACAAACTGAAA,D175P,0.0000,0.0000,0,1
CTCAGACAATATCTAC,Q222L M538E,0.1779,0.1779,327,257
CTCAGACTCCTCTCAT,T192Q,0.1395,0.1395,1583,1587
CTCAGAGACGGCTAAG,K120M,0.1144,0.1144,489,598
CTCAGAGCGCATATCC,A257K A495K,0.0000,0.0000,0,8
CTCAGAGGTCGGGAAT,C76V,0.0000,0.0000,0,15
CTCAGAGTATTTTCAA,,0.1921,0.1921,412,300
CTCAGATAAAACGATA,R114H N458Q,1.0000,2.4473,35,2
CTCAGATCGGTTAAGA,H47D,0.0000,0.0000,0,12
CTCAGATGTATGAGAC,G303I,0.0000,0.0000,0,10
CTCAGATTGAGACAAA,,0.1594,0.1594,7949,6975
CTCAGCAACTATCAGT,,0.0954,0.0954,2097,3073
CTCAGCCGATGAATGG,,0.1334,0.1334,2189,2294
CTCAGCGCGATATACC,A138T H355G,0.0000,0.0000,0,7
CTCAGCGTTGCCACTT,S265H L455K C473Y,nan,nan,0,0
CTCAGGATCTGTCCTC,A214S E327W K367Q,0.1462,0.1462,3780,3616
CTCAGGATTGAGTACA,L427H,0.0000,0.0000,0,7
CTCAGGCAATCTCGAT,K157M,0.2298,0.2298,2056,1251
CTCAGGCAGAGTAGAT,F469H,nan,nan,0,0
CTCAGGCGATCGAGTG,P284I,0.2680,0.2680,138,72
CTCAGGGCAACTGTCT,I217S,0.0000,0.0000,0,26
CTCAGGTCTGAACACA,G100W,0.2908,0.2908,210,101
CTCAGGTTATAGCTTC,R173A,0.1155,0.1155,3505,4244
CTCAGTAATACACTTA,W153* A160W G333K,nan,nan,0,0
CTCAGTCGCCATCCTG,E-5Y K411E L544C,0.4452,0.4452,1092,343
CTCATAAAATGTATAA,D348H M531G,0.1393,0.1393,280,281
CTCATAAACTCCTCTG,I15A,0.0000,0.0000,0,1
CTCATAACCTAACGTC,,0.2828,0.2828,451,223
CTCATAACTCCTCACC,N158K A334M,0.7656,0.7656,1407,257
CTCATAATGACCACCT,L108E V481M,0.0000,0.0000,0,4
CTCATAATTTGAAAAT,V5T E83D F439R,0.0000,0.0000,0,2
CTCATACAAATGTAAA,,0.0835,0.0835,570,955
CTCATACATAAAGAAC,E24G K57Y,0.0000,0.0000,0,9
CTCATACCCAAACTAT,K498G,0.1319,0.1319,3913,4150
CTCATACCTGTACGCA,I374K,nan,nan,0,0
CTCATACGATTCTTGC,E432C K460R,0.1335,0.1335,1238,1297
CTCATAGAGTAGATTA,F232D,0.0045,0.0045,1,31
CTCATAGGACAAAAGG,N210R V381C,nan,nan,0,0
CTCATATGAACAGTTT,L320V,0.0946,0.0946,366,541
CTCATATGTACGCACA,N33A,0.0466,0.0466,1,3
CTCATATTAGTGATCA,T266S,0.1963,0.1963,2068,1473
CTCATCACATCCCGAC,A19W,0.1003,0.1003,33,46
CTCATCACATTTCATT,E78S S442Y,0.0673,0.0673,65,135
CTCATCCAACATCTAA,E493V,0.0704,0.0704,395,785
CTCATCCCCTCGCCGA,D104Q I517M,0.1772,0.1772,1470,1160
CTCATCGGCCCAAGAC,V223M,0.0000,0.0000,0,26
CTCATCGTTCATTTTG,A521P,nan,nan,0,0
CTCATCTGCCACACCA,T35K,nan,nan,0,0
CTCATGAAAAGTGTTC,L54C K280I,0.0000,0.0000,0,3
CTCATGAATCACGGTC,L427T,0.0000,0.0000,0,21
CTCATGAGCCGGCGCA,E461F,0.3860,0.3860,69,25
CTCATGATATCATTAC,T163I,0.1313,0.1313,9950,10600
CTCATGCAGATACCTA,I164P E476R,0.0000,0.0000,0,6
CTCATGGGAATCACAC,P74K,0.1745,0.1745,3130,2509
CTCATGGTAAGAGACA,,0.1196,0.1196,2368,2769
CTCATTAAGCATATAA,N169S R321* D366T T370M,0.0000,0.0000,0,1
CTCATTAGGAATTGCT,Q211L,0.1240,0.1240,2206,2487
CTCATTATAACCAAAT,A138V N400R,0.0000,0.0000,0,3
CTCATTCAAAAACTAA,R435K,0.1263,0.1263,1599,1771
CTCATTCGCATTGTAA,,0.1164,0.1164,243,292
CTCATTGAGAGGATAT,A218V,0.2218,0.2218,2259,1424
CTCATTGTAGTAAAAC,L51Y F439Q,0.9944,0.9944,64,9
CTCATTGTATTAAGAA,F245S,0.0000,0.0000,0,3
CTCATTGTCATGAAAT,L112Y L402V,nan,nan,0,0
CTCATTGTGAACTTGT,N186D D487H,0.0593,0.0593,148,349
CTCATTTAACTAATAA,,0.0487,0.0487,107,307
CTCATTTGGAATTATA,D474H,0.1249,0.1249,192,215
CTCCAAACTATTACGA,Y448D,0.0000,0.0000,0,16
CTCCAAATAAATCCTG,N289I L331H,0.0000,0.0000,0,1
CTCCAAATTAAAACGC,N169P G228N,nan,nan,0,0
CTCCAACACGCACCAG,A138D R227G,0.3246,0.3246,65,28
CTCCAACCGTTTAGTA,,0.3996,0.3996,20,7
CTCCAACTTAGGAAGA,,0.1162,0.1162,3051,3672
CTCCAAGAACGAATGA,P198G,0.1285,0.1285,442,481
CTCCAAGAACGATCTT,F294Y,0.0993,0.0993,527,742
CTCCAAGATAAGCAAA,K216A,0.0669,0.0669,439,917
CTCCAAGTATAAAATG,Y512H,0.0831,0.0831,740,1245
CTCCAAGTGATACAGC,,0.0000,0.0000,0,6
CTCCAAGTGCCCAATT,W69Q K450L,0.0000,0.0000,0,1
CTCCAATATAGTAAAC,R329I,0.0000,0.0000,0,2
CTCCAATATGCAGAAA,T206K D457E,0.0000,0.0000,0,3
CTCCAATGCTGTATTA,K109D,0.1295,0.1295,25,27
CTCCACAATAAGCATC,E398C,0.0722,0.0722,127,246
CTCCACACGTAGTGCC,K32M,0.1288,0.1288,1069,1161
CTCCACAGGCAACATC,,0.1016,0.1016,784,1079
CTCCACATATCAAAGG,T192Y,0.2240,0.2240,732,457
CTCCACCTAGTAGATA,Y195D,0.0000,0.0000,0,8
CTCCACGTTAGTAAAT,W84S,0.0000,0.0000,0,10
CTCCAGACCTAAAGGT,M292H,0.1096,0.1096,4281,5463
CTCCAGCATCATCACA,A287T Q490T,0.0000,0.0000,0,3
CTCCAGCGCAATTCAA,E-5N,0.1292,0.1292,423,458
CTCCAGGGCCATGCAC,P293N,0.0000,0.0000,0,1
CTCCAGTACATGATCC,T279S,0.0000,0.0000,0,49
CTCCAGTATTCAAGAA,G303E,0.0000,0.0000,0,4
CTCCAGTGTGTTTATA,L2W,0.1588,0.1588,2035,1792
CTCCAGTTTACACGAA,Q359D,0.1863,0.1863,2281,1712
CTCCATAGGCATGAAC,,0.1545,0.1545,1192,1079
CTCCATATTATAGCAC,I236W G271N,0.1464,0.1464,223,213
CTCCATCACCATCCAT,,0.1537,0.1537,300,273
CTCCATGATGCGACAT,T279K L437M,0.0000,0.0000,0,2
CTCCATGGGAAAGTTT,G249C,0.0000,0.0000,0,9
CTCCATTACCGAGAAT,N408K,0.0673,0.0673,51,106
CTCCATTACCTTTAAA,M292D,0.0000,0.0000,0,19
CTCCATTGCCACTCTG,S167H N322V T370F F469Q,0.0000,0.0000,0,1
CTCCCAAATTAATCAG,K460T,0.0000,0.0000,0,13
CTCCCAAATTTATAAT,S133G W350K,0.0000,0.0000,0,8
CTCCCAATGAAGTTGG,K45R S265R,nan,nan,0,0
CTCCCAATTAATCCAT,L43R,0.6992,0.6992,55,11
CTCCCACAGAATAAGC,T301S,0.1447,0.1447,2522,2438
CTCCCAGAAGCGGATG,K157W,0.1769,0.1769,2061,1629
CTCCCAGATAACTCAA,N379H,0.1449,0.1449,3057,2951
CTCCCAGTTCAATCAC,C549I,0.0895,0.0895,597,933
CTCCCATCAGACTCCA,L43A,nan,nan,0,0
CTCCCATCGATGGCTT,V-2A,0.1226,0.1226,2952,3368
CTCCCATTCCCAACGA,A93P,0.0911,0.0911,1211,1858
CTCCCCAACGAAATAG,T390A,0.1211,0.1211,136,157
CTCCCCAATCATGGTT,,0.0925,0.0925,498,753
CTCCCCAATCCAGCCA,Y258Q,0.5873,0.5873,84,20
CTCCCCACATGAAGAA,M388V,0.1050,0.1050,220,293
CTCCCGCCACTCACAC,A336I N458D,0.0000,0.0000,0,6
CTCCCGCGGACTAGTG,,0.1793,0.1793,4576,3569
CTCCCGCTCTGTCAGG,E501Y,0.1434,0.1434,3347,3264
CTCCCGTAGCCTAGAA,N224W,0.0752,0.0752,424,789
CTCCCTAAACCTCGCT,L427H,0.3922,0.3922,115,41
CTCCCTAAGACGATTT,G349I,0.0000,0.0000,0,1
CTCCCTACATACGTCA,K9V N464Q,0.0000,0.0000,0,5
CTCCCTACCAACCTCA,S323A,0.1505,0.1505,580,539
CTCCCTAGAATTACCC,G349Q,0.0000,0.0000,0,7
CTCCCTATTAATATAT,F79E,nan,nan,0,0
CTCCCTCCCTGACAGA,R114S,nan,nan,0,0
CTCCCTCTACACAAAT,S10C,0.3427,0.3427,223,91
CTCCGAAAAAAAAACA,G303N,0.0000,0.0000,0,9
CTCCGATATATGGAAG,,0.1809,0.1809,2094,1619
CTCCGATCACTACAAA,D386Y,0.0655,0.0655,22,47
CTCCGATTTATCCTAC,S146F E327F,0.1114,0.1114,2496,3134
CTCCGCATCTCATAAC,Q371S,0.1979,0.1979,3844,2716
CTCCGCCGCAAGTGAC,,0.0000,0.0000,0,44
CTCCGCGCCGTAAGTT,A3K S270M,0.0000,0.0000,0,5
CTCCGCTGCTCATACT,,0.0613,0.0613,2153,4913
CTCCGCTTGTGGCCGC,A287L,0.0000,0.0000,0,2
CTCCGGACTTCCTCCC,Q226E,0.1099,0.1099,77,98
CTCCGTACATGTTTAA,I374H,0.5230,0.5230,288,77
CTCCGTCGAAGCGTTT,V151M,0.1380,0.1380,2767,2803
CTCCGTGAGATTAAGA,,nan,nan,0,0
CTCCTAACCAGTCCTG,T171Y,0.1310,0.1310,177,189
CTCCTAAGAACCCAGG,A425H,0.0000,0.0000,0,2
CTCCTAATAATCAATA,A257F,0.1352,0.1352,29,30
CTCCTACAACGACCGC,T301G,0.1411,0.1411,892,884
CTCCTACATACGCGAT,P125T,0.1025,0.1025,2446,3336
CTCCTACCAAACACTC,G341E,0.0000,0.0000,0,21
CTCCTACGGGTTCCAG,E479K,0.1249,0.1249,1616,1809
CTCCTACTGATAATTT,N172I,0.1317,0.1317,2606,2767
CTCCTAGGTGGTCCAT,L194N,0.2654,0.2654,1192,628
CTCCTATACTGCATTG,H244Q,0.0556,0.0556,29,73
CTCCTCAACGTTATAT,N400V,nan,nan,0,0
CTCCTCATATTCTACT,C14M,1.0000,1.2586,27,3
CTCCTCCCAGACCACA,W421D P489L,0.0000,0.0000,0,3
CTCCTCGACCACGCCT,N389V,0.2157,0.2157,2147,1392
CTCCTCTAGAACGAGC,,0.2108,0.2108,683,453
CTCCTCTAGTTCTAGA,K450F,0.0909,0.0909,275,423
CTCCTCTCATACGTAA,L2K R81T,0.1305,0.1305,28,30
CTCCTCTCTCACCTAA,S323Y,0.0863,0.0863,163,264
CTCCTCTGATATCACA,S203Y,0.0772,0.0772,375,679
CTCCTGAAAATCGCCA,,0.0827,0.0827,107,181
CTCCTGAATTGCCATA,F148A,0.0170,0.0170,22,181
CTCCTGACATAGCGAG,T37E E493L,0.0000,0.0000,0,2
CTCCTGATTCCAAACA,A218F,0.0143,0.0143,77,752
CTCCTGCGCGATCCAA,,0.0000,0.0000,0,23
CTCCTGCGCTTTACAT,F251V,0.1370,0.1370,1058,1080
CTCCTGTGAGACCAGC,V5N S85R,0.1478,0.1478,261,247
CTCCTGTTAATCGCAT,W343* S492P,0.0000,0.0000,0,4
CTCCTGTTAGGCAAAT,M111H G303M,1.0000,1.4450,31,3
CTCCTTACAAAAAGTA,V451F,nan,nan,0,0
CTCCTTAGAGAGTTAA,E434D S492E,0.0856,0.0856,248,405
CTCCTTAGTTCTATCC,K506I,0.1964,0.1964,6669,4749
CTCCTTCAATTTACAT,L51D,0.1079,0.1079,27,35
CTCCTTTAATAGGCGT,N289S,0.0668,0.0668,309,647
CTCCTTTGATAATTTA,,0.1647,0.1647,4977,4227
CTCGAAAACTGGAATA,D95R A242R,0.1156,0.1156,731,884
CTCGAAACCTAATGTG,C546N,0.3613,0.3613,186,72
CTCGAAATCACATCCC,V309W,0.0000,0.0000,0,22
CTCGAAATTAACCTAG,,0.3356,0.3356,48,20
CTCGAAATTTAGGAAT,Q490S,0.0841,0.0841,3650,6069
CTCGAACCCACTTCCA,E31K,0.0999,0.0999,883,1236
CTCGAACTGGAATCTT,T390Q,0.1280,0.1280,1618,1768
CTCGAAGCTATTCTTT,Y488W,0.0963,0.0963,720,1046
CTCGAAGTCCTACTCT,E476R,0.1106,0.1106,987,1248
CTCGACAGATTTCCCA,,0.1377,0.1377,917,931
CTCGACCATGAGAATC,K506H,0.1094,0.1094,255,326
CTCGACGATCCGACAA,Q513T,0.1062,0.1062,256,337
CTCGACGTATAGAGTG,,0.0549,0.0549,143,364
CTCGACTAATAAGACT,K472M,0.0913,0.0913,961,1472
CTCGACTAGCTAAAAG,S167D V285M,0.0710,0.0710,796,1568
CTCGACTCTTCGGGTA,K262aD,0.2733,0.2733,43,22
CTCGACTTCGAAATAT,N187E,0.0175,0.0175,736,5884
CTCGAGAACTAACACA,G72S,0.1979,0.1979,668,472
CTCGAGATATTTTGGC,V272N,0.1944,0.1944,139,100
CTCGAGGAGCTACAAA,S509F,0.1467,0.1467,7138,6803
CTCGAGGTACCAAACG,S519G,0.1052,0.1052,780,1037
CTCGAGTATGCAGACG,A67M,0.0558,0.0558,243,609
CTCGATACAAATAACC,K310Y,0.4090,0.4090,117,40
CTCGATACCAATAATA,I164G I514R,1.0000,3.8457,55,2
CTCGATACGCTTAATA,G341T,0.0000,0.0000,0,32
CTCGCAATACTACTGC,D231E,0.0000,0.0000,0,3
CTCGCACACTCATACA,S203C,0.1488,0.1488,3271,3074
CTCGCACAGCAAGAAA,,0.0425,0.0425,69,227
CTCGCAGAAAGATACT,R482T,0.3108,0.3108,600,270
CTCGCATGTCCCAACA,,0.1572,0.1572,5736,5104
CTCGCATTCAAGATCC,M-6C,nan,nan,0,0
CTCGCCAATCTGTTAA,G416R,1.0000,inf,49,0
CTCGCCACCATAAAAA,I202F,0.1155,0.1155,95,115
CTCGCCATCCTATGAC,,0.0783,0.0783,56,100
CTCGCCCATGCTATAT,I260R,nan,nan,0,0
CTCGCCCTAAATTCGG,W234T,0.0000,0.0000,0,6
CTCGCCTAAATACATT,I60V E500I,0.0000,0.0000,0,94
CTCGCCTATATTATTT,K328cY,1.0000,1.0372,89,12
CTCGCGACAACCGTTA,E407N,1.0000,2.7969,20,1
CTCGCGGGAAGCAACA,N33E,0.1543,0.1543,1519,1377
CTCGCGGTTAACAAGT,Q371A,0.0000,0.0000,0,57
CTCGCGTAAAACAAAT,Q359D,0.1195,0.1195,463,542
CTCGCTACCTCTAATT,R81C R404H,0.2750,0.2750,8735,4442
CTCGGAGCTAACTACA,,0.0000,0.0000,0,6
CTCGGATACAATTACC,Y448I,0.0000,0.0000,0,21
CTCGGATAGACTTCAC,,0.1551,0.1551,1734,1563
CTCGGATCTTCATTGG,K307D,0.1794,0.1794,68,53
CTCGGCAAATTCACCT,L179F,0.0995,0.0995,1281,1801
CTCGGCAATAGCAAAA,T35W,0.1228,0.1228,1580,1800
CTCGGCACTTACGTTA,A160W E368G,0.0874,0.0874,267,427
CTCGGCAGAAGGCTGA,H183L,0.0000,0.0000,0,32
CTCGGCGAAAGGTCCA,A91E L300E,0.1303,0.1303,41,44
CTCGGCGATCCGAATT,L102I,0.1049,0.1049,582,776
CTCGGCTGGATGGCCA,H18L,0.1261,0.1261,783,868
CTCGGCTTTAAAATTA,Y274Q S480I,1.0000,inf,31,0
CTCGGGCTCAACTAAT,L437P,nan,nan,0,0
CTCGGTTAATAAATAC,C139F G181M,0.0000,0.0000,0,4
CTCGGTTTGGGTCTGT,K411F D419Y,nan,nan,0,0
CTCGTAAATCTGCTAT,L325A,0.1644,0.1644,3267,2779
CTCGTAATAAACCGCG,N443P,0.2250,0.2250,37,23
CTCGTACTAACTGTCA,R81C,0.2505,0.2505,283,158
CTCGTACTGACAAATT,Q211C,0.1555,0.1555,2080,1871
CTCGTATCGAATATAT,,nan,nan,0,0
CTCGTCTGCGGCAGGA,K45I,0.1130,0.1130,1898,2348
CTCGTGAAACCCCTTT,V505W,0.4070,0.4070,454,156
CTCGTGAACAAAAAAG,L2W,0.1873,0.1873,994,742
CTCGTGAGAGTGGAAA,A425E,0.0000,0.0000,0,7
CTCGTTCAATAATAGG,T485F,0.1036,0.1036,3186,4302
CTCGTTCCGCATCACA,V82F,0.1076,0.1076,10,13
CTCGTTTAAATATATG,,0.1206,0.1206,138,160
CTCGTTTGACAATCTG,M30H S291F H440R,0.0000,0.0000,0,5
CTCGTTTTAATCCCCT,V420P,0.0000,0.0000,0,3
CTCTAAAAGAATTAAG,T235R C546P,1.0000,2.9367,21,1
CTCTAAAATGAATAAA,S361H,0.1719,0.1719,59,48
CTCTAACAACTAAATT,L70W,0.3396,0.3396,17,7
CTCTAACAGAATATTA,Y86W,nan,nan,0,0
CTCTAACATAAGTCCG,S523Y,0.0000,0.0000,0,18
CTCTAACCTACTCCAA,S509F,0.1050,0.1050,1775,2364
CTCTAACTCCGGCCCA,V505M C549R,0.1103,0.1103,56,71
CTCTAAGATCGCATGG,T28N P140H N446R,nan,nan,0,0
CTCTAAGTATGAGGCG,E358P,0.0870,0.0870,388,624
CTCTAATAAAAAACAA,G333R,0.2274,0.2274,1213,746
CTCTAATAAGTCGAAG,R329I,1.0000,1.8879,54,4
CTCTAATTCCCACTTA,L194Q K460A,0.0000,0.0000,0,2
CTCTACAAAAACAATG,R452W,nan,nan,0,0
CTCTACAAATAGAATA,S265R,0.4462,0.4462,134,42
CTCTACACACATGTTC,S167R R496W,0.1104,0.1104,1130,1432
CTCTACACTCAGCTTG,,0.0568,0.0568,347,854
CTCTACAGCTCATAAG,F467V,0.2816,0.2816,292,145
CTCTACATACCTTTCC,,0.1330,0.1330,137,144
CTCTACCGAAGTGAGG,P239T,0.0882,0.0882,220,349
CTCTACCGGGATACAA,F148C,0.1818,0.1818,52,40
CTCTACCTACTGAAGT,M268K,0.0000,0.0000,0,2
CTCTACCTATATTAAT,L176S,0.3532,0.3532,346,137
CTCTACCTCTATCGGG,I385W,0.5943,0.5943,34,8
CTCTAGAATAACTACC,R114K G134S,0.4776,0.4776,222,65
CTCTAGCAAAAGAAAA,,0.1989,0.1989,6466,4546
CTCTAGCCCAAACCCA,,0.2023,0.2023,570,394
CTCTAGCTTCAAAGAT,V8G,0.0838,0.0838,551,920
CTCTAGGCTAGGCCCC,S519L,1.0000,1.0022,172,24
CTCTATACTCATTTTC,T200G,0.1314,0.1314,2571,2736
CTCTATACTGACCTCA,W350F,0.1697,0.1697,91,75
CTCTATCACATTTCCC,,0.1576,0.1576,11024,9781
CTCTATGTATCCGAGG,A425L,0.0000,0.0000,0,9
CTCTATTACACTACCG,L108F N464L,0.1771,0.1771,38,30
CTCTATTACAGCTATT,I164H,0.0531,0.0531,360,948
CTCTATTCCAATGGTC,I339D,1.0000,1.5499,133,12
CTCTATTGCACGCCTA,L-1W,0.1499,0.1499,700,653
CTCTATTTCGGATTGG,N169E R321V T370D F469T,nan,nan,0,0
CTCTCAAACGAAACAG,,0.1830,0.1830,4303,3289
CTCTCAAGCGTCTAGC,F233D V429E,0.0000,0.0000,0,7
CTCTCAATCGTAACAA,V451Q,0.0787,0.0787,232,412
CTCTCAATTTAAAGCC,D63P E190W,0.0000,0.0000,0,2
CTCTCACAAAGGATCA,R328bV,0.1569,0.1569,442,394
CTCTCACAGATTAAAA,V8C,0.0898,0.0898,780,1215
CTCTCACATCCCTGAG,I502W,nan,nan,0,0
CTCTCACCACTGGTTT,I80V M538R,0.0887,0.0887,309,487
CTCTCATACAAATATC,G49E T370*,1.0000,1.0425,82,11
CTCTCATCTGAATTAT,Q490C,0.1876,0.1876,6952,5182
CTCTCATGCAGTCACT,T171H,0.0000,0.0000,0,10
CTCTCCAAAAATAACA,A394R,0.5912,0.5912,93,22
CTCTCCAATATAAAAC,A188S,0.3557,0.3557,262,103
CTCTCCAATTACCCCC,N169H R321P T370G F469*,nan,nan,0,0
CTCTCCACGACAGATG,A144T A253E,0.3251,0.3251,93,40
CTCTCCAGACACTACT,,0.2597,0.2597,39,21
CTCTCCCCGTATGCAA,A287W,0.0000,0.0000,0,2
CTCTCCGCATGCTCCC,D95I,0.1562,0.1562,382,342
CTCTCCTCCCAGCCAA,A521I,0.1448,0.1448,1278,1234
CTCTCGCCAAAGAAAG,,0.1382,0.1382,3621,3663
CTCTCGGTAATTACGC,G303I,nan,nan,0,0
CTCTCTAAAAGCAAAA,L7M T35Y,0.0865,0.0865,2959,4783
CTCTCTCCAACTGTTC,N169V R321K K367* F469K,0.1598,0.1598,8,7
CTCTCTGACAAAACTT,D53W,0.4545,0.4545,52,16
CTCTCTGAGCGCCAAC,Y256K V429Y,0.0000,0.0000,0,5
CTCTCTGAGGTACATA,A365C,0.1045,0.1045,541,724
CTCTCTGCAACTTGAC,D77H,0.0988,0.0988,2656,3758
CTCTCTGGAATACGAC,V285R Q490G,0.0000,0.0000,0,91
CTCTCTGTATTTTACC,D11V K506Q,0.0000,0.0000,0,2
CTCTCTTCCAACACGG,C14K,0.0000,0.0000,0,10
CTCTCTTTCACATACA,T279Q D474Y,0.0000,0.0000,0,1
CTCTGAAGGAACACGA,T318N,nan,nan,0,0
CTCTGACCTAACGTCT,G100D I121P,0.0000,0.0000,0,6
CTCTGAGAACGATCGG,Y363W,0.1058,0.1058,87,115
CTCTGAGTTTCAAGAT,T390G,0.0699,0.0699,155,310
CTCTGATAAATCATCT,S125bG,0.0763,0.0763,405,742
CTCTGATGTACTTCAG,D375T,0.1611,0.1611,129,112
CTCTGATTAGCTAACA,,0.1639,0.1639,5258,4485
CTCTGCAAAAAAAGAT,,0.0000,0.0000,0,9
CTCTGCAAATCGGTAA,Y351I,1.0000,2.2375,32,2
CTCTGCCATACAATCG,A138C,0.0000,0.0000,0,2
CTCTGCCTAGATCCCA,D457Q,0.0921,0.0921,2768,4205
CTCTGCCTTCCCCTTC,A218K,0.2098,0.2098,15,10
CTCTGGAAAATAGACA,,0.1858,0.1858,295,222
CTCTGGAAAGTGAACT,,0.0713,0.0713,134,263
CTCTGGAACCCAGTGA,K498L,0.1632,0.1632,10407,8919
CTCTGGAATATATGCA,K32L,0.1029,0.1029,92,125
CTCTGGATAATTACTA,Y141F G337E,0.3604,0.3604,67,26
CTCTGTAAGAATGATA,Q226L,0.0117,0.0117,198,2362
CTCTGTCGAGCACCTG,D53M,0.1713,0.1713,2480,2025
CTCTTAAAAAGTAAAT,S85P Q226Y G533S Q545N,0.0000,0.0000,0,1
CTCTTAACTGGAGAGC,,0.0161,0.0161,57,496
CTCTTAAGGGATACTG,G362D,0.1381,0.1381,639,647
CTCTTAATGACAGAGT,N400R,0.1432,0.1432,43,42
CTCTTAATTATTTAGT,F233P F469K,nan,nan,0,0
CTCTTACAAAGCACAG,L51W,0.8041,0.8041,69,12
CTCTTACGAATTCATT,E393P,nan,nan,0,0
CTCTTACTAAAATTTT,H18T,0.1969,0.1969,145,103
CTCTTACTTGCTAGTT,R220T,0.0000,0.0000,0,2
CTCTTAGAAGGTTGCG,E-5L G362C,0.0423,0.0423,72,238
CTCTTAGACACCATTA,A257V,0.1492,0.1492,96,90
CTCTTAGAGGGAAGTA,M-6C,0.2397,0.2397,24,14
CTCTTAGCATTAGACG,N150Y,0.0849,0.0849,934,1538
CTCTTAGTATCACACG,K45V,0.0283,0.0283,38,188
CTCTTATACTGCCGAG,Y195P P324R,0.0000,0.0000,0,3
CTCTTCAAATCACCTG,I202H A394Y,0.3566,0.3566,51,20
CTCTTCCAAATCCGAA,,0.0000,0.0000,0,3
CTCTTCCAAGGACTCA,L320Q C466V,0.0000,0.0000,0,12
CTCTTCCGATGTTATT,N464R,0.0538,0.0538,50,130
CTCTTCCTAAAATCAT,C76* A253N V272M,0.0000,0.0000,0,7
CTCTTCGGACCAATTG,S361L,0.1000,0.1000,394,551
CTCTTCGGAGAATAGA,,0.0882,0.0882,1413,2241
CTCTTCTAGGCGTATG,L213I,0.1124,0.1124,824,1025
CTCTTGGAGAATTGAT,P140C Q513K,0.2590,0.2590,389,210
CTCTTGGATTGCGGTT,Q513I,0.1292,0.1292,194,210
CTCTTGTTATAACTCG,C473L,0.0000,0.0000,0,1
CTCTTTACCAACTAAC,L453D,0.0117,0.0117,2,24
CTCTTTACCCACCGTG,,0.1737,0.1737,2980,2399
CTCTTTCCGATGCATC,C473P,0.0000,0.0000,0,2
CTCTTTGACTATATGA,P324W,0.0822,0.0822,137,233
CTCTTTTACAAACCAT,Q226P F399R,nan,nan,0,0
CTGAAAAAAAAGACAA,P293D,nan,nan,0,0
CTGAAAAAACCTTTTT,,0.2297,0.2297,69,42
CTGAAAAAATAATTCA,I260N,nan,nan,0,0
CTGAAAAAATCCAGGG,Y105E I502Q,0.0000,0.0000,0,3
CTGAAAAATAGAGAGT,G396V N400P,0.0000,0.0000,0,1
CTGAAAAGTGTATCAA,S146H Q344V,0.1078,0.1078,508,659
CTGAAAATTTCGTTCT,A287T,0.9090,0.9090,13,2
CTGAAACACCAACCTG,C473P,0.0000,0.0000,0,10
CTGAAACAGAATAATA,C277Y,nan,nan,0,0
CTGAAACCATATCCAC,P92aA,0.2814,0.2814,4188,2081
CTGAAAGAAGATTTAT,F147M N464Q,0.0908,0.0908,76,117
CTGAAAGACACCGCCC,Q142G,0.2501,0.2501,279,156
CTGAAAGATAGGAAGC,H471P,nan,nan,0,0
CTGAAAGATGGTATCT,N169P G228N,0.0000,0.0000,0,14
CTGAAATAAGTGGCTT,Q40W L430M,0.0000,0.0000,0,20
CTGAAATATTGCAATA,I288R,0.0699,0.0699,1,2
CTGAAATGTTAAGGAG,E24Y,0.1656,0.1656,662,559
CTGAACAAATGCTGCT,G225F,0.0542,0.0542,31,80
CTGAACATATGGCATA,N94C,0.0000,0.0000,0,32
CTGAACATGTTCTTTC,A334E R496D,0.0000,0.0000,0,1
CTGAACCAACGTGTAC,T163V T520H,0.0000,0.0000,0,4
CTGAACCCCAAGCTGA,L544D,1.0000,1.1187,40,5
CTGAACCTACGAGATA,R173Y,0.5504,0.5504,2385,606
CTGAACTAATGAGCCG,N389E,0.1773,0.1773,1940,1530
CTGAACTAGCGGCTAG,F245I,nan,nan,0,0
CTGAACTCACACAACA,F399E,nan,nan,0,0
CTGAAGAAGAGTTCAG,G16D W153M I514E,0.0000,0.0000,0,5
CTGAAGAGTAGTCCAA,M531H,0.0000,0.0000,0,8
CTGAAGCCGGGACGCT,S22M,0.0297,0.0297,130,613
CTGAAGCGTGATATGA,N73S,0.1551,0.1551,1641,1480
CTGAATAAAATGTTTC,W421L,0.0000,0.0000,0,5
CTGAATAAAATTAGTG,R90I W234N,0.0000,0.0000,0,1
CTGAATAAATCAGAAA,D457C,0.0000,0.0000,0,2
CTGAATAATAGACAGG,I335T M431I,0.0000,0.0000,0,5
CTGAATATAGAGAATT,L428P,nan,nan,0,0
CTGAATATCATTAAAA,,0.3263,0.3263,7,3
CTGAATATCTACTTGT,V34G S167K T370S F469E,0.0000,0.0000,0,5
CTGAATATTTAAATTG,E174D E476D,0.1770,0.1770,8772,6931
CTGAATCAAATATTTA,R149M,0.1580,0.1580,10212,9041
CTGAATCAACGGTCGA,V429C D438Y,nan,nan,0,0
CTGAATCACTAAGCCA,V309E,0.1678,0.1678,6,5
CTGAATCACTGTAATA,D95L N210R,nan,nan,0,0
CTGAATCCATCAAGAG,R321M H471F,0.0000,0.0000,0,3
CTGAATCTCTAGGCGA,S6H,0.1177,0.1177,952,1131
CTGAATGACTTAAAGG,D53N T219G,0.0970,0.0970,552,796
CTGAATGCCTACGAAA,V5K G484R,0.1169,0.1169,56,67
CTGAATGTAATAAACA,,0.1463,0.1463,203,194
CTGAATTAACTGCCCC,,0.1439,0.1439,602,585
CTGAATTAAGACCTAC,R405I,0.1998,0.1998,20,14
CTGAATTAATAATAGG,E461D,0.8191,0.8191,41,7
CTGAATTCCAACAATA,N289R H354Q,0.0896,0.0896,182,284
CTGACAAACGGTTTCT,,0.1501,0.1501,2071,1929
CTGACAACTCACGGAT,D11T Q226E,0.2161,0.2161,34,22
CTGACAAGTTAATAGG,C14Y D95Q,0.0000,0.0000,0,13
CTGACAATACTAGAAA,P99D N424M,nan,nan,0,0
CTGACACAAATTAACA,I4R D77V,0.0000,0.0000,0,1
CTGACACAACCTATGA,E500M,0.2094,0.2094,1478,987
CTGACACAATCTACAC,V34W,nan,nan,0,0
CTGACACAGTCAAAAA,,nan,nan,0,0
CTGACAGAACGATAAA,,0.0684,0.0684,22,45
CTGACATGCAAAATTA,N-4T R321T S369G C546Y,0.0000,0.0000,0,4
CTGACATTGTGTATCT,V420D,0.0000,0.0000,0,1
CTGACATTTCCGAATT,A188E,0.0931,0.0931,1190,1787
CTGACCAAAAAGCTAC,D474F,0.0307,0.0307,18,82
CTGACCAACTTGCTAT,,0.2394,0.2394,630,368
CTGACCACAGTCTTTT,A19P N33L Y363L,0.0000,0.0000,0,7
CTGACCACCTTTATAT,M-6E,0.0000,0.0000,0,3
CTGACCATCCGGCAAG,,0.0910,0.0910,1043,1603
CTGACCATTCAAGAAA,A93Q,0.1812,0.1812,5905,4556
CTGACCCATTACTACA,,0.1553,0.1553,24141,21732
CTGACCCCCGCCCTCC,S492Y,0.1405,0.1405,1269,1263
CTGACCCGCTTGTCCC,K156L,0.1017,0.1017,56,77
CTGACCTAAGAAATCT,I236D,0.4060,0.4060,180,62
CTGACCTTTAGGGCAC,,0.0938,0.0938,457,681
CTGACGAAGGTAGCTT,T171K,0.2056,0.2056,6304,4287
CTGACGAGACCTTACT,C466A,nan,nan,0,0
CTGACGAGAGCTTGCA,,0.1780,0.1780,1568,1232
CTGACGATCCACAAGC,A317G,0.1008,0.1008,859,1192
CTGACGCAAGTAGGAG,,0.2225,0.2225,1424,895
CTGACGCTGAACGACA,L179R,0.0000,0.0000,0,15
CTGACGCTTTTACGTT,E24M I548S,0.6807,0.6807,258,53
CTGACGGTTTGATATA,,0.1717,0.1717,2141,1744
CTGACTAAACTGTGAG,C52E L179I,0.0000,0.0000,0,8
CTGACTACATTAGAGA,L320N,0.0587,0.0587,123,293
CTGACTATTGAAGACA,L437V,nan,nan,0,0
CTGACTATTGTGAACT,,0.1985,0.1985,6246,4400
CTGACTCTTCGCCCAC,,0.1239,0.1239,9304,10499
CTGACTTAGCACCGAT,T46V,0.1494,0.1494,1252,1172
CTGACTTCACCTTGGT,,0.1236,0.1236,167,189
CTGACTTTATGTGAAG,T206I I236K T485K,nan,nan,0,0
CTGAGAAAAACGATTA,S113R,1.0000,inf,22,0
CTGAGAAACACAAGAA,N94S,0.1500,0.1500,2367,2206
CTGAGACGAAAGAATA,E461D,0.1119,0.1119,152,190
CTGAGACGCTAAGAAG,V381A,0.1089,0.1089,451,579
CTGAGAGCAGCAGGTC,,0.1383,0.1383,883,893
CTGAGATCACATTGCA,P74L,0.0000,0.0000,0,8
CTGAGCGAAGTTATCA,,0.1633,0.1633,4573,3915
CTGAGCGACACAACAC,G504Y,0.0000,0.0000,0,15
CTGAGCTCTACCACGA,E358I,0.1407,0.1407,328,326
CTGAGGCAACAATAAT,D27R W153T,0.3208,0.3208,39,17
CTGAGGCCCTTTCACA,A39P N169P T370S F469Q,0.0000,0.0000,0,5
CTGAGGTAACAATAAA,L108M A394S,0.0546,0.0546,248,635
CTGAGTAAGAATGTCT,W69* K450A,nan,nan,0,0
CTGAGTACTTAATAAC,S185A,0.1734,0.1734,4989,4023
CTGAGTAGAAATAAAC,T283K,0.0000,0.0000,0,26
CTGAGTATATAACATA,Q222A,0.2039,0.2039,35,24
CTGAGTATCCATGTAC,,0.0000,0.0000,0,34
CTGAGTCCAAACTGCA,,0.1545,0.1545,684,619
CTGAGTCGTCCGGAAG,I548M,0.1369,0.1369,413,422
CTGAGTTACTATTGTG,L154K,0.0000,0.0000,0,27
CTGAGTTATCCACATC,Q359C,0.2402,0.2402,359,209
CTGATAAACCAGTACC,M75A K498V,0.1551,0.1551,1436,1295
CTGATAAGATCCCAGA,F417G I502L,0.0466,0.0466,2,6
CTGATACCGCAATACT,V429L E493K,0.1548,0.1548,31,28
CTGATACGCCTTAAAT,L418H,nan,nan,0,0
CTGATAGAAAAGCATA,R114Q,0.2282,0.2282,638,391
CTGATAGAATATTAGC,,0.1992,0.1992,2376,1668
CTGATAGAGAACATTC,,0.5486,0.5486,51,13
CTGATAGATTAATAAG,Y161I,0.1295,0.1295,25,27
CTGATAGTGTCAGAGC,P299T I548N,0.1435,0.1435,39,38
CTGATATACTGATCAT,L427F,0.1158,0.1158,601,726
CTGATATCCGGTGGGG,,0.0000,0.0000,0,5
CTGATATGTTCTCTGA,R227K,0.0874,0.0874,420,672
CTGATATTAAACCGCG,P293N,nan,nan,0,0
CTGATATTAATCTGAA,D95F,0.1081,0.1081,109,141
CTGATATTGATCTTTA,T192D,0.0892,0.0892,3129,4907
CTGATATTGTTAAAGA,C305D,0.0000,0.0000,0,2
CTGATCACTTTCCGTA,G303D,0.0000,0.0000,0,2
CTGATCAGCTAGCCCA,G263V E273L,0.0000,0.0000,0,23
CTGATCATCCTGCAGC,G337F,0.0000,0.0000,0,2
CTGATCGCGTCCTGCC,S291V,0.1000,0.1000,555,776
CTGATGAGTGGAGCCT,Y486R,0.2175,0.2175,28,18
CTGATGCAAGAGAGCA,S247K,nan,nan,0,0
CTGATGGCGAGCGTAC,I385S,0.0941,0.0941,304,452
CTGATGTGTTATTTAT,L2H Y274P,0.3373,0.3373,41,17
CTGATTGAATAGGTGA,A257W,0.0000,0.0000,0,2
CTGATTTCGGGGTGAG,R81N,0.0993,0.0993,147,207
CTGATTTTCAAATATC,L213P,0.0000,0.0000,0,24
CTGCAAAACAACATCA,C549N,nan,nan,0,0
CTGCAAACACCAGCGG,,0.1941,0.1941,1220,879
CTGCAAACGGTTGCCT,,0.1317,0.1317,130,138
CTGCAAGGGAGGCGGA,M30L S492E,0.0848,0.0848,182,300
CTGCAATACAGATTAA,V429T,0.0924,0.0924,1021,1546
CTGCAATTACCAGTCC,A39Q,0.0000,0.0000,0,1
CTGCACAAAAATATAC,H47N,0.0878,0.0878,3504,5578
CTGCACCAGTCAACTC,,0.1589,0.1589,1465,1289
CTGCACCTCTCGTCCT,,0.1104,0.1104,3668,4646
CTGCAGGCCATGTCTG,N389L,0.2545,0.2545,939,516
CTGCAGTGACGCAACA,I339W,0.8257,0.8257,124,21
CTGCAGTGATCTCACC,N446K,0.2315,0.2315,1397,844
CTGCATAAAGAATACA,,0.0000,0.0000,0,35
CTGCATATATATGGAT,,0.1286,0.1286,149,162
CTGCATCAAAAGATGT,L462V,0.1548,0.1548,3887,3512
CTGCATCCATAAATAA,G16P,nan,nan,0,0
CTGCATCGAAAATAGG,,1.0000,2.4239,104,6
CTGCATGTAACAAGAA,H117Y F118N,0.1442,0.1442,164,159
CTGCATTGCACGCTGG,G68V,0.0000,0.0000,0,6
CTGCATTGTAATGGTG,K216M,0.0565,0.0565,967,2392
CTGCCAGCGAGTTAGT,S167K N322H T370R,nan,nan,0,0
CTGCCATAAAACCACG,,0.0000,0.0000,0,1
CTGCCCATTTCAAGGG,P239G,0.0582,0.0582,836,2008
CTGCCCCAGGTATCAG,S85T V381M,nan,nan,0,0
CTGCCCCCTTGCAGCG,A3S,0.1383,0.1383,7325,7409
CTGCCCCTATACCCTT,I123M W127M,nan,nan,0,0
CTGCCCTCGGCGTAGG,I302Y,0.0000,0.0000,0,4
CTGCCGAATCCTCTTC,I217K,0.0610,0.0610,232,532
CTGCCGCGCATGTACT,L71S D231G,0.0000,0.0000,0,8
CTGCCGCTCTTAAGCT,T318M,0.1024,0.1024,785,1072
CTGCCGGATAGTACCA,E190N,0.0000,0.0000,0,4
CTGCCGTAGCAAATTA,,0.1118,0.1118,323,404
CTGCCTATAGATTAAG,R405C C466E,nan,nan,0,0
CTGCCTATTGGTGTAT,E494L,0.1578,0.1578,4887,4330
CTGCCTCAGGGGGAAG,K411L,0.1204,0.1204,31,36
CTGCCTCATGGGCGAA,Y488K,0.0914,0.0914,17,26
CTGCCTGAACACTAAA,L70R,nan,nan,0,0
CTGCCTGACAATCGTA,N446G,0.1401,0.1401,583,582
CTGCCTGTGGTTGAAA,P82aK G463C R482F,0.0000,0.0000,0,18
CTGCGAACCTTAGATA,H354K,0.1681,0.1681,1105,919
CTGCGAATTCAATTTC,V151L,0.1810,0.1810,1249,965
CTGCGAGAATACAGTT,L437S,0.0000,0.0000,0,1
CTGCGATCAGACTGAC,E327H,0.1833,0.1833,999,762
CTGCGGATCAGATCTC,E403K D438N,0.0000,0.0000,0,4
CTGCGTCAGTAAGGGC,,0.1748,0.1748,1871,1497
CTGCGTCGTCTCACAG,A334Y,0.0000,0.0000,0,8
CTGCGTGCGCCGAAAA,M-6E,0.4475,0.4475,32,10
CTGCTAAAAATAAATG,,0.1334,0.1334,309,324
CTGCTAAAATCTAAAC,Q40V I548R,1.0000,inf,58,0
CTGCTAAACACTACTA,D11M,1.0000,1.4450,62,6
CTGCTAATCCTTATTT,N401D,0.1344,0.1344,2942,3062
CTGCTACCCATGCTTA,E500K,0.1571,0.1571,228,203
CTGCTACCGTCAAACA,W421M,nan,nan,0,0
CTGCTATATTGATTCA,R456W,0.1704,0.1704,1401,1150
CTGCTATCGCACATAC,D419T,0.0758,0.0758,32,59
CTGCTCAGACTTAATA,S383A,0.1082,0.1082,1537,1986
CTGCTCCATGGACTTT,F148V,0.0000,0.0000,0,159
CTGCTCTAGTGCTTAC,Q545R,0.2175,0.2175,84,54
CTGCTGAGTCTTTTGC,S503K,0.0717,0.0717,62,121
CTGCTGATTGTAGAAC,N187S,0.1288,0.1288,1250,1357
CTGCTGGGCGAAGAGT,N20L E327K,0.0000,0.0000,0,6
CTGCTTATAGACAAAG,H298L,0.0000,0.0000,0,22
CTGCTTCATTAGAAGG,I243V,0.0915,0.0915,125,191
CTGCTTGACAAGAGTC,A137V,0.0371,0.0371,536,2023
CTGCTTGCAACCGATG,L507F,0.1334,0.1334,3985,4178
CTGCTTTTTAGCGAAT,D487C,0.0286,0.0286,17,83
CTGGAAAAACAAATCC,,0.1129,0.1129,1578,1954
CTGGAAAAATACATGC,,0.1017,0.1017,2055,2827
CTGGAAAACTATATAA,L194M A334W V481R,0.0000,0.0000,0,10
CTGGAAACCTTATAAA,W69Y,0.1084,0.1084,1492,1924
CTGGAAAGAGCTATAA,,0.0674,0.0674,109,226
CTGGAAAGCTGTTTAC,,0.1032,0.1032,2084,2823
CTGGAACAAAAATAAC,I302Y,0.0000,0.0000,0,1
CTGGAACAAATAAAAT,C76L,nan,nan,0,0
CTGGAAGACTGTGAAA,L133aK,0.3729,0.3729,1981,743
CTGGAAGCAAAAGTGC,I243M,0.0567,0.0567,109,269
CTGGAAGTAGTTACAC,T163W E500P,0.0915,0.0915,593,906
CTGGAATATTATAGCT,,0.1636,0.1636,3565,3047
CTGGAATGTGTTTGAG,N424K,1.0000,1.1071,95,12
CTGGACAAGGGCTAAA,K328F,0.2285,0.2285,183,112
CTGGACAATTACAACG,A214S,0.1878,0.1878,188,140
CTGGACACAAACCAAT,I243F A526R,0.0000,0.0000,0,2
CTGGACACAATCACCA,I4H,0.0559,0.0559,110,275
CTGGACACACCATTCT,C477Q,0.0000,0.0000,0,1
CTGGACACCGAGCATT,L177E,nan,nan,0,0
CTGGACATATCATTCA,I217G,0.0000,0.0000,0,6
CTGGACCGAACTAGTC,,0.2613,0.2613,598,320
CTGGACCTAAGCCCTA,K62Y W127N,0.2797,0.2797,24,12
CTGGACCTTGAAAAAT,I13M G249V C549R,0.0000,0.0000,0,4
CTGGACGCCAACTTAT,E273M,0.0184,0.0184,34,259
CTGGACGCTAAGACCG,,nan,nan,0,0
CTGGACTAAACAGAAG,M431T,0.0000,0.0000,0,15
CTGGAGAATCTATACC,F251Y,0.0000,0.0000,0,7
CTGGAGATAGTGGCGC,F148C,0.2651,0.2651,127,67
CTGGAGATTATATTCC,H38P K262T,0.0000,0.0000,0,11
CTGGAGCTATATAAAA,K262C,nan,nan,0,0
CTGGATAGAATATGAT,K450Y,0.0869,0.0869,1563,2515
CTGGATATTAGGAATA,Q371I,0.1629,0.1629,261,224
CTGGATCACAATTGAA,Y351W,0.0000,0.0000,0,3
CTGGATTAATTGTCAC,R404T,0.1006,0.1006,177,246
CTGGATTCTTACTACG,E327T,0.1646,0.1646,1097,932
CTGGCAAATTTCCAAT,A334C,0.0942,0.0942,66,98
CTGGCACAAAAACTAA,A137R,0.1014,0.1014,29,40
CTGGCACCGGCACCAT,I115H,nan,nan,0,0
CTGGCACGTAAAGGCT,E174F,0.1758,0.1758,885,704
CTGGCACGTCTATTTA,M30P,0.0000,0.0000,0,7
CTGGCAGACAGGCTCC,Y256N,0.0991,0.0991,345,487
CTGGCCAAGCTTGAAT,,0.1442,0.1442,330,320
CTGGCCCCTAAAGAAT,D441Y E476F,0.2147,0.2147,1793,1168
CTGGCCTAACACAAGT,M478G,0.0000,0.0000,0,2
CTGGCGAACTGCTAAA,S133G L527*,nan,nan,0,0
CTGGCGAGTAAAATCA,H130F,0.2407,0.2407,74,43
CTGGCGCCAGTTTAAA,M230H,0.0000,0.0000,0,55
CTGGCGCGCCCTTAAT,F245L P254D,nan,nan,0,0
CTGGGAAACACGTTAC,M431P,0.0000,0.0000,0,20
CTGGGAACAAGCAATA,K460V,0.0000,0.0000,0,32
CTGGGAACGATAACTA,,0.1082,0.1082,956,1236
CTGGGAACTCGATAAT,D53Q V261F,0.0000,0.0000,0,11
CTGGGACGGTATTCTC,E255K,0.4127,0.4127,121,41
CTGGGCGGTAAATATG,N224A,0.1107,0.1107,1142,1443
CTGGGCGGTAGTGCAC,,0.0926,0.0926,153,231
CTGGGGAATAGGGACT,M531N,1.0000,1.0388,52,7
CTGGGGACGCCCACGC,,0.1316,0.1316,1478,1571
CTGGGGTAAACGCTAG,N224T I517N,1.0000,1.2586,18,2
CTGGGTAAAACGCTAA,G330W,0.1208,0.1208,323,374
CTGGGTATTGTCTAGT,I243L,0.1151,0.1151,855,1039
CTGGGTCCGATCATAT,I288M,0.0379,0.0379,55,203
CTGGTACTTTTTCACT,W234Q,0.0000,0.0000,0,8
CTGGTCAACAATGAGT,I217F G249E,0.0000,0.0000,0,5
CTGGTCCCGCACAATT,I217C,0.0677,0.0677,685,1416
CTGGTCTAACTAACAT,Y353S,0.0000,0.0000,0,9
CTGGTGAACTGCCCGA,N410M,0.5817,0.5817,208,50
CTGGTGAGAATCATAG,,0.2030,0.2030,6577,4530
CTGGTGTAAAAGCACA,I87M,0.0764,0.0764,287,525
CTGGTGTAAAGTAATT,D27R,0.0000,0.0000,0,25
CTGGTTCAGACAGGTA,D63G G68V,0.0000,0.0000,0,6
CTGGTTCCCTAACATT,H183N,1.0000,1.7480,25,2
CTGGTTCGAAATGCAA,F79S,0.0000,0.0000,0,2
CTGGTTTATTACTTTA,T206S,0.3956,0.3956,99,35
CTGTAAAAAAATTCCT,K62M,0.1196,0.1196,272,318
CTGTAAAAAAGCTAGT,S480Q,0.1927,0.1927,124,90
CTGTAAAACGCTGAAT,Y105D,nan,nan,0,0
CTGTAAACGAATTTTA,E432S,0.1533,0.1533,731,667
CTGTAAACGCTAACTC,V510I,0.2079,0.2079,1690,1137
CTGTAAAGAAATAATA,S126Q,0.1589,0.1589,1889,1662
CTGTAAAGTCGCTAAC,L7P A253S,0.0000,0.0000,0,4
CTGTAAATGTATTATA,T28C,0.1245,0.1245,1447,1625
CTGTAACAAAACTCAG,N33W,0.3986,0.3986,57,20
CTGTAACAGCGAAGAG,Y161H,0.0438,0.0438,21,67
CTGTAACGATAGTCTA,S290I,0.0919,0.0919,255,388
CTGTAACTATTATGCC,T132E,0.1681,0.1681,553,460
CTGTAACTTCTTTCTA,I202L,0.1053,0.1053,122,162
CTGTAAGACTACTACA,Q142A L462Q,0.1803,0.1803,2153,1670
CTGTAAGCATAAATAG,L402T,0.0000,0.0000,0,2
CTGTAATAGACACTTT,,0.1523,0.1523,5632,5170
CTGTAATATCATAATG,N410G Y491Q,nan,nan,0,0
CTGTAATTCTGTATTA,G342V,0.0000,0.0000,0,5
CTGTACAACATCCAGA,,0.1286,0.1286,2374,2581
CTGTACCCTATGGACG,A364T,0.1706,0.1706,205,168
CTGTACCGACTACTGA,Q25C,0.1716,0.1716,2273,1852
CTGTACTCAAATGGCA,,0.1861,0.1861,2021,1519
CTGTACTGCAAAAACT,E31G,0.0843,0.0843,546,906
CTGTACTTCTCCAACG,G463M,nan,nan,0,0
CTGTAGACATTCATTT,H354L,0.1410,0.1410,368,365
CTGTAGATCATTAAGT,V8S,0.0898,0.0898,285,444
CTGTAGCACATCATTA,A253T S356V,0.1392,0.1392,9187,9231
CTGTAGGACCTCAATG,,0.1997,0.1997,1836,1286
CTGTAGTCCAGACATG,E78W,0.1853,0.1853,3540,2671
CTGTAGTTTTAAGCGG,,0.1342,0.1342,2409,2511
CTGTATAATAGCCGAT,L176C W537*,1.0000,1.1537,33,4
CTGTATATTCACCCGC,H47Q V204N,0.0000,0.0000,0,2
CTGTATCCACGAATAA,,nan,nan,0,0
CTGTATGGCTGGAAAA,L320Q,0.0804,0.0804,65,113
CTGTATGTTAAGAAAA,I385C,0.0000,0.0000,0,65
CTGTATGTTGACCCAG,K262C,0.1301,0.1301,279,300
CTGTATTGGATAGACG,I121A C539P,0.2075,0.2075,46,31
CTGTCAAAAACCTGCA,,0.1599,0.1599,1126,985
CTGTCACAGACACAGC,I374M,0.1461,0.1461,635,608
CTGTCAGCCCAGAATG,A522N,nan,nan,0,0
CTGTCCAAGGTTATCT,M268K,0.0000,0.0000,0,17
CTGTCCACACAAGATC,S290M,0.0802,0.0802,449,783
CTGTCCAGCTCCCAAT,V451P,0.0000,0.0000,0,11
CTGTCCTCAGTTTGGG,S126H R321T,nan,nan,0,0
CTGTCCTTGATACAGG,E508K,0.1206,0.1206,726,842
CTGTCGACATAAAGTG,,0.1137,0.1137,962,1183
CTGTCGAGACCGGATT,T283C,nan,nan,0,0
CTGTCGCAGAAGCTCA,L325M,0.1284,0.1284,2948,3211
CTGTCGCCCTTGCAGA,,0.1091,0.1091,2910,3729
CTGTCGGACTGACCCA,P128M N458E,0.0000,0.0000,0,8
CTGTCGTGTCTGACAA,W84E,0.3321,0.3321,19,8
CTGTCTATAAATAGCC,T266D,0.1733,0.1733,1202,970
CTGTCTGCTCAATTGG,T208V,0.1392,0.1392,3432,3449
CTGTCTTAAGAACCTA,Y423D,1.0000,1.3751,59,6
CTGTCTTATAATATAC,V5H R229Y T485Y,0.0000,0.0000,0,36
CTGTGAAAGGCCGCGC,A253T,0.1499,0.1499,3227,3010
CTGTGATCAGGCATGA,I406L,0.0697,0.0697,168,337
CTGTGCACACTAAAAT,Q282E,nan,nan,0,0
CTGTGCAGACTCCAGA,D231T,0.3263,0.3263,77,33
CTGTGCAGTTGAAATT,Y486I,0.0000,0.0000,0,7
CTGTGCTAATGACATT,,0.1589,0.1589,2031,1787
CTGTGGAAGTGCCAAT,Q211I,0.1910,0.1910,13946,10209
CTGTGGAATTGACTTA,F332W,0.0000,0.0000,0,15
CTGTGGCGAGAGGGAG,S6F,nan,nan,0,0
CTGTGGCTTCTTCCAG,,0.1219,0.1219,298,342
CTGTGTAATGCATAAA,M531A,0.1900,0.1900,1296,954
CTGTGTATAACCGGGC,I15T,0.1772,0.1772,593,468
CTGTGTCCAATTAATC,N158H E468K,0.0960,0.0960,140,204
CTGTGTGAACTTCCTG,G68L S290T,nan,nan,0,0
CTGTTAACTAACGTTA,T370N E501K,0.5594,0.5594,52,13
CTGTTAATTAACGATT,D457W,0.1516,0.1516,90,83
CTGTTAATTGTTTGAA,K372A,0.1162,0.1162,3617,4352
CTGTTACAATCACAGT,I517V,0.1204,0.1204,62,72
CTGTTACTAGCATTGC,D415I,0.0000,0.0000,0,18
CTGTTAGTCGTAGCAA,F245G,0.0000,0.0000,0,2
CTGTTATAATCCATAC,H354F,0.1575,0.1575,1377,1223
CTGTTATACGCATACC,G341P,0.1721,0.1721,48,39
CTGTTATACTAGCATA,G352C,0.6992,0.6992,65,13
CTGTTATGGACATAGC,S523N,0.1883,0.1883,35,26
CTGTTATGTGAGGAAA,K328S A495F,0.0435,0.0435,14,45
CTGTTATTTCAAAATA,L527E,0.0000,0.0000,0,9
CTGTTCAATAGTAGAG,H298S D474L,0.1194,0.1194,351,411
CTGTTCACTGGAATTA,K216E L447P,nan,nan,0,0
CTGTTCGTCTCTAATA,E393H,0.2024,0.2024,414,286
CTGTTGCTATAGTAAG,V309E,0.0000,0.0000,0,2
CTGTTGGTAAAAATAA,A242Q,0.0884,0.0884,74,117
CTGTTGTACCACCAAA,A188I F469E,nan,nan,0,0
CTGTTGTGTAAACTAA,R329V,0.0000,0.0000,0,16
CTGTTGTTTATCTAGT,,0.1175,0.1175,485,577
CTGTTTCAATCTTCTA,,0.1237,0.1237,361,408
CTGTTTGACAACCATA,V309K A522N,nan,nan,0,0
CTGTTTGACCATAAAT,N446H,0.2218,0.2218,111,70
CTGTTTGATCTAAATT,,0.3304,0.3304,619,262
CTGTTTGGACAGTCAA,P299D F417S,0.0000,0.0000,0,6
CTGTTTTAAGTTTCGC,D375V,0.1842,0.1842,698,530
CTGTTTTATAACGCCG,E398L,1.0000,inf,1,0
CTGTTTTGTGAAAATA,K328cN,0.6249,0.6249,143,32
CTTAAAAATAAGAGCA,T199G,0.1284,0.1284,1360,1481
CTTAAAAATAATTACC,V261R,0.0965,0.0965,461,668
CTTAAAAATACAATAC,E-5L S323M,0.1578,0.1578,1144,1014
CTTAAAAATTCCCGTA,R397Y,0.1203,0.1203,197,229
CTTAAAACGGTAGCCC,K262aD,0.2012,0.2012,118,82
CTTAAAACGTTTGAAG,,0.0930,0.0930,772,1161
CTTAAAACTATTTTTA,N21Y,0.1271,0.1271,20,22
CTTAAAAGAATCCGCC,E501R,0.1050,0.1050,1655,2205
CTTAAAAGACATAGGC,C97K,0.0000,0.0000,0,42
CTTAAACAAACCGGCA,E304F,0.1440,0.1440,104,101
CTTAAACACTAGAGTC,K120Y,0.1932,0.1932,923,668
CTTAAACCCAACAGAC,,0.1128,0.1128,3528,4375
CTTAAACTATTCACTA,I385T,0.1414,0.1414,837,828
CTTAAACTCAGGAATA,A253P,0.2233,0.2233,10922,6840
CTTAAAGAAGTGGCGA,R212Q,0.0654,0.0654,101,216
CTTAAAGAATTAGACG,C14Y F439H,nan,nan,0,0
CTTAAAGCCATACATC,G330W,0.0871,0.0871,2451,3934
CTTAAAGGAGATATAT,I202Y,nan,nan,0,0
CTTAAATACAGTTAGA,Q211F,nan,nan,0,0
CTTAAATCATCTCCTC,,0.1250,0.1250,380,425
CTTAAATGCAATGCCT,,0.0000,0.0000,0,35
CTTAAATTATATATAT,G68K,1.0000,1.5033,43,4
CTTAACAAAACGCTAT,G303S,0.0000,0.0000,0,2
CTTAACACATAGGGTC,L-1I Y201V,0.0000,0.0000,0,1
CTTAACAGATACAATA,G205E,0.0000,0.0000,0,1
CTTAACAGTTCAAAAT,,0.0836,0.0836,848,1418
CTTAACATAATGAAAG,E-5I Q142N,0.2154,0.2154,1597,1037
CTTAACATATAATAAG,L402Y,0.2065,0.2065,3766,2550
CTTAACCAGTTCAACT,T208W,0.2044,0.2044,1057,723
CTTAACCCCACGGCTA,,0.1521,0.1521,1325,1218
CTTAACCCCACTTCAA,,0.1475,0.1475,11475,10877
CTTAACCTCTATTCTT,V429N,0.0000,0.0000,0,5
CTTAACGCGGTAGATA,I-3N H440S,0.0000,0.0000,0,16
CTTAACGGATATGCGC,,0.1368,0.1368,268,274
CTTAACGTCATCGATT,V451R,0.0000,0.0000,0,20
CTTAACGTGCTATTTA,T436Q,0.2318,0.2318,63,38
CTTAACGTTCTAGCGC,V444W C546Y,nan,nan,0,0
CTTAACTAAAAACAAA,D11N E44K D53N G55K D95N G143K I267S E273K E304K E340K G342R D375N D386N E398K E403K R405K E407K E414K D415N D438N D441N E468K D474N D487N E500K E501K M530I,0.0000,0.0000,0,2
CTTAACTAAGAACAAA,,0.0936,0.0936,525,784
CTTAACTATAACCTTT,Y17Q,0.1074,0.1074,192,250
CTTAACTCAACTGATT,V315E,0.1958,0.1958,35,25
CTTAACTCAGAGTAAC,R229V,0.0000,0.0000,0,2
CTTAACTGGACTAGCA,A528I,0.1934,0.1934,1102,797
CTTAAGACGTTCAGCC,N169V T370S F469H,0.0000,0.0000,0,9
CTTAAGCTAACCAGTT,F332M,0.3380,0.3380,1554,643
CTTAAGCTGAGGTCAG,Y258W,0.0774,0.0774,57,103
CTTAAGCTGGACCACT,Y308L,0.0000,0.0000,0,1
CTTAAGTGGCTTAATC,V82D C473I,0.0000,0.0000,0,6
CTTAAGTTCAATACGC,K157V I243C,0.0000,0.0000,0,2
CTTAAGTTCTCGATAA,R328aS,0.0000,0.0000,0,3
CTTAAGTTTCGCACAT,,0.0622,0.0622,20,45
CTTAATAATCGTGTAA,,0.1721,0.1721,2238,1819
CTTAATAATGTCCTCC,K262R,0.1088,0.1088,165,212
CTTAATACATAAAACA,,0.1248,0.1248,481,539
CTTAATAGCATACACA,I182K,0.0000,0.0000,0,2
CTTAATATGTGTTGGC,I121T,0.1432,0.1432,5392,5264
CTTAATCAGATTGACT,L70D,0.0000,0.0000,0,56
CTTAATCCCAGGCTGT,Y161N E304D,0.0000,0.0000,0,3
CTTAATCTTTAAGTCT,,0.0000,0.0000,0,67
CTTAATGAAAACGCCC,H244R,0.0000,0.0000,0,13
CTTAATGCACTCTACT,,0.1156,0.1156,3860,4668
CTTAATGCCTGAAACG,,0.1560,0.1560,4205,3770
CTTAATTTAAGAAAAG,A287K,0.0000,0.0000,0,3
CTTACAAACTACAGTT,H184G,nan,nan,0,0
CTTACAAACTGGTCAA,L428P I517D,0.1748,0.1748,20,16
CTTACAAATCTCACAC,L447F,0.0000,0.0000,0,3
CTTACAACACCCCAGG,,0.1620,0.1620,1738,1500
CTTACAACCTAAAAGA,L544V,0.0000,0.0000,0,4
CTTACAATACATTACC,N464S,0.1183,0.1183,1153,1363
CTTACACATGCACGAT,M111I L314G,0.0000,0.0000,0,3
CTTACACCCCACCAAA,R227G,0.0311,0.0311,489,2197
CTTACAGCAGACGCGA,G342T,1.0000,3.6709,105,4
CTTACAGTATATTGAT,Y308G,0.2573,0.2573,46,25
CTTACAGTCAATTTGG,,0.0353,0.0353,55,218
CTTACATAGGACAATA,S113V,0.4895,0.4895,21,6
CTTACATTAAAACCGT,E190A A425S,0.1865,0.1865,8,6
CTTACATTCATACCCG,E407V,0.9478,0.9478,61,9
CTTACATTCCATGCGG,,0.1638,0.1638,5363,4580
CTTACCAACAATAGGA,K380I,0.0000,0.0000,0,71
CTTACCACCAGTAATA,M268P,0.0000,0.0000,0,24
CTTACCAGAATCTCAT,I115C,0.0599,0.0599,116,271
CTTACCAGCCTCGAAT,V510K,0.0311,0.0311,22,99
CTTACCATCAAACAAG,S167V T370A,0.0000,0.0000,0,7
CTTACCCAAACTCCGA,G362W,0.1086,0.1086,3113,4007
CTTACCCACGGAACTA,,0.1667,0.1667,3461,2903
CTTACCCGAGAAGTGG,V451W,0.0000,0.0000,0,6
CTTACCCGTATAGCGC,E89K A394L,0.6433,0.6433,23,5
CTTACCCTAGATAACA,D348S E368K,0.0918,0.0918,436,664
CTTACCGGTAGACAAC,G249L,nan,nan,0,0
CTTACCGTTAATCTAA,V8N,0.6293,0.6293,36,8
CTTACCTAGTACGTAA,,0.0489,0.0489,101,289
CTTACCTGGATCGGTT,F251V,0.2259,0.2259,21,13
CTTACGAACGGATGTT,I87R L544N,0.0000,0.0000,0,2
CTTACGAATACTGGGC,N483E,0.1725,0.1725,264,214
CTTACGACACAAAACG,I267P,nan,nan,0,0
CTTACGATCACGATGT,E31C,0.1514,0.1514,144,133
CTTACGATCTTATATA,G504N,0.0808,0.0808,889,1539
CTTACGCCAACACAAA,T436P,0.0000,0.0000,0,10
CTTACGCGCCGCGCAC,P128W R229L,0.0000,0.0000,0,22
CTTACGGCACTAGGCG,,0.3406,0.3406,190,78
CTTACGGGCAGGGGCT,K372N,0.0813,0.0813,594,1022
CTTACGGGGTCAGGAA,E106N,0.1474,0.1474,349,331
CTTACGGTCATTTCCG,P254K,0.0000,0.0000,0,1
CTTACGGTGGCCGCCT,S167L F469S,1.0000,1.6315,35,3
CTTACGTAAGCCAACC,L325V,0.1891,0.1891,3398,2513
CTTACGTAGGCCCACA,E403L,nan,nan,0,0
CTTACGTTAGTTGTTT,,0.1106,0.1106,2240,2832
CTTACTAAACAGAGTG,N379M,0.1635,0.1635,519,444
CTTACTAAATCTGACC,L112G,0.0000,0.0000,0,10
CTTACTACTGACTTGT,N289G,0.2099,0.2099,4895,3262
CTTACTATGAAAACTA,N186I E414R,0.6416,0.6416,78,17
CTTACTCATCAGCTTG,M268W,0.0000,0.0000,0,5
CTTACTTATGCATGTT,S10V,0.0000,0.0000,0,13
CTTACTTCCATGTTGT,I15D,nan,nan,0,0
CTTACTTGGTAGGCGC,,0.0000,0.0000,0,1
CTTACTTTCCCCCAAA,,0.1320,0.1320,3609,3822
CTTAGAAAAATAGCAT,K262aT,0.1419,0.1419,622,613
CTTAGAACAGTCCACT,M531T,0.1180,0.1180,970,1150
CTTAGAACTTAGAGTT,T208S,0.6141,0.6141,101,23
CTTAGACCCTCTTCAC,,0.0834,0.0834,1355,2272
CTTAGACCTTACGGCC,C466L,0.0000,0.0000,0,9
CTTAGAGACCACAAGT,G55E C305Y,0.1981,0.1981,17,12
CTTAGAGTTAGAACGG,T370I F469K,0.0000,0.0000,0,12
CTTAGATAAATAATCA,C52L,0.0000,0.0000,0,3
CTTAGATAATACCGGT,I155Q,0.2286,0.2286,206,126
CTTAGATAATGACGAT,,0.1669,0.1669,382,320
CTTAGATATAAAATAC,,0.0809,0.0809,48,83
CTTAGATATAATATTA,V429G,nan,nan,0,0
CTTAGATATTGAAATC,P125Q,0.1469,0.1469,373,355
CTTAGATCCCGTAAGA,G16P T219A,0.0000,0.0000,0,12
CTTAGATCTTATGAAT,,0.0000,0.0000,0,60
CTTAGCAAAAACGCCA,L300D E340K,0.0280,0.0280,1,5
CTTAGCAATCTGCGAA,L70V,0.1421,0.1421,4274,4205
CTTAGCAGCTAGGATA,A3C,0.0733,0.0733,140,267
CTTAGCATAACAGCAA,E493A,0.1993,0.1993,1528,1072
CTTAGCCAATCTATCC,,0.1350,0.1350,3700,3833
CTTAGCCATTCATGTG,F469W,0.6293,0.6293,63,14
CTTAGCGTGAAGGCTA,R114Y R435E,0.0393,0.0393,50,178
CTTAGCGTGCATACTG,G100C I267M,0.3086,0.3086,64,29
CTTAGCTAATGAATCA,E-5I S442C,0.0696,0.0696,113,227
CTTAGCTTAATAAACA,,0.1112,0.1112,908,1142
CTTAGGAGAAAGGGTG,L96Y,0.0241,0.0241,385,2231
CTTAGGATAACTCATG,,nan,nan,0,0
CTTAGGCATTCGCCGA,P140T,0.1136,0.1136,1570,1932
CTTAGGCGCTATGCCA,G360R,0.0000,0.0000,0,24
CTTAGGCTCGCGCTCC,I-3K N389V,1.0000,1.5383,55,5
CTTAGGGTATTCTATT,G345D,0.2478,0.2478,101,57
CTTAGGTAAAGTTCCC,S167F F469I,0.8326,0.8326,256,43
CTTAGGTCCATTTGAC,P74W D441K,0.1775,0.1775,33,26
CTTAGGTCCTCCACGC,N193E,0.1129,0.1129,92,114
CTTAGGTTAATGAGTT,D241E,0.0531,0.0531,19,50
CTTAGGTTCTAAAACC,A459I,0.1366,0.1366,962,985
CTTAGTAAGCCGAAGA,G319V,0.0000,0.0000,0,6
CTTAGTACTAAGAAGC,V444I,0.1130,0.1130,674,834
CTTAGTATCAGGTTCC,F233K,0.0832,0.0832,204,343
CTTAGTCAACCATTCA,E107H L453P,0.0000,0.0000,0,2
CTTAGTGTCAAGGTTA,M-6P L325M E414K,0.7517,0.7517,43,8
CTTAGTTATAAGCGAG,E190T E432K,0.0000,0.0000,0,4
CTTAGTTTATCTAAAA,,0.0851,0.0851,272,447
CTTATAAAAATTGCCA,V135N,0.0738,0.0738,38,72
CTTATAAAATACTAAA,K372M,0.1469,0.1469,1403,1336
CTTATAAAATTTCTAC,Q545G,0.3273,0.3273,220,94
CTTATAAACGGCTAGA,I80F,0.1623,0.1623,289,249
CTTATAAAGAGCTTCC,Y512H,0.1475,0.1475,115,109
CTTATAAAGGGAACCT,N169A T370C,0.1553,0.1553,822,740
CTTATAACCAAAAAGT,R149E N464M,0.3834,0.3834,85,31
CTTATAAGTTGGCCTA,E119K,0.2117,0.2117,840,555
CTTATAATAACATCCA,Q191F,0.0000,0.0000,0,3
CTTATAATGTCAGGGG,A522K,nan,nan,0,0
CTTATAATTAAAAGTA,N210S,0.1250,0.1250,540,604
CTTATACATACCATGT,L43G,0.0000,0.0000,0,1
CTTATACCAGTGAAGG,S113E,0.0000,0.0000,0,2
CTTATACCATTAACCT,S167R K412R,0.3325,0.3325,126,53
CTTATAGAAATCAACA,,0.0860,0.0860,329,535
CTTATAGATCCAAAAG,T35N,0.0159,0.0159,13,114
CTTATAGCGAAGGACA,P82aN,0.2198,0.2198,2076,1321
CTTATAGGCAGAAACA,D175Q,0.0680,0.0680,142,292
CTTATATAATATACAA,I288N,0.0000,0.0000,0,8
CTTATATACATAAGCT,C14V,nan,nan,0,0
CTTATATACCTTTGTC,W234R A526N,0.0000,0.0000,0,1
CTTATATGGCGCACAA,R149Y,0.1714,0.1714,576,470
CTTATATTCGAAAGAA,C477E,0.0000,0.0000,0,6
CTTATCAAGACAGAAA,N-4D I4V K9R Q12R N48S K120R N312S A459N,nan,nan,0,0
CTTATCAGTGGAACTC,S6Y,0.1341,0.1341,422,440
CTTATCGAGAAAAATG,D63S,0.1774,0.1774,865,682
CTTATCGCCCCAACAT,,0.1069,0.1069,230,301
CTTATCTTCTAACTAA,A317N,0.0000,0.0000,0,2
CTTATGAAACCTGAAA,F147Y,0.0000,0.0000,0,131
CTTATGACATAAAAGC,E476V,0.1614,0.1614,1886,1634
CTTATGACCTGAAAAT,,nan,nan,0,0
CTTATGGCATTTTATC,M431I,0.0660,0.0660,34,72
CTTATGGTCCAAATCC,E508R,0.2666,0.2666,713,374
CTTATGTAACCTGTTG,,0.2116,0.2116,3903,2579
CTTATGTATACGTTTG,M230C T370I,0.0000,0.0000,0,4
CTTATTAATGTGAAGA,,0.1348,0.1348,808,838
CTTATTAGCAAATTCT,V315L,0.1069,0.1069,2785,3642
CTTATTATAATTCAGC,G352M,0.0000,0.0000,0,6
CTTATTCACATTTTAC,F294S,0.0000,0.0000,0,5
CTTATTCATCCAATGG,K57T,0.2594,0.2594,2317,1249
CTTATTCGACTTATAA,L7A,0.0817,0.0817,1226,2099
CTTATTCTTAATAGAT,C539T,0.0000,0.0000,0,37
CTTATTGAGAAAACTC,,0.0000,0.0000,0,20
CTTATTGATAATACAT,A188K,0.2203,0.2203,1816,1153
CTTATTGTCTAACCTG,M75Y N322S T370S F469S,0.0000,0.0000,0,3
CTTATTTACCAGAGAA,A334D D419N E432K T520P,nan,nan,0,0
CTTATTTCACCGAACA,M346N,nan,nan,0,0
CTTCAAAACTATAGAA,K269P,0.1126,0.1126,99,123
CTTCAAACATTGACTA,S167G S503L,0.0426,0.0426,25,82
CTTCAACGTCTAATCT,K328I,0.1753,0.1753,1470,1173
CTTCAACGTTTTTCAG,I121W,0.1144,0.1144,2245,2745
CTTCAACTAAAATCTT,L7H E414M,0.0665,0.0665,599,1259
CTTCAACTATCTAATT,R220Q,0.8080,0.8080,104,18
CTTCAAGAATCCCTAA,H38K,0.1265,0.1265,954,1055
CTTCAAGATAAAGCAC,I243C,0.6176,0.6176,53,12
CTTCAAGATTAGCTTG,F294S,0.0000,0.0000,0,14
CTTCAAGGTAGAGCCG,,0.0660,0.0660,102,216
CTTCAAGTATTCTCCC,Y141G,0.1384,0.1384,32708,33047
CTTCAAGTCCTCATAG,M111A,0.0000,0.0000,0,9
CTTCAAGTTCACCCTA,L96M Y258W,0.0000,0.0000,0,19
CTTCAATACACCGACT,,0.1778,0.1778,27659,21753
CTTCAATACCACGGTA,,0.0000,0.0000,0,6
CTTCAATGACAATGGT,K9M,0.0958,0.0958,3098,4521
CTTCAATGGTAAAGTC,I115C,0.1368,0.1368,2260,2310
CTTCACAACTTGACAG,P198W L427V,0.0000,0.0000,0,32
CTTCACAAGGTCCAGC,R321P T370C F469W,0.0000,0.0000,0,17
CTTCACAAGTAATATA,I406A F469*,0.0000,0.0000,0,4
CTTCACAGTCACAATA,,0.1062,0.1062,816,1074
CTTCACCTTACCCAAC,G303S,0.0000,0.0000,0,32
CTTCACTAAGCATTAA,R326K,0.1196,0.1196,331,387
CTTCAGAAAGATTCCC,L-1C,0.2934,0.2934,2241,1068
CTTCAGACTATCGTAA,Q226R L497Y,0.0000,0.0000,0,81
CTTCAGATATATATTG,N248Q,0.0902,0.0902,1306,2025
CTTCAGTACAATACAT,Y488V,0.1328,0.1328,265,279
CTTCAGTTTAGACATT,R114L S221K,nan,nan,0,0
CTTCATCCTGGTCTCT,V5K,0.0000,0.0000,0,74
CTTCATCGAATAACTT,I29Y,0.0796,0.0796,33,58
CTTCATGCCATTACAG,,0.1352,0.1352,4064,4203
CTTCATTAAACTGCTA,F118T V420P,0.0000,0.0000,0,10
CTTCATTAATGTAAGC,A334T A373Y,0.0000,0.0000,0,4
CTTCATTCAGCTCGTT,L213P R499C,0.0000,0.0000,0,3
CTTCATTCCCAAGTAA,T485E,0.1327,0.1327,4368,4603
CTTCCAAAAAACGAAC,*551K,nan,nan,0,0
CTTCCAAAAAAGCAGC,A532M,0.0623,0.0623,249,559
CTTCCAAACCGTAGCA,S361I N443P,nan,nan,0,0
CTTCCAATGCGAAAAA,F417M,nan,nan,0,0
CTTCCAATTCATGACA,D41S A365V,0.4895,0.4895,7,2
CTTCCAATTCATGACG,D41S,0.1970,0.1970,2565,1821
CTTCCATCAGCGCACC,K165D,0.0187,0.0187,53,397
CTTCCATGAGCTAAAC,D95R,0.2025,0.2025,3126,2159
CTTCCCATTATATTAC,F469R,0.0000,0.0000,0,6
CTTCCCCCATATGCGA,P92aG Y351L,0.0000,0.0000,0,12
CTTCCCGAATTTCGAA,F118R V510N,nan,nan,0,0
CTTCCCTCAAATCTCT,E479H,0.1665,0.1665,3817,3205
CTTCCCTCGATTGGAC,D159Q E368K,0.2375,0.2375,7185,4231
CTTCCCTTAGTATACC,M388Y,0.0000,0.0000,0,3
CTTCCGAAAATAAACG,Q142Y,0.2375,0.2375,3866,2276
CTTCCGAAACACCCCC,Q391K,0.2035,0.2035,710,488
CTTCCGACATAACGTA,L179R,0.0000,0.0000,0,15
CTTCCGACCCTCTACT,G100P,0.0000,0.0000,0,10
CTTCCGACTGTGTCAG,P82aM *551M,0.0000,0.0000,0,7
CTTCCGATGACACATC,G303A,0.0000,0.0000,0,8
CTTCCGGATGCAAGAC,Q211M,0.2317,0.2317,454,274
CTTCCGTAACCTACTC,,0.0952,0.0952,49,72
CTTCCGTATGACACGA,,0.2607,0.2607,1014,544
CTTCCGTGAAGCTGAA,,0.8235,0.8235,53,9
CTTCCTAGTTACGAAT,,0.1159,0.1159,649,783
CTTCCTCCAGTCCGCC,,nan,nan,0,0
CTTCCTCCCTAATATT,Y17W E44K M388I,0.0000,0.0000,0,4
CTTCCTGGCGCCCCCA,T422R,nan,nan,0,0
CTTCCTGTGGTGTGCA,H38N,0.1841,0.1841,3363,2554
CTTCGAAAACTCAGTA,Q222W,0.0291,0.0291,181,869
CTTCGAACTTCTGTTG,N-4D L418E,0.1436,0.1436,947,922
CTTCGAAGTGACTCTA,E479F,0.0904,0.0904,683,1057
CTTCGACAAACAAAAC,V5G G55R,0.1334,0.1334,1416,1484
CTTCGACAAATCAAAT,I374D,0.3941,0.3941,31,11
CTTCGACAATCAATTA,,0.1911,0.1911,2096,1534
CTTCGACTATGGACCA,T132V,0.0412,0.0412,76,258
CTTCGAGGATACTCCT,I87Y,0.4914,0.4914,123,35
CTTCGAGGTGCGTCCC,C97G,0.0000,0.0000,0,10
CTTCGAGTAACGCTAT,K120I,0.1291,0.1291,1144,1239
CTTCGAGTTTGATTAA,R173Y,0.2219,0.2219,392,247
CTTCGATCTTTGTCTA,S270I,0.0000,0.0000,0,7
CTTCGCAAATATCATA,S221T,0.1377,0.1377,4849,4924
CTTCGCAGAATTTCTA,K216R,0.1658,0.1658,3722,3139
CTTCGCATACCAGATG,E-5L A528E,0.0000,0.0000,0,14
CTTCGCCCTAATTGTC,Q211C F332C,0.3477,0.3477,92,37
CTTCGCCCTCCATGCA,I60K W350I,0.0000,0.0000,0,5
CTTCGCGTAATGCTCC,,0.1183,0.1183,1255,1484
CTTCGCTCGTTTAGGT,A373G,0.1638,0.1638,2091,1785
CTTCGGATATGAAGCC,,0.0900,0.0900,339,527
CTTCGGCCAAACTATA,K372P L428Q,0.0000,0.0000,0,10
CTTCGGCCCCAATACT,N33I,0.0000,0.0000,0,5
CTTCGGGATGCAGTAA,V451N,0.0000,0.0000,0,16
CTTCGGTTGAATATAG,L176S,0.3301,0.3301,550,233
CTTCGTAAACGCCAGT,S6K,0.0889,0.0889,2198,3456
CTTCGTAACTGACCGG,F392P,0.1183,0.1183,241,285
CTTCGTGAAACACATC,Q359N,0.3896,0.3896,78,28
CTTCGTTAAACCAAGC,K62V,0.1419,0.1419,417,411
CTTCGTTGAACCCGAT,T219S S290Y,0.0629,0.0629,224,498
CTTCGTTGCTCATGCA,S22H,0.0686,0.0686,803,1636
CTTCTAATCCGTAAGG,S10W R229K,0.8624,0.8624,185,30
CTTCTACCCATTTCAT,S356R,0.2271,0.2271,12066,7430
CTTCTACGGTAACTAG,I123P,0.0000,0.0000,0,1
CTTCTAGAAACGTGGA,Y448C,0.0000,0.0000,0,7
CTTCTAGAGGATTCAG,A365T D386L,0.6212,0.6212,422,95
CTTCTAGGATATGTAA,,nan,nan,0,0
CTTCTATAACATATCT,,0.0000,0.0000,0,6
CTTCTATATCGTCTAT,H440M,0.1341,0.1341,117,122
CTTCTATCAAAAGTAA,N92A,0.1099,0.1099,1731,2203
CTTCTATTATGCAAAA,,0.1489,0.1489,2533,2379
CTTCTCAACCCGACGT,I115E,0.0000,0.0000,0,5
CTTCTCCTAACCTGTG,S524R,0.0000,0.0000,0,4
CTTCTCTACGTGAAGA,H117D,0.1442,0.1442,854,828
CTTCTCTCGGACTGAA,F392H,0.0000,0.0000,0,9
CTTCTCTGGATAGTAT,L71K G465E E494K,nan,nan,0,0
CTTCTCTTACACATGA,C52V,0.0000,0.0000,0,6
CTTCTGATCCTTGGCC,V429R,0.0000,0.0000,0,2
CTTCTTAAGATTATCA,V56D,0.0000,0.0000,0,15
CTTCTTAGCCCTAGGA,T208E G271C,0.1494,0.1494,1138,1065
CTTCTTAGTAACATGG,,0.0835,0.0835,43,72
CTTCTTATGGGTATGT,G143R,0.1968,0.1968,3513,2496
CTTCTTCTCTATGAGC,T206P,0.0000,0.0000,0,2
CTTCTTGTGTCATATT,P306V,0.0000,0.0000,0,7
CTTCTTTAAGAAAAAG,,0.0000,0.0000,0,11
CTTCTTTATAAATGGT,N289S E493V,0.2177,0.2177,1709,1098
CTTCTTTGATATCGAC,N169P N322I T370F,0.0000,0.0000,0,3
CTTCTTTGCTAGCATG,L133aV E476H,0.3366,0.3366,14481,6017
CTTGAAAAACGATTAG,Q490N,0.1591,0.1591,950,835
CTTGAAAACAACATAT,,0.1682,0.1682,1003,834
CTTGAAACTCTTAAAC,A93F,0.1945,0.1945,16142,11608
CTTGAACACCTTTGTG,N408F,0.1907,0.1907,30,22
CTTGAACATCAGTAAA,R328bQ,0.0705,0.0705,254,504
CTTGAACTGTAAAATG,P215K,0.0000,0.0000,0,12
CTTGAAGAAATTTTCA,C281R,0.4506,0.4506,29,9
CTTGAATCATGAGGCC,V82M,0.1254,0.1254,835,931
CTTGAATTAAACCTTT,V88A,0.1648,0.1648,897,761
CTTGAATTGAATCACA,K372R A394F,0.1865,0.1865,244,183
CTTGACAAATTCCCCT,Q513H,0.0988,0.0988,882,1248
CTTGACAATAGACTAT,K156W,1.0000,inf,13,0
CTTGACAGATCGATAT,,nan,nan,0,0
CTTGACATAATAACAA,N424Q,0.1238,0.1238,2125,2400
CTTGACGCACTAGCAC,H355W,0.0947,0.0947,42,62
CTTGACGTGAAAGACC,L-1H,0.0843,0.0843,38,63
CTTGACTACAATAATG,S207K,0.2038,0.2038,4956,3400
CTTGACTCAATGTACA,,0.1351,0.1351,2239,2317
CTTGAGAACACACTAA,T422S,0.1598,0.1598,457,400
CTTGAGAATTAGTATA,G319L R326L,0.6759,0.6759,29,6
CTTGAGACAAAAATCT,G49D L102M,0.2145,0.2145,270,176
CTTGAGGTAGAGCCGC,S6E Q513I,0.0443,0.0443,71,224
CTTGAGTACCGACGCC,W69* S480F,0.0000,0.0000,0,31
CTTGAGTATAATGAAG,S136K W234C,0.0000,0.0000,0,2
CTTGAGTGCAAGCCCT,F79N A365T V377Y,1.0000,5.3140,38,1
CTTGATACTAACTACC,H184Q,0.0000,0.0000,0,50
CTTGATATTCTAACCA,P128Y,0.1625,0.1625,2564,2206
CTTGATTAAAATGCTG,R90S,0.2389,0.2389,4766,2790
CTTGCAAACCGAAGGA,A365S,0.1049,0.1049,27,36
CTTGCAACAATTAATA,,0.1214,0.1214,3767,4338
CTTGCACAAAGTTGGT,L300C,0.4895,0.4895,84,24
CTTGCACTCCCTAACG,,0.1599,0.1599,1531,1339
CTTGCACTGGATGACC,D231Y,0.0299,0.0299,925,4323
CTTGCAGAGTAGCGAT,E403W,nan,nan,0,0
CTTGCAGTTAACGAAT,,0.0000,0.0000,0,10
CTTGCCCTAGAAGCCT,G360Y,0.0000,0.0000,0,4
CTTGCCGGCCATACCA,S167V R321L T370M F469R,0.0000,0.0000,0,3
CTTGCCGTTCCGCGGC,G16L,nan,nan,0,0
CTTGCCTATACACAAG,K313G,0.2524,0.2524,352,195
CTTGCGATAAAGTATC,G542V S543W,0.7915,0.7915,566,100
CTTGCGTTGGAGCTCA,,0.1649,0.1649,408,346
CTTGCTACCATCGCAA,V261P,0.0000,0.0000,0,1
CTTGCTATGATAAATG,,0.2016,0.2016,8293,5752
CTTGCTATTACGTCAC,E304K,0.1115,0.1115,862,1081
CTTGCTCAGACTAATA,Y353K L447M,nan,nan,0,0
CTTGCTCCAGTGTTTG,S442H,0.0720,0.0720,191,371
CTTGCTCTGCATTCGC,V88D,nan,nan,0,0
CTTGCTGCAATATCCA,N424K,0.1898,0.1898,57,42
CTTGCTTGCTAGAAGC,N169S N322G T370N,nan,nan,0,0
CTTGCTTTTAGACGGA,,0.0000,0.0000,0,23
CTTGGAGGTCGGATGA,M30I,0.1284,0.1284,595,648
CTTGGAGTTCCATACA,A91Q P92aR P324W,nan,nan,0,0
CTTGGATCACGGTATC,F233D,0.0573,0.0573,61,149
CTTGGATGTAAGATTT,L154E,0.0000,0.0000,0,3
CTTGGCAAGGATACAG,N475Q M478I,0.3086,0.3086,373,169
CTTGGCATATCGGGTA,,0.1479,0.1479,3725,3522
CTTGGGAAGGTGCAAA,G249S,0.0000,0.0000,0,51
CTTGGGCGTAAAACAC,G143V,0.1498,0.1498,422,394
CTTGGGGAAACCACCT,K328F K460E,0.1776,0.1776,2961,2332
CTTGGGGACCCAATCT,,0.2176,0.2176,1133,728
CTTGGTACCTTTCCAA,K460D C546M,0.0882,0.0882,2017,3198
CTTGGTAGGAAGCAGC,H47V,0.0214,0.0214,46,301
CTTGTAAAAACCGATA,T200P,0.1600,0.1600,919,803
CTTGTAACAACCCGCA,T436P,0.0000,0.0000,0,6
CTTGTAACTTGTGACC,H47E,0.0000,0.0000,0,3
CTTGTACACCCGACCT,A91M,0.1439,0.1439,666,647
CTTGTACATGTCATAA,D95R,0.1479,0.1479,421,398
CTTGTACATTTATTAC,P293I,0.2292,0.2292,218,133
CTTGTACTATAGGACA,C473M,0.0000,0.0000,0,1
CTTGTAGACTATAATC,L133aG,0.2949,0.2949,951,451
CTTGTAGATTAGCAAT,,0.1322,0.1322,1910,2020
CTTGTAGCTAGGAGAT,G55T S323R G465E,0.0000,0.0000,0,2
CTTGTAGTACCTTTAG,G249T,0.0000,0.0000,0,11
CTTGTATACATGAACA,C477G,nan,nan,0,0
CTTGTATACATGTCCG,P99L R149I,0.0000,0.0000,0,3
CTTGTATACTATGAGT,F118D,0.0000,0.0000,0,7
CTTGTATCGAAACGAA,G333L,0.2222,0.2222,394,248
CTTGTCAGGACCTAAC,T370K,0.0000,0.0000,0,2
CTTGTCATATAGGATC,I29P Q454K,0.2813,0.2813,175,87
CTTGTCCATCTGGGGT,A532Y,0.5815,0.5815,158,38
CTTGTCCTCGTGACCT,N94S,0.1034,0.1034,1006,1360
CTTGTCTCCTAAAGGT,N197A,0.0764,0.0764,1136,2079
CTTGTGAAAACAAATC,,0.1066,0.1066,237,311
CTTGTGGCCAATTCAG,,0.1295,0.1295,650,702
CTTGTTAACCAAGAGG,I288V,0.1415,0.1415,1106,1093
CTTGTTATGTAACAAA,N54aL,0.1829,0.1829,2708,2071
CTTGTTCAAGAGGAAT,,0.1720,0.1720,2464,2003
CTTGTTGTCCAGGACA,F338W,0.2524,0.2524,1025,568
CTTGTTTGATATAGTA,N33V S270F,0.0000,0.0000,0,2
CTTGTTTGTAAGCATA,A242D,0.1647,0.1647,146,124
CTTGTTTTCAAAGTTT,M75E R212Y,0.0930,0.0930,344,517
CTTTAAAAACAAAACG,H295K,nan,nan,0,0
CTTTAAAACAGGGAAT,N389P,0.6215,0.6215,80,18
CTTTAAAAGAAAGGCT,F79R,0.4545,0.4545,65,20
CTTTAAACGAGATAGA,W350E,1.0000,1.4217,61,6
CTTTAAACTATGGAGC,L122F L179Y,0.0000,0.0000,0,13
CTTTAAACTGTAATGC,S65V,nan,nan,0,0
CTTTAAACTTTTGATA,N289F,0.1507,0.1507,2883,2676
CTTTAAATAGGCGATC,,0.0923,0.0923,446,676
CTTTAAATATAGTGTA,V8I,0.0000,0.0000,0,13
CTTTAAATATATAACT,N158R C473Y,0.0000,0.0000,0,1
CTTTAACAACGATTTT,N401P,0.1151,0.1151,330,401
CTTTAACCCTTAACAG,K32T,0.0901,0.0901,78,121
CTTTAACGTGACGGAA,H183N L455Q,0.0000,0.0000,0,13
CTTTAAGAACAAATAT,S185I S323N,0.0095,0.0095,106,1553
CTTTAAGACTATGTAC,T283V,0.0000,0.0000,0,5
CTTTAAGTAACACACA,E107F I374W,0.0699,0.0699,10,20
CTTTAATAAGACCCCT,E501K,0.2093,0.2093,208,139
CTTTAATCGAATGCGG,L112E E403K T485Q,0.0000,0.0000,0,6
CTTTAATTCTCTCCAC,F399Y,0.0534,0.0534,240,628
CTTTACAATCTTAATA,,nan,nan,0,0
CTTTACAGTCTTACAA,K57E,0.2218,0.2218,3145,1983
CTTTACATATAGTAGT,D27W,0.7591,0.7591,38,7
CTTTACATCTGATCAA,N169Q H295S N322H T370S,0.0000,0.0000,0,15
CTTTACCTAGGAAGAA,S167H N322K F469V,0.0000,0.0000,0,2
CTTTACCTGTGGTCTA,P162E,0.1571,0.1571,438,390
CTTTACGAAAAAAATG,,0.1385,0.1385,3493,3526
CTTTACGAAACGCTAA,,0.2270,0.2270,1055,650
CTTTACGAAGCTAGCT,,0.1017,0.1017,4003,5503
CTTTACGGAGCCGGTG,Y448*,nan,nan,0,0
CTTTACGTCAGAGCAA,L179H,0.0962,0.0962,1095,1591
CTTTACTGAAATATTG,G134N G333I,0.0000,0.0000,0,3
CTTTACTGGTAATGAA,G271I E358T,0.0275,0.0275,52,264
CTTTACTTTATTAGAG,A365W C539V,1.0000,11.4671,82,1
CTTTAGAACCATTGCC,K156F K165R I166V N169D Y195C,nan,nan,0,0
CTTTAGAGCTTGAGAT,E479C,0.1213,0.1213,3972,4578
CTTTAGATATGGATCA,P306K,nan,nan,0,0
CTTTAGATGCCGGCCT,,0.0000,0.0000,0,150
CTTTAGCTAGCTTCCC,,0.1601,0.1601,1698,1483
CTTTAGCTCCGAAGAC,I252V K259R K262E K262aR K269R Y274C Q282R M292V K313R N322S,nan,nan,0,0
CTTTAGGAAACCCAAC,,0.1303,0.1303,5494,5895
CTTTAGGATCACGGCA,N169V,0.1680,0.1680,2115,1761
CTTTAGGGGCGAGTAA,K50V F245E,0.0000,0.0000,0,12
CTTTAGGTTAATAGCA,G341K,0.1101,0.1101,530,673
CTTTAGTCCTTTCGAA,V56Q,0.1176,0.1176,3114,3704
CTTTATACGACTATCA,N410R R547K,0.0000,0.0000,0,9
CTTTATAGGAATAATA,T200D,0.0000,0.0000,0,13
CTTTATATCGGCAGCA,V135F,0.1874,0.1874,678,506
CTTTATCAAGTAGGAT,P140H V151P,0.0000,0.0000,0,1
CTTTATCGAAGGAAAA,R326H,0.1997,0.1997,941,659
CTTTATCTAAGATTCC,K165E,0.0481,0.0481,189,550
CTTTATCTTGCAAATT,Q344L,0.1761,0.1761,1204,956
CTTTATGATAGTAACG,E255K S509A,0.1285,0.1285,1360,1480
CTTTATGTCTTGCAGT,V315A M431G A522S,1.0000,3.2164,23,1
CTTTATTACTATAAAT,R456G,0.0000,0.0000,0,57
CTTTATTGTCATGATG,I166Y,0.1643,0.1643,7362,6266
CTTTCAACAAAAGATC,G249N,0.6643,0.6643,19,4
CTTTCAACCCAATAAC,T35P K412L,0.1233,0.1233,253,287
CTTTCAATAAGTATAG,Q12H K120F N408Q,0.2424,0.2424,26,15
CTTTCAATCCTACTTG,E31W V88M,0.0000,0.0000,0,4
CTTTCACACGCTCGGA,,0.0847,0.0847,950,1568
CTTTCAGCCTAACTGG,N312C,0.1331,0.1331,255,268
CTTTCATCTAATCTTT,,0.0955,0.0955,418,612
CTTTCATGTATATCCT,E255H,0.1075,0.1075,2319,3017
CTTTCCACCATACCTG,,0.1650,0.1650,315,267
CTTTCCATTGAGTTTC,L154K,0.0000,0.0000,0,3
CTTTCCCGAACATTTA,S136C,0.2316,0.2316,53,32
CTTTCCCGACTCATAT,L194A G286N,0.0000,0.0000,0,1
CTTTCCCGCGCAGAAT,L447H,0.1325,0.1325,18,19
CTTTCCCTCACCTTTT,T206W W537M,nan,nan,0,0
CTTTCCGAAGATCACG,C139M,0.3529,0.3529,106,42
CTTTCCTAAAATTATA,K313D,0.1271,0.1271,180,198
CTTTCCTAATGATACA,,0.0720,0.0720,87,169
CTTTCCTTAACGCACG,H355D E468S,0.0000,0.0000,0,8
CTTTCCTTAAGCCGCC,S492Y C539N,0.0000,0.0000,0,45
CTTTCGAGAGTTCAGC,E398N M538R,0.1165,0.1165,45,54
CTTTCGGGAACAGAAA,K156W,0.6817,0.6817,39,8
CTTTCTAAGTTTCTTC,S167R M388E,0.0000,0.0000,0,3
CTTTCTAATGGTTTTG,D438I M530V,0.1207,0.1207,2004,2322
CTTTCTACAAAGCGGC,Y448V,0.0000,0.0000,0,8
CTTTCTAGATTCATAA,Q282I,0.3613,0.3613,31,12
CTTTCTTATCACTGCG,,0.1388,0.1388,259,261
CTTTGAAAAAGTCGTA,,0.1446,0.1446,3743,3619
CTTTGAAAAGAGACAC,L544P,0.0000,0.0000,0,4
CTTTGAACGCTGTCGA,M30* N410K,nan,nan,0,0
CTTTGAATATCTTGTG,N357L,0.7552,0.7552,27,5
CTTTGAGATACTCGTG,D241A,0.0000,0.0000,0,63
CTTTGATTTAGAGACA,I15Q Q222E E340H,0.0000,0.0000,0,19
CTTTGCATTAAGACCG,,0.0937,0.0937,1452,2167
CTTTGCCATAAGCTCC,,0.1496,0.1496,77,72
CTTTGGACATTCAAGA,G362C Q545S,0.2227,0.2227,129,81
CTTTGGCACGCTCTTA,D386S,0.4795,0.4795,288,84
CTTTGGGTCATAGATT,S311P,0.0000,0.0000,0,13
CTTTGTAAATAAAACA,H183S,0.2415,0.2415,19,11
CTTTGTACACACAGCC,C277G,0.0000,0.0000,0,5
CTTTGTACCTTACAAT,N129W,0.3220,0.3220,548,238
CTTTGTCATAAGCTTG,N-4G,0.4051,0.4051,449,155
CTTTGTCATGAATAGT,Y423C,1.0000,1.5383,55,5
CTTTGTGACCTGTGCC,K125aM T422E,1.0000,1.5942,57,5
CTTTGTGAGGAACATA,C539F,0.1211,0.1211,728,841
CTTTTAAAAAAATTAC,L507W,0.0280,0.0280,13,65
CTTTTAAAACAACCGG,I29E,0.0000,0.0000,0,2
CTTTTAAAGCTCTACC,G205R I243R,0.0000,0.0000,0,4
CTTTTAAATTTATAGG,I374P,0.0000,0.0000,0,7
CTTTTAACGCCACAAA,A137K T370* F469L,nan,nan,0,0
CTTTTAACTATCGATT,,0.1956,0.1956,200,143
CTTTTAATTTTATATT,A19W,0.2451,0.2451,475,271
CTTTTACAAACTAGCA,N169G R321C F469L,nan,nan,0,0
CTTTTACAATCTTTAC,,0.0787,0.0787,90,160
CTTTTACACTACAAGG,G362V,0.2843,0.2843,307,151
CTTTTAGTACCCATGA,,0.1858,0.1858,279,210
CTTTTAGTGGTGACCT,N541K,0.2797,0.2797,96,48
CTTTTATCAGGGCCTT,S523W Q545*,0.4545,0.4545,65,20
CTTTTATGGTTAGATT,G303P I550T,0.0000,0.0000,0,1
CTTTTATTACTTAACG,C466H,nan,nan,0,0
CTTTTATTATCAAGAA,Y488A,0.0972,0.0972,501,721
CTTTTCAACTCATACC,F245N,nan,nan,0,0
CTTTTCATATTATTCT,,0.0788,0.0788,2432,4317
CTTTTCATTCCCTGAT,Y17L,0.0000,0.0000,0,2
CTTTTCTACCGTCAGC,S270L,nan,nan,0,0
CTTTTCTATAATCAGC,K412A,0.0000,0.0000,0,11
CTTTTCTATTCAGTCG,M30S E414K,0.0000,0.0000,0,2
CTTTTCTTACAGACTT,,0.1414,0.1414,4828,4775
CTTTTGACGTGAATAA,,0.2134,0.2134,670,439
CTTTTGAGAACCATAG,T390D,0.2247,0.2247,143,89
CTTTTGGGACGAGCAC,S136A,nan,nan,0,0
CTTTTGGGACGAGCAG,S136G,0.1695,0.1695,40,33
CTTTTGGGTGACTTTG,L133aK,0.2994,0.2994,2160,1009
CTTTTGTGTATATAGC,K32Q,0.1027,0.1027,127,173
CTTTTTAAAATTACTG,N446S,0.1899,0.1899,2698,1987
CTTTTTAAATTAAGCC,R496T,0.1687,0.1687,5357,4441
CTTTTTAGTAAATTCG,S291K M530G,0.5749,0.5749,37,9
CTTTTTATCAATCGTC,,0.1462,0.1462,917,877
CTTTTTCTAGAAGTCG,Y141R G362Y,nan,nan,0,0
CTTTTTTACATAACGG,H38* F251N,1.0000,3.1465,45,2
CTTTTTTCTATATAAT,H38K,0.0834,0.0834,1425,2390
GAAAAAAAAACGAGTC,A522Y,nan,nan,0,0
GAAAAAAAACTGGTTA,N21K E131F G345V M346K,0.0000,0.0000,0,3
GAAAAAAACGATTTAA,,0.0948,0.0948,59,87
GAAAAAAACTCAATAA,N186F,0.1529,0.1529,141,129
GAAAAAAAGAAACATA,N169K R456P,0.3496,0.3496,15,6
GAAAAAACACTAATTG,I182E,0.0807,0.0807,213,369
GAAAAAACCAAACCAA,K9C V395D,0.1249,0.1249,837,937
GAAAAAACCATAGAAA,K9M I60G,nan,nan,0,0
GAAAAAACGACGGAAG,T370L,0.0000,0.0000,0,2
GAAAAAAGACTAACAC,,0.0000,0.0000,0,4
GAAAAAAGGAACCTAA,A425Y,nan,nan,0,0
GAAAAAAGGACGTTAT,F469I,0.0545,0.0545,214,549
GAAAAAAGTCCAAAAA,V204E,0.2961,0.2961,36,17
GAAAAAATAGATATGT,E479D,0.0580,0.0580,90,217
GAAAAAATCCGAGGCG,G376W,0.3108,0.3108,20,9
GAAAAAATTGGTTGCC,Q371F,nan,nan,0,0
GAAAAACAATTTTCCG,N389K,0.2174,0.2174,213,137
GAAAAACCACATGTGC,Q25H,0.1052,0.1052,993,1320
GAAAAACCAGTGCAAA,K196L,0.0794,0.0794,2073,3653
GAAAAACCATATATGT,Y308S,0.4095,0.4095,41,14
GAAAAACCCCATACTA,D231C,0.0260,0.0260,63,339
GAAAAACCCTGGAAAA,N289G,0.0569,0.0569,137,337
GAAAAACCTGATGGCC,H354I L507E,0.3108,0.3108,20,9
GAAAAACCTGTTTGAA,L133aR,0.3592,0.3592,9689,3772
GAAAAACGGAGACACA,N103C,0.2410,0.2410,224,130
GAAAAACTAACCAAGA,H440Q,0.0000,0.0000,0,4
GAAAAACTATAATAAT,A373M G376V V429H,0.0000,0.0000,0,2
GAAAAACTGAAATTAG,T318H,0.2367,0.2367,66,39
GAAAAACTGGACGTAA,F439Y,0.1414,0.1414,1553,1536
GAAAAAGAAGTCAATA,V88W,0.2680,0.2680,23,12
GAAAAAGACTCTTATC,,0.2011,0.2011,6907,4804
GAAAAAGAGGTCCTCT,N446H,0.1707,0.1707,868,711
GAAAAAGCAAATAAAT,Q490P,0.1263,0.1263,159,176
GAAAAAGGAAGGTCTT,S523G,0.1210,0.1210,302,349
GAAAAAGTACAGCGAT,M-6I G55V,nan,nan,0,0
GAAAAAGTTTACTAAG,R321L K367L T370I F469V,0.0000,0.0000,0,9
GAAAAATAGTAATAAC,P284N W350R,0.0000,0.0000,0,1
GAAAAATCACGTTAAC,G345S,0.1543,0.1543,906,821
GAAAAATCTGCGAACT,,0.1003,0.1003,104,145
GAAAAATGAACACGTG,V36L E508M,0.0690,0.0690,36,73
GAAAAATGGGTTACGA,S167R H276P,0.2661,0.2661,10846,5699
GAAAAATTAAAGAACG,D27K R405K W537*,nan,nan,0,0
GAAAAATTATGTTGCT,G352E,0.0000,0.0000,0,7
GAAAAATTGCAAAAAA,S113A,0.1848,0.1848,4964,3757
GAAAAATTGGACACTA,G68C S185Y,0.0000,0.0000,0,5
GAAAACAAAATCTGTC,G330Q,0.0000,0.0000,0,29
GAAAACAAATCACGGA,G376W L527N,0.5379,0.5379,50,13
GAAAACAACAAGGTGG,I260N,1.0000,3.9855,57,2
GAAAACACACGTTACA,N389S T390A N401G I406V N408S K411G M413V,0.2870,0.2870,78,38
GAAAACACGGAATAAA,N54aC,0.0851,0.0851,151,248
GAAAACACTAGAGTCA,N210D,0.2856,0.2856,145,71
GAAAACATATATGACT,Y201N,0.0483,0.0483,279,807
GAAAACATATTGCGAC,M111W S442R,0.1728,0.1728,1200,971
GAAAACCAAGTATAAG,A144N,0.2098,0.2098,11348,7564
GAAAACCAATCTGACT,G337C,0.6792,0.6792,68,14
GAAAACCCGCTCAATT,I514S,0.2038,0.2038,51,35
GAAAACCGTATATTAC,S221F N296S,0.0000,0.0000,0,3
GAAAACCTAACTGACC,A317Q,0.0000,0.0000,0,7
GAAAACCTAGTAGGTC,N54aM,0.1715,0.1715,2907,2371
GAAAACCTGAAAGTTA,V444D,0.0000,0.0000,0,4
GAAAACGAAGACTAAT,K9L,0.0000,0.0000,0,4
GAAAACGAAGAGGGAC,R328aV,1.0000,1.0628,76,10
GAAAACTAAACTCGCC,P198G,0.0990,0.0990,685,968
GAAAACTACATGTATG,G349C,nan,nan,0,0
GAAAACTACATTACAA,,0.0999,0.0999,3713,5196
GAAAACTAGATTCGCG,R326D,0.1565,0.1565,197,176
GAAAACTCCTAAAGTT,R149T,0.1537,0.1537,2797,2545
GAAAACTGAGTACAAC,,0.1324,0.1324,3732,3941
GAAAACTTCGCAACCC,V88M Y488E,0.1281,0.1281,185,202
GAAAACTTTTAGTTAC,Q222D T422D,0.0000,0.0000,0,5
GAAAAGAACAAGCTGG,,0.1775,0.1775,1867,1471
GAAAAGAACGTGACCC,L61M L507Q,0.5314,0.5314,38,10
GAAAAGAACGTTAATA,Q454D,nan,nan,0,0
GAAAAGAAGTCTGAAA,S361K,0.2744,0.2744,155,79
GAAAAGACATACAAGA,V88C N408G,0.0867,0.0867,49,79
GAAAAGAGATTGTACC,V152Q,0.1288,0.1288,1316,1429
GAAAAGAGGCTAGCAT,N33S N224S H276Y,0.1416,0.1416,794,784
GAAAAGATGAAGTTAC,G465T,nan,nan,0,0
GAAAAGATTGTATTGA,N103I,0.1398,0.1398,170,170
GAAAAGCAGGTAAAAA,S125bY,0.2953,0.2953,737,349
GAAAAGCATTACAGAA,E83A,nan,nan,0,0
GAAAAGCCATCGGCAC,A253M,0.1497,0.1497,2539,2372
GAAAAGCTGTACCGCC,,0.1633,0.1633,494,423
GAAAAGGAACCGTGCG,N169M *551F,0.0917,0.0917,291,444
GAAAAGGGGAAAAGTT,,0.1277,0.1277,2012,2204
GAAAAGTAGAGTCGTT,C546P,0.1119,0.1119,20,25
GAAAAGTCATTATGAA,E174N,0.1398,0.1398,42,42
GAAAAGTGGCCTCTCT,N210A,0.0000,0.0000,0,3
GAAAAGTGTCGGCGTC,L-1I A91F H295L,nan,nan,0,0
GAAAATAAAATTCCGA,Q282L,0.0000,0.0000,0,3
GAAAATAAACAAAGAT,G337S,1.0000,1.0189,51,7
GAAAATAAACGTATTC,A334T S509I,1.0000,3.0066,129,6
GAAAATAACAGCACCG,,0.0682,0.0682,193,396
GAAAATAACATGGTGT,D63N,0.0000,0.0000,0,6
GAAAATACAAAAATAC,,0.1194,0.1194,2449,2868
GAAAATACACTAGGTA,L331P L428Q,1.0000,4.7547,102,3
GAAAATAGAGAAAATT,Y363I,0.3687,0.3687,116,44
GAAAATAGCCGTGAAA,V347H G349C,0.0000,0.0000,0,4
GAAAATCATAAAGCTA,,nan,nan,0,0
GAAAATCGAAGGGCCA,F332C,0.0000,0.0000,0,4
GAAAATCGCTGACATG,,0.1253,0.1253,1894,2114
GAAAATCTGTAACGAC,Y274T,nan,nan,0,0
GAAAATGACACCAATA,R114F E340V,0.0000,0.0000,0,5
GAAAATGCACAAAATC,G349T,0.1357,0.1357,33,34
GAAAATGCTAGATAGG,K307T,0.0000,0.0000,0,30
GAAAATGGTTACCTCG,I252M,0.0325,0.0325,26,112
GAAAATGTCAGAGACA,W343C,nan,nan,0,0
GAAAATGTTGAATTGT,T370G F469I,0.0000,0.0000,0,10
GAAAATTAAAGTTTGA,P239C,0.0609,0.0609,271,622
GAAAATTAACTCGAAC,L325Q,0.1614,0.1614,4454,3858
GAAAATTAGACGAAAT,,0.0829,0.0829,347,585
GAAAATTAGCCTGAAA,P215N,0.0000,0.0000,0,22
GAAAATTATATATGGC,,0.1419,0.1419,1558,1535
GAAAATTCGCAAAAAC,K313M,0.0254,0.0254,22,121
GAAAATTGGTCTCTGC,S523W,0.5394,0.5394,27,7
GAAAATTGGTTGCGAT,I166P,nan,nan,0,0
GAAAATTTCTCGAAAA,S133Y A394F,0.6712,0.6712,24,5
GAAACAAAAAACGGAA,L154P,0.0000,0.0000,0,7
GAAACAAAAATCGAGA,G349M,0.0000,0.0000,0,16
GAAACAAAACAGGTCA,L409K,1.0000,1.4124,101,10
GAAACAAAATAAATCT,F332V,0.4219,0.4219,175,58
GAAACAAAATTGGGAA,V34D V481T,nan,nan,0,0
GAAACAAACTCACGCA,H110E L430V,nan,nan,0,0
GAAACAAATACTAAGT,H38M C52K G463V,0.0000,0.0000,0,3
GAAACAAATGCTAATG,L430V,0.1274,0.1274,646,709
GAAACAACCAATTAGG,A160C,0.3004,0.3004,247,115
GAAACAACGTATGCAC,,0.3517,0.3517,83,33
GAAACAACTGGCCACC,L428I,0.1918,0.1918,1470,1072
GAAACAAGAACACTAA,D27C V451Q,nan,nan,0,0
GAAACAATTATACATA,H130D E468K,0.4629,0.4629,96,29
GAAACACATAGTCATC,I123R,0.0000,0.0000,0,6
GAAACACCAGGCGAAT,W127Q,0.0905,0.0905,244,377
GAAACACCTAACAATT,,0.1741,0.1741,1995,1602
GAAACACGTAAATATC,L179W,0.0000,0.0000,0,45
GAAACACTGCCCTTAA,,0.1580,0.1580,1166,1032
GAAACACTTGCCGAAT,I297T,0.1541,0.1541,2969,2694
GAAACAGAAAAAATTC,A91F V510M,0.1385,0.1385,1271,1283
GAAACAGAAACATGGA,F232A,0.1228,0.1228,36,41
GAAACAGACTTAACAA,C64Y S185T,0.0000,0.0000,0,35
GAAACAGCATACACAC,,0.1089,0.1089,1878,2412
GAAACAGCCAACATTT,,0.1300,0.1300,5523,5939
GAAACAGCCATGATAG,,0.1742,0.1742,2087,1675
GAAACAGGATTACTAA,A91D T390M,0.0306,0.0306,61,279
GAAACATAAAACATGA,,0.1939,0.1939,3045,2196
GAAACATAGTGAAGAA,C477E,nan,nan,0,0
GAAACATAGTTCTATA,,0.0976,0.0976,407,583
GAAACATATATTTGCC,H47Y C52P,0.0833,0.0833,215,361
GAAACATGAACAAGCC,E494M,0.1496,0.1496,794,742
GAAACATGACTAGCGT,N410D,0.1735,0.1735,443,357
GAAACATGGTCTAAAG,I4H,0.1269,0.1269,167,184
GAAACATGTCCAAGAC,D159I,0.1504,0.1504,271,252
GAAACCAAATTCCTCC,G100A,0.1912,0.1912,1680,1229
GAAACCAAGTGGAAGA,I80Y,0.1627,0.1627,3065,2635
GAAACCAATATGCATT,A334T,0.3706,0.3706,53,20
GAAACCACTGCGACCG,A242L,0.0981,0.0981,268,382
GAAACCATCAGTTGCA,N21L,0.1057,0.1057,660,873
GAAACCATGATTTTAA,E273V,0.1918,0.1918,1196,872
GAAACCCAACAGCTAG,F79C,1.0000,inf,18,0
GAAACCCATATAATAC,G68K A495L,nan,nan,0,0
GAAACCCATTTAAACT,F469V,0.4195,0.4195,18,6
GAAACCCCCACCTCTT,S126I Y448H G484F,0.0000,0.0000,0,5
GAAACCCTCAAGGATT,,0.1113,0.1113,1460,1835
GAAACCGATTTTAACC,L102S,0.0000,0.0000,0,12
GAAACCGCAAAAGGCG,C52G,0.4322,0.4322,34,11
GAAACCGCGCATCAAC,R81P,0.1362,0.1362,112,115
GAAACCGGAAAGGCCG,,0.1456,0.1456,9299,8932
GAAACCGTTCAGCTGA,V444G,0.1693,0.1693,23,19
GAAACCTAATCAGACC,G205R R229S,1.0000,3.4961,25,1
GAAACCTAATCGCATA,A521G,0.0714,0.0714,703,1376
GAAACCTAGAAAGTCC,G352M,0.0000,0.0000,0,1
GAAACCTCACGCGTAC,N92D,0.1281,0.1281,2737,2988
GAAACCTGCTCTGCTA,Q222W,0.0828,0.0828,424,716
GAAACCTGTCATGCAG,F118A,0.4351,0.4351,336,108
GAAACCTGTTGTTCAA,P74M,0.1462,0.1462,252,241
GAAACCTTCACGAGAG,K411E Q545N,0.2468,0.2468,30,17
GAAACCTTCCACACGC,Q211P,0.0000,0.0000,0,3
GAAACCTTTCCCGACA,T37V,0.0000,0.0000,0,3
GAAACGAAATAAAAGA,H183K,nan,nan,0,0
GAAACGAACAATCTTA,,0.0000,0.0000,0,102
GAAACGAACACACAGT,L-1P R321A D366S T370G F469Q,0.0000,0.0000,0,6
GAAACGAGTAAGCAAT,L418I,0.1654,0.1654,324,274
GAAACGAGTGCATAGG,R397S,0.1013,0.1013,901,1244
GAAACGCTACTGGGCA,K125aS D474R,0.1023,0.1023,476,651
GAAACGCTAGAGCATA,E393W G465R F469T,0.7342,0.7342,21,4
GAAACGGACTGTAAAT,G362S,0.1946,0.1946,650,467
GAAACGGTTGAAAAGT,,nan,nan,0,0
GAAACGTAAAATACAT,,0.1441,0.1441,170,165
GAAACGTAAGTATTTT,R81E R328aS,0.0000,0.0000,0,7
GAAACGTATATTGCTG,T200Q,0.0000,0.0000,0,18
GAAACTAAAGCGATGT,L71H N296F,0.0000,0.0000,0,6
GAAACTAAAGTACGCT,,0.1235,0.1235,537,608
GAAACTAACAAAATTC,T520D,nan,nan,0,0
GAAACTAACACCAACC,Y201E,0.0543,0.0543,1501,3865
GAAACTAACTATATAA,K45T G72C,0.5533,0.5533,91,23
GAAACTAAGCCGGGAG,,0.0935,0.0935,790,1182
GAAACTAATCCCCACG,F251M,0.0773,0.0773,183,331
GAAACTACTAGGGTTC,D415W,1.0000,3.0766,66,3
GAAACTATGACCCATC,A532Y,0.3181,0.3181,621,273
GAAACTATGGCAGACC,T283K,nan,nan,0,0
GAAACTCAACGTGGCG,,0.1184,0.1184,2257,2666
GAAACTCGAAACTCTA,P306T Q490H,0.0000,0.0000,0,8
GAAACTCGGTCATGCT,I548P,0.2680,0.2680,69,36
GAAACTCGTCTAATGA,Q454F,0.1121,0.1121,1400,1747
GAAACTCTCTTCTGTC,,0.0000,0.0000,0,24
GAAACTGAAGAGCTGT,N20Q S221Q G228C,0.0000,0.0000,0,7
GAAACTGACGTTTCTG,E255A,0.0648,0.0648,1969,4251
GAAACTGATTGTTGCG,N169L S290A,0.1760,0.1760,866,688
GAAACTGCCCCCCAAC,A242Q,0.1617,0.1617,2051,1774
GAAACTGTCCAGACCT,E174T F417Y,1.0000,inf,34,0
GAAACTGTGAGCCTCA,E476M,0.0861,0.0861,80,130
GAAACTTAATATAAGA,I514T,0.2428,0.2428,408,235
GAAACTTACAACCTAC,L71I F469S,0.0000,0.0000,0,2
GAAACTTTCAAAGTCC,,0.1615,0.1615,432,374
GAAAGAAAACAAGAAC,E407T,1.0000,1.2446,89,10
GAAAGAAAACCGAAAG,,0.1310,0.1310,953,1017
GAAAGAAAACTTATCC,M230P L418P,0.0000,0.0000,0,1
GAAAGAACGAATTATT,L133aQ,0.2667,0.2667,8352,4379
GAAAGAACGTGGAGTG,Y470R,0.1597,0.1597,2259,1978
GAAAGAACTATAATTG,P239V,0.1296,0.1296,796,859
GAAAGAAGACCAGTTT,G228Q S543Q,0.4817,0.4817,31,9
GAAAGAAGTGCTTGTG,M478S,0.0000,0.0000,0,2
GAAAGACAACACCAAA,E393S L418C,0.4195,0.4195,117,39
GAAAGACAAGAGCATT,,0.0733,0.0733,98,187
GAAAGACGCCCGATCA,E493L,0.1311,0.1311,2490,2656
GAAAGACTAAAGAGGA,,0.0908,0.0908,228,351
GAAAGAGCACAAAATT,S85G,0.1606,0.1606,93,81
GAAAGAGTTTTCACCG,Y308G,0.0000,0.0000,0,5
GAAAGATAAATGGAAA,N94E,0.2020,0.2020,3331,2306
GAAAGATACCGGAATA,L316N,0.0000,0.0000,0,21
GAAAGATACTCGCACA,R227P,0.0271,0.0271,58,299
GAAAGATATGAGTCAC,G465V,0.1558,0.1558,39,35
GAAAGATTATCTAGAG,,0.0761,0.0761,86,158
GAAAGATTCAAGCAAC,A3M,0.0849,0.0849,1324,2180
GAAAGATTTCCAGATT,Y17E,0.0000,0.0000,0,8
GAAAGCAAAATATGCA,,0.2952,0.2952,19,9
GAAAGCAATCGCAATA,,0.1659,0.1659,4585,3864
GAAAGCACTCTAGTAG,G143P,0.0628,0.0628,136,303
GAAAGCAGAGCGAACT,E273V,0.2294,0.2294,3872,2360
GAAAGCATAAAGGTAC,E-5N,0.0957,0.0957,2561,3742
GAAAGCATTATGTTGA,Q142R,0.1974,0.1974,264,187
GAAAGCCAGAACCCAA,Q191D,0.2189,0.2189,36,23
GAAAGCCGAAACAGGC,V56C,0.0173,0.0173,66,535
GAAAGCGCGGAGCTTG,V34G,0.0000,0.0000,0,7
GAAAGCGCTGACGGAT,R482S,0.0712,0.0712,1478,2901
GAAAGCGGCCTTAGTT,V8I,0.0983,0.0983,296,421
GAAAGCTAAAGGGAGA,K450L,0.2435,0.2435,303,174
GAAAGCTAATACCCGA,L402I,0.1967,0.1967,353,251
GAAAGCTATTAACCGT,T23F,0.0000,0.0000,0,6
GAAAGCTCAAGACTTC,G68A,0.1336,0.1336,852,892
GAAAGCTGTTAGAACC,,0.1633,0.1633,1303,1116
GAAAGCTTACCTGCTC,K280Q,0.1786,0.1786,4919,3852
GAAAGGAAACTATGAT,S290W,0.0000,0.0000,0,34
GAAAGGATGCTGAGAA,E24D Y351N,0.0000,0.0000,0,1
GAAAGGGGGAAATAGG,T422A,0.0000,0.0000,0,1
GAAAGGGTGACACCTT,M111G,0.1143,0.1143,591,723
GAAAGGTAAAATAAAC,V204N Y353V,nan,nan,0,0
GAAAGGTAACTTAGGA,S270E G333S,0.0000,0.0000,0,13
GAAAGGTACCTTACAA,A253P,0.1793,0.1793,1372,1070
GAAAGTAAAACTGTCA,K62S,0.1005,0.1005,120,167
GAAAGTAATAACTCTT,,0.2284,0.2284,663,406
GAAAGTAATACAAAGA,P162S,0.1895,0.1895,1527,1127
GAAAGTACTTGTTAAT,D441H,0.1077,0.1077,174,226
GAAAGTATCGATTACA,L402R,0.1841,0.1841,1825,1386
GAAAGTATCTTCCATG,N224F M431T,0.2975,0.2975,717,337
GAAAGTATTCAGTGAT,D264H,0.0000,0.0000,0,1
GAAAGTATTTTGAGAC,A39L V285F,0.0395,0.0395,57,202
GAAAGTCCATGCCGGC,V204W,0.0000,0.0000,0,59
GAAAGTCGTAAAACAG,V285G,0.5594,0.5594,24,6
GAAAGTGAACACCGTT,A39L,0.0722,0.0722,187,362
GAAAGTGAATTTCGCA,,0.1236,0.1236,3891,4403
GAAAGTGGTATTAATA,,0.1552,0.1552,4803,4327
GAAAGTGTCGCAGTAC,M538N,0.1314,0.1314,62,66
GAAAGTTAAATAGAAT,L462I,0.0751,0.0751,1044,1944
GAAAGTTCCGTCACCT,R321L S369G F469N,0.0000,0.0000,0,5
GAAAGTTCTTATTTGC,G134Y S146I,0.2610,0.2610,28,15
GAAAGTTGATTAAGAC,S167N E304C,0.1079,0.1079,216,280
GAAAGTTGGTTATCCG,G510aP,0.1740,0.1740,999,803
GAAAGTTTAATCTCCC,E432R,0.2175,0.2175,28,18
GAAAGTTTTCACCGAG,S6V,0.1411,0.1411,3136,3109
GAAATAAAATAAGACC,V8R,0.0000,0.0000,0,24
GAAATAAATTAAAAAC,K307S,nan,nan,0,0
GAAATAACAGAATACA,,0.1063,0.1063,567,746
GAAATAACCCTATAAT,A394S,0.1513,0.1513,291,269
GAAATAATAAAAAAGA,H117D,0.2723,0.2723,440,226
GAAATAATATGCATAT,,0.0636,0.0636,75,165
GAAATAATGTACCACA,K307H G510aR,0.0155,0.0155,1,9
GAAATAATTATAATCA,Q282H G396Q,0.0000,0.0000,0,2
GAAATACATCCAAACA,Q226K,0.1161,0.1161,44,53
GAAATACCCCGGTTCT,I406W,0.2061,0.2061,1959,1329
GAAATACCGCTAGCAA,A188H,0.1467,0.1467,2324,2216
GAAATACGAGTGAGAA,,0.1467,0.1467,4209,4013
GAAATACGATCAAGCT,A317K I517P,0.0000,0.0000,0,7
GAAATACTGTTTGACA,,0.1256,0.1256,4297,4785
GAAATACTTGCTGGTA,F148M E246S,0.0651,0.0651,116,249
GAAATAGACCAAGATG,A3N,0.0000,0.0000,0,7
GAAATAGATAGAACCG,Q12P,0.0000,0.0000,0,4
GAAATAGATCCAGAAT,W153I L402W,1.0000,inf,1,0
GAAATAGATTGAAAGA,K411Y,0.1907,0.1907,30,22
GAAATAGCAAAAGCCG,L71R,0.0000,0.0000,0,5
GAAATAGCACTAATGG,,0.1432,0.1432,4488,4382
GAAATAGCCATACTTG,Y98S,nan,nan,0,0
GAAATATAATTGAAGG,F338W,0.1981,0.1981,313,221
GAAATATCAGTAACCG,V66M,0.1291,0.1291,554,600
GAAATATCATCACTCA,,0.0780,0.0780,337,604
GAAATATTAACAATTC,,0.1377,0.1377,1870,1899
GAAATATTGGGATATT,F294V C477W,0.3748,0.3748,67,25
GAAATCAAACCTAATA,E119G,0.1079,0.1079,27,35
GAAATCAACCTCTATT,S65L D415N E479L,0.9230,0.9230,33,5
GAAATCAACTACGGAC,S524V,nan,nan,0,0
GAAATCACAAGTTCCT,T511I,0.1272,0.1272,4852,5334
GAAATCAGGTTGCATG,,0.1203,0.1203,905,1052
GAAATCATGTTTACAT,I385Q K387N,1.0000,1.3476,106,11
GAAATCCAACAAAAAC,F118N,0.0993,0.0993,93,131
GAAATCCACAATCCGG,,0.0632,0.0632,444,983
GAAATCCAGTTGAGTC,C97L L515T,0.0000,0.0000,0,3
GAAATCCATTGTCCAA,P128G,0.1398,0.1398,28,28
GAAATCCCTAAAGCGC,,0.1651,0.1651,6810,5768
GAAATCCTGATCAAAG,T171R,0.1582,0.1582,1511,1336
GAAATCCTTGACAGAT,G333F,0.0982,0.0982,144,205
GAAATCGAAAAATTTC,,0.0213,0.0213,27,177
GAAATCGAAGGCGCTC,A317S I548S,0.0000,0.0000,0,8
GAAATCGCGAAGCGCC,M230A,0.2035,0.2035,3565,2450
GAAATCGGCTGCAAAT,,0.2970,0.2970,308,145
GAAATCGTGTGATATA,S247N,0.9944,0.9944,64,9
GAAATCGTTCAGATTT,D415N E434Q,0.1978,0.1978,116,82
GAAATCGTTCTGTCAA,Y17E D95V,0.0000,0.0000,0,5
GAAATCTACCCAGCTA,P215F,1.0000,1.8379,92,7
GAAATCTAGCCGAAAA,,0.1275,0.1275,383,420
GAAATCTCTACAAAGA,E434R,0.1407,0.1407,164,163
GAAATCTTCGTTCCAC,I155S V444L,1.0000,2.0277,116,8
GAAATCTTCTACGGCA,S167R,0.1391,0.1391,914,919
GAAATGAATAATTGAA,L527T,0.0000,0.0000,0,2
GAAATGACAGAATGAA,,0.1492,0.1492,272,255
GAAATGACATAATGTA,A188T,0.0000,0.0000,0,14
GAAATGACCAAAACAA,H184C,0.0000,0.0000,0,1
GAAATGAGCTGCCGAG,N116T,0.1771,0.1771,456,360
GAAATGATACCTGGGC,P284T,0.1387,0.1387,236,238
GAAATGATTCAATAAC,V-2L V429F,0.0000,0.0000,0,10
GAAATGCAGTCCGCGT,E304T,0.1239,0.1239,786,887
GAAATGCTGTGGCTAT,N379V,0.0933,0.0933,297,445
GAAATGGAGCAGACAT,,0.1423,0.1423,1120,1101
GAAATGGCAATCATCG,N172K,0.1108,0.1108,2323,2933
GAAATGTAACAACTCT,N289P N389H,0.1255,0.1255,35,39
GAAATGTCATATAAAG,E393T,0.1367,0.1367,657,672
GAAATGTCTGAGAAAC,G337R Y488C,0.0000,0.0000,0,7
GAAATGTGTATCTAAA,D415R Y470*,0.0000,0.0000,0,1
GAAATGTGTCAAATGG,,0.1842,0.1842,2432,1846
GAAATGTTCCATGTGG,L54Q G337E H354M,nan,nan,0,0
GAAATGTTGACGCACC,,0.1696,0.1696,2092,1725
GAAATGTTGGTCGGAA,A138C,0.0385,0.0385,46,167
GAAATGTTTAAAAATG,I29N T436D,1.0000,2.1676,31,2
GAAATTAAATAAATCA,R547*,0.2887,0.2887,64,31
GAAATTAACACAGTTG,R321K D415I,0.1876,0.1876,55,41
GAAATTAACACATTTG,,0.1506,0.1506,1053,978
GAAATTAATTCACTTT,L70K,nan,nan,0,0
GAAATTACCAGTAAAG,D27P,0.0000,0.0000,0,2
GAAATTAGACATGTAA,I-3E,0.0768,0.0768,334,608
GAAATTAGTGAAGCGT,D77Q,0.2419,0.2419,5244,3032
GAAATTATAAGTAAAC,V56C E414G,1.0000,2.6570,38,2
GAAATTATGTCACATT,E255M,0.1086,0.1086,288,371
GAAATTATGTTCCCAA,R435K S480W,0.0000,0.0000,0,4
GAAATTCACCAGGGAG,M530G,0.1645,0.1645,140,119
GAAATTCAGACGACAA,N443K,0.1534,0.1534,79,72
GAAATTCCCCGACCCC,N322P T370E F469I,0.0000,0.0000,0,6
GAAATTCTCACACAAG,,0.1512,0.1512,663,613
GAAATTGAGTCTAAAT,P324W,0.2257,0.2257,862,534
GAAATTGCCATACCAT,D11C,0.0816,0.0816,56,96
GAAATTGTAATACTAC,K380R,nan,nan,0,0
GAAATTGTGAATACCT,L427E,0.0000,0.0000,0,7
GAAATTTAAACTTCAT,C52R,0.0000,0.0000,0,3
GAAATTTAATGAATTT,V26H P293T,0.0000,0.0000,0,6
GAAATTTAATGGTCGA,,0.1367,0.1367,131,134
GAAATTTATACAAAGA,,0.2465,0.2465,1183,671
GAAATTTCAGCGTCAG,,0.2395,0.2395,1204,703
GAAATTTCCTATAAGA,I123E,nan,nan,0,0
GAAATTTCCTTTAAAC,A253T Y256K F469S,0.0000,0.0000,0,4
GAAATTTTCAAACTCA,,0.1580,0.1580,3170,2805
GAAATTTTCGCTATAG,T192W,0.1391,0.1391,1112,1118
GAACAAAAAAAATCAT,K125aT,nan,nan,0,0
GAACAAAAATACCGGA,T485R,0.2320,0.2320,773,466
GAACAAAAATATCTAA,,0.1210,0.1210,1149,1328
GAACAAAACATTGTTT,,0.1300,0.1300,199,214
GAACAAAATCAACGCG,C477R,nan,nan,0,0
GAACAAACAAGAGCGA,L133aW,0.2208,0.2208,1865,1181
GAACAAACACTCACGC,F251D,0.0000,0.0000,0,4
GAACAAACGATAGAGA,K109R S207G D348V,0.1310,0.1310,59,63
GAACAAAGAAATATGC,D11K,0.0000,0.0000,0,11
GAACAAAGCTCAAAGC,V505W,0.1465,0.1465,66,63
GAACAAAGTAGAAAGA,S356G,0.0000,0.0000,0,24
GAACAAATACTAACTA,,0.1668,0.1668,18261,15314
GAACAAATGGGATTCG,V56Y,0.1058,0.1058,1980,2618
GAACAAATGTCAGTTA,,0.0693,0.0693,400,807
GAACAACAACTACAAG,I243K,0.0000,0.0000,0,31
GAACAACACATAGAAA,I267P,0.4428,0.4428,19,6
GAACAACGCTTCACCA,K445S,0.0000,0.0000,0,5
GAACAACTACTGAATT,G275F,nan,nan,0,0
GAACAACTAGGAATCC,V82D,0.1902,0.1902,34,25
GAACAACTCGAAGCGG,D241S,0.1987,0.1987,54,38
GAACAAGAAACAGTGA,N20E K328F,0.0000,0.0000,0,2
GAACAAGAAGACTATC,S101G,0.1130,0.1130,417,516
GAACAAGACAAACAGG,A19L,0.0446,0.0446,15,47
GAACAAGACACCACTC,N401P,0.0870,0.0870,227,365
GAACAAGATATAAATA,I217F,0.0829,0.0829,966,1629
GAACAAGATCCGAGCA,C64M,0.0000,0.0000,0,10
GAACAAGATTACAATA,G181D M431I R452E,nan,nan,0,0
GAACAAGCATACATAT,V-2I,0.1701,0.1701,197,162
GAACAAGGTAGACATC,L194G,0.0000,0.0000,0,4
GAACAATATACACACA,S113D,0.0000,0.0000,0,4
GAACAATATTTTGATC,Y423A,0.0000,0.0000,0,9
GAACAATGAAAGAACA,A137T,0.0302,0.0302,54,250
GAACAATGAGTGATCT,N464Q,0.1813,0.1813,2679,2066
GAACAATGGACTCTCT,Y488N,0.1362,0.1362,1188,1220
GAACAATTAGTAAAAA,E398D,0.0429,0.0429,163,531
GAACAATTATAAGTAC,Q371C,0.0000,0.0000,0,11
GAACAATTATATTAAG,A532P,0.1609,0.1609,1959,1703
GAACAATTATCATTAG,C277Y E494K,nan,nan,0,0
GAACAATTTCGAGGTA,,0.0711,0.0711,30,59
GAACACAAAGTGTAAC,T436G,0.0000,0.0000,0,7
GAACACAATAGTGTCT,,0.0897,0.0897,206,321
GAACACACACTCGTAA,Y491V,0.4335,0.4335,31,10
GAACACACTATACTAG,,0.1611,0.1611,4132,3586
GAACACCAGCCCAACC,A67M E493A,0.0988,0.0988,1024,1450
GAACACCGTAAGAGCG,K328H,0.1287,0.1287,394,428
GAACACCGTCGCTGTA,G504T,0.1552,0.1552,2017,1818
GAACACGAACCAATTA,L447M,0.1788,0.1788,900,704
GAACACGCAAAACGCC,V204D,0.0000,0.0000,0,5
GAACACGGAACAAGCG,E508I,0.1522,0.1522,1233,1133
GAACACTAATGTGCTC,,0.0928,0.0928,1173,1767
GAACACTACCCAAGCC,Y363E,nan,nan,0,0
GAACACTACGGGTATG,I-3F,0.0953,0.0953,1707,2506
GAACACTATTGACCGT,N73V Y351Q,0.0000,0.0000,0,11
GAACACTCATCCTTAG,T200F,0.0000,0.0000,0,40
GAACACTCTTGAAGTT,E44* V88K,0.0000,0.0000,0,7
GAACAGAAACACATCA,F245M,0.1444,0.1444,1670,1617
GAACAGACAAAATGAC,N48G,0.0581,0.0581,106,255
GAACAGACACAAAGAC,V395K,0.0000,0.0000,0,45
GAACAGACGTTTCATA,G362Y,0.1723,0.1723,722,586
GAACAGATATGCGGCT,M413I,0.1386,0.1386,1958,1975
GAACAGCTTAAAGGGC,I385P,0.0000,0.0000,0,43
GAACAGGAGTTTCTCA,L515H,nan,nan,0,0
GAACAGGCTATCAACT,,0.1916,0.1916,3986,2910
GAACAGGTAAATTCAT,Q282R K506T,0.0000,0.0000,0,2
GAACAGGTATTAAACT,L325P,0.1084,0.1084,441,569
GAACAGTATGACTAAT,L316N,0.0000,0.0000,0,4
GAACAGTCACATAGAT,A160S,0.1736,0.1736,998,804
GAACATAAAAACCCGC,D95F,0.4795,0.4795,24,7
GAACATAAACTTTGAA,K62S,0.1288,0.1288,604,656
GAACATAATATCCCGA,Q12E,0.1364,0.1364,2786,2857
GAACATACTAATCAAT,A91F,0.0000,0.0000,0,78
GAACATAGCTAAGAAC,F392I,nan,nan,0,0
GAACATAGTATTCCAA,,0.0338,0.0338,64,265
GAACATATACAACCCC,Y141H,0.2156,0.2156,2024,1313
GAACATCTACTCGCAC,G225W,0.0000,0.0000,0,35
GAACATGCCACTATAA,V481H,0.0000,0.0000,0,6
GAACATGCCTTTTACC,A188N,0.2178,0.2178,2098,1347
GAACATGCTCTACTTG,,0.2166,0.2166,206,133
GAACATTCCATTAAGA,I502Q,0.6992,0.6992,120,24
GAACATTCTCGCGACC,C305S,0.0000,0.0000,0,15
GAACCAAAATAATCCT,K380N,nan,nan,0,0
GAACCAAACCATCCTC,E426* L427K,0.0000,0.0000,0,5
GAACCAAAGAGCATTA,A242D,0.0573,0.0573,474,1156
GAACCAAATTTGAGTA,,0.1789,0.1789,3043,2379
GAACCAACCGCAATCA,A334V A394Q,nan,nan,0,0
GAACCAACGATACAGT,S519P,0.4895,0.4895,91,26
GAACCAACTAGTAATC,L437F,0.1527,0.1527,1303,1193
GAACCAAGCACTAAAA,N172T,0.0000,0.0000,0,4
GAACCACCTGAAGTTG,A3C S270Y,0.0000,0.0000,0,10
GAACCACTATTGAAAT,V309C,0.2535,0.2535,203,112
GAACCAGAAATACCAG,S10P P215F,0.0000,0.0000,0,21
GAACCAGAGAGGACGT,D386A,0.1249,0.1249,1366,1530
GAACCAGATCGCCAGT,C52R,0.1492,0.1492,5772,5411
GAACCAGATTGACCAT,,0.1813,0.1813,16608,12813
GAACCATAGTCTGATA,,0.1650,0.1650,393,333
GAACCATGCTCGGTAC,L102R N312T,0.0000,0.0000,0,1
GAACCATGCTTAGTTA,,nan,nan,0,0
GAACCATTATATGATA,P162K,0.1815,0.1815,1959,1509
GAACCATTTAAGCATG,H18N S167P F469W,0.0000,0.0000,0,4
GAACCCAACATGTCAT,Q222L,0.0857,0.0857,3300,5386
GAACCCACCAAAGATA,L402G,0.3625,0.3625,788,304
GAACCCATAACCACAC,,0.4746,0.4746,224,66
GAACCCCATAAAACGT,I29D M431I,0.0000,0.0000,0,5
GAACCCCTGCGATTGC,G286P,0.0000,0.0000,0,4
GAACCCGATACAGAAA,Q191K T485K,0.0000,0.0000,0,11
GAACCCGTAGTCTTCT,A93C,0.1030,0.1030,148,201
GAACCCGTCATTGCTC,,0.1248,0.1248,199,223
GAACCCGTTGTATATA,V56E,0.0747,0.0747,140,262
GAACCCTCTTGTCAAT,I384L,0.1980,0.1980,647,457
GAACCCTGGTATTTAT,S221M,0.0699,0.0699,21,42
GAACCCTTAAAAGAGG,,0.1148,0.1148,4110,5005
GAACCCTTTATGCCAA,K269M,0.0654,0.0654,58,124
GAACCGACGCCTATGA,I243R,0.0000,0.0000,0,12
GAACCGACTAAAAAGT,A19S C97I S492I,0.0000,0.0000,0,12
GAACCGGAAGGACATC,G263V C281I,0.0000,0.0000,0,4
GAACCGGCACAAACAT,,0.1539,0.1539,3717,3378
GAACCGTCAAGGACCG,K372G,0.1467,0.1467,213,203
GAACCGTGTCAAAACA,I217Q,0.1046,0.1046,663,886
GAACCTAACAGCAGGA,T318P,nan,nan,0,0
GAACCTAACGAATAGG,G143Y,0.1801,0.1801,2217,1721
GAACCTAATCACCCCT,E89L,0.0702,0.0702,132,263
GAACCTAGTTACGAAC,E107K H355Q A521P,nan,nan,0,0
GAACCTCGAAAAAAAA,,0.0575,0.0575,127,309
GAACCTCGCTATGACG,E493I,0.1650,0.1650,2376,2014
GAACCTCTGAAAGTTC,I384C,0.1799,0.1799,184,143
GAACCTGCAGATATAA,G16N V285G,0.0000,0.0000,0,11
GAACCTGTCTTAAAAC,,0.1562,0.1562,4414,3952
GAACCTTAAAACAAAC,C97E,0.0884,0.0884,74,117
GAACCTTAACCCCTCT,E44C,0.1254,0.1254,816,910
GAACCTTATCTTGTCA,W153G,0.2098,0.2098,24,16
GAACCTTATTAATCAT,K310T,0.1412,0.1412,319,316
GAACCTTCCCCTAGGG,V223G,0.0000,0.0000,0,5
GAACCTTCTGTATCTA,,0.0983,0.0983,1275,1814
GAACGAAAGATCGGAC,K32M N54aF,0.0792,0.0792,1233,2178
GAACGAAGTGAAGCAT,S65I,1.0000,1.2586,45,5
GAACGACCCGTACATT,L154R,1.0000,1.3207,85,9
GAACGAGAAGCATTCC,Q211D,0.1413,0.1413,12540,12414
GAACGAGGCTCAAAAG,T23N G484Y,0.6992,0.6992,35,7
GAACGAGTGAGCGGAT,P162H,0.5694,0.5694,228,56
GAACGATCTTTGACCA,,0.1109,0.1109,306,386
GAACGCAGCACTACCC,A218H,0.0826,0.0826,124,210
GAACGCCAGGCAATTA,K498C,0.2010,0.2010,69,48
GAACGCCATATCATGC,I13S P299V,0.0000,0.0000,0,6
GAACGCCATCGATGGA,G484R,0.1051,0.1051,4042,5379
GAACGCCCATATACTT,W234L,nan,nan,0,0
GAACGCGGAAGCAACG,,0.0550,0.0550,79,201
GAACGCTAGCCTTCAG,Y308E,0.6118,0.6118,35,8
GAACGCTCTATTGACG,R149A,0.1455,0.1455,2444,2349
GAACGCTGATACTGTG,E479A,0.0794,0.0794,88,155
GAACGCTTAATTATAC,,0.0766,0.0766,565,1032
GAACGGAATTACCCTC,N389I,0.1179,0.1179,263,312
GAACGGGATTCTCGAG,,0.1165,0.1165,677,813
GAACGGGTTAACACAA,,0.1111,0.1111,832,1047
GAACGGTAATACACGA,G416H C473S,0.4895,0.4895,28,8
GAACGGTTCCACTCGG,A257S,0.0000,0.0000,0,20
GAACGTATAAAATGGT,,0.1006,0.1006,4422,6149
GAACGTGGCAAACCGA,G333A,0.0000,0.0000,0,335
GAACGTTACACAAGAT,,0.1609,0.1609,421,366
GAACGTTCTGATGATC,N379S I517Q,0.0000,0.0000,0,12
GAACTAAAGGGTGTCT,L331P,0.0000,0.0000,0,5
GAACTAAATTCTCGTA,W180G R456L,nan,nan,0,0
GAACTAAGAACAGATT,G249Q,0.0000,0.0000,0,4
GAACTAAGCGTTCCTT,D27E E500F,0.2188,0.2188,967,618
GAACTAAGGGTTAGCA,Q391W,0.3227,0.3227,30,13
GAACTACACGTCTCTC,G100M,0.0000,0.0000,0,18
GAACTACCACAAAGAA,S270N,0.0597,0.0597,486,1139
GAACTACGAGGATTTA,E89V,0.3071,0.3071,112,51
GAACTACTTCACTGTA,N446L,0.1453,0.1453,2350,2262
GAACTAGCACCAGTTT,I302Y,1.0000,3.1232,67,3
GAACTAGCCTAAAATC,E468H,0.5486,0.5486,255,65
GAACTAGGATGTCATC,S203I,0.0185,0.0185,41,310
GAACTAGTTCATAGAT,,0.1517,0.1517,7559,6969
GAACTAGTTTCCTACC,,0.1463,0.1463,2816,2692
GAACTATCCGTGCTAT,I80W V444E P489H,0.0000,0.0000,0,14
GAACTATGGACAACAT,K157I H354D,nan,nan,0,0
GAACTATTACAGCAAT,R220K,0.0000,0.0000,0,13
GAACTATTATGGGCAA,,0.1009,0.1009,83,115
GAACTCACACGTCAGA,L102P E106T,0.0000,0.0000,0,2
GAACTCAGACAAGACC,G360I,0.0000,0.0000,0,1
GAACTCAGCCTGTAAA,,0.1661,0.1661,2156,1815
GAACTCCAAAATTCAC,N357K,0.0000,0.0000,0,15
GAACTCCATATAGTTA,L209M,0.0487,0.0487,440,1264
GAACTCCGACATCAGA,V420W,0.6992,0.6992,25,5
GAACTCTGTAAGCTAT,Q454M,0.1966,0.1966,738,525
GAACTGAAGAAGGATA,T266Y,0.5486,0.5486,51,13
GAACTGACTTAAAAAG,N289Q,0.1625,0.1625,2598,2236
GAACTGAGAAATGAGA,Y258G,1.0000,4.2652,61,2
GAACTGATTTTATATT,V5D,0.0000,0.0000,0,6
GAACTGCACAAAGTAT,F79A I529M,1.0000,2.3307,50,3
GAACTGGAACGTATAC,N379C,0.2091,0.2091,1271,850
GAACTGGCACTGAATC,V151E,0.0000,0.0000,0,33
GAACTGGCTGTAAAAA,V151K R482L,0.0000,0.0000,0,4
GAACTGTCGGAAACTA,*551Y,0.1021,0.1021,119,163
GAACTGTGAATCATGA,,0.2512,0.2512,194,108
GAACTGTTAAAACAAG,E78D E434N,0.0000,0.0000,0,3
GAACTGTTCCTTGTAA,D487R,0.1793,0.1793,790,616
GAACTGTTCGAAACTA,M111E,nan,nan,0,0
GAACTTAAAATGTACC,,0.0983,0.0983,737,1049
GAACTTAAGAGCAGCA,T28G,nan,nan,0,0
GAACTTAGAGTAAAAA,I60H V309T,0.0000,0.0000,0,2
GAACTTATTACATTAA,,0.1230,0.1230,1355,1540
GAACTTCAACTATGCC,D419R,0.0000,0.0000,0,1
GAACTTCCAGAGTGTA,,0.1267,0.1267,667,736
GAACTTCCCAGTCGAT,I550R,0.0509,0.0509,20,55
GAACTTGAACAGGACT,D241Y,0.8274,0.8274,71,12
GAACTTGGAGTGAGAC,N54aQ F469P,nan,nan,0,0
GAACTTTATACTAAAA,,0.1843,0.1843,522,396
GAACTTTCCACGGTGA,N382Y,nan,nan,0,0
GAACTTTTGTAACTAC,L177I,0.3175,0.3175,168,74
GAAGAAAACTAATCTC,L409S,0.0000,0.0000,0,2
GAAGAAAAGAAAATAA,G330T,0.0000,0.0000,0,1
GAAGAAAATAAGGAAT,I243S P489I,nan,nan,0,0
GAAGAAACCCAGACTA,V8Q,0.0000,0.0000,0,3
GAAGAAAGAGAAGACG,S311G V377A,nan,nan,0,0
GAAGAAAGTCTTCACA,K472I,0.1407,0.1407,2998,2979
GAAGAAATTGCTTGTT,R482N,0.2610,0.2610,28,15
GAAGAACAATCGTAAG,,0.1027,0.1027,3240,4413
GAAGAACCAAGCCACA,A373K,nan,nan,0,0
GAAGAACCCCAGGTCC,,0.0850,0.0850,536,882
GAAGAACTAACCCAGG,,0.1716,0.1716,691,563
GAAGAACTCCAATACT,S311G E414M,0.0902,0.0902,20,31
GAAGAACTTAACAATC,A144S,0.0681,0.0681,538,1104
GAAGAAGACTGGCATT,N169A T370R M431K,0.0000,0.0000,0,1
GAAGAAGAGTTATCAT,,0.2037,0.2037,989,679
GAAGAAGCATCGAAAT,D77I S480R,0.1511,0.1511,1141,1056
GAAGAAGCTGAAACCG,D27C I374K,0.0000,0.0000,0,1
GAAGAAGTTGAACAAT,K328V,0.1958,0.1958,3991,2851
GAAGAATAACAGATCC,G342V,nan,nan,0,0
GAAGAATCAAGTGTTC,,0.0561,0.0561,61,152
GAAGAATCACCTTAAG,R456D,0.1874,0.1874,1380,1030
GAAGAATGCGACCTAA,P489I,0.0509,0.0509,48,132
GAAGACAAGAAATCAA,,0.1221,0.1221,268,307
GAAGACACAAGTGATA,A67S,0.1428,0.1428,588,576
GAAGACCCACCGATGT,N248P,0.5255,0.5255,124,33
GAAGACCCATATATAT,S291Y,0.4443,0.4443,502,158
GAAGACCTCTTGTTAA,E476T,0.1354,0.1354,2630,2716
GAAGACTAAGTAAGTT,C97G Q371Y,0.0000,0.0000,0,10
GAAGACTAATCCTGAT,C139T,0.0000,0.0000,0,22
GAAGACTACACAAGAG,D95I,0.0740,0.0740,383,724
GAAGACTTTAGAGCAT,E189L,0.1094,0.1094,90,115
GAAGAGAAGTACTCTC,E501I,0.0752,0.0752,128,238
GAAGAGAGTACTCACG,T390N,0.0000,0.0000,0,69
GAAGAGATCCACCTCT,K259W,0.0753,0.0753,28,52
GAAGAGCAAAAACTCA,Y488C,0.0000,0.0000,0,23
GAAGAGCAAACTTTAT,F392E,0.0000,0.0000,0,1
GAAGAGGAAGGTCGAC,D95E,0.1285,0.1285,68,74
GAAGAGGCTATAAAAT,Q25L P254C,0.0000,0.0000,0,1
GAAGAGGGACCATAAT,N187D R212C,0.0331,0.0331,65,275
GAAGAGTACCATGTTT,Y98S,0.0000,0.0000,0,2
GAAGAGTGTACAAACG,L437R,0.0000,0.0000,0,6
GAAGATACAAAAAACC,C14*,0.0000,0.0000,0,3
GAAGATACATCATATA,I217N,0.0000,0.0000,0,22
GAAGATATACTTCCAA,T28*,nan,nan,0,0
GAAGATATGACGCGGT,L430F,0.0000,0.0000,0,2
GAAGATCAATCTAGTA,L325D,0.1361,0.1361,585,601
GAAGATCGTAATTGAA,H47T,0.2063,0.2063,419,284
GAAGATCTAAACTGCT,W69R,0.6223,0.6223,89,20
GAAGATCTCGCGTCAC,,0.0900,0.0900,294,457
GAAGATGGTAAACTCT,,0.0355,0.0355,49,193
GAAGATGGTGAAAAAT,Y141H V451M,0.1260,0.1260,1346,1494
GAAGATTTGAAGTGAA,F294S,1.0000,1.2935,37,4
GAAGATTTTATAAACG,K328S,nan,nan,0,0
GAAGCAATAGTGTGAA,,nan,nan,0,0
GAAGCACTAATGGCGG,V481L E501P,0.1161,0.1161,2791,3361
GAAGCACTCGCACGAA,L112H E189K G333S,nan,nan,0,0
GAAGCAGATCACTAAT,,0.1497,0.1497,1705,1593
GAAGCAGCAATAGCAG,E327I,0.0844,0.0844,35,58
GAAGCAGTAATGGGGC,M111Q,0.0000,0.0000,0,59
GAAGCATATGCCTCTC,M478Q,0.0839,0.0839,27,45
GAAGCATATGGCATGG,C76M,0.1106,0.1106,34,43
GAAGCATCCTGCATAT,Q142P L177A,0.0000,0.0000,0,10
GAAGCATGAGGTCAAT,,0.2004,0.2004,1096,765
GAAGCATGCTTTTCCC,I4A,0.1627,0.1627,1720,1478
GAAGCCAACATTAGTA,R328bG,0.3640,0.3640,406,156
GAAGCCAAGTAGTGGG,L154K K412R,nan,nan,0,0
GAAGCCAGCGAAAACC,K120C E500M,0.1322,0.1322,69,73
GAAGCCAGCGAAGGTT,N197Q,0.1160,0.1160,758,914
GAAGCCCACAGCACTT,T378S,0.1376,0.1376,3890,3952
GAAGCCGTGACAAATA,T171P,0.1449,0.1449,489,472
GAAGCCGTTAGCTCTT,,0.0000,0.0000,0,1
GAAGCCTATTGGTAGT,A334I,0.1114,0.1114,51,64
GAAGCCTTCCATAATT,R81M,0.1579,0.1579,4452,3943
GAAGCCTTTAGGGTCT,N187T K460W,0.1288,0.1288,302,328
GAAGCGAAATAAATGA,,0.1503,0.1503,749,697
GAAGCGACTTAATACA,G72L,0.1261,0.1261,110,122
GAAGCGAGGGCCTCTC,,0.0660,0.0660,117,248
GAAGCGCAATCACTGT,,0.0524,0.0524,153,408
GAAGCGCATGGTCACT,E119S P324V,0.0727,0.0727,564,1085
GAAGCGGTAGCCTGGA,D348W,0.0888,0.0888,134,211
GAAGCGTACCCCAGGA,V420M,0.0991,0.0991,686,968
GAAGCGTAGTCTTTAA,L43M S270H C466G,nan,nan,0,0
GAAGCGTCCCCCAACT,E432K,nan,nan,0,0
GAAGCGTGCAAAAGTG,A394R H440P,nan,nan,0,0
GAAGCTAAATAGCTTT,I339Q,1.0000,3.4262,98,4
GAAGCTAGTGCTGATA,V347M C477S,0.0000,0.0000,0,9
GAAGCTCAAACCGGCG,,0.0000,0.0000,0,2
GAAGCTCTTTAACTAA,A91D,0.0473,0.0473,23,68
GAAGCTTAAAAGAAAG,G271D,0.1639,0.1639,1689,1441
GAAGCTTAATAGATGT,H244T,0.1144,0.1144,1060,1296
GAAGCTTCCTTCGCCG,Q371M,0.1922,0.1922,1464,1065
GAAGCTTTAGCAACCT,V34R,0.0000,0.0000,0,3
GAAGGAAATACACCAC,P140W R212T,0.0000,0.0000,0,3
GAAGGAATCGATGACG,A317R M413I L544P,0.0000,0.0000,0,6
GAAGGAATGCCACAAA,H295M,0.2253,0.2253,783,486
GAAGGACAAGAATAAA,,0.1307,0.1307,1508,1613
GAAGGACTGGGTCCGT,,0.1635,0.1635,1874,1603
GAAGGAGTCAAAGGAA,Q211M,0.0897,0.0897,1718,2678
GAAGGATGAGTATATC,V66M I243G,nan,nan,0,0
GAAGGATTAATTCTTA,,0.0753,0.0753,167,310
GAAGGATTGAGCAGCG,,0.1120,0.1120,2807,3505
GAAGGATTTGATAATG,F294I,0.0859,0.0859,229,373
GAAGGCAAAGATCGGA,A532G,0.0954,0.0954,1222,1791
GAAGGCAATCCCCACA,R90L,0.1690,0.1690,1698,1405
GAAGGCATTAATACGA,L7A G504I,0.0589,0.0589,40,95
GAAGGCCAGCGCCTTA,,0.1973,0.1973,2931,2077
GAAGGCCGAGAGCGGT,,0.2107,0.2107,348,231
GAAGGCGATCCTAATA,V151N,0.1230,0.1230,1835,2086
GAAGGCGCTTTTTTCA,P299A,0.1973,0.1973,285,202
GAAGGCTGTCTGCACA,G181K,0.0000,0.0000,0,7
GAAGGGCATACAATAA,W537Q,0.6454,0.6454,60,13
GAAGGGCGATGTACCT,Y274Q,0.0926,0.0926,1605,2424
GAAGGGGAAAGCTGAC,S10G,0.1319,0.1319,664,704
GAAGGGGACTAGGGCC,E119P P198T,0.0000,0.0000,0,2
GAAGGGGCACTGATTA,S524P,0.0000,0.0000,0,2
GAAGGGTTAGCAATAC,G225W V272M,0.0000,0.0000,0,93
GAAGGGTTCCCCTGAT,D104M,0.3565,0.3565,232,91
GAAGGTAAAAGACCTT,N92T S270W,0.7831,0.7831,28,5
GAAGGTAAATCGTAAG,A336T,0.1119,0.1119,12,15
GAAGGTAATGAATACT,S167P S369W F469T,0.0000,0.0000,0,5
GAAGGTATCGGCAAAT,D11F,nan,nan,0,0
GAAGGTGGTAAACTGT,S167A K367E T370R F469V,0.2331,0.2331,30,18
GAAGGTGTAAACAGGA,Q359R,0.1070,0.1070,646,844
GAAGGTTCTTCAAGGA,V377M,0.0749,0.0749,235,439
GAAGGTTTAGTAAGAC,Y105W T485L,0.0881,0.0881,131,208
GAAGGTTTTCTAGATT,,0.1301,0.1301,5569,5988
GAAGTAAAACTTACAC,L179T,0.1088,0.1088,329,423
GAAGTAACAAGGTATA,K57D,0.0000,0.0000,0,3
GAAGTAACGTCTTAGC,E89W,0.0498,0.0498,208,584
GAAGTAACTGAACCTA,I60E,0.1324,0.1324,922,974
GAAGTAAGTTAAACAC,N116G,0.0532,0.0532,43,113
GAAGTAATCTAGACGC,E393H,0.0000,0.0000,0,12
GAAGTAATCTATAAAA,R404E,0.7458,0.7458,48,9
GAAGTAATGACCCAAT,E78Y,0.0978,0.0978,480,686
GAAGTAATGCGTTCGC,R114D,0.6611,0.6611,208,44
GAAGTACACAATAAGT,N400G,0.1302,0.1302,1587,1705
GAAGTACCGGAACCGC,A144G,0.2207,0.2207,2205,1397
GAAGTAGGCAGATGCT,S442A,0.1459,0.1459,2683,2572
GAAGTAGGTTTAGGTC,V5D W350Q,0.1082,0.1082,41,53
GAAGTAGTAAATGAAA,G228Y L527M,0.1088,0.1088,28,36
GAAGTATAAGAAAAAA,K57A,0.2377,0.2377,1360,800
GAAGTATAAGCCATAC,A3R,0.0000,0.0000,0,3
GAAGTATGAGAGGGAT,Q40N,0.0523,0.0523,282,754
GAAGTATTACAAAACC,S6H K196F C539D,0.0000,0.0000,0,11
GAAGTATTAGAACAAC,L515R,0.0000,0.0000,0,19
GAAGTCAACAAAGATC,,0.1955,0.1955,2112,1511
GAAGTCAAGTAAAAGG,R227T,0.0065,0.0065,60,1297
GAAGTCATGAACAAAT,F232S,0.0000,0.0000,0,6
GAAGTCCAAACCCTGA,W343K,0.1002,0.1002,245,342
GAAGTCCCTGTGCTTA,K445R,0.1153,0.1153,61,74
GAAGTCTAGTTGTAAG,V8L,0.0000,0.0000,0,9
GAAGTCTGATGATACT,L59K M478P,0.0000,0.0000,0,25
GAAGTGAAGTGATTAC,E358I R496P,0.0000,0.0000,0,9
GAAGTGCAGAAATTTT,,0.0765,0.0765,638,1167
GAAGTGCGAAATTTAA,A137S R149K G225R,0.0802,0.0802,1153,2011
GAAGTGCGGGAAGTGT,,0.1579,0.1579,473,419
GAAGTGGATATCTTAG,,0.1480,0.1480,163,154
GAAGTGTAATCTACAT,D415C,0.0000,0.0000,0,42
GAAGTGTGATACATCG,L455K,0.9789,0.9789,49,7
GAAGTGTTATGGCCTT,R435H,0.1825,0.1825,1026,786
GAAGTTAAAGACTTAA,A160C I339C,nan,nan,0,0
GAAGTTACCCAAGTTA,Y141D,0.1752,0.1752,2871,2291
GAAGTTCCATCCATCC,E190L,0.0000,0.0000,0,5
GAAGTTCCCAGCATCC,P324S,0.0000,0.0000,0,23
GAAGTTCCGAGCCCAT,E-5Y A214S,0.1621,0.1621,4778,4123
GAAGTTCTAATAAACA,,0.3560,0.3560,28,11
GAAGTTGAAAGAGTAA,P324D,0.0000,0.0000,0,20
GAAGTTTAATCGCAAC,G376E,0.0782,0.0782,66,118
GAAGTTTGGTAAAGAA,T37W I302S,nan,nan,0,0
GAAGTTTTAACAAGCA,E501M,0.0496,0.0496,82,231
GAATAAAACACAAGCT,P74G R81I,0.0000,0.0000,0,8
GAATAAAACCCGCAGA,A334M,0.1665,0.1665,269,226
GAATAAAACGAAGGCA,V381D,0.1472,0.1472,20,19
GAATAAAACTTGACCT,S361D,0.1284,0.1284,90,98
GAATAAAAGAACACAT,K412Q,0.1300,0.1300,158,170
GAATAAAATTTCTGTG,S125bI,0.0763,0.0763,96,176
GAATAAACGACCCTAA,,0.1624,0.1624,72,62
GAATAAACTTTCCATC,,0.1368,0.1368,1183,1209
GAATAAATAACACCGT,L96F N296H,0.7442,0.7442,149,28
GAATAAATCCCCTATA,,0.0967,0.0967,130,188
GAATAAATCGGAATGA,T46M,0.1526,0.1526,3085,2828
GAATAAATCTCCAACA,K9T,0.1465,0.1465,725,692
GAATAAATTGACTAAC,E119D E403A,0.0000,0.0000,0,4
GAATAAATTGCATTCA,M538W,nan,nan,0,0
GAATAAATTTCTCAAT,,0.1103,0.1103,632,801
GAATAACGATAAACGA,N312K,0.1813,0.1813,5860,4521
GAATAACGATGTAGAA,C139R,0.2750,0.2750,59,30
GAATAACTAAAACAAG,S383L A526P,0.0000,0.0000,0,2
GAATAACTAGCCCGTA,I-3V,0.0683,0.0683,426,872
GAATAACTATTGTTCC,F467T,0.0000,0.0000,0,2
GAATAACTCCCAAGAA,,1.0000,1.2586,36,4
GAATAACTTACGTATA,D27C R328bI,0.0000,0.0000,0,9
GAATAACTTATAATAT,V36K,0.0000,0.0000,0,7
GAATAAGAAATGTTAA,N172W,0.1614,0.1614,1579,1368
GAATAAGAATACAAAT,N424W,nan,nan,0,0
GAATAAGAGAGATGAT,I123T Y448*,0.0000,0.0000,0,15
GAATAAGCTAGCGGTT,,0.0747,0.0747,474,887
GAATAAGTGGGTGAAA,G68Q C277E E432K,0.0000,0.0000,0,7
GAATAAGTTTGTCAGG,S113C,nan,nan,0,0
GAATAATAAACGTTTT,L453K,0.1527,0.1527,427,391
GAATAATATACATAGT,F417S S442N E500K,0.0000,0.0000,0,2
GAATAATCACGTGGTT,Q226D,nan,nan,0,0
GAATAATCTAGTGCTC,,0.0000,0.0000,0,56
GAATAATCTCAGGTAT,L515H,nan,nan,0,0
GAATAATGATCCTCAC,R405K,0.0000,0.0000,0,3
GAATAATTTCAAAAGT,E398L,0.1465,0.1465,22,21
GAATAATTTGATTTGC,W180F,0.0946,0.0946,700,1035
GAATAATTTTTGGTAT,,0.2287,0.2287,1094,669
GAATACAAATCAAACA,K262aM,0.0963,0.0963,884,1284
GAATACAATGTAATGC,Q142G G225K T422C,0.0000,0.0000,0,19
GAATACAATTGTAATA,D104F R321K,0.1784,0.1784,430,337
GAATACAGAAAATAAC,R227D P489Q,0.0000,0.0000,0,8
GAATACAGAGGACCTT,,0.1486,0.1486,2458,2313
GAATACAGTCTCTTGC,G345T,0.1664,0.1664,621,522
GAATACCAAGATGTGC,E327W,0.1145,0.1145,1224,1495
GAATACCATATCAACC,G333T,0.2972,0.2972,1003,472
GAATACCCTGAAGCAA,S442G N464S Y488C,0.0000,0.0000,0,26
GAATACCCTTGATATC,K380I,0.1003,0.1003,114,159
GAATACGCCCAGACCT,,0.1430,0.1430,7230,7071
GAATACGTTGGTATAA,,0.1024,0.1024,224,306
GAATACTATAAGGAGA,C539T,0.0564,0.0564,27,67
GAATACTTATGCAGGC,T132F,0.2633,0.2633,1045,555
GAATAGAAATGAATGT,,0.1292,0.1292,2306,2496
GAATAGAATTTACTAC,H47I,0.0000,0.0000,0,34
GAATAGACACAAACCG,D41I,0.3720,0.3720,141,53
GAATAGATAAAGTACT,C466Y,0.3305,0.3305,78,33
GAATAGATAACCCAAC,I-3N D104A,0.1103,0.1103,626,794
GAATAGATAGTAAACG,E107M I252L T266A,1.0000,1.2586,18,2
GAATAGCCCTGACTCT,N210A,0.0000,0.0000,0,1
GAATAGGATATACGTC,V82G,0.1167,0.1167,3281,3932
GAATAGGGAGTTATGG,R321A T370N F469G,nan,nan,0,0
GAATAGGTTCCTCGTC,S291G,0.1600,0.1600,9067,7925
GAATAGTAACTAACCA,R482I,0.1007,0.1007,1739,2414
GAATAGTCATACAATC,A91F N187Y S311H,0.0000,0.0000,0,28
GAATAGTCCACTAACG,,0.1930,0.1930,1020,739
GAATATAAACAGAGAG,M538K,0.2576,0.2576,864,469
GAATATAAACGCGTTT,T132N G345C,0.5494,0.5494,275,70
GAATATAAGAAAATTA,,0.1520,0.1520,476,438
GAATATAAGGTGTCAA,R452T,0.0000,0.0000,0,2
GAATATAATTAAATAT,V151K Q222P,0.1967,0.1967,45,32
GAATATATACACCAAC,G275N,0.1617,0.1617,4850,4195
GAATATATATTTGTGC,I166D,0.0000,0.0000,0,32
GAATATCAAAACTTAG,Y256K,0.0651,0.0651,228,490
GAATATCAATAGTAAT,T192V,0.1736,0.1736,2482,1999
GAATATCGAAAGGGGG,N169R R321A T370P F469M,nan,nan,0,0
GAATATCGAGTACACC,I15K,0.0000,0.0000,0,5
GAATATCGATAAACCC,D159F,0.4241,0.4241,555,183
GAATATGAGCTTCTTC,L418E,0.0954,0.0954,1383,2028
GAATATGTTTTATTAA,,0.1750,0.1750,916,732
GAATATTAAACGAGCT,S270P,0.1762,0.1762,596,473
GAATATTATTGGTCAC,W153K,0.0000,0.0000,0,4
GAATATTCAATTACGT,E493H,0.1036,0.1036,689,930
GAATATTCTTAACTTA,F118A,0.0000,0.0000,0,1
GAATATTTATCATAGG,S207D,0.2073,0.2073,2083,1405
GAATCAAAAAGGTTAC,N210R,0.0000,0.0000,0,2
GAATCAAAAATCTATT,N433K,0.3077,0.3077,33,15
GAATCAACATATTAAA,I60H T283W,0.0000,0.0000,0,3
GAATCAAGAATTCCGG,T171S Q282H,0.0000,0.0000,0,1
GAATCAAGATTATAGA,P128G,0.1383,0.1383,808,817
GAATCAAGTCTGCGGT,P162H Y258P,0.0000,0.0000,0,14
GAATCAATAGAGCAGG,C76Y L331I,0.0000,0.0000,0,6
GAATCAGAACAACTGT,I166A,0.0902,0.0902,149,231
GAATCAGCAAACCTAA,V34T,nan,nan,0,0
GAATCAGTTAGAATTA,K259P R547A,0.3496,0.3496,15,6
GAATCATATAAAGTAA,,nan,nan,0,0
GAATCATATTATCACG,Y86D Y423I,0.0000,0.0000,0,2
GAATCATGTACCCAAC,,0.1668,0.1668,1566,1313
GAATCATTCCGGCCCG,Q454D,0.1167,0.1167,892,1069
GAATCCAAACCTAAGA,R229V,0.0000,0.0000,0,2
GAATCCAACTTCAATA,G55W,0.2244,0.2244,4828,3009
GAATCCAATTGTATAT,,0.1259,0.1259,190,211
GAATCCAGAAAAAGCC,D77L V135E,0.2137,0.2137,2144,1403
GAATCCAGGCACAATT,E190Y,0.0000,0.0000,0,5
GAATCCATAGTTACAC,P198M,0.0866,0.0866,1691,2730
GAATCCATTAAAGTTG,L209R,0.4490,0.4490,61,19
GAATCCCTACCCTAAT,H471G,0.0000,0.0000,0,2
GAATCCCTTTATCAAT,C97S,0.3051,0.3051,24,11
GAATCCGAATCGAATA,A495S,0.1557,0.1557,2204,1980
GAATCCGAGGCAGGGT,,0.3199,0.3199,151,66
GAATCCGTTTTAGGCT,,0.0886,0.0886,944,1490
GAATCCTACGAGACTT,C277L,nan,nan,0,0
GAATCCTACGCTATTG,S136L N401R,0.0000,0.0000,0,2
GAATCCTAGTTTCCTT,F118V E468K,0.0000,0.0000,0,3
GAATCCTTCAATGCGG,W127K,0.1985,0.1985,44,31
GAATCGAAATTAATTT,V56F,0.1549,0.1549,1098,991
GAATCGAATATTAAGA,R321F T370A,0.2743,0.2743,51,26
GAATCGAATCAGTCAT,T163S I374Q,0.0648,0.0648,102,220
GAATCGACCTTCGTTT,N382L,0.1469,0.1469,1782,1696
GAATCGAGCCTGGAAG,,0.0524,0.0524,97,259
GAATCGAGTAGCTAAA,V309Y T378K,0.9789,0.9789,21,3
GAATCGAGTGATGAAT,N389E M431I,0.2271,0.2271,216,133
GAATCGATTTTTGCAT,S6T E44G,0.0887,0.0887,26,41
GAATCGCATTAAAAAC,L209S,0.4092,0.4092,79,27
GAATCGCCGTAATTTG,M431I,nan,nan,0,0
GAATCGGAAATTCATA,S519L,0.3231,0.3231,67,29
GAATCGGAAGCTTACG,I335T,nan,nan,0,0
GAATCGTAAGAATCGC,F79K,0.0000,0.0000,0,5
GAATCGTCATCCCCAC,G205E K262aN S311V H355N Y470M,0.0000,0.0000,0,4
GAATCGTCCAGATGCA,T219D,nan,nan,0,0
GAATCGTGTCAGTAGT,E493R,0.0966,0.0966,835,1209
GAATCGTTACAGGGAA,,0.1592,0.1592,478,420
GAATCGTTGACAGCTG,,0.1236,0.1236,1125,1273
GAATCTAGTATGAGCT,,0.1499,0.1499,1784,1664
GAATCTCAAGTTATGT,E83D,0.0000,0.0000,0,8
GAATCTCTATCACGCA,K307V,0.0000,0.0000,0,8
GAATCTGCGAGTTTCA,,0.1299,0.1299,3853,4148
GAATCTGTTAGCATTG,H354L,0.0759,0.0759,146,269
GAATCTTATCACAATC,,0.1623,0.1623,1129,973
GAATCTTCGAGACACA,G249A,0.0000,0.0000,0,3
GAATGAAAAATTTAGT,E-5N,0.1507,0.1507,429,398
GAATGAAACTGAGCGG,,0.1243,0.1243,1160,1305
GAATGAAATATTCTCA,,0.1741,0.1741,1163,934
GAATGAACAAATAAGG,,0.1933,0.1933,1306,945
GAATGAACGTGAACAC,S203L,0.0475,0.0475,144,424
GAATGAAGAAACGCTT,K380T,0.0000,0.0000,0,3
GAATGACACGTTGGGT,F392H,0.6252,0.6252,76,17
GAATGACGAACATCAT,,0.1444,0.1444,4821,4670
GAATGACTTCCAATAG,N197Y,0.0772,0.0772,2206,3994
GAATGAGTTACTTGAC,,0.1985,0.1985,264,186
GAATGAGTTGCAATAG,C305V A526W,0.0000,0.0000,0,4
GAATGATATTTTCCCA,Q344P,0.1695,0.1695,2149,1773
GAATGATCTCACGTAC,L2H S509K,0.0666,0.0666,112,235
GAATGATGCAATTAAC,N169W,0.2134,0.2134,499,327
GAATGATGCACGATAA,W343C,0.0000,0.0000,0,1
GAATGATTACGATCAA,L462N,0.1253,0.1253,912,1018
GAATGCAAAGTCTAGG,E358C,0.1369,0.1369,505,516
GAATGCATACGACCTC,G181Q V510E,0.0000,0.0000,0,19
GAATGCCATTGTCAGG,,0.1684,0.1684,2058,1709
GAATGCCTCCTTATAC,I60E G143T,0.1605,0.1605,886,772
GAATGCCTTCTGATAA,,0.1538,0.1538,2308,2098
GAATGCGGCAACATTA,L7A,0.0636,0.0636,95,209
GAATGCGTCAACACCC,G72S N73W,0.0000,0.0000,0,2
GAATGCTATGAATCTA,E106M R547V,0.0852,0.0852,561,921
GAATGCTGAACACCAC,S311M M431I,0.1829,0.1829,17,13
GAATGCTTTAAACGAA,S6H F233V,0.0799,0.0799,205,359
GAATGGAAATATTCGC,,0.0000,0.0000,0,19
GAATGGAATTTGTCGA,I29H,0.1801,0.1801,85,66
GAATGGAGACGATGTA,I124A,0.1226,0.1226,5294,6038
GAATGGATAGTCACTA,L331W,0.0000,0.0000,0,8
GAATGGCTCACTCTCA,P162G,0.0263,0.0263,38,202
GAATGGTGTATACATG,,0.0000,0.0000,0,8
GAATGTAGATATCACA,M292I,0.1099,0.1099,33,42
GAATGTATAAGTGCGC,G342R,0.1810,0.1810,22,17
GAATGTATCCGATTAA,E89D W180C,nan,nan,0,0
GAATGTGATACATATC,E190D,1.0000,1.0721,23,3
GAATGTGCATGCATCC,R496T,0.1612,0.1612,4575,3969
GAATGTGCTCCGATCC,L409D R435K,0.0000,0.0000,0,5
GAATGTGGACTATAAC,A459G,0.2238,0.2238,2189,1368
GAATGTGGAGCCGGGA,T266V,0.1286,0.1286,2300,2502
GAATGTTACCGAAACG,,0.1044,0.1044,460,616
GAATGTTCGGTCGGGT,V82H E89*,nan,nan,0,0
GAATGTTGGCACATAT,I121R,0.0000,0.0000,0,4
GAATTAAAAAGCTATC,Y168Q N475D,0.8251,0.8251,59,10
GAATTAAAACTCTAAC,A242K,0.1137,0.1137,3761,4626
GAATTAAATATGTAGC,V223P V381L,nan,nan,0,0
GAATTAAATATTAGAC,H298N D366A T370F N389S,0.3242,0.3242,51,22
GAATTAAATTGATTTA,L1C,0.0922,0.0922,1431,2170
GAATTAACCTATAACA,,0.1321,0.1321,1383,1464
GAATTAAGTAACAGGC,A39T G416P,nan,nan,0,0
GAATTAATAAAACCCC,Y98W,0.0000,0.0000,0,43
GAATTAATAAATGGCC,L154V,0.1494,0.1494,1866,1747
GAATTAATAACTGAGC,N408E D487E,0.1289,0.1289,520,564
GAATTAATACAGCTGT,L2H,0.0339,0.0339,107,442
GAATTAATACTACATG,E501R Q545I,0.0000,0.0000,0,2
GAATTAATGACAAGAA,C477V,nan,nan,0,0
GAATTAATTCCACAGT,F79W Q454L,0.2187,0.2187,1123,718
GAATTACAAGTTAAAA,S265R,0.8507,0.8507,73,12
GAATTACGAAATATTA,I15R P239A,0.0000,0.0000,0,3
GAATTAGATAACTTCT,A522Q,0.2972,0.2972,34,16
GAATTAGGATAATGAC,Y195A Q454D,nan,nan,0,0
GAATTAGGTCATGGCT,G271T,0.1853,0.1853,673,508
GAATTAGTAACTATTA,P299W,nan,nan,0,0
GAATTAGTGGGGTCAA,,0.1766,0.1766,144,114
GAATTATACAATACCT,L1H,0.0337,0.0337,41,170
GAATTATATCGAGACC,I236E L314M,0.8009,0.8009,63,11
GAATTATGACAGAATG,I550M,0.0000,0.0000,0,17
GAATTATTCTCGGCTC,C281W Y512V,0.0000,0.0000,0,3
GAATTATTGTGATACC,S167T R321V T370V F469G,0.0000,0.0000,0,7
GAATTATTTAGTCCGC,I502T,0.7392,0.7392,74,14
GAATTATTTCCCAACT,Y201F,0.1226,0.1226,5152,5875
GAATTCAATATCCAGT,N475T,0.1287,0.1287,23,25
GAATTCAATGAAAGCG,A137I F233T N410C,0.0000,0.0000,0,1
GAATTCACCGCCACTC,N410K A495F,0.6526,0.6526,28,6
GAATTCACTAAGAACA,H130P,0.0000,0.0000,0,38
GAATTCAGACGTATTG,A336H,0.0000,0.0000,0,4
GAATTCCAACCAAGAG,,0.1666,0.1666,4327,3633
GAATTCCAATAACAAT,H130V,0.3569,0.3569,3379,1324
GAATTCCCCAGCCCAA,I384F F469R,1.0000,inf,47,0
GAATTCGCCTTCAAGA,,0.1563,0.1563,1323,1184
GAATTCGTAACGGGGA,T23D D241N,0.0000,0.0000,0,1
GAATTCTATAAGTAAA,Y201P G275T,0.0000,0.0000,0,1
GAATTCTCAGGTTAAT,T318V,0.0958,0.0958,1666,2433
GAATTCTTGATAATAC,,0.1121,0.1121,97,121
GAATTGAAACTACCTT,,0.2040,0.2040,1014,695
GAATTGACGCTCTACG,S203I,0.1789,0.1789,165,129
GAATTGACGGACTCTC,,0.1879,0.1879,176,131
GAATTGAGAAAATAAA,,0.1353,0.1353,564,583
GAATTGAGTAGCATAA,N48H D241L,0.0000,0.0000,0,5
GAATTGATAGACAAGA,S6G,0.1423,0.1423,406,399
GAATTGCACCCACTTC,E31Q,0.0479,0.0479,133,388
GAATTGCCTGAAAGAA,H276I,0.1741,0.1741,1287,1034
GAATTGCGACACGCCT,N382V,0.1696,0.1696,4987,4111
GAATTGGTCCAAAACC,N20C,nan,nan,0,0
GAATTGTACCTTGAGT,Y168L Y518H,nan,nan,0,0
GAATTGTCAATCTTAA,,0.1336,0.1336,1577,1651
GAATTTAACAAATTAG,V429H,nan,nan,0,0
GAATTTAATGCAGAGA,,0.0000,0.0000,0,45
GAATTTACAAAAGTTC,E131M P324T,0.4077,0.4077,481,165
GAATTTACTGAACTGA,L43W E403H P489T,0.5194,0.5194,26,7
GAATTTAGATCTCCTA,W153A,0.0000,0.0000,0,2
GAATTTAGTACGTAAA,L112R,0.1865,0.1865,36,27
GAATTTATAATTAGTT,S185D,nan,nan,0,0
GAATTTCAGAACGATT,N193A,0.3213,0.3213,540,235
GAATTTCATTAATCTG,,0.1117,0.1117,1070,1339
GAATTTCCAAATTGAC,M-6D,0.0000,0.0000,0,2
GAATTTCTCACAAAAT,M-6R R452L,0.0000,0.0000,0,10
GAATTTGGCACAAACA,I217M A336T,0.0876,0.0876,448,715
GAATTTGTCTGGCCCC,M30S,0.2408,0.2408,62,36
GAATTTTAGATAATTT,S503Y,0.1735,0.1735,660,532
GAATTTTCAGCTCTGT,G181W N296V,0.0000,0.0000,0,7
GAATTTTCTTTACAGA,H117T P284W,0.7148,0.7148,46,9
GAATTTTGATATTTCA,H295P,0.2014,0.2014,36,25
GACAAAAAACTCGCCG,L51M,0.1892,0.1892,832,615
GACAAAAACTTCATAT,T23M,nan,nan,0,0
GACAAAAATATCGCAT,Q226R,0.0501,0.0501,129,360
GACAAAACACATCGAT,E398V,0.2000,0.2000,143,100
GACAAAAGAACTGAAT,V8M W127P T370A F469V,0.0000,0.0000,0,6
GACAAAAGAGTAAAAA,L497S,0.1738,0.1738,2667,2146
GACAAAAGGGATAGGA,E246I,0.1548,0.1548,248,224
GACAAAAGGGCTATGG,V481A,0.0656,0.0656,190,405
GACAAAATAAAGAGAG,H276E,0.1904,0.1904,768,564
GACAAAATGCAACCTG,,1.0000,inf,22,0
GACAAACAGCATCCCT,N446V,0.1518,0.1518,5132,4727
GACAAACATTAAAAAC,K125aR,0.2139,0.2139,1583,1035
GACAAACTGATAAGAA,S113R H295D,0.0000,0.0000,0,3
GACAAAGAACTACATA,M30R,nan,nan,0,0
GACAAAGAGAGCGAGA,K307I,0.1784,0.1784,88,69
GACAAAGATGACTAGG,G225V,nan,nan,0,0
GACAAAGCCAACTCCA,F294N,0.0000,0.0000,0,2
GACAAAGGGCATAGGC,,0.0000,0.0000,0,1
GACAAAGGGTGAAAAA,L102K,0.2310,0.2310,38,23
GACAAAGTAGCCAAAC,V444Q,0.2389,0.2389,41,24
GACAAATAACTAATAC,N94V,0.1193,0.1193,5839,6846
GACAAATCTTTACTAC,P198D,0.0641,0.0641,126,275
GACAAATGAAGGCTAT,Y518F,0.2873,0.2873,113,55
GACAAATGACGTTGAT,,0.0289,0.0289,72,349
GACAAATGCATCCAAT,V152S,nan,nan,0,0
GACAAATTACGGAATA,H130P N193G,nan,nan,0,0
GACAAATTAGAATCTG,M111I,nan,nan,0,0
GACAAATTATTCACTG,A188L,0.1199,0.1199,24,28
GACAAATTCTGGACCC,,0.0000,0.0000,0,2
GACAACACACAGCATG,L316S,0.0000,0.0000,0,3
GACAACACCATAGAAA,K196Q E432K,0.0000,0.0000,0,11
GACAACATCGTGAAAT,M-6A I123N,0.0000,0.0000,0,5
GACAACCTATGTAGCT,I267Q R452L,0.0000,0.0000,0,4
GACAACGATGCAAATA,T206L,nan,nan,0,0
GACAACGGTGCCAGTG,G303C,0.3208,0.3208,39,17
GACAACGTAAAATTTT,L427M,0.1357,0.1357,464,478
GACAACGTTGTATATT,P254T,0.0979,0.0979,21,30
GACAACTAAATACGCA,,0.3669,0.3669,1884,718
GACAACTAGCCCCGTG,Y256S L515Y,0.0000,0.0000,0,10
GACAACTATGTAATTA,K460S,0.0000,0.0000,0,19
GACAACTGAATATAGC,,0.0555,0.0555,425,1071
GACAACTTAGCAATCA,R321T,0.4795,0.4795,72,21
GACAACTTCCAGTCGA,,0.1209,0.1209,5578,6454
GACAAGACACAGAATT,P99L,0.8111,0.8111,29,5
GACAAGACAGAAAATT,H47W T219R,0.0000,0.0000,0,1
GACAAGACATTCGTTG,P215A T370P,1.0000,5.5238,79,2
GACAAGATTCAATTCC,,0.1176,0.1176,37,44
GACAAGCAAAATAAAT,K328cR,0.1313,0.1313,2854,3040
GACAAGCATACTTATG,S22V R212H,0.0616,0.0616,313,710
GACAAGCCCCCCCTTG,N169E T370A F469I,0.0000,0.0000,0,1
GACAAGCGATCACCAT,P82aR,0.3030,0.3030,52,24
GACAAGCGTCCAATTA,S523K,0.0000,0.0000,0,5
GACAAGGACCTTATCT,H18V E426F,nan,nan,0,0
GACAAGGTACATGTTC,,0.1228,0.1228,3207,3653
GACAAGTCCCCACCAG,G416Y,nan,nan,0,0
GACAATAACTACTCAC,I335Q,1.0000,1.8879,54,4
GACAATACGGGAAAAT,C473T,nan,nan,0,0
GACAATATCACGACGG,N172E,0.1426,0.1426,102,100
GACAATATCCAAGCGT,S247F,0.0775,0.0775,82,148
GACAATATTCATAGTG,P239I,0.0886,0.0886,190,300
GACAATCATACGCTAA,,0.1552,0.1552,2208,1990
GACAATCGGTTAGGCC,G484R,0.0000,0.0000,0,72
GACAATCTCGGAAGTA,G333C,0.0000,0.0000,0,37
GACAATGAAAAACCTG,E500L,0.1601,0.1601,1487,1299
GACAATGAAACCTTAT,L122N W180L,0.0000,0.0000,0,42
GACAATTACATAATCA,S136Y,0.1693,0.1693,46,38
GACAATTTAGAATCTG,N54aH,0.0000,0.0000,0,37
GACACAACACCCCGAG,N187G,0.0443,0.0443,470,1482
GACACAAGCCGCCAAT,,0.1760,0.1760,1177,935
GACACACAAATGACCT,P82aV,0.0854,0.0854,260,426
GACACACATTCTACCA,I252A E493D,0.0000,0.0000,0,7
GACACACCGCGCACAC,Y363C,0.0000,0.0000,0,4
GACACACCTGACCCTA,,0.1460,0.1460,7694,7368
GACACACGACGCTGTC,K9Y,0.2012,0.2012,118,82
GACACACGTGTAATGG,R397N,0.1386,0.1386,2576,2599
GACACACTAATGAACG,I-3M,0.1302,0.1302,242,260
GACACAGAACAATTCT,,0.1782,0.1782,4465,3504
GACACAGCAGGAAAAA,,0.1858,0.1858,2404,1809
GACACATGACCAGCTT,G342Y,0.3059,0.3059,70,32
GACACCAATAATAATG,I384H,0.0000,0.0000,0,21
GACACCAGTTTAGCCC,P215N,0.1088,0.1088,49,63
GACACCCAGTGATTTA,I123Q,0.9789,0.9789,21,3
GACACCGCAGAACCTC,,0.1728,0.1728,6417,5194
GACACCGCCACTGTAA,I502C,0.4055,0.4055,29,10
GACACCTATGCTCGCG,M268Y,0.6496,0.6496,144,31
GACACCTCTTAAAAAA,T422Q,0.1535,0.1535,394,359
GACACCTTATAATTCT,E407C,0.0647,0.0647,25,54
GACACCTTTAATAAGG,K380C,0.2010,0.2010,194,135
GACACGATACCAAAAT,G286N,0.0000,0.0000,0,6
GACACGATTAGTACCA,R321K,0.0459,0.0459,176,536
GACACGCTCCGGACTA,F245W,0.1113,0.1113,908,1141
GACACGTCCACACAGT,L453W,0.0951,0.0951,4359,6411
GACACGTGAAGACTCG,H471S,0.0000,0.0000,0,1
GACACGTTTTTAGAAT,T206P,0.0000,0.0000,0,3
GACACTACATTCGACC,Y86E,0.0000,0.0000,0,8
GACACTACTAGCATTC,I182Q G352D F417C,nan,nan,0,0
GACACTCATAGCGATC,W153* Y491G,nan,nan,0,0
GACACTCTAATGCACT,,0.1181,0.1181,733,868
GACACTGATTCGACTC,L1H F469P,0.0000,0.0000,0,5
GACACTGGATGGACCT,F392V,0.0000,0.0000,0,8
GACACTGGTCATGCTC,E78C G504F,0.0000,0.0000,0,16
GACACTTCAAATAAAA,A334F Y470V,0.0000,0.0000,0,12
GACACTTTCACCTAAG,,0.1113,0.1113,308,387
GACAGAAAAACCGCAG,T279N,0.1497,0.1497,183,171
GACAGAAAATCATGCC,G416S,0.1484,0.1484,536,505
GACAGAAAGAATAATA,Y105L C546P,0.1673,0.1673,1513,1265
GACAGAACATAATAAA,V315S E494Y,0.0642,0.0642,28,61
GACAGACACTCTGGTC,L314H M388Y,nan,nan,0,0
GACAGATACTTCGATA,V420A,0.8391,0.8391,42,7
GACAGATAGATAAGGT,N169K,0.2963,0.2963,4396,2075
GACAGATTAAAGATTT,T46C,0.1369,0.1369,6298,6435
GACAGATTCATATTAA,S10C,0.0000,0.0000,0,13
GACAGCACTCTTTTAC,R220K,nan,nan,0,0
GACAGCAGAACATAGA,A287K,nan,nan,0,0
GACAGCATGACATGGC,,0.1372,0.1372,521,531
GACAGCATTTAAACCT,V56T K372R E407T,0.2317,0.2317,227,137
GACAGCCTTGCCGGTG,L409V,0.0486,0.0486,81,233
GACAGCGAGAGAATAG,T206N,0.7552,0.7552,27,5
GACAGCTCAGACTAAA,,0.1558,0.1558,4031,3617
GACAGCTTCCACTTAA,P99M,nan,nan,0,0
GACAGGAGTCACAAAT,L51R C139N G181H F338K,0.1329,0.1329,19,20
GACAGGATTAAATAGG,C97F E393K,0.0000,0.0000,0,3
GACAGGCACCGTCTAT,,0.1717,0.1717,4212,3430
GACAGGGGTTGCTGAA,Q222S,0.0636,0.0636,1354,2979
GACAGTAAATCACTAA,,0.0421,0.0421,237,787
GACAGTCAAAAAATCA,F338E,0.0000,0.0000,0,8
GACAGTCATTAGGGTC,,0.0630,0.0630,100,222
GACAGTGAGATTTAGA,S203R V315S,0.0662,0.0662,27,57
GACAGTGATTATATCC,Q226Y,0.0000,0.0000,0,42
GACAGTGCCTCTCAAT,Q25P,0.0000,0.0000,0,44
GACAGTGTCACGGTGA,,0.2044,0.2044,2019,1381
GACATAAAACAAAAAG,S221D,0.0000,0.0000,0,4
GACATAAAAGCACCAC,E494T,0.0145,0.0145,18,174
GACATAAAATCTCAAG,R149T,0.1316,0.1316,2438,2590
GACATAATAACATGAA,S247R,nan,nan,0,0
GACATAATCCGAGTAA,K32V,nan,nan,0,0
GACATACCCGAGACGC,R405K A425F,0.2597,0.2597,13,7
GACATACGTTAACCAC,Q545R,0.2420,0.2420,154,89
GACATACTTACATGGA,M431I N464W,0.5085,0.5085,80,22
GACATAGACAAGGATT,A144P L418K,0.2268,0.2268,60,37
GACATAGAGACATCGT,E432Q,0.1577,0.1577,115,102
GACATATAGACTAAAG,N54aR C477A,0.0000,0.0000,0,2
GACATATCCTAGGCAC,,0.1011,0.1011,648,896
GACATATGAATGATTA,C64R,0.0000,0.0000,0,17
GACATATGTCGTATAA,Y161I,0.0000,0.0000,0,21
GACATCAACACACCTT,A3T G362H,0.1682,0.1682,95,79
GACATCAATAATCGCA,R435G,0.1526,0.1526,322,295
GACATCAATGAAGGGG,E304H,0.1218,0.1218,3892,4467
GACATCACGTAGTGGT,L176V,0.1740,0.1740,780,627
GACATCATCAAGTAAT,K380F,0.3296,0.3296,33,14
GACATCCAACATTCGT,G376M,0.1600,0.1600,1048,916
GACATCCCGACCAAGT,A144Q,0.1948,0.1948,1045,750
GACATCCTTTCCGATG,D27R,0.0000,0.0000,0,4
GACATCGCTAGTTGAG,S291I,0.1962,0.1962,1312,935
GACATCTGCGTGCTGT,G68V I87P M230I,0.0000,0.0000,0,1
GACATCTGGACGCTTC,A459Q,nan,nan,0,0
GACATCTTAAACATGT,C281G,1.0000,1.4264,51,5
GACATCTTTTACGAGC,R149A,0.1192,0.1192,2020,2369
GACATGAACACTTAAA,Q12H L427Y,0.1709,0.1709,55,45
GACATGATCGACTCAA,I13M C277Y,nan,nan,0,0
GACATGGAACATATAC,I4W,0.2143,0.2143,1272,830
GACATGTAATCATTTG,Y98M,0.0000,0.0000,0,2
GACATGTCAGCTGTCC,R547M,0.0000,0.0000,0,26
GACATGTCCAAAAGGT,,0.1530,0.1530,964,881
GACATTAAACTGAGTC,L194H G504C,nan,nan,0,0
GACATTAACACTACCC,T370M F469T,0.0000,0.0000,0,3
GACATTACGACGTTGT,,0.2473,0.2473,1144,647
GACATTCATATAGGCC,H471E,0.0000,0.0000,0,3
GACATTGGTAACCGGG,P306N,nan,nan,0,0
GACATTGGTAAGACAT,S167E R321K T370P,0.0000,0.0000,0,4
GACATTGTTTTTTTTT,W343Y,nan,nan,0,0
GACCAAAAAACAGAAA,L409V,0.0871,0.0871,180,289
GACCAAAAACAAGAAA,,0.1396,0.1396,1088,1090
GACCAAAACCATTCTT,,0.1402,0.1402,1498,1494
GACCAAACGAGACACC,,nan,nan,0,0
GACCAAACTATCCCAA,A138Y,0.0000,0.0000,0,7
GACCAAAGTGAACCCT,,0.1728,0.1728,703,569
GACCAAATCGCGTTGA,A532F,0.2885,0.2885,524,254
GACCAACAAAAAATAT,R229V E432D,0.0000,0.0000,0,5
GACCAACAATATCAGG,H276Q,0.2136,0.2136,3633,2378
GACCAACAATTTTAAG,T199N,0.1242,0.1242,3155,3552
GACCAACATTCTGCTA,,0.2038,0.2038,679,466
GACCAAGAATCCTAGT,G68D L71M,0.7458,0.7458,64,12
GACCAAGACATAATCT,A138K,1.0000,1.5616,67,6
GACCAAGATACAGTGT,N248T,0.1577,0.1577,282,250
GACCAAGCAGACCGAC,Y258K E414N,nan,nan,0,0
GACCAAGGACGGTTGA,R173M G337K,0.0000,0.0000,0,11
GACCAAGGCTGTTAGG,I164M,0.1616,0.1616,1552,1343
GACCAATACTGAATTA,I182T,0.0747,0.0747,1163,2176
GACCAATAGCTTGAAA,,0.1470,0.1470,18090,17208
GACCAATCCTGAGCGA,N186I,nan,nan,0,0
GACCAATGGAGATTGC,V82D,0.1758,0.1758,582,463
GACCAATGTAAAAACC,I124L,0.0701,0.0701,164,327
GACCACAGCATAAAGA,L1D,0.0000,0.0000,0,3
GACCACATTTAACAAC,,0.1284,0.1284,1091,1188
GACCACCACCACAAGA,A334S,0.2967,0.2967,471,222
GACCACCCCGAGTCGA,Y491D,0.0000,0.0000,0,3
GACCACCGACATAGGG,D438P,nan,nan,0,0
GACCACCGGTAAAAAA,F245Q D438E,nan,nan,0,0
GACCACCTGATGTAGG,G49V D240W A373P,0.0000,0.0000,0,7
GACCACGCAAGAGACC,K328D,0.1775,0.1775,66,52
GACCACGCTCAATTTT,D159Y,0.4289,0.4289,138,45
GACCACTTGACTGCGC,L54H,0.0000,0.0000,0,2
GACCAGAAACAGGCCC,L122V,1.0000,1.4450,31,3
GACCAGAATAAAAATA,N250Y,nan,nan,0,0
GACCAGACCGAACTTT,L507R,0.2258,0.2258,473,293
GACCAGAGACATTATT,,0.1272,0.1272,2053,2257
GACCAGAGCGCATTAA,N73I,0.1386,0.1386,217,219
GACCAGCAAACATGAA,K62Y R328aW,0.5179,0.5179,237,64
GACCAGCAATGACAAA,,0.1554,0.1554,1916,1724
GACCAGCATAGTAAAT,,nan,nan,0,0
GACCAGTACAAATTGA,G341A,0.1373,0.1373,649,661
GACCAGTTTAAGAGAA,Q25T F245G R547N,0.0000,0.0000,0,8
GACCATACAGTTGGTG,R328bM,0.1257,0.1257,1139,1267
GACCATACCACTATAC,T422E,0.2343,0.2343,62,37
GACCATACGACTAAAA,R321N S369* F469S,nan,nan,0,0
GACCATACGTCATTTC,R482M,0.1015,0.1015,1261,1738
GACCATACTTCCAAAT,S356E,0.1336,0.1336,277,290
GACCATAGAGGATGAA,L133aT,0.2814,0.2814,3051,1516
GACCATAGATAAGTCC,A137C V510E,0.0390,0.0390,492,1762
GACCATCAGATAATAA,E501G,0.1226,0.1226,78,89
GACCATTAAAAATCTT,Q513L,0.1100,0.1100,890,1131
GACCATTAAGGTTGCG,Q359E,0.1457,0.1457,765,734
GACCATTCTGGCCTTG,E119G G286S,0.0000,0.0000,0,9
GACCATTGGTAAATTT,R173G,0.1254,0.1254,1982,2211
GACCCAAATCGCCCAT,K372A N408M,0.1970,0.1970,6301,4472
GACCCAACAAGTAAAA,N186A G263D,0.0000,0.0000,0,1
GACCCAAGGACTAAAA,I548F,0.2046,0.2046,673,460
GACCCAAGGTTACAAA,I115G,0.9323,0.9323,40,6
GACCCAATAACGACAG,C305A V309L,0.0000,0.0000,0,2
GACCCAATACAAACAT,N464E,0.1246,0.1246,82,92
GACCCAATTATAAGAA,,0.4370,0.4370,25,8
GACCCACACCTGTACA,R499H,nan,nan,0,0
GACCCACTAAACTAAA,H183Q,0.0000,0.0000,0,65
GACCCAGCAATGTAAT,K412H,0.2309,0.2309,180,109
GACCCAGCCGGTAATA,D27A P293W,1.0000,1.4917,32,3
GACCCATTAGACGGAC,F399I,0.9789,0.9789,21,3
GACCCATTTAGTAACG,Y488A,0.1371,0.1371,595,607
GACCCCAACAACACCC,T378K,0.2202,0.2202,3755,2385
GACCCCAACATCATTT,F118M,1.0000,3.4611,99,4
GACCCCAGAACCAGTA,F392Q,0.0000,0.0000,0,18
GACCCCCAACATTTCG,N443W,0.1419,0.1419,211,208
GACCCCCAATTACAAA,Y161I,nan,nan,0,0
GACCCCCCAAAACTTC,S361C L427I,0.0000,0.0000,0,5
GACCCCGCTATGAACA,E24N P215L,0.0000,0.0000,0,4
GACCCCTGAACACAAT,I80F,0.0000,0.0000,0,2
GACCCCTGTTAAGATG,S65C,nan,nan,0,0
GACCCCTTAATGCCAA,P99E C281K,nan,nan,0,0
GACCCGAAAGCTACAA,C97D G352I,0.0000,0.0000,0,6
GACCCGAAGAACTGGT,,0.1284,0.1284,1144,1246
GACCCGAGAGTCAAGA,,0.1283,0.1283,3409,3716
GACCCGATGTAGACAG,E368Q,0.1133,0.1133,47,58
GACCCGCCTACTGGGA,E304G F469D,0.0000,0.0000,0,11
GACCCGTTTTTCGAGC,M111K,0.0766,0.0766,383,699
GACCCTATAAAACTCA,K262aI,0.2697,0.2697,3271,1696
GACCCTGGACTATTTA,I260Q,0.1069,0.1069,263,344
GACCCTGTACTAAGGT,,0.0000,0.0000,0,3
GACCCTGTCGCTAAAG,D53S N278F,0.1237,0.1237,46,52
GACCCTTGACACGGTA,L112C,0.1601,0.1601,1171,1023
GACCCTTGCACCCCCC,F232H,0.0000,0.0000,0,109
GACCGAAGCGCATATC,L194D K280W,0.0000,0.0000,0,13
GACCGATAACTGACGC,E403N,0.0000,0.0000,0,1
GACCGATATGAGCTCT,D449T,0.1187,0.1187,45,53
GACCGCCATAACCCTA,R212D I236T,1.0000,1.2120,52,6
GACCGCGCATATTACA,D419G,0.1804,0.1804,329,255
GACCGCGGTTAGAAAT,N357W,nan,nan,0,0
GACCGCGTGGCTTTGA,A364R,nan,nan,0,0
GACCGCTCAGTAATTT,N33L C466Y,0.0000,0.0000,0,4
GACCGCTCTCGATAAA,K262aC V505A T520C,0.1498,0.1498,544,508
GACCGGAATGAAAGTT,L70M,0.1172,0.1172,166,198
GACCGGACCATGATTA,S509V,0.2006,0.2006,753,525
GACCGGCACCTATTTT,N116W,0.0000,0.0000,0,1
GACCGGGGTAACAAGG,N-4G G416D,0.0000,0.0000,0,5
GACCGGTCACGAACCA,D27H,0.1099,0.1099,630,802
GACCGGTTACGACACC,H110K,0.0000,0.0000,0,3
GACCGTAGTAAGTCTC,T520V,0.2194,0.2194,11632,7413
GACCGTGAATTTTAAG,V395L R482Q,0.0983,0.0983,45,64
GACCGTGACTAAGCAT,I182V,0.1282,0.1282,4592,5010
GACCGTTCCAACATCC,,0.0697,0.0697,1466,2941
GACCGTTGATATATGT,,0.1423,0.1423,2258,2219
GACCTAAATACTGAGA,D241T E246D,0.7536,0.7536,97,18
GACCTAACCAATTAAA,,0.0000,0.0000,0,28
GACCTAACGATTACGC,C97L,0.0000,0.0000,0,5
GACCTAAGAAAACCTA,,0.1471,0.1471,183,174
GACCTAAGGAATCGTA,N197H,0.1869,0.1869,1549,1159
GACCTACAGCTAACAT,N48M,0.1621,0.1621,102,88
GACCTACATAAGGATA,L430T,0.0000,0.0000,0,1
GACCTACGACGCATTC,A242Y,0.0000,0.0000,0,16
GACCTACGCATAGATT,V347A,0.1818,0.1818,472,363
GACCTACTCTTTCCAG,K45T,0.1761,0.1761,2868,2278
GACCTACTTACGACAA,F392D,1.0000,1.8307,144,11
GACCTAGATCGTAGAA,I-3S,0.1187,0.1187,73,86
GACCTAGCCTAAAAGA,F245P,0.0000,0.0000,0,8
GACCTAGCGATTACAA,I87Q,0.0000,0.0000,0,16
GACCTAGGGTATTCGG,T23D V429K,0.5769,0.5769,33,8
GACCTAGTGCCTTCAA,L402T,0.0000,0.0000,0,11
GACCTATAATTGGTGT,T199I,0.0725,0.0725,672,1296
GACCTATATTAAGCTG,M478F,0.0945,0.0945,48,71
GACCTATTGTAAATTT,A336G,0.1791,0.1791,210,164
GACCTCAACCTTGCAC,N94G,0.0000,0.0000,0,1
GACCTCAAGGCCCAGG,I302Y L430Q,1.0000,inf,35,0
GACCTCAATTCTCTAG,S524T,0.0000,0.0000,0,7
GACCTCACACGTATAA,,0.1633,0.1633,3489,2988
GACCTCATGATCAGTC,D474L,0.0788,0.0788,71,126
GACCTCCGGTAACTGG,L455P,nan,nan,0,0
GACCTCCTTGCTATTT,S85K,0.1161,0.1161,1359,1637
GACCTCGAGGGATTTT,G249P,0.0000,0.0000,0,1
GACCTCTGCTGGGACA,A373Q,nan,nan,0,0
GACCTCTTGAATAGCT,I217K,0.0000,0.0000,0,3
GACCTGAGTGTACAGA,L194T D419V,0.0000,0.0000,0,17
GACCTGATGAGAGTAA,K9W,0.1445,0.1445,249,241
GACCTGGAAAAGACAT,V505M,0.0000,0.0000,0,1
GACCTGGTGAAATCAT,G396R,0.0000,0.0000,0,5
GACCTGTGCTACGAAG,R173D,0.1520,0.1520,1393,1282
GACCTGTTCGTGATAA,S221K,1.0000,1.3207,85,9
GACCTTAAAAATTCCT,A364T,0.1202,0.1202,55,64
GACCTTAAGAGCACAA,,0.1588,0.1588,478,421
GACCTTAAGTTACGCC,H298L,1.0000,1.0255,22,3
GACCTTACTAGAAAAG,I384P,0.0000,0.0000,0,2
GACCTTAGTAACCCTG,D11C F233V,0.7691,0.7691,33,6
GACCTTAGTTCAGCAT,I260K V315I,0.2377,0.2377,102,60
GACCTTATGGTTACAC,V505T,0.0288,0.0288,14,68
GACCTTCACATAGAAA,N172S,0.1070,0.1070,1448,1892
GACCTTCATGACCTTG,N483Y,0.0000,0.0000,0,9
GACCTTCTTAGCCATC,H355I,0.1699,0.1699,4442,3657
GACCTTGTATTAAGAG,N169L,0.1024,0.1024,63,86
GACCTTTAAAAACCGT,M30N,0.3860,0.3860,138,50
GACCTTTACTGTACAT,S167E R321P K367* F469S,0.0000,0.0000,0,10
GACCTTTGTGACAAAA,G333Y,0.0739,0.0739,74,140
GACCTTTTGACCCAAC,I164T Y168- L544N,0.4615,0.4615,33,10
GACGAAAAAATACGTA,P284K,0.0334,0.0334,48,201
GACGAAAATATGTGTA,W69V,0.1652,0.1652,1922,1627
GACGAAACAACCTTTC,N73S R90G V272Y E340Q,0.0000,0.0000,0,5
GACGAAACATTGAAGT,A253T P324Q,0.1194,0.1194,1198,1403
GACGAAATACGGCACC,P198D,0.0690,0.0690,2924,5924
GACGAAATATTTAAAA,,0.2104,0.2104,9681,6434
GACGAAATCTAGCTAA,I548R,0.0000,0.0000,0,1
GACGAACACCTGCATA,W421V,nan,nan,0,0
GACGAACCACAACAGA,L59V,0.1156,0.1156,3436,4158
GACGAACCATTTTGCG,,0.1659,0.1659,1760,1484
GACGAACTAACTCACT,S146C,0.2626,0.2626,276,147
GACGAAGGAGATTATA,G333V,0.1752,0.1752,629,502
GACGAATAATACCAAG,,0.1329,0.1329,190,200
GACGAATATATAATCA,F148W,0.0775,0.0775,1277,2304
GACGAATTCTAAAACG,,0.0973,0.0973,1884,2707
GACGACAACACGGAGG,,0.1359,0.1359,1060,1091
GACGACAACCCACACC,K498N,0.0774,0.0774,737,1332
GACGACAACCGATAGG,,0.1723,0.1723,9640,7822
GACGACAAGGAAATCT,N169P,0.2124,0.2124,1396,919
GACGACAATATGCAGG,A138E P215Q,0.0000,0.0000,0,1
GACGACAGAAAATCCA,N150V,0.1546,0.1546,2420,2189
GACGACGCCGTCAGAT,V261N,0.0304,0.0304,32,147
GACGACTAACTACCTC,M30Y,0.1764,0.1764,1109,879
GACGACTAAGATTTTG,,0.2097,0.2097,3810,2541
GACGACTAATGCGATT,A373T,0.8251,0.8251,59,10
GACGACTCAACATACC,,0.1285,0.1285,2183,2375
GACGAGAGCCATCCAT,L331C A495C,0.9043,0.9043,97,15
GACGAGATCAGACCGG,,0.1704,0.1704,1054,865
GACGAGCAACAAGTCC,T37W,1.0000,6.9922,50,1
GACGAGCGAGACTTAC,S356N,0.0829,0.0829,297,501
GACGAGTAAAAATATC,,0.0186,0.0186,19,143
GACGAGTCTCCAATGC,M268K,0.0000,0.0000,0,1
GACGATAACCGGGAAA,F148H,0.0532,0.0532,276,726
GACGATAAGACCTGCA,V395Y,0.0000,0.0000,0,11
GACGATACAACCAGCA,L437H,0.6992,0.6992,20,4
GACGATAGCTAAAAAG,L122M V444R,0.0000,0.0000,0,1
GACGATAGTTACAGCA,L102D,0.0000,0.0000,0,12
GACGATATACAACGTG,,0.1980,0.1980,487,344
GACGATATATGTACGT,Y363R,0.0000,0.0000,0,13
GACGATCAAAAAGAAC,S125bQ,0.0882,0.0882,319,506
GACGATCTTATACACA,,0.0627,0.0627,26,58
GACGATGATAAATCGA,M30H,0.1049,0.1049,78,104
GACGATGATACTAAAT,H354R,0.1636,0.1636,2311,1975
GACGATGATTGGACGG,S524F,0.7924,0.7924,34,6
GACGATGCAATAGTAC,P162G L409Q,nan,nan,0,0
GACGATGCCAAGCGAA,V8Q,0.0000,0.0000,0,3
GACGATTCACTTAAAT,N408G,0.1084,0.1084,100,129
GACGATTCGCCGTTGT,R90L,0.0643,0.0643,153,333
GACGATTCGGTTCACG,K498H,0.1949,0.1949,1640,1177
GACGATTTGACGCACC,E255K,0.2345,0.2345,3693,2202
GACGCAATCCTAGATA,F469T,0.7225,0.7225,31,6
GACGCACATGCGTAAG,W343F,0.0000,0.0000,0,2
GACGCAGCACACTACA,Q12R C466E S523N,0.0000,0.0000,0,10
GACGCAGCCGCATCGC,L314T V444E,nan,nan,0,0
GACGCATAACTAACGC,R547K,0.1322,0.1322,4772,5048
GACGCATAATTAAGAA,,0.8857,0.8857,19,3
GACGCATACATTGAAT,,0.1495,0.1495,3920,3667
GACGCATAGATAACAC,S10R C277Y L331D,0.0000,0.0000,0,8
GACGCATCAGCCTCAC,T192N,0.1168,0.1168,2753,3296
GACGCATCTTGTGTAA,,0.0350,0.0350,1,4
GACGCATCTTGTGTGA,,0.0924,0.0924,1835,2777
GACGCCAAACTAACGT,E24I Y168P R547*,nan,nan,0,0
GACGCCACATCAAACC,T28A N210A,0.0000,0.0000,0,8
GACGCCATAACATCGA,C97R,0.0000,0.0000,0,19
GACGCCCAAGCTCCCA,I374G,nan,nan,0,0
GACGCCCTCTATTTCA,S221F,0.0000,0.0000,0,1
GACGCCCTTAATGGTT,,0.1031,0.1031,549,745
GACGCCGAAAAGAAAC,Y308R,nan,nan,0,0
GACGCCGCACCATCAC,A160M H471W,0.1357,0.1357,33,34
GACGCCGCCTCCCAAA,Q226W,0.1291,0.1291,24,26
GACGCGAACTGGGTCC,C539M,0.0000,0.0000,0,104
GACGCGACGTCCTATG,D474F,0.0000,0.0000,0,44
GACGCGCCACGCTACA,N169G R321T T370Y,0.0000,0.0000,0,15
GACGCGCCGCATGCCA,A19H F232Y,0.0000,0.0000,0,17
GACGCTAAGACCGCTG,H130Y,nan,nan,0,0
GACGCTCAATCTCTCG,S10W,nan,nan,0,0
GACGCTCGCGACAATC,,0.0862,0.0862,405,657
GACGCTCGTGATAAAA,G349L,0.0000,0.0000,0,8
GACGCTCTGACCATTG,L112T D457R,0.0000,0.0000,0,1
GACGCTGACACCAGAT,I87A,1.0000,1.4858,85,8
GACGCTTGGGTTTAGA,H184I E393G,0.0000,0.0000,0,6
GACGGAACTTTAATTC,N464E,0.0719,0.0719,223,434
GACGGACACAAAAAAC,L43H,0.0000,0.0000,0,14
GACGGACACGCCATAC,N400W,1.0000,1.0628,38,5
GACGGACCGCCATTAA,G341M,0.1631,0.1631,1045,896
GACGGACGATTGTATG,I123Q K450N,0.0000,0.0000,0,6
GACGGACTAATAGAAG,,0.1064,0.1064,378,497
GACGGAGTGATTGATA,S167I,0.0552,0.0552,105,266
GACGGATAGCGCCATT,,0.1104,0.1104,360,456
GACGGCAATAGTCGAC,G49N,0.1343,0.1343,1976,2057
GACGGCATTAGTCATA,L133aR,0.3774,0.3774,5894,2184
GACGGCGAGAGTTTTT,M538C,0.7296,0.7296,120,23
GACGGGCAGCTAGAAA,G205M N464E,0.6371,0.6371,41,9
GACGGGCATAGGACGT,W343Q,1.0000,inf,104,0
GACGGGCCTTGCTGAT,S6G,0.1467,0.1467,366,349
GACGGGGAGCGGTAAA,I182Q,0.1280,0.1280,910,994
GACGGGGCGAATAGAT,,0.1409,0.1409,2730,2709
GACGGTCCGAGATCCT,N94P F338P Y470C Q545P,0.0000,0.0000,0,3
GACGGTCCTATAGAGA,D63S,0.1220,0.1220,384,440
GACGTAACCACAAACA,S10K,1.0000,1.2120,26,3
GACGTAACCGTGTTTG,E493V,0.0941,0.0941,1572,2336
GACGTAAGAATCGATT,P74T I164A Q545M,0.0000,0.0000,0,16
GACGTAATGTTTATTA,Q191I,0.0000,0.0000,0,3
GACGTAATTGCAGCTT,I121M,0.1394,0.1394,2009,2016
GACGTACAATCCAAAA,P92aG,0.0000,0.0000,0,30
GACGTACTGAAATCGC,,0.1227,0.1227,6151,7011
GACGTAGTAAACCGGT,S167H F469*,0.0000,0.0000,0,2
GACGTATAATTATATA,H276E,0.1988,0.1988,1258,885
GACGTATACACAAGCG,S133R M531R,0.0000,0.0000,0,2
GACGTATATTGCTATG,K472Q,0.0911,0.0911,668,1025
GACGTATGTCGTATAA,V26I,0.1402,0.1402,6963,6943
GACGTATTCTGACATC,N433M,0.0000,0.0000,0,3
GACGTCTTTAGCCGTG,L320K,0.0000,0.0000,0,39
GACGTGACAGCCCAAG,Q211R,0.0722,0.0722,79,153
GACGTGACCCCGCTAG,M388T,0.0000,0.0000,0,30
GACGTGAGTCTTTAGG,V56F,0.1312,0.1312,122,130
GACGTGCAAAGGAGTA,W84P F469D,nan,nan,0,0
GACGTGTAGATTTGCC,K450A,0.2225,0.2225,140,88
GACGTGTGTTTTGAAA,L71Y,0.0215,0.0215,53,344
GACGTTAAGCCACACG,R435C,0.0000,0.0000,0,28
GACGTTAATTAATATG,C76H T171V,0.0000,0.0000,0,10
GACGTTCCAATGAGCG,A521Y,nan,nan,0,0
GACGTTGACTGGAAGA,L51I,nan,nan,0,0
GACGTTTGGTACTAAT,L418F,0.1385,0.1385,209,211
GACTAAAACACCGGCA,Q344V,0.2162,0.2162,5174,3346
GACTAAACACAATCTC,Q391W,0.0000,0.0000,0,1
GACTAAACCTCAAAGA,L409C,0.2447,0.2447,35,20
GACTAAAGTATAGGCA,I302K,0.0000,0.0000,0,2
GACTAAATAATAGTCA,V5L D487C,0.1735,0.1735,258,208
GACTAAATCCCACATG,N48Q,0.1398,0.1398,288,288
GACTAAATTAGACAGA,Y512K,0.0000,0.0000,0,2
GACTAACAAACGAAAA,R435C Y491H,nan,nan,0,0
GACTAACGTAAATCTA,F399Q,nan,nan,0,0
GACTAAGGGGCAAAAC,F245L,0.0500,0.0500,369,1033
GACTAATAAAACGAGA,N210F,0.0000,0.0000,0,2
GACTAATAGAGCAGAG,I339S,nan,nan,0,0
GACTAATATTGTAGCC,I517F,0.1129,0.1129,339,420
GACTAATCGCACCTCG,E501N,0.1806,0.1806,1626,1259
GACTAATGCAACCTCC,,0.0340,0.0340,84,346
GACTAATGCTGTTAGC,N401S,0.2377,0.2377,102,60
GACTACAAAGAAGCAA,D63S M413G,0.0000,0.0000,0,4
GACTACAATGTCTAGA,F79L I514S,nan,nan,0,0
GACTACATACGGCCTG,T318W,0.0000,0.0000,0,11
GACTACATATATCATA,N21S,0.2103,0.2103,376,250
GACTACCAAAGACATC,M230Y S369V F469L,0.0000,0.0000,0,13
GACTACCCCACAGTAG,N278W,0.1998,0.1998,7794,5454
GACTACCCCGAAAATA,G341D,0.0000,0.0000,0,28
GACTACCTTCTCGAGC,R499V,0.1334,0.1334,2404,2520
GACTACGAAAAAACCT,P99A,0.0260,0.0260,21,113
GACTACGAAGACTAAG,,0.0725,0.0725,797,1537
GACTACGGTTGCGATC,N197M,0.0509,0.0509,142,390
GACTACGTATGAATTA,N172T,0.0000,0.0000,0,5
GACTACTCTTAACGCA,F147Y,0.0000,0.0000,0,1
GACTACTGAAAAACTT,L112P,nan,nan,0,0
GACTACTTAGCGTTCG,,0.3200,0.3200,270,118
GACTACTTCGACCAAA,G341W,0.4382,0.4382,141,45
GACTAGAACTTGTAAT,T370G F469* C546Y,nan,nan,0,0
GACTAGATTTAAAATC,L179Q,0.0338,0.0338,130,538
GACTAGCAACCTATCC,P324Y D449Y,0.1975,0.1975,233,165
GACTAGCAGCATTTCC,L213Q G463C,nan,nan,0,0
GACTAGGAAGAGACAT,,0.1145,0.1145,257,314
GACTAGGACGAGGGCT,,0.1613,0.1613,2174,1885
GACTAGGTTAAAAAAA,,0.0438,0.0438,26,83
GACTAGTGCGTCTATT,E468S,0.1220,0.1220,2270,2603
GACTAGTTAATTTAAT,M531*,nan,nan,0,0
GACTAGTTACCGGGAA,,0.0809,0.0809,722,1248
GACTATAAAATTTAAT,S480N,0.1007,0.1007,36,50
GACTATAAATACCTAG,L102R,0.4360,0.4360,53,17
GACTATACATTAATGG,A495R,0.0618,0.0618,182,412
GACTATACCCTGCACA,,0.1957,0.1957,410,293
GACTATACTATCTATA,,0.0000,0.0000,0,3
GACTATAGGGCACTTG,E393S,0.0614,0.0614,83,189
GACTATATGGTAGTTC,S361H,0.1293,0.1293,807,873
GACTATCAAAGACAAA,P128K,0.2047,0.2047,2586,1767
GACTATCAACGATTTC,I4A,0.2225,0.2225,1628,1023
GACTATCAATTGATTT,A528C,0.1287,0.1287,4294,4664
GACTATTGGGATATAA,M538K,0.1745,0.1745,262,210
GACTATTGTAAACATC,C277I,0.0000,0.0000,0,1
GACTATTTATCCAAAA,L209E,0.1743,0.1743,7140,5729
GACTCAAAACAGCGGA,L1Q,0.0954,0.0954,373,547
GACTCAAGAAAAAAAA,N103E K259A,0.0712,0.0712,84,165
GACTCAATATCGAGCT,P162C,0.0000,0.0000,0,9
GACTCAATGGGTGAAC,A287V I385A,0.0000,0.0000,0,4
GACTCACGAATCAACT,A364D,0.0000,0.0000,0,1
GACTCACTGATCGAAA,L209W,0.4674,0.4674,127,38
GACTCACTTCAAAGTG,A287M,0.0000,0.0000,0,6
GACTCAGAATGGGAAA,E78Q,0.2090,0.2090,2415,1616
GACTCAGTGGCTTGGA,F332Q,0.0000,0.0000,0,2
GACTCATTACGACTAC,T206G,nan,nan,0,0
GACTCATTATCTAGAT,S133N Y141*,0.5128,0.5128,33,9
GACTCCAGTTGTCTAA,T206E,nan,nan,0,0
GACTCCCAACTGCCAA,,0.0000,0.0000,0,63
GACTCCCAACTGGACC,,0.1700,0.1700,3169,2607
GACTCCCTTACAAACA,I302K,0.0000,0.0000,0,10
GACTCCGTGGGCATAT,,0.1972,0.1972,3524,2499
GACTCCTAGAAAGTAT,L428K E508P,nan,nan,0,0
GACTCCTTAATTATCA,M538L,0.6234,0.6234,740,166
GACTCCTTTCTTGAAA,Q222E,0.0602,0.0602,1222,2837
GACTCGAACAAAAATA,L194P,0.0000,0.0000,0,4
GACTCGCAAGATTCCA,V315K,0.1228,0.1228,324,369
GACTCGCCTTAGCCAA,E-5C N446K,0.1471,0.1471,1859,1767
GACTCGCGTCGGGATT,W84Q,0.0000,0.0000,0,6
GACTCGGAGATGTAGC,F233Q,0.1221,0.1221,1060,1214
GACTCGTCACTCTATA,S10K,0.0000,0.0000,0,16
GACTCGTGCCTAACAG,N172L,0.0967,0.0967,2615,3783
GACTCGTTAGCGAATG,I115R,nan,nan,0,0
GACTCTGCGTACCAGA,S290I G349N,nan,nan,0,0
GACTCTGCTTGGGACC,F245R G271L,nan,nan,0,0
GACTCTGTCCCAAAAC,,0.1890,0.1890,1391,1029
GACTCTTAGGAGATCC,G319E,nan,nan,0,0
GACTCTTGAGTAAGCT,S133R,0.2804,0.2804,5216,2601
GACTCTTTCATCAATA,L102N,0.0000,0.0000,0,1
GACTGAACGAAATTCT,A521P,0.0000,0.0000,0,5
GACTGACAACACAAAA,P198R K460T,0.0000,0.0000,0,20
GACTGACATAGGCTAA,,0.0819,0.0819,123,210
GACTGACATGACCGCC,V381M,0.1552,0.1552,2497,2250
GACTGACGCAAAAAGA,H184W,0.0000,0.0000,0,9
GACTGCAAACAACTTA,,0.0897,0.0897,317,494
GACTGCACAATATCAA,G16F T208I,nan,nan,0,0
GACTGCACACCAATCC,S290W,0.5848,0.5848,92,22
GACTGCACCGTGTAAT,V8G,0.0895,0.0895,5160,8059
GACTGCATTGAGTAAT,T37E E500K,0.0000,0.0000,0,1
GACTGCCAATAATCAA,I502N,nan,nan,0,0
GACTGCCTCCATTTCC,G352S,0.3692,0.3692,66,25
GACTGCGATAACGGAT,E-5R D438Q,0.0240,0.0240,38,221
GACTGCGCTGAGTACG,V88F,0.0000,0.0000,0,1
GACTGCTAAGATCTGA,V381R,0.3729,0.3729,24,9
GACTGCTACCCTTTAT,F294G R405M,nan,nan,0,0
GACTGCTAGGTTAGTT,,0.1083,0.1083,24,31
GACTGCTTCTATAACT,,0.2160,0.2160,3631,2351
GACTGGACATGATTTA,F118R,nan,nan,0,0
GACTGGACTCAGCCTA,H47I A521C,0.0000,0.0000,0,2
GACTGTAAAAATAATC,,0.1308,0.1308,1370,1465
GACTGTAAAAGTTGAA,T192W,nan,nan,0,0
GACTGTACCAAAATAG,V26D,0.0000,0.0000,0,1
GACTGTAGCCTACATT,K280E R404W,0.0000,0.0000,0,5
GACTGTCAACATAAAG,L54S,0.0000,0.0000,0,20
GACTGTCAAGAGGGCA,E-5S F245P,nan,nan,0,0
GACTGTGTCTAGTCGA,A160H,0.1793,0.1793,9403,7335
GACTGTTCAAATGGAT,S247A,0.0639,0.0639,303,663
GACTTAAAATGCTCAA,K50W K506W,0.1812,0.1812,591,456
GACTTAATACAGATCA,K367W F469R,nan,nan,0,0
GACTTAATTCCCACTA,,0.1802,0.1802,3584,2781
GACTTACAGCCAACCA,V505G,0.2707,0.2707,391,202
GACTTAGATTCAGTAT,F417K,0.0000,0.0000,0,4
GACTTAGTCCATACTC,M531I,0.1918,0.1918,2307,1682
GACTTATAACTAAAGG,A188L,0.2156,0.2156,148,96
GACTTCAAACTGAAAG,P239F,0.0658,0.0658,560,1190
GACTTCCTATCGAAGC,A495Y,0.0854,0.0854,105,172
GACTTCTAGGACTAAA,H298Y,0.0604,0.0604,117,271
GACTTCTTACGCCCGA,H184W,0.0117,0.0117,1,12
GACTTGACTGATCACC,N158L,0.4944,0.4944,28189,7974
GACTTGCCGACCTTAC,,0.1480,0.1480,1429,1350
GACTTGCGCAAACCTA,S10V C549L,1.0000,1.1607,83,10
GACTTGGACATGAGCT,P145V,0.0000,0.0000,0,7
GACTTTGAAGGAAGCA,M538D,0.0000,0.0000,0,7
GACTTTGCATGCGGAC,C52P G55*,0.0000,0.0000,0,4
GACTTTGTCCCAAACC,,0.2362,0.2362,2703,1600
GACTTTGTGCTAAAGA,T192G H298V,0.0000,0.0000,0,10
GACTTTTACTGACCTA,T132C Q222Y,0.0781,0.0781,1022,1830
GACTTTTAGCTAAGCG,N541K,0.0000,0.0000,0,20
GACTTTTCAGAGCTGA,I80W,0.1726,0.1726,948,768
GAGAAAAAAAGCCGAC,C546H,0.2089,0.2089,711,476
GAGAAAAAAGCCTTTT,V36F A253S R482W,1.0000,1.8879,27,2
GAGAAAACATTCTCGA,L108V W537N,0.0000,0.0000,0,1
GAGAAAACCCAACTTG,D41W Y486M,0.0000,0.0000,0,5
GAGAAAAGCGTACACG,Y86S T171N F392I,0.0000,0.0000,0,9
GAGAAAAGTCAAATTC,S361T,0.1635,0.1635,587,502
GAGAAACAAAAACGTT,,0.1903,0.1903,117,86
GAGAAACACCCGCATG,,0.1067,0.1067,158,207
GAGAAACAGTGAAAAA,R227S Y488D,0.0000,0.0000,0,8
GAGAAACCAAAACCAA,D438W,0.0850,0.0850,138,227
GAGAAACCATAACCAA,D41R,0.0912,0.0912,836,1282
GAGAAACCCTAACTAA,V261E,0.0738,0.0738,292,553
GAGAAACGGAATATAA,V34S,0.0000,0.0000,0,6
GAGAAACGGACTGACC,T279R A365T,0.0000,0.0000,0,24
GAGAAACTTATACGAC,N94D D487T,0.0979,0.0979,1889,2698
GAGAAAGAAAAGCATA,R220W,1.0000,inf,51,0
GAGAAAGCATTATAAA,S101G,0.1033,0.1033,590,799
GAGAAAGCGAAACCCG,K310E,0.0000,0.0000,0,157
GAGAAAGTATATTCAT,N33S M538I,1.0000,1.5583,78,7
GAGAAATACACGTTGA,,0.1376,0.1376,1054,1071
GAGAAATCTCAAATAG,E190P,0.0000,0.0000,0,1
GAGAAATCTTATCGTT,,0.0986,0.0986,780,1106
GAGAAATGAGAGAAGC,H295A,0.0000,0.0000,0,9
GAGAAATGTGCTCGAC,W421Y,0.0000,0.0000,0,11
GAGAACAATAAATTTT,N312L G510aK,0.3169,0.3169,213,94
GAGAACAGATTATCCA,K367R,0.0195,0.0195,18,129
GAGAACCAAAAAGCAA,P74E,nan,nan,0,0
GAGAACCCGTAAGCAA,,0.1883,0.1883,1462,1086
GAGAACGAAGTGCAGC,I374F,0.1438,0.1438,1238,1204
GAGAACGAGAAGCCCA,G271V,0.0759,0.0759,654,1205
GAGAACGATAAAAAGT,N21M Q490F,0.8308,0.8308,101,17
GAGAACGGACAATCTT,G55L,0.0919,0.0919,23,35
GAGAACGGATTCTATG,A3W,0.1262,0.1262,1207,1337
GAGAACTATAAGGAGA,V381L,0.0000,0.0000,0,1
GAGAACTCCAACTCGG,,0.0785,0.0785,358,638
GAGAACTTACAGTCCC,E131R,0.3614,0.3614,2339,905
GAGAACTTCTGCTTGT,M-6R V429R,0.0000,0.0000,0,8
GAGAAGAGAGTCCCGT,Q12G,0.0000,0.0000,0,6
GAGAAGATGAAATATG,V309M C466V,nan,nan,0,0
GAGAAGCGCCGGACAT,,0.0000,0.0000,0,1
GAGAAGCTAATATTCC,A532F,0.3754,0.3754,1114,415
GAGAAGGTTATCTCCC,V135F V381P,0.0000,0.0000,0,10
GAGAAGTACAGAATCA,K387M E426*,nan,nan,0,0
GAGAATAAACTAATCT,K498T,0.1745,0.1745,912,731
GAGAATACTCCTATAA,V26F,0.0000,0.0000,0,3
GAGAATAGACGACACC,R329I,0.3130,0.3130,47,21
GAGAATAGGAAATACC,N73R,0.1398,0.1398,17,17
GAGAATATAAAAGCTT,H184P A532W,1.0000,2.6570,19,1
GAGAATATCAATAACC,G286C,0.0000,0.0000,0,10
GAGAATATCCATTCAA,N48S,0.0536,0.0536,290,756
GAGAATCGACCACTAC,R149M,0.1263,0.1263,1914,2119
GAGAATGCGAGTCACA,E-5M G341K,0.1922,0.1922,246,179
GAGAATGCGCGAACTT,R220Q,0.0000,0.0000,0,11
GAGAATTAACCCACTA,R499F,0.0000,0.0000,0,132
GAGAATTAATTTTAAA,T200E G376S,0.0000,0.0000,0,2
GAGAATTAGATACCAA,E304Q,0.0982,0.0982,552,786
GAGAATTAGCAAACGT,L430V,0.1928,0.1928,51,37
GAGAATTAGGACGTCA,H117K,0.1235,0.1235,4282,4847
GAGAATTGCCCTTACA,H110K N172H G396S,nan,nan,0,0
GAGACAAAGTACCACT,K196V,0.3052,0.3052,4072,1866
GAGACAAATCGCCGAC,,0.2057,0.2057,1452,987
GAGACAAATGTTCCAA,,0.1236,0.1236,990,1120
GAGACAACGCCTAGAT,A373T,0.0000,0.0000,0,5
GAGACAACTGCCATCT,,0.2318,0.2318,315,190
GAGACAAGATCAACAA,E494I,0.1666,0.1666,311,261
GAGACAATGCCTACGA,E106F,0.2146,0.2146,132,86
GAGACACAATGACATC,G303Y,nan,nan,0,0
GAGACACATCTCGCTA,A373D,0.0000,0.0000,0,5
GAGACACCGGGTCCAA,S509R,0.0967,0.0967,3115,4506
GAGACACGAGTGTAAG,A253D,0.0000,0.0000,0,3
GAGACACTAAGATATG,T378G,0.1371,0.1371,248,253
GAGACACTATATAAGG,,0.1433,0.1433,410,400
GAGACAGATACCCTAT,L43* E44A I115H,0.0000,0.0000,0,2
GAGACAGGAGCGCTAG,N379Q S492Q,0.1014,0.1014,490,676
GAGACAGTAGAGGACC,C64P S167G R321Q T370W F469C,0.0000,0.0000,0,3
GAGACATACTAGATTA,N446H,0.0566,0.0566,640,1582
GAGACATCAAAAAGAT,T35Y W180* G510aI,nan,nan,0,0
GAGACATCTAGGCCTT,S146P,0.4506,0.4506,116,36
GAGACATGAATGAGCA,,0.1389,0.1389,9764,9828
GAGACATGCGTGTCAC,C277I,0.1865,0.1865,36,27
GAGACATTATATAAAT,V36C,nan,nan,0,0
GAGACCAAATAATTGG,G376Y,0.2408,0.2408,31,18
GAGACCAACCTACAGT,N289G,0.1411,0.1411,2068,2050
GAGACCAATGAAATGC,S203W I339Q,nan,nan,0,0
GAGACCAATGGGAGTA,S22Q,0.0660,0.0660,50,106
GAGACCATGTTAGCTT,Q226L M268I M388I N458Q,0.0000,0.0000,0,2
GAGACCGATACGGACG,N21H,0.0000,0.0000,0,6
GAGACCGCGAAAGTAA,D27M,1.0000,3.7758,81,3
GAGACCTAGACCAAGA,D487N,0.1435,0.1435,15865,15456
GAGACGAAGCGCGTGA,N169D T370R N424W,nan,nan,0,0
GAGACGAGCCGAAATC,G181F A521T,0.3729,0.3729,48,18
GAGACGTAAGATAAGA,Y195A,nan,nan,0,0
GAGACGTGTAAACAGC,V223C,0.1126,0.1126,689,856
GAGACTACTTTAAACC,,0.1851,0.1851,1402,1059
GAGACTAGCAAACTCG,V451M,0.0830,0.0830,697,1175
GAGACTCCAGGAGAAC,R90W,0.0715,0.0715,44,86
GAGACTCCCCGATCTA,,0.1177,0.1177,440,523
GAGACTCCTTAAAAGA,L7P D240N A257C,0.0000,0.0000,0,59
GAGACTCGCGCTGATT,,0.1669,0.1669,3037,2545
GAGACTGACAAAACCA,R326C,0.2950,0.2950,616,292
GAGACTGTTCAATTCC,F148V,0.1173,0.1173,26,31
GAGACTTACTGCGCCT,A373D,0.0000,0.0000,0,13
GAGACTTATAATAACG,,0.2210,0.2210,3406,2155
GAGAGAAAAACACACA,F469M,0.1270,0.1270,2238,2464
GAGAGAAAAACATGAA,,0.1170,0.1170,277,331
GAGAGAAAAAGTCTAT,L455S,nan,nan,0,0
GAGAGAAAGGGACATA,,0.1795,0.1795,4552,3546
GAGAGAAATAAGCGCA,F118T,0.0921,0.0921,27,41
GAGAGAAATAGTTGAA,G465P,0.6992,0.6992,30,6
GAGAGAACGTTCACTC,W127V,0.1269,0.1269,6467,7125
GAGAGAATACTTAACA,Q371L,1.0000,2.8901,62,3
GAGAGAATTGATTCAG,N169M Q359L,0.2143,0.2143,4209,2746
GAGAGACCAAAAAATC,,0.0000,0.0000,0,2
GAGAGACGTGGTGTAA,I384A,nan,nan,0,0
GAGAGAGACGATGCCC,,0.1202,0.1202,3823,4446
GAGAGATAACGCAGTA,Y201S L316N,0.0000,0.0000,0,3
GAGAGATATTACCAGA,Y351K,0.0000,0.0000,0,3
GAGAGATCAGATGAAT,N94T S356N,0.0861,0.0861,157,255
GAGAGATCGGGTCGAA,D415N,0.0631,0.0631,554,1227
GAGAGATTTCTGCTAA,,0.1789,0.1789,5329,4166
GAGAGCAAATATCTAA,N322G T370P Y448D,0.0000,0.0000,0,5
GAGAGCAACAATGAAA,V429K,nan,nan,0,0
GAGAGCAACAATTATA,S323H,0.1346,0.1346,1269,1318
GAGAGCAACGAACCAT,V285L,0.1111,0.1111,795,1001
GAGAGCACTCAGCTCC,P58D P306G,0.0000,0.0000,0,1
GAGAGCATAGCGATCC,P198D,0.0341,0.0341,49,201
GAGAGCCCTCAACAAT,E508W,0.1610,0.1610,122,106
GAGAGCCTTAGTGCAG,,0.1898,0.1898,703,518
GAGAGCGACAGCATAT,G352W,nan,nan,0,0
GAGAGCTATGATAATA,L122A,0.0000,0.0000,0,101
GAGAGCTCCTTTAACA,L428D,0.0000,0.0000,0,11
GAGAGCTGCGCAAGTT,R328bT,0.2436,0.2436,108,62
GAGAGGAGTTAGTACA,,0.0957,0.0957,13,19
GAGAGGCAAAATTCAT,K313E,0.2921,0.2921,259,124
GAGAGGGCGAAAATAA,P239G,0.1105,0.1105,1269,1606
GAGAGGTATAACTATC,G68M,0.5463,0.5463,293,75
GAGAGGTCTAGCTGTC,P284Q,0.0791,0.0791,82,145
GAGAGTAGTCTTATTA,P145Q G303D,0.0000,0.0000,0,5
GAGAGTCCAATATCCT,C76A,0.0000,0.0000,0,3
GAGAGTCTGAATTAAA,,0.1453,0.1453,1245,1198
GAGAGTGATGTTGTTC,G341K,0.2114,0.2114,127,84
GAGAGTGCGGGGTCAA,V151I,0.1777,0.1777,6056,4765
GAGAGTGCGTTGCACC,T390G,0.0000,0.0000,0,15
GAGAGTTGACCAGATC,,0.0000,0.0000,0,33
GAGATAAAAAAATGTA,G330T,0.8041,0.8041,23,4
GAGATAAAAAATATTG,P145Q,0.2914,0.2914,2271,1090
GAGATAAAAAATGATT,R435G,0.0400,0.0400,16,56
GAGATAACACTCTACA,Q454P Q490Y,0.0000,0.0000,0,1
GAGATAAGTATCCAGA,I202E,0.0000,0.0000,0,5
GAGATAATTTAAACAG,,0.1611,0.1611,212,184
GAGATACACCATTATC,A144M,nan,nan,0,0
GAGATACGCAAACATT,L176P,0.0000,0.0000,0,35
GAGATACTCTCTTCAC,,0.0000,0.0000,0,44
GAGATAGAGTCAAACA,K280I,0.0804,0.0804,115,200
GAGATAGGCCTCGCTA,L71I,0.1458,0.1458,1643,1576
GAGATAGTTTTTAGAT,V-2P R229C,0.0000,0.0000,0,31
GAGATATAACCTAAAT,I42E,1.0000,1.1887,34,4
GAGATATACAAACAAG,,0.1393,0.1393,2602,2613
GAGATATATAGCGCGA,L122Y T266N,0.0165,0.0165,40,339
GAGATCAAGAAGATGG,H295Q T301C,0.1208,0.1208,57,66
GAGATCAAGCTCGGAA,T200F,0.1165,0.1165,5,6
GAGATCACGTAGTAAA,,0.1023,0.1023,1045,1428
GAGATCCCAATGGAAT,E44Y N382M,0.0000,0.0000,0,55
GAGATCCCCAGGACAA,L154Y,0.0423,0.0423,141,466
GAGATCCGGCGAAGCA,P324S,0.0994,0.0994,155,218
GAGATCCTGCTGACGG,Q142G,0.1391,0.1391,5580,5609
GAGATCGCCCAGTTGA,Y86W,1.0000,1.4684,21,2
GAGATCGGACCTTACA,,0.0632,0.0632,337,746
GAGATCGGATATACAT,,0.1768,0.1768,1465,1159
GAGATCTCAAATACCT,,0.1168,0.1168,213,255
GAGATGAAGTTATACA,M-6W,0.0000,0.0000,0,3
GAGATGAGTAACCATG,,0.1125,0.1125,1653,2054
GAGATGCAACGCAGCA,L70N Q226R,0.0000,0.0000,0,5
GAGATGTAGCGCGGAC,H183M,0.0347,0.0347,60,242
GAGATGTAGTACTAAT,K367* F469H,0.0000,0.0000,0,2
GAGATTAAAAAGGGGC,I517Q,nan,nan,0,0
GAGATTACCACAAGGC,Y351G,0.0000,0.0000,0,1
GAGATTCATAACCAAT,,0.1182,0.1182,807,955
GAGATTCTTGAGCAAC,D63I E304M,nan,nan,0,0
GAGATTGGTCACGTAC,N116R,0.0000,0.0000,0,116
GAGATTGTAGTCTCTA,,0.0000,0.0000,0,4
GAGCAAAACCACCGAT,R496K,0.1402,0.1402,1809,1805
GAGCAAACGGTAATTA,N158G,0.3173,0.3173,354,156
GAGCAAATACTTGAAT,K9F F417M,nan,nan,0,0
GAGCAAATATCTCCAA,N169M,0.2337,0.2337,2470,1478
GAGCAAATGTAGCTGC,,0.1392,0.1392,675,678
GAGCAAATTCCAAATA,L2H,0.0537,0.0537,807,2102
GAGCAACATAAACGTA,H117D T279N,1.0000,1.1587,58,7
GAGCAACGCTCAACTA,,0.2010,0.2010,588,409
GAGCAACTATAGGGAC,L122Q,0.1211,0.1211,323,373
GAGCACAACAGGACCC,N443H,0.0000,0.0000,0,19
GAGCACAACCTTGAAA,C546Y,nan,nan,0,0
GAGCACAATAGAACGA,,0.1168,0.1168,639,765
GAGCACAATGCGATTC,N289C,0.1170,0.1170,687,821
GAGCACAATTTATACA,N103I D474R,0.1752,0.1752,238,190
GAGCACATATCCGCAA,M30C,0.2069,0.2069,142,96
GAGCACCTGGGCCGAA,,0.0608,0.0608,63,145
GAGCACTCTGACGAAA,V152T,nan,nan,0,0
GAGCAGAACTTAATCT,V8T Q211A,0.1242,0.1242,3546,3993
GAGCAGCAATAACATT,S101H,0.2858,0.2858,94,46
GAGCAGCGAAAAACCT,N54aL N296F,0.0000,0.0000,0,2
GAGCAGGCAAATACAG,N446G,0.1110,0.1110,146,184
GAGCAGGTAAACCTAT,S311N,0.0730,0.0730,120,230
GAGCAGTATATAGTTA,I302A,nan,nan,0,0
GAGCAGTGACAAAACG,E78T T485R,1.0000,1.3285,95,10
GAGCAGTTCTGAGGAA,F148M I374F,0.0802,0.0802,2748,4793
GAGCAGTTTGTCCCAA,G205K Y512M,0.0000,0.0000,0,1
GAGCATAATCCAGTGA,N408M I550E,0.4820,0.4820,193,56
GAGCATACCAAAGGCA,P128E,0.2038,0.2038,10873,7460
GAGCATAGAGTCATAA,W343P,0.0000,0.0000,0,2
GAGCATAGGATTTTAA,I335H,nan,nan,0,0
GAGCATGCATGCATTT,V56I,0.1228,0.1228,649,739
GAGCATTACCCCCAGA,,0.1307,0.1307,1060,1134
GAGCATTGCGACATCT,F245R,1.0000,inf,31,0
GAGCCAAAAGTTCAAA,A459D,0.0000,0.0000,0,4
GAGCCAACCTAACTTT,A160T,0.4084,0.4084,12804,4384
GAGCCACAATAGCGCA,Q142Y E255K,0.2990,0.2990,139,65
GAGCCACACGTGAGCT,I236A,0.0834,0.0834,2772,4648
GAGCCACCCGCGTCAG,A3L G345D,nan,nan,0,0
GAGCCACCTAAGGGAA,L1I,0.1938,0.1938,255,184
GAGCCAGTACATTAAG,R173G,0.0962,0.0962,4278,6222
GAGCCATCAGGGTCTT,T208G G510aW,0.0478,0.0478,183,535
GAGCCCATAAACATCC,G345F,0.2272,0.2272,104,64
GAGCCCCGTGCTCCGC,N197K,0.0776,0.0776,480,865
GAGCCCGAAGGAGCCT,,0.0895,0.0895,1152,1799
GAGCCCGGTAGACTAT,,0.1567,0.1567,1030,919
GAGCCCTCCGCGGATA,Y98H,0.0000,0.0000,0,15
GAGCCCTGTCTCCATT,,0.1432,0.1432,425,415
GAGCCGAACACTGTTA,P198T,0.0712,0.0712,56,110
GAGCCGACATTAACGT,R321V T370E F469D,1.0000,inf,1,0
GAGCCGTGATTACATG,,0.0000,0.0000,0,43
GAGCCTAAACAACATT,H440R,nan,nan,0,0
GAGCCTAAACGAACTA,E393M,0.0309,0.0309,19,86
GAGCCTAGACTACGGA,,0.1068,0.1068,3672,4810
GAGCCTAGCCTAAGCC,L59R,0.0695,0.0695,93,187
GAGCCTCCATATTATT,T266Y,nan,nan,0,0
GAGCCTCTATTATTCG,D241K Y258V,nan,nan,0,0
GAGCCTGGTAGAGCTG,G465S,0.5667,0.5667,77,19
GAGCCTGTGATTCTTA,K165V,0.1012,0.1012,2488,3438
GAGCGAAAATTAATGT,I297L A336D,1.0000,4.3351,31,1
GAGCGAAAGTAATGGA,,0.1549,0.1549,1354,1222
GAGCGAAAGTTTAAAT,N-4C,0.1722,0.1722,1475,1198
GAGCGAATAAAAACAT,,0.1509,0.1509,1115,1033
GAGCGAATCGAAACTT,L102R,0.0000,0.0000,0,5
GAGCGACAACAAACGT,E493F,0.1355,0.1355,2030,2095
GAGCGACACAGAGAAC,D415M,0.0999,0.0999,258,361
GAGCGACATTGTCAAT,P125S,0.0791,0.0791,233,412
GAGCGACTGAGGAGCG,R114V Q454*,nan,nan,0,0
GAGCGAGAAATCGTCC,Y308V F399I,nan,nan,0,0
GAGCGATACACCTTGT,,0.1566,0.1566,5705,5096
GAGCGATCTTTCAAAG,E174S,0.1387,0.1387,2496,2516
GAGCGCAAGCAAAAAT,E89K R328bK T370A E414K E434K F469V,nan,nan,0,0
GAGCGCAATCCGAGGC,R329I F467I,0.0000,0.0000,0,3
GAGCGGCCCCACCTCA,Y351P,nan,nan,0,0
GAGCGGGTATGGTACG,L455H,0.0000,0.0000,0,3
GAGCGGTGACATTTTA,,0.1134,0.1134,107,132
GAGCGTCTGATAAAGA,V8M,0.0000,0.0000,0,14
GAGCGTGCAAGCCCAT,I267E D457R,0.0000,0.0000,0,1
GAGCGTGCGACCAAAA,R321T D366A F469V,1.0000,1.8646,40,3
GAGCGTTAAATAAAAC,I517M,0.2245,0.2245,61,38
GAGCTAAAAGGTGTCC,K328cI L525P,0.0000,0.0000,0,13
GAGCTAAATGCAGTAT,,0.1603,0.1603,5640,4921
GAGCTAAGCGATTGCT,V505W,0.2459,0.2459,1419,807
GAGCTAAGTGCGTCAC,N92L,0.1409,0.1409,3781,3752
GAGCTACCCCCCGAAA,S101C,0.0000,0.0000,0,27
GAGCTACGCTAAGCCA,L51Y,0.0000,0.0000,0,8
GAGCTAGGAACGCAAA,E501F,0.1116,0.1116,198,248
GAGCTAGTGAGGTCAC,,0.1601,0.1601,2628,2296
GAGCTATGCACAACGT,I288C A528Q,0.0000,0.0000,0,11
GAGCTCGCAAATATAT,N289W,0.2176,0.2176,9109,5855
GAGCTCGTACGATACA,V381P G484S,0.0000,0.0000,0,9
GAGCTCTATTAAATTT,S203N,0.1656,0.1656,244,206
GAGCTCTGATAGTCTA,E432Q,0.0789,0.0789,22,39
GAGCTGAACGACACGT,I243C,0.0145,0.0145,12,116
GAGCTGACTGTACAAG,G376Q K506C,nan,nan,0,0
GAGCTGATCCATCCCC,C546T,0.1688,0.1688,1335,1106
GAGCTGCATCAGACAC,S519N,0.0000,0.0000,0,27
GAGCTGCATGATCATA,,nan,nan,0,0
GAGCTGCGCAATGAGG,Q12Y,0.1660,0.1660,1764,1486
GAGCTGGAAATACAAG,,0.2422,0.2422,355,205
GAGCTGTGAAACCTCA,K380G,0.0000,0.0000,0,10
GAGCTTAAAAACATTG,T200Q,0.1754,0.1754,74,59
GAGCTTAATCACAAAG,P299D,0.1526,0.1526,60,55
GAGCTTCATAATCTTC,,0.1579,0.1579,12876,11406
GAGCTTCTCAATCAGG,N408W,0.1102,0.1102,438,556
GAGCTTGCACTAAATA,M230A,0.3444,0.3444,756,307
GAGCTTGGTCACCGAG,,0.1852,0.1852,102,77
GAGCTTTAGAGAATCT,N400L,nan,nan,0,0
GAGCTTTGGCGCGAAT,R328aQ C473V,0.0000,0.0000,0,2
GAGGAAAATCCTGAAT,Y353H A459V,0.1159,0.1159,29,35
GAGGAAACAAGTGAAA,P58S W350P,0.0000,0.0000,0,4
GAGGAAACGCATTGGA,E44P D348E,1.0000,2.7969,60,3
GAGGAAATATTGCAAG,S207Q,0.2305,0.2305,267,162
GAGGAAATTCGCCGTT,T422R,0.0000,0.0000,0,7
GAGGAACTCCGACATA,V315L A425L,1.0000,inf,32,0
GAGGAAGCTTCAAAAG,S167C R321Q T370M F469S,0.0000,0.0000,0,2
GAGGAATAATTTTAAA,F233Y,0.0941,0.0941,1310,1946
GAGGAATGAGCGAACC,,0.1290,0.1290,1224,1327
GAGGACAGTTCTCGCA,H183K,0.0000,0.0000,0,6
GAGGACATTGGAGTTT,A257P,nan,nan,0,0
GAGGACCAAAAATATT,Q344T,0.2430,0.2430,1074,618
GAGGACCAACGGTACA,,0.1509,0.1509,739,685
GAGGACCAATAGTGAG,A364F,0.2543,0.2543,40,22
GAGGACCATTAAAAAT,W127I V223R R229K,nan,nan,0,0
GAGGACCGGTATTCAC,F338R,nan,nan,0,0
GAGGACTATCAGCAAT,C546Y,0.1455,0.1455,333,320
GAGGACTGGGATATAG,D104A,0.1331,0.1331,8431,8860
GAGGAGCCAGCTAAAA,,0.0000,0.0000,0,9
GAGGAGCCGACGTCAC,L453V,0.0700,0.0700,275,549
GAGGAGTACAACTAAT,G249Q K328cR,0.0000,0.0000,0,3
GAGGAGTATTGGGTAT,S509D,0.1168,0.1168,258,309
GAGGATAAAACCATGC,E31R,0.1237,0.1237,199,225
GAGGATAAATCCCCCT,M388T M431D,0.0000,0.0000,0,12
GAGGATAATATGGATT,K328E,0.0339,0.0339,25,103
GAGGATAGTACGCAGC,W180Y,0.1362,0.1362,3472,3564
GAGGATATCACTTATC,I288R,0.1667,0.1667,149,125
GAGGATATTCGTGTTA,T28M N458A,0.0000,0.0000,0,3
GAGGATCCACTGAAGT,,0.1191,0.1191,8663,10175
GAGGATCCCTAAAACA,A39F F233N,0.0000,0.0000,0,1
GAGGATGGAAAAATCC,S126D,0.1307,0.1307,647,692
GAGGATGGGTTAGGTT,S101C,0.1653,0.1653,7515,6358
GAGGATTTAGCGAAAT,K372C,0.1151,0.1151,2559,3109
GAGGATTTCTCCTTTC,E461G,1.0000,1.0100,65,9
GAGGCAAATATATAAC,,0.1360,0.1360,7395,7602
GAGGCACAAAGGAAAT,N94M,0.0966,0.0966,29,42
GAGGCACAAGAAAGCA,N382T,0.1428,0.1428,630,617
GAGGCAGTATATTAAC,K310N,0.1552,0.1552,425,383
GAGGCAGTCATAAAAA,S503K,0.1901,0.1901,1521,1119
GAGGCATATTAATCCC,,0.1542,0.1542,569,516
GAGGCATCCATTTCAG,W421L D441E,0.1199,0.1199,6,7
GAGGCATTATGGATCT,I60C,0.1084,0.1084,1119,1444
GAGGCATTGAAATGGA,N92G T192W,0.0000,0.0000,0,12
GAGGCATTGGAATGGA,N92G T192W,0.1237,0.1237,7982,9023
GAGGCATTTAACGTCA,E493A,0.2287,0.2287,641,392
GAGGCCAATGATGATG,I517W,0.1360,0.1360,2620,2695
GAGGCCAGATCTACAA,E479I,0.1370,0.1370,1008,1029
GAGGCCATACGGGGCA,,0.0567,0.0567,60,148
GAGGCCCGATATCCCT,H38P R328bK,nan,nan,0,0
GAGGCCGACGTCCCAT,L108Y,0.0000,0.0000,0,4
GAGGCCGCACCTTCGT,I297W,0.0000,0.0000,0,1
GAGGCCTAATAAATCA,,0.1436,0.1436,2060,2006
GAGGCCTGGCAGAGAT,A425E N475E,0.0000,0.0000,0,5
GAGGCGAACCCGTTAG,N210I T520L,0.0000,0.0000,0,19
GAGGCGACCGTATCAA,C305E,0.0000,0.0000,0,20
GAGGCGATATCCTAGG,F294V,nan,nan,0,0
GAGGCGGCTATGAACG,I155M,0.0000,0.0000,0,3
GAGGCGTCATTATGAA,V8G,0.1200,0.1200,302,352
GAGGCTACCACGAGCG,V261C,0.1447,0.1447,952,920
GAGGCTAGCGAACATA,T390D,1.0000,1.4684,42,4
GAGGCTATTATATACT,D415C V420L,0.2116,0.2116,59,39
GAGGCTCATCCGGCTG,A144V,0.0000,0.0000,0,135
GAGGCTGAAACAAAAT,E426Q,0.0000,0.0000,0,15
GAGGCTTCCGAAACAA,P215N,0.0000,0.0000,0,22
GAGGGAAGGAGCTAGC,V-2I,0.1898,0.1898,3983,2935
GAGGGAAGTAAAAAAC,R456L,0.1441,0.1441,1416,1374
GAGGGACAGTTCGATC,S85Y,0.0000,0.0000,0,16
GAGGGACTAACCCGCC,A93F K259N,0.0000,0.0000,0,2
GAGGGAGAACCTCAAA,V429L,0.0921,0.0921,894,1358
GAGGGATGCATTAAAT,,0.1651,0.1651,2115,1791
GAGGGATGGCCGCTTA,S291W,0.4595,0.4595,322,98
GAGGGCAACTACGGGC,T436M E508G,0.1472,0.1472,20,19
GAGGGCCAACGTACTC,K372H,0.1286,0.1286,1340,1457
GAGGGCTCGCATTCGC,G134F D348W,nan,nan,0,0
GAGGGCTGACCATCAA,A373Q,0.0000,0.0000,0,5
GAGGGGCAGCTAGACC,S22E,0.0635,0.0635,1136,2502
GAGGGGGACGAATGTT,I267K L428R,nan,nan,0,0
GAGGGTAAGGTAGATT,L527F,0.0715,0.0715,1692,3310
GAGGGTAGTTTAAGCA,V505D,0.6992,0.6992,10,2
GAGGGTATCACCCTAA,A257P,0.0000,0.0000,0,4
GAGGGTGTGTGACATG,F338K,nan,nan,0,0
GAGGTAAAACGACCTG,S323N N475G,0.0713,0.0713,1378,2703
GAGGTAGACCCACATA,N92D E131M,0.3767,0.3767,3822,1419
GAGGTATACCATCTGA,K156W,nan,nan,0,0
GAGGTCAAACACCTGT,D241S,0.3496,0.3496,35,14
GAGGTCATCCCCACCA,E500F L515F,0.0000,0.0000,0,26
GAGGTCATTGATTTCA,G349S,0.0000,0.0000,0,48
GAGGTCGGAGGATTAC,L430R,0.0000,0.0000,0,5
GAGGTCTTTTATAAAC,,0.1415,0.1415,614,607
GAGGTGACCAATCATA,Q513P,0.1309,0.1309,249,266
GAGGTGACGTTAATCA,V5R,0.0000,0.0000,0,4
GAGGTGCGCTCCACTA,S311V,0.0000,0.0000,0,14
GAGGTGGTGCAGACAC,,0.1114,0.1114,1284,1612
GAGGTGTATATTCAGA,Y256P,0.0000,0.0000,0,2
GAGGTTAATTTATTAC,G337K,0.0000,0.0000,0,3
GAGGTTATGACAGTAT,N446M,0.1984,0.1984,1707,1203
GAGGTTCAACGTCACA,K328S,0.1682,0.1682,1564,1300
GAGGTTCCCACGACAT,S492H,0.1000,0.1000,1187,1660
GAGGTTCTGGGAGTAT,S361Q L507M,0.1906,0.1906,987,724
GAGGTTGCTGGCACCA,P128R K411M,0.3342,0.3342,1881,787
GAGGTTGTAAACAAAA,,0.0000,0.0000,0,30
GAGTAAAAACATATTG,E78D,0.1642,0.1642,2882,2455
GAGTAAAAACTGTTAT,E-5*,0.0000,0.0000,0,14
GAGTAAAAATCGGCAA,A3Y I252G,0.0070,0.0070,1,20
GAGTAAAACACCTCCG,I124S S523A,0.2541,0.2541,418,230
GAGTAAACACGCTGAC,A214N N389C,0.1205,0.1205,2709,3143
GAGTAAATATACTTAT,Y98E,0.0000,0.0000,0,11
GAGTAAATGATATAAA,H184S T283Y,nan,nan,0,0
GAGTAACTTTTATATA,I217E,0.0598,0.0598,566,1323
GAGTAAGAAAGGCATA,,0.1224,0.1224,56,64
GAGTAAGGATCATCAT,V223W,0.0323,0.0323,80,346
GAGTAAGGTACTGAAA,A334T,0.2820,0.2820,121,60
GAGTAAGTCAAGGTTT,T219R,0.1959,0.1959,276,197
GAGTAATAAATACATA,,0.1435,0.1435,155,151
GAGTAATAATGCTAGT,R81F Q391L,1.0000,inf,22,0
GAGTAATAGTCGGGAT,,0.1127,0.1127,4571,5670
GAGTAATCCTTCATAT,,0.1201,0.1201,625,728
GAGTAATGATACCTTC,L122A,0.1694,0.1694,642,530
GAGTAATGGCAATTCC,S361G L527P,0.0680,0.0680,18,37
GAGTAATTAGATTAAA,E358D,0.1253,0.1253,958,1069
GAGTAATTGCTGAAGC,I182E,0.0627,0.0627,207,462
GAGTACAAAGAGTGAC,,0.1346,0.1346,3320,3450
GAGTACACAACAAAAT,,0.0923,0.0923,344,521
GAGTACACACTGAGTA,I15D,0.0000,0.0000,0,10
GAGTACACGGAGGCCA,,0.1557,0.1557,442,397
GAGTACCAAACTTTAG,V204W A317E R328aW,0.0000,0.0000,0,1
GAGTACCATGAACCCT,,0.1667,0.1667,3410,2861
GAGTACCATGATCGAC,K280N Y470A,0.0000,0.0000,0,34
GAGTACCATTGATGTG,,0.1934,0.1934,581,420
GAGTACCGCAATCAGG,,0.1108,0.1108,740,934
GAGTACCGGCACAGAT,L2S,0.0681,0.0681,532,1093
GAGTACGATACCTTGA,N172G,0.1908,0.1908,1580,1158
GAGTACTAGGTAACTA,F118A,0.6652,0.6652,176,37
GAGTACTATCCGTAAT,S323M Y488S,0.1342,0.1342,48,50
GAGTACTCATTAAAAT,T279H,0.1330,0.1330,97,102
GAGTACTTAGAAAGCA,R404Q,0.0947,0.0947,4066,6004
GAGTACTTTTGATGGT,C139G S311W,0.0000,0.0000,0,1
GAGTAGAAACGTGTCA,F439T,0.0000,0.0000,0,1
GAGTAGAACGTAGCGT,,0.1411,0.1411,223,221
GAGTAGAGGTGAAGAT,E432Q,0.1606,0.1606,827,720
GAGTATAGCGAACGCC,,0.0000,0.0000,0,59
GAGTATAGCTGGTAGC,N389C,0.0937,0.0937,136,203
GAGTATATGAATTCGC,L177I,0.0671,0.0671,890,1854
GAGTATATTGTGTAGG,T171A,0.2491,0.2491,1644,923
GAGTATCAAACCCAAA,A336N E468N,0.0000,0.0000,0,10
GAGTATCGCAAATACT,S22P S247G,0.0000,0.0000,0,5
GAGTATGAATAGCCAA,D53E,0.0662,0.0662,442,933
GAGTATGTACATTATA,E119Q,0.2631,0.2631,111,59
GAGTATGTAGTTGAAA,K32V,0.0420,0.0420,15,50
GAGTATTACATAAAAC,L59G V152Q,0.0000,0.0000,0,3
GAGTATTCTCAAAGGG,A526G,0.0425,0.0425,55,181
GAGTCAAAAGGAGGCC,F338A,0.0000,0.0000,0,1
GAGTCAAATCCACCAC,,0.1322,0.1322,1673,1770
GAGTCAAGGAAGAGAG,T279I,0.0000,0.0000,0,16
GAGTCAGACCTCAAAG,V315R,0.0626,0.0626,150,335
GAGTCAGTTTACGTGA,,0.1740,0.1740,1278,1027
GAGTCATCCGTCTAAC,G49S K120P,0.1164,0.1164,2365,2841
GAGTCATCTAATACAT,C97Y L325Y,0.0000,0.0000,0,19
GAGTCATCTTTCATAC,T132K,0.1931,0.1931,4360,3157
GAGTCATGCATTAATC,D41R,0.0751,0.0751,384,715
GAGTCATTCAACCCCG,,0.0000,0.0000,0,4
GAGTCCAACCACAACA,C473M,0.0000,0.0000,0,1
GAGTCCAGACAGACTA,L96P,0.1810,0.1810,22,17
GAGTCCAGCACTGAAA,,0.1104,0.1104,865,1096
GAGTCCATAGAGCTAA,Y17I,0.2222,0.2222,259,163
GAGTCCCTACTAGACA,C277P,0.2208,0.2208,30,19
GAGTCCGAGGTTTCGT,E255S,0.0425,0.0425,237,780
GAGTCCGCTAAAAATC,N408W,0.0000,0.0000,0,148
GAGTCCTAAGAGTAGG,F469S,0.0000,0.0000,0,11
GAGTCGAAGAATACTG,Q142E,0.0968,0.0968,1564,2259
GAGTCGAGACAATGTG,V88H,0.0541,0.0541,46,119
GAGTCGAGTACTCAGA,R405Y,1.0000,8.3906,60,1
GAGTCGTACACAGATA,,0.0769,0.0769,116,211
GAGTCTATAAAACAGA,K372A,0.1233,0.1233,3722,4222
GAGTCTATTATTCTCC,L59T,0.3356,0.3356,420,175
GAGTCTCGTTCAGTCA,,0.1025,0.1025,672,917
GAGTCTCTGACGGAAA,Y448F V481D,0.0000,0.0000,0,5
GAGTCTGCGGCTTAGA,G286K,0.0000,0.0000,0,5
GAGTCTTTTCCTCAGA,,0.1730,0.1730,1832,1481
GAGTGAAATCCGGATT,H110V,1.0000,4.6148,33,1
GAGTGAACTGTGACTA,A317K,0.0000,0.0000,0,6
GAGTGAAGCTAATCGA,,0.0852,0.0852,67,110
GAGTGAAGCTTCAATA,S265T,0.0963,0.0963,1071,1555
GAGTGAAGTGTACCGA,E398C,0.2587,0.2587,111,60
GAGTGACTGAATAACT,,0.8041,0.8041,69,12
GAGTGACTTAAATCAA,,0.0000,0.0000,0,5
GAGTGATACGTACGAC,N150K R435E,0.0000,0.0000,0,5
GAGTGATCTTTGTACA,V204E,nan,nan,0,0
GAGTGCACTCACAAAT,,0.1243,0.1243,799,899
GAGTGCAGCCATAGGC,N197E,0.1394,0.1394,2559,2568
GAGTGCCTCAAGACAT,I217T,0.0972,0.0972,905,1302
GAGTGCTAGTGGTGCA,S167P N322C F469L,0.0000,0.0000,0,4
GAGTGCTCAAAGGGCA,G396F,0.0000,0.0000,0,26
GAGTGCTTGAACCCAA,D474H,0.0784,0.0784,1831,3268
GAGTGGATCAACGGTC,N357W,0.4273,0.4273,55,18
GAGTGGCCAACAGAGT,N20I,0.0000,0.0000,0,13
GAGTGGGTAGTCCGGA,I42E,0.0000,0.0000,0,3
GAGTGTCAAATATAAT,G360S Q513Y,0.2172,0.2172,247,159
GAGTGTGAGCGCCGAA,D63G S221C,0.1119,0.1119,12,15
GAGTGTGCTCCCGTTA,C139P,0.0000,0.0000,0,4
GAGTGTTACAGTTCAA,,0.1874,0.1874,532,397
GAGTGTTCTAACAAAT,L409I,nan,nan,0,0
GAGTTAACTACTAAAA,I123H,0.0000,0.0000,0,2
GAGTTAACTAGAAGTT,K412T,0.5276,0.5276,83,22
GAGTTAAGTACAAGAA,,0.5244,0.5244,15,4
GAGTTACAAAAGGTAA,R81Y S270G,0.0948,0.0948,202,298
GAGTTAGAAGCTGTTT,Y423L,nan,nan,0,0
GAGTTAGACCAATAAA,C52T,0.0000,0.0000,0,2
GAGTTAGTACTAAGCA,I182T,0.0528,0.0528,962,2547
GAGTTAGTTTTACTCA,Q282H N424Q,0.0000,0.0000,0,6
GAGTTATTTGACTCGA,S10V,0.0000,0.0000,0,13
GAGTTCACCATATAAA,V5H,0.0583,0.0583,332,797
GAGTTCCATTATATGT,V510A,0.0000,0.0000,0,99
GAGTTCGGATGTCGCA,G228R,0.0000,0.0000,0,8
GAGTTCGTACTGTAAT,I-3V E426R,0.1598,0.1598,56,49
GAGTTCTTAGGCTGGA,I384Q,0.0000,0.0000,0,2
GAGTTGGCAAAGCCCT,G533C,0.2152,0.2152,9582,6226
GAGTTGTCTTGACACT,M30R,0.0565,0.0565,143,354
GAGTTTATTAGTACCT,D449V,0.1415,0.1415,954,943
GAGTTTCCTAGACCCA,P299T,0.1958,0.1958,504,360
GAGTTTCGGAAGTCGA,G16F,1.0000,1.1421,49,6
GAGTTTGATAAAAACC,,0.1321,0.1321,2916,3087
GAGTTTGGTTCAAAAA,I202F I339N E508K,nan,nan,0,0
GAGTTTGTAGAGATTG,S221F I384F,0.1610,0.1610,61,53
GAGTTTTGGATTGCCC,Y518I,0.2407,0.2407,74,43
GATAAAAAAATATAAA,E246R,0.0000,0.0000,0,45
GATAAAAAACCCCAGT,G225H A532W,0.0663,0.0663,83,175
GATAAAAAATTCGGAT,R220W,nan,nan,0,0
GATAAAAACCATAAAC,K120W,0.0000,0.0000,0,12
GATAAAACAACCATCG,Q211R Q490N,0.0673,0.0673,493,1025
GATAAAACGGACATTA,,0.1579,0.1579,2975,2635
GATAAAAGTAGAACAA,L179M,0.1753,0.1753,2364,1886
GATAAAATACTCAGAA,S503D,0.1762,0.1762,2853,2264
GATAAACAAGTATAAT,,0.1323,0.1323,687,726
GATAAACAAGTCGTGT,,0.1334,0.1334,560,587
GATAAACAATTGCCTT,C14R C52Q A218K,1.0000,inf,25,0
GATAAACACGGACCCT,C76W,0.1492,0.1492,32,30
GATAAACCACTCCCCT,G396P,0.6357,0.6357,50,11
GATAAACTCATAAATA,,0.0961,0.0961,1000,1455
GATAAACTCATCCAAT,C97H F467R,0.0000,0.0000,0,7
GATAAAGAAGTCAGGA,D386Q,0.1189,0.1189,136,160
GATAAAGAATGTAAAA,V152A,0.0944,0.0944,1149,1703
GATAAAGGACTCCCAC,T192Q,0.0000,0.0000,0,6
GATAAAGTGTAAGACT,I87F,0.1646,0.1646,133,113
GATAAATAAACTGGGA,P284G,0.0000,0.0000,0,69
GATAAATCAATACTAA,E494K,0.2177,0.2177,2206,1417
GATAAATGACTCACGT,V420K,0.3496,0.3496,35,14
GATAAATGTTGTGGGC,R212W,0.0695,0.0695,393,791
GATAAATTAGTAGTTT,S133F,0.0673,0.0673,607,1261
GATAAATTATGACTTG,V36S L430D,1.0000,inf,24,0
GATAACAAATGAACAC,L112H,0.6024,0.6024,56,13
GATAACAACCTACACA,S290K,0.0000,0.0000,0,43
GATAACAAGAAATCAG,,0.3846,0.3846,33,12
GATAACAAGTCGGTTG,S146F M530E,0.0870,0.0870,28,45
GATAACAGCAAGATTA,I115M,nan,nan,0,0
GATAACATAAGAGAGT,,0.1040,0.1040,90,121
GATAACATGATTTTTG,T485Q,0.1854,0.1854,1128,851
GATAACCAAAACGACT,R227Q,0.0080,0.0080,67,1174
GATAACCAAAATTAAA,M413A G416C,0.0000,0.0000,0,3
GATAACCAAGTGACAT,N-4V G303L,0.0000,0.0000,0,7
GATAACCAGCGAGTAT,I406G,nan,nan,0,0
GATAACCATTGGAACT,E432K,0.0000,0.0000,0,5
GATAACCCCCGTAATT,,0.1219,0.1219,1635,1876
GATAACCTACCTTGAA,E24D F233L,0.0597,0.0597,364,853
GATAACCTAGATTCGA,R328aN,0.4923,0.4923,257,73
GATAACGCAAAAGATC,N446S S503G,0.1445,0.1445,1183,1145
GATAACGCCCATAACT,,0.1049,0.1049,6,8
GATAACGCTAATAGTG,W69A,0.4854,0.4854,302,87
GATAACGGAGCAATAC,S207A,0.1331,0.1331,1574,1654
GATAACGGTCAAAAAT,V-2R,0.1336,0.1336,871,912
GATAACGTTTTGATAA,D231A L314T,0.0000,0.0000,0,5
GATAACTATAAACGCT,E398S,0.1982,0.1982,197,139
GATAACTCCTAATTAG,G463Y,0.1861,0.1861,153,115
GATAACTTCAACTGTT,R81P Y423E,0.0000,0.0000,0,2
GATAAGACTGATATTG,V285D,0.1590,0.1590,2951,2595
GATAAGAGCGGGTAAT,,0.2792,0.2792,543,272
GATAAGATTAACTGCC,E476L,0.2077,0.2077,891,600
GATAAGCAAACGCACA,,0.0925,0.0925,397,600
GATAAGCAGAGTAAAC,H18K,0.1503,0.1503,602,560
GATAAGCATGGACATC,S383M,0.1608,0.1608,23,20
GATAAGCATTTGGAAC,,0.1146,0.1146,814,993
GATAAGCCGGACCTAG,S125bI,0.1434,0.1434,449,438
GATAAGGAAGCTCATT,L51K Q211C,0.0830,0.0830,105,177
GATAAGTAATACCTCG,M431I,1.0000,1.7900,64,5
GATAAGTACACTACAA,,0.1237,0.1237,1660,1876
GATAAGTCTGTTCAGG,A39C,0.0746,0.0746,40,75
GATAATAACTCAATAT,N408F,0.1309,0.1309,353,377
GATAATAATCCACAAC,D63V,0.1632,0.1632,70,60
GATAATAGATTGTCTA,I374V,0.1562,0.1562,1029,921
GATAATATAATAACGC,I243V A317R,0.0000,0.0000,0,1
GATAATATCGCGGCAA,Y486T,0.0000,0.0000,0,10
GATAATATTAGAAATA,,0.2028,0.2028,29,20
GATAATCAAAGTATAA,T199H,0.1497,0.1497,515,481
GATAATCACTAACCTT,H440N,0.0000,0.0000,0,4
GATAATCAGAGTTTAC,K310P M478K,nan,nan,0,0
GATAATCATAGTGAAG,,0.1287,0.1287,438,476
GATAATCATGAACCAA,W180I,0.0000,0.0000,0,2
GATAATCCCCCATAAA,R328bW,0.2291,0.2291,2181,1331
GATAATCCTGACAAAT,Y201D,0.1198,0.1198,1252,1461
GATAATGCTAGGACTT,V272N,0.1768,0.1768,517,409
GATAATGCTTATGCGA,V395D,0.1463,0.1463,1824,1743
GATAATGTAAGAATTA,Y274V,0.1163,0.1163,480,577
GATAATTAAGCGTACG,S311G R328bH,0.1804,0.1804,200,155
GATAATTAAGCTGTTG,E501W,0.1046,0.1046,320,428
GATAATTAATACTTCA,N92T,nan,nan,0,0
GATAATTACCATGACC,K387T,0.0511,0.0511,38,104
GATAATTCGTGGTTAG,I87M,0.1595,0.1595,6695,5869
GATAATTTAACTTAAA,,0.1118,0.1118,1437,1798
GATACAAATACAACAA,,0.0924,0.0924,788,1192
GATACAAATCACTAAA,K32A T192Y,0.0847,0.0847,502,829
GATACAACCTCCCGAC,,0.2134,0.2134,29,19
GATACAAGAAATATAT,,nan,nan,0,0
GATACAATCGGTGATT,F338D,0.1465,0.1465,22,21
GATACAATTATGAGAC,L194M,0.0611,0.0611,1021,2335
GATACAATTTACTTCC,R329H A532C,0.7924,0.7924,34,6
GATACACATATGGAAC,F147T,0.0000,0.0000,0,12
GATACACCACAGCAAT,T28S I385T,0.0000,0.0000,0,11
GATACACCAGAGAACA,E327K,0.1011,0.1011,193,267
GATACACCGGATCGGA,N73K P99W Q371P,0.0000,0.0000,0,11
GATACACGTTCTCTTC,P125D,0.1545,0.1545,3636,3292
GATACACTACACGATT,K45V G341S,0.1678,0.1678,906,755
GATACACTCTCTAAAA,W537E,1.0000,1.8180,65,5
GATACACTTTAAAAGT,N382A R499I,0.1287,0.1287,23,25
GATACATAAGGGACAA,P99V,0.0000,0.0000,0,36
GATACATGTGCCTAAA,L213D,0.1037,0.1037,362,488
GATACATTCGTCTACC,P74H L154G F469T,0.0000,0.0000,0,2
GATACCAAATGTGGAC,,0.0000,0.0000,0,2
GATACCAATAAATCAG,F469H,0.0000,0.0000,0,2
GATACCAGATTGGTTC,P489K,0.1560,0.1560,1236,1108
GATACCCGAAACTATT,A138I N150S,0.0699,0.0699,63,126
GATACCCGAAATTGCA,T200W N424F,0.0000,0.0000,0,11
GATACCCGATAATTGA,N289S,0.1660,0.1660,502,423
GATACCGAGATGAAGT,D104R,0.1113,0.1113,2413,3033
GATACCGATACCATGT,P145C,0.0000,0.0000,0,1
GATACCGTTGCCGGAA,E327H,0.1927,0.1927,266,193
GATACCTAGTAACAGT,,0.1942,0.1942,2432,1751
GATACCTATCATCACT,,0.0000,0.0000,0,13
GATACCTTTACACATT,E432G I529E,nan,nan,0,0
GATACGCCTTAACCTA,S126E,0.1216,0.1216,991,1140
GATACGCTTAATTGAG,I243Y,0.0000,0.0000,0,11
GATACGTCATTGAGAG,K262aQ,0.1212,0.1212,1244,1435
GATACGTCTACTAAGA,I514P,0.0000,0.0000,0,4
GATACGTGTCAAACCT,E494K,0.2898,0.2898,257,124
GATACGTTCAGACAGA,A67G T171W,0.2318,0.2318,252,152
GATACTACTAATTAAC,I123N,nan,nan,0,0
GATACTACTCGAAGGC,L71I N193A,0.2822,0.2822,3545,1757
GATACTATACACTCCC,H110W M111I Q513H,nan,nan,0,0
GATACTATGGATGGCC,D438E,0.1427,0.1427,350,343
GATACTATTCCCCACA,N312M,0.0652,0.0652,216,463
GATACTCGCTTTATAT,V377I,0.2409,0.2409,820,476
GATACTCTCAATGAAA,,0.0451,0.0451,89,276
GATACTGAACATTATC,M478L,0.1409,0.1409,269,267
GATACTGGCGTTCACA,I384W,0.1525,0.1525,1013,929
GATACTGTGTCACATT,P125L,nan,nan,0,0
GATACTTGATAGTTAA,,0.2367,0.2367,2404,1420
GATACTTGTAACGTCC,E44Q,0.1336,0.1336,8814,9226
GATAGAAACGATAAGC,,0.0000,0.0000,0,2
GATAGAAATCTTAAAT,S323T,0.1151,0.1151,655,796
GATAGACACGGCCTAA,L108D,nan,nan,0,0
GATAGACCCCAAAGAC,E500A,0.2281,0.2281,4106,2517
GATAGAGAACCAAAAA,M292A,0.1539,0.1539,1356,1232
GATAGAGCTTAATTAA,S247W,0.1948,0.1948,39,28
GATAGATCATGGTGTA,,0.2141,0.2141,1257,821
GATAGATCCAATGAAT,G342H,0.6153,0.6153,22,5
GATAGATGAAAAGGAA,T219R N382W,0.4078,0.4078,1111,381
GATAGATGCTTATCGG,S10N R326S,0.0663,0.0663,511,1078
GATAGATGTACGTTTG,,0.0587,0.0587,92,219
GATAGATTTGTAGTAT,,0.1668,0.1668,433,363
GATAGCAAAACCTCTT,D487S,0.0846,0.0846,375,620
GATAGCAAATAGATGT,*551V,0.0000,0.0000,0,2
GATAGCAAATGGTCAA,K32Y Q371M,0.1713,0.1713,354,289
GATAGCACACTCAAAT,D53W H117D E494L,nan,nan,0,0
GATAGCAGAAGATATC,D11C,0.0000,0.0000,0,3
GATAGCATGAATTCGC,M-6H,1.0000,1.1887,34,4
GATAGCATGACATTAG,,nan,nan,0,0
GATAGCATGTAACTAC,V451E,0.0000,0.0000,0,4
GATAGCCGTTATCAAA,F147I,0.0249,0.0249,29,163
GATAGCCTAAAGTCGC,P74E S167I R321T T370K F417L F469V,0.0000,0.0000,0,3
GATAGCCTATGCAACC,G330N,0.0000,0.0000,0,6
GATAGCGAGACGAAAT,E131T R328aM,0.0000,0.0000,0,1
GATAGCTGACAGCGAA,D415H,0.2139,0.2139,26,17
GATAGGAACGAAGCAT,K445D,nan,nan,0,0
GATAGGAGATAAATAA,,0.0000,0.0000,0,15
GATAGGAGGGGCTCCG,T200L,0.0000,0.0000,0,4
GATAGGATTTCATACA,T219D L409V,0.2297,0.2297,92,56
GATAGGCATTAGCACT,,0.0000,0.0000,0,52
GATAGGCGATAGAATC,N401L,0.2033,0.2033,253,174
GATAGGCTCAGCCCAT,S480L,0.1984,0.1984,149,105
GATAGGGATTCAAAAC,R326K,0.1739,0.1739,25133,20214
GATAGGTAAATTGATA,R90H S167H N322C F469R,1.0000,1.7713,38,3
GATAGGTACTGAGCAC,,0.1921,0.1921,30108,21916
GATAGGTTAAACCACA,,0.1465,0.1465,1494,1426
GATAGTAAAAACTGGT,P99E,0.3146,0.3146,9,4
GATAGTAAAACAAGGC,C477E,0.0000,0.0000,0,7
GATAGTAATATAAGTA,F469T,0.3570,0.3570,120,47
GATAGTAGTGCGAACG,F338E,1.0000,2.6570,19,1
GATAGTTATGACATAT,G181A,0.4895,0.4895,56,16
GATAGTTGTATGACAA,Y195E,0.0000,0.0000,0,2
GATATAAAACAGGCCC,I243P,0.0000,0.0000,0,1
GATATAAAGCGAAATC,I217T K328cS,0.0000,0.0000,0,11
GATATAAGATGGCACT,,0.1724,0.1724,9902,8030
GATATAAGCCGTCCTT,A91D A522N,0.0000,0.0000,0,4
GATATAAGGCTAATAG,S167L,0.1558,0.1558,381,342
GATATAATGGGTCTCA,S167V L237K,0.0000,0.0000,0,10
GATATACAGTATGAGG,,0.1041,0.1041,399,536
GATATACATAGCTCAT,G55T,0.0973,0.0973,338,486
GATATACATATCGGGG,V-2S,0.0949,0.0949,2404,3541
GATATACATGAAAATG,P145R G504S,0.5449,0.5449,113,29
GATATACCAGGCTGGT,Y491K,0.0720,0.0720,68,132
GATATACCGCAAAGTC,G376D,0.1076,0.1076,30,39
GATATACGGGAGACCA,S167L R321A T370L G484S,0.0000,0.0000,0,4
GATATACTGGGACAAA,I60W C466R,0.0000,0.0000,0,4
GATATAGACAAATCGA,G360I,nan,nan,0,0
GATATAGATGTTTAAT,W69R L108R,0.0000,0.0000,0,4
GATATAGTTGATAATC,,0.1719,0.1719,5379,4376
GATATAGTTTCAGCTT,,0.1624,0.1624,3522,3033
GATATATAAAAAACTA,S221W,nan,nan,0,0
GATATATAAATGCTAA,G510aW,0.1083,0.1083,350,452
GATATATCAGCCAAAA,,0.1421,0.1421,870,856
GATATCACATGGTCTC,,0.1780,0.1780,1316,1034
GATATCAGACAGAAAT,C473W,0.0000,0.0000,0,18
GATATCAGTAACACGT,A137C,0.1001,0.1001,1535,2144
GATATCATTTGGCACA,Y486R,nan,nan,0,0
GATATCCACCCCAGCG,C64Y,0.0000,0.0000,0,7
GATATCCAGTATCTAT,,0.1810,0.1810,334,258
GATATCCCCAAAAGTT,,0.1174,0.1174,141,168
GATATCCGAGATATAG,,0.1035,0.1035,647,874
GATATCTATCGCACAA,G143H,0.0000,0.0000,0,21
GATATCTATTGAGGAC,T208I,0.2508,0.2508,5316,2964
GATATCTCAAGCATGA,,0.0626,0.0626,81,181
GATATGAAACACAATA,,0.1215,0.1215,1056,1215
GATATGATTTATACTA,S167P A521Q,nan,nan,0,0
GATATGCATTAGCTAT,,0.1235,0.1235,392,444
GATATGCATTTTTAAG,R499T,0.1120,0.1120,784,979
GATATGCTCTGTTGCT,,0.1413,0.1413,1061,1050
GATATGCTCTTACCCT,L-1C,0.1368,0.1368,45,46
GATATGCTTTTCCAAC,,0.1269,0.1269,2400,2644
GATATGTAAATATATG,M431I E501K K506A,0.4661,0.4661,30,9
GATATGTACGTAACCC,N443L,1.0000,6.5726,47,1
GATATGTAGGTGACTT,G463L,0.1625,0.1625,158,136
GATATGTCATCCTTAC,N443V,0.0619,0.0619,993,2245
GATATGTCCGATTTAC,A495S,0.1308,0.1308,392,419
GATATGTGAATATATG,K506A,0.1482,0.1482,4551,4295
GATATTAAATATAATT,M230R E494V,0.0000,0.0000,0,2
GATATTAATGTACTTA,D77M F332R,0.0000,0.0000,0,7
GATATTACCGGATCTG,R173F S492R,0.1327,0.1327,1559,1643
GATATTACCTGACATA,A526T,0.0912,0.0912,285,437
GATATTAGTATGCAGG,Y308R,0.0000,0.0000,0,4
GATATTATCGATAAAA,,0.1381,0.1381,1161,1176
GATATTCACTAAGGGC,A3L,0.2060,0.2060,2283,1550
GATATTCATAAATATA,I252V,0.0927,0.0927,1333,2011
GATATTCGTAGTTGAT,M111N V481I,0.3263,0.3263,35,15
GATATTCGTTATTAAT,S85Y,0.0000,0.0000,0,15
GATATTCTAGACACTT,T235I E479N,0.1453,0.1453,1562,1503
GATATTGAAAAGTATA,M111P,nan,nan,0,0
GATATTGAATCCAGCT,L2H R452T,0.0000,0.0000,0,4
GATATTTAAACTATAC,Q142S,0.1407,0.1407,162,161
GATATTTTGAGATTAC,D95N L112C,0.1822,0.1822,43,33
GATCAAAAAAAATAAA,A522C,0.1415,0.1415,428,423
GATCAAATGTTACGAG,M30C D487E,0.1722,0.1722,707,574
GATCAACACCCACTAG,R496I,nan,nan,0,0
GATCAACAGGTATCCA,K262A,0.1015,0.1015,45,62
GATCAACATTAGGCAA,R452I,nan,nan,0,0
GATCAACCAGGTAAAA,Y201P,0.0000,0.0000,0,16
GATCAAGACCGCACTC,T28L,0.8080,0.8080,52,9
GATCAAGCCTAAGTGC,A364L,0.2983,0.2983,64,30
GATCAATAAACCAATA,W84R,0.0000,0.0000,0,2
GATCAATAAAGCCAAT,,0.1807,0.1807,389,301
GATCAATCAAGAAGAC,,0.0306,0.0306,44,201
GATCAATCATTTCAAA,H354T,nan,nan,0,0
GATCAATCTAAAAGTG,L179I C473R,0.0000,0.0000,0,3
GATCAATGTACGATAA,S442F,0.1673,0.1673,1835,1534
GATCAATGTCTCACCG,S6N,0.2208,0.2208,401,254
GATCAATTGTCTTGCT,S442V,0.1003,0.1003,373,520
GATCAATTTACAAATA,,0.1594,0.1594,505,443
GATCACAAAAAAAAAC,E174K N210L F469S,nan,nan,0,0
GATCACAAACTACCCT,Y98C,0.7641,0.7641,153,28
GATCACAATGCTCAAC,S146C,0.0808,0.0808,52,90
GATCACAATTAGCCAC,M230F,0.0056,0.0056,8,199
GATCACATCACGCAGG,R328aW,0.0000,0.0000,0,4
GATCACCAATAGCACA,F232K,1.0000,2.8668,41,2
GATCACCCGCAAAACA,I60K,0.3596,0.3596,36,14
GATCACCCTTGACAGT,,0.0946,0.0946,917,1355
GATCACGAAAGTTGCT,N379C,0.1632,0.1632,551,472
GATCACGAGGTTAAAA,A137L D264W,0.0027,0.0027,21,1074
GATCACGTATTAATCG,L402K,0.2098,0.2098,159,106
GATCACTAACTCTATG,S167E,0.0867,0.0867,341,550
GATCACTACGCGCATC,D438M,0.0727,0.0727,1383,2659
GATCACTAGAGGACTG,D415K,0.0979,0.0979,21,30
GATCAGAGAAATATAC,A91G E479R,0.0885,0.0885,830,1311
GATCAGAGTTACAACA,A336L,0.0000,0.0000,0,2
GATCAGCATTTAAGCA,A336M,0.4392,0.4392,179,57
GATCAGCGAGCGACTA,T378R,0.1114,0.1114,180,226
GATCAGGGAAACTCAG,N169L,0.2502,0.2502,5368,3000
GATCATAAAGTAGAAA,,0.0000,0.0000,0,2
GATCATACAGGAGCCC,,0.2094,0.2094,1448,967
GATCATAGGAGGATAG,K310N,0.1283,0.1283,67,73
GATCATATACCATAGC,,0.1632,0.1632,1949,1670
GATCATATACCTACGG,T266L,0.1398,0.1398,5,5
GATCATATTATCTGAG,E508R,0.2012,0.2012,246,171
GATCATCAAGCAATTT,A93V,0.1837,0.1837,1122,854
GATCATCACTTAGAAC,R220K,nan,nan,0,0
GATCATCGCCCTATAA,G68Y,0.0000,0.0000,0,5
GATCATGACCTGAGGC,I502Y,nan,nan,0,0
GATCATGCAACGACCA,W127Q,0.1136,0.1136,1318,1623
GATCATGGACTCCAGC,,0.0790,0.0790,1202,2129
GATCATTACCAGAAAA,R326H,0.0000,0.0000,0,164
GATCATTATTCAATTA,I267W,0.0000,0.0000,0,1
GATCCAAGATAATGAC,E434K,0.7458,0.7458,48,9
GATCCAATATAGGTGC,G341W E461K E476C,0.0000,0.0000,0,6
GATCCAATCATCGCTC,C14G,0.0000,0.0000,0,1
GATCCAATTACATAGT,,0.1630,0.1630,13001,11155
GATCCACGGATTACAA,S442M A526K,0.3796,0.3796,19,7
GATCCAGAGTTCCTAG,S311P,0.0000,0.0000,0,7
GATCCAGCACACATAA,A495T,0.4283,0.4283,49,16
GATCCATCTCATGCAA,I-3M,0.0935,0.0935,135,202
GATCCATGATGAGGGG,,0.1621,0.1621,1353,1167
GATCCCAAAGATTGCT,S167L R321K,0.3051,0.3051,312,143
GATCCCAGTCTGAGTA,N458I,0.0000,0.0000,0,2
GATCCCCTCTTAGATA,S6K,0.0906,0.0906,4406,6799
GATCCCCTTTGGAGCA,A253T,0.0267,0.0267,26,136
GATCCCGATGTGTATA,D441A,0.0903,0.0903,250,387
GATCCCGTTGGATCGA,T511P,0.1333,0.1333,4416,4632
GATCCCTACCTGTAAT,M230R,0.0000,0.0000,0,19
GATCCCTCAAATGACC,W69D,nan,nan,0,0
GATCCGAATGCACGCT,R452K,0.1130,0.1130,887,1098
GATCCGATGTTATCTA,L209D,0.1406,0.1406,3527,3507
GATCCGCGTGCGGTTA,,nan,nan,0,0
GATCCGCTATGCCTTC,Q282A,0.0000,0.0000,0,5
GATCCGGGTAGAATGC,C52Y K328H,nan,nan,0,0
GATCCGGTCGAAATCA,G49W G465W,0.4048,0.4048,55,19
GATCCGTCCAACAGCC,E479L,0.1434,0.1434,201,196
GATCCGTCTAAGCCAG,,0.0284,0.0284,41,202
GATCCTAAAACTGGTG,F467R,0.0000,0.0000,0,4
GATCCTAAGAGGAATT,A188D,0.1417,0.1417,77,76
GATCCTAAGGCTCTTA,F469S,0.0000,0.0000,0,1
GATCCTAATTCATGAC,Y161D,0.0000,0.0000,0,1
GATCCTAGAACCTTAA,W84D E493I,0.0000,0.0000,0,2
GATCCTATGAATCCAC,L237Q A253V,0.0000,0.0000,0,7
GATCCTCACACTCACT,V135I E494N,0.1269,0.1269,401,442
GATCCTCGACTTCTTC,V444G,0.0000,0.0000,0,3
GATCCTGACACCGTAA,,0.1257,0.1257,1214,1351
GATCCTGGCGTTCAGA,S291T S492F,0.1881,0.1881,20244,15048
GATCGAAAAATGTCGG,V285M,0.1539,0.1539,1768,1606
GATCGAAACGGCCCGC,*551A,0.2173,0.2173,533,343
GATCGACCCCGAAGAG,G342W,0.0000,0.0000,0,2
GATCGACGATAATCAG,R397Q,0.1560,0.1560,2691,2413
GATCGACGATATGGAT,,0.1045,0.1045,888,1188
GATCGAGCTATAACGA,T37C,1.0000,1.1887,34,4
GATCGATATTAAACTA,,0.1915,0.1915,2697,1969
GATCGATCTGTAAGGG,C14F E508G,0.0000,0.0000,0,7
GATCGCACGTAGTCTG,N48L,0.1150,0.1150,1067,1297
GATCGCCAGCATACAG,Y17H,0.1005,0.1005,23,32
GATCGCCATAAAATGG,S509Y,0.0899,0.0899,726,1129
GATCGCTAAGCTATAT,G16L S323Y,0.1653,0.1653,240,203
GATCGCTTAAAATTGA,,0.0000,0.0000,0,17
GATCGGAACATGCGAC,I297Q,0.4972,0.4972,32,9
GATCGGACACGCGTAG,I202N,nan,nan,0,0
GATCGGCATGCCTATA,K310Q,0.1210,0.1210,694,802
GATCGGTATATATACA,C52Q,0.0000,0.0000,0,3
GATCGGTGAATCGGTT,I13W E340K,nan,nan,0,0
GATCGTAGAAAAATAC,V151E,0.0768,0.0768,1112,2025
GATCGTATAGTGAGTT,,0.1394,0.1394,2114,2120
GATCGTGTAACCCAGA,N169G R321N S369F,1.0000,1.6082,138,12
GATCGTTATTTAACAC,G271S V395M,0.0835,0.0835,690,1156
GATCGTTTCAAGAATC,S22E R81D R547F,0.1994,0.1994,67,47
GATCTAAAAACATCAA,G319C,0.0000,0.0000,0,3
GATCTAAAAACGGACC,I236D,0.2837,0.2837,71,35
GATCTAAAATACTAAG,S185H,0.0000,0.0000,0,129
GATCTAAACTATCATA,,0.1984,0.1984,4901,3455
GATCTAACTGAAGCAT,A364Y D366E,0.0000,0.0000,0,12
GATCTAAGCACCAGTA,V347L,0.1357,0.1357,294,303
GATCTACACAGCTGGA,S146I,0.0374,0.0374,31,116
GATCTACTAACAATTT,D419W,0.3207,0.3207,250,109
GATCTACTAGGAAACT,K216M Q222L,0.0363,0.0363,221,851
GATCTATATATCAATC,S383T S519L,0.0000,0.0000,0,3
GATCTATATCTTAGTA,L209Q,0.0883,0.0883,2391,3785
GATCTATCACTGAGAA,E434L,0.2450,0.2450,1002,572
GATCTATCAGCTTTCC,I288G,nan,nan,0,0
GATCTATCCAATCCAA,V56R,0.0722,0.0722,128,248
GATCTATCTCGTCCTA,Q222V,0.0464,0.0464,62,187
GATCTATTAAAATGAA,E327D C466Y,0.4195,0.4195,15,5
GATCTATTAAATGATG,C281V E508K,nan,nan,0,0
GATCTATTTATTTATT,N48S,0.1358,0.1358,1967,2025
GATCTCAGGTCCGTAA,L179H,0.1222,0.1222,13642,15615
GATCTCATACTTTTTC,V395W,0.8857,0.8857,76,12
GATCTCATTTAAGGCT,P198G,0.1130,0.1130,413,511
GATCTCCCTCCCTTGA,D11M,0.0000,0.0000,0,12
GATCTCCTAAATTTAT,I42D D53E,0.0000,0.0000,0,1
GATCTCCTGTACAAAA,D11K,0.0000,0.0000,0,9
GATCTCGGATATTAGG,V381S,0.0000,0.0000,0,4
GATCTCTAATCACTCC,D95E S136N R321N Q359H I550W,0.0000,0.0000,0,4
GATCTCTAGAGTATGA,M-6S,nan,nan,0,0
GATCTGAAACGATATG,S65N F148C,0.6060,0.6060,39,9
GATCTGGTTAATTCAG,W69A S361M,0.1865,0.1865,528,396
GATCTGTATAACTAAA,S221K,0.0000,0.0000,0,1
GATCTGTTTGGTCTCA,D386E V510W,0.2114,0.2114,195,129
GATCTTAAAACGCAAT,L331F E407K,0.0000,0.0000,0,11
GATCTTAAAATTTATT,D104V E494K R499L I548S,0.0000,0.0000,0,3
GATCTTAACCAGTTAA,F148L,0.1627,0.1627,435,374
GATCTTATACACAGCC,L325N I517L,0.1656,0.1656,5971,5042
GATCTTATTTAAGTAA,Y258R Y486N,nan,nan,0,0
GATCTTCAACGACCGT,T46M Y491K,0.0686,0.0686,26,53
GATCTTGGAACTGGCG,T378F,0.0000,0.0000,0,43
GATCTTTAATTAATGA,E-5F G510aC,0.0000,0.0000,0,27
GATCTTTACAAAAGAC,E255K G337K,0.9789,0.9789,49,7
GATCTTTAGTAAGACT,V56G E131D,0.0848,0.0848,1078,1777
GATCTTTTTTGTGTAA,,0.0958,0.0958,846,1235
GATGAAAAAGTTCCCC,N443V,0.1027,0.1027,961,1309
GATGAAAATCTACATT,L176D,0.0000,0.0000,0,22
GATGAAAATTGAAGAA,E476K,0.1389,0.1389,3669,3695
GATGAAACCCGACTTG,,0.1918,0.1918,8050,5868
GATGAAACTCATACGC,A188Q,0.1410,0.1410,1061,1052
GATGAAAGCCAAACTC,L176C,0.2821,0.2821,347,172
GATGAAAGTTTAGCTT,K280N E500K,0.2351,0.2351,343,204
GATGAAATAACATTTA,K313L,0.1565,0.1565,169,151
GATGAAATTCCCTCCT,S65M,0.0000,0.0000,0,2
GATGAACAATACACCA,R81V M230P,0.0000,0.0000,0,3
GATGAACATGAGTAAT,I217S,0.0571,0.0571,221,541
GATGAACCACCTTGAA,T266D,0.0834,0.0834,312,523
GATGAACCAGTCCAAC,I15R C546Y,nan,nan,0,0
GATGAACCTTAAACAT,N464K,0.1211,0.1211,440,508
GATGAACGCTCGAATC,,0.1517,0.1517,3290,3032
GATGAAGGTCAAACAA,,0.1543,0.1543,4100,3715
GATGAATACATCTCCC,Y353T E358D,0.0000,0.0000,0,6
GATGAATATAAAGTTA,S311Q,0.0000,0.0000,0,33
GATGAATGCCCATAGA,E407G,0.1914,0.1914,1518,1109
GATGAATTCAACAAGA,S290D L497M,0.1714,0.1714,114,93
GATGAATTGTCCAAAT,S503G,0.1236,0.1236,1109,1255
GATGACAACGGTATGA,E393K,0.0000,0.0000,0,4
GATGACAATGTATATT,K62R T235K,0.4259,0.4259,67,22
GATGACACTAACAGCT,,0.0734,0.0734,179,341
GATGACATAATCGGCT,P306M,nan,nan,0,0
GATGACATAGGAGCTC,S524T A528V,nan,nan,0,0
GATGACCTTATCCTTT,S270A Y486R,1.0000,1.8979,95,7
GATGACGAAAGGATTA,T235V E479H,0.1308,0.1308,1218,1302
GATGACGCCTGGATCT,K165N,0.1322,0.1322,52,55
GATGACGGGTCCTATG,A373P,0.0000,0.0000,0,2
GATGACTAAACCAATT,,0.1703,0.1703,1145,940
GATGACTATGACGTAT,K328N,0.1407,0.1407,2045,2032
GATGAGAAGATGCCTA,L102D,0.3916,0.3916,14,5
GATGAGAATTCGCAAT,N103M,0.1057,0.1057,2200,2910
GATGAGAGTAACGTAA,R404M,0.0000,0.0000,0,34
GATGAGATGAACAACT,A287V,0.8590,0.8590,43,7
GATGAGCAAGACCTAA,I288Q A334T,1.0000,1.1712,67,8
GATGAGGCCGACTTCA,,0.1461,0.1461,4180,4000
GATGAGGTCACACTTT,S290K E414K,0.0000,0.0000,0,15
GATGAGTAACCAAGTC,,0.1173,0.1173,1112,1326
GATGAGTTGCAAATTA,,0.2494,0.2494,4644,2604
GATGATACATCATCAG,Y98W,0.0186,0.0186,4,30
GATGATATCCGAAACA,M530W,0.1011,0.1011,60,83
GATGATATGCATATAC,,0.0000,0.0000,0,20
GATGATGAGGGGTTTA,,0.0350,0.0350,17,68
GATGCAAAATGGCATT,G181T A459R,0.0000,0.0000,0,24
GATGCAATAAAAGAGT,G225S,0.0754,0.0754,482,894
GATGCACAATAATTTA,*551W,0.1223,0.1223,299,342
GATGCACCGCGACCAT,S6C,0.1896,0.1896,933,688
GATGCACTAAATTTAT,A522K,0.0000,0.0000,0,1
GATGCAGTACAAGCAG,M111E T171S,0.0000,0.0000,0,2
GATGCATCCGTGTGTA,A91W,0.1275,0.1275,908,996
GATGCATGGGTCAACA,,0.9389,0.9389,47,7
GATGCATTGACCAATT,I406T,0.0000,0.0000,0,4
GATGCCACGAAACTAA,,0.1608,0.1608,23,20
GATGCCATACACGGAC,N322H T370A F469R,0.6102,0.6102,48,11
GATGCCCCTATATAGT,I548P,0.0000,0.0000,0,12
GATGCCTATATCGAAG,M478K,0.0000,0.0000,0,1
GATGCCTCCCTTTCCT,A218K,nan,nan,0,0
GATGCGACTAGCAGTC,L70Q,0.0000,0.0000,0,11
GATGCGATTGTTAATA,G68A,0.1281,0.1281,5698,6220
GATGCGCTGTTGAACT,N410Q,0.1127,0.1127,58,72
GATGCTCCCAGAACTA,,0.0000,0.0000,0,8
GATGCTCTACATAAAT,W84N,nan,nan,0,0
GATGCTGACACTAAAT,,1.0000,1.3518,29,3
GATGCTGGCCATAGGT,P254E,0.0000,0.0000,0,2
GATGGAAAACCGCACT,L54E R321Y N389S,0.0000,0.0000,0,6
GATGGAAAAGTAGTGT,P299L,0.0000,0.0000,0,2
GATGGAAGAGAAACAT,Q25* N483V,0.0000,0.0000,0,4
GATGGAAGATATATAC,M-6A,0.0000,0.0000,0,2
GATGGAAGATGATCTA,R547C,1.0000,1.1187,32,4
GATGGAATCCCATCAG,V66F H183Q,0.0000,0.0000,0,2
GATGGAGACTTCGGAG,N169G F469L,0.1525,0.1525,781,716
GATGGAGAGATCCATC,,0.0996,0.0996,3821,5366
GATGGAGCTTAACTAC,E476Q,0.1375,0.1375,1579,1606
GATGGATATCGAAACA,,0.1708,0.1708,3711,3038
GATGGATGTCAACTCA,S22D E398P,0.0323,0.0323,3,13
GATGGATTCTCTCTTC,,0.1529,0.1529,1007,921
GATGGCAGAACATTAG,K157D,0.1720,0.1720,1411,1147
GATGGCATACGTTCAT,V204E,0.9090,0.9090,26,4
GATGGCCCAATATATG,N379K K411Y,nan,nan,0,0
GATGGCCTTAGGGGTA,I-3P Y353H,nan,nan,0,0
GATGGGAAAAACAACA,Q454K,0.1462,0.1462,1036,991
GATGGGAAAAGGCGAA,V309M,nan,nan,0,0
GATGGGATGTATTGAT,R496H,0.1342,0.1342,969,1010
GATGGGCCACTGAACC,N172Q,0.1723,0.1723,785,637
GATGGGCTGGCCCAAT,G337R Y488R,nan,nan,0,0
GATGGGGCGTTTCAAC,L447F,nan,nan,0,0
GATGGGGTCGATACCA,Y258Q V315S,0.0000,0.0000,0,9
GATGGGTCGTCGGTTT,G286M,0.0000,0.0000,0,5
GATGGTCAAAGGTATC,C97D S291R,nan,nan,0,0
GATGGTTAAATATATC,V36C,nan,nan,0,0
GATGGTTCATTATATT,S203W,0.2128,0.2128,35,23
GATGTAACCACAAGAT,G376A,0.1897,0.1897,559,412
GATGTAACGGATATGT,A67Q,0.1237,0.1237,990,1119
GATGTACCGAACCCAA,L102M,0.0000,0.0000,0,90
GATGTACTAAACTCTG,Y256Q Y308*,0.1796,0.1796,885,689
GATGTACTTCAATGAC,N187Y,0.2275,0.2275,776,477
GATGTACTTTAAAAGG,E83R D264H,0.1877,0.1877,4903,3652
GATGTATAGGTTGAAG,,0.1170,0.1170,6372,7618
GATGTATCACCAAAAA,V66S,0.0705,0.0705,124,246
GATGTATCCACCCCGA,E24R,0.1824,0.1824,583,447
GATGTATTCATTGAGG,S290H,0.1580,0.1580,730,646
GATGTCAAAGCGCGGA,,0.2058,0.2058,1332,905
GATGTCAATCTATGTT,G337C,0.5794,0.5794,174,42
GATGTCATTATCACCC,,0.2431,0.2431,2966,1706
GATGTCCAATCATACT,G249Q,nan,nan,0,0
GATGTCCATAAGATAA,I267P,1.0000,1.1887,17,2
GATGTCGCTACCCTAC,I164Q,0.0000,0.0000,0,59
GATGTCTGGAAATCAG,,0.1706,0.1706,655,537
GATGTGACAGATGGAT,L179E,nan,nan,0,0
GATGTGATTTAACGAT,G143V,0.1487,0.1487,1828,1719
GATGTGGATGGGAGAT,L7R D11Y,0.0000,0.0000,0,4
GATGTGGTACCGCGGC,,0.1057,0.1057,34,45
GATGTGTAGCGAAGAA,E44I L430Q,0.1064,0.1064,140,184
GATGTTAGAATGACAA,Y423W,0.0000,0.0000,0,18
GATGTTATGTGATGTA,E476H,nan,nan,0,0
GATGTTGTGATCAGAC,R173I,0.1839,0.1839,4100,3117
GATGTTTAAACTGTAT,H117S S203C,0.1262,0.1262,1300,1440
GATGTTTAATTAATAC,Q282W,1.0000,1.3984,40,4
GATGTTTATCGAGAAC,I87T V151M,0.0000,0.0000,0,1
GATGTTTTTTTTCTTT,,0.0867,0.0867,599,966
GATTAAAAAAAATAAT,,0.0511,0.0511,46,126
GATTAAAAAAACTATG,T422S,0.1528,0.1528,283,259
GATTAAAAATAAGTCG,G228V,0.0000,0.0000,0,2
GATTAAAACAAAGCTC,E174L P489R,0.1290,0.1290,12526,13579
GATTAAAACATGCAGT,K262aH A522F,0.7691,0.7691,22,4
GATTAAAACGAGAGGA,L507S,0.0000,0.0000,0,31
GATTAAAAGGTCAATA,L1P T511S,0.0427,0.0427,97,318
GATTAAAATAATATTA,E44N E476L,0.4195,0.4195,12,4
GATTAAACAATCGCAA,Q545L,0.2342,0.2342,72,43
GATTAAACCGGACCTG,E174P,0.0000,0.0000,0,1
GATTAAACTGTAAGAC,D41K,0.0710,0.0710,126,248
GATTAAAGGCACAAGT,,0.0629,0.0629,230,511
GATTAAATAATCAAAC,L179R A364E,nan,nan,0,0
GATTAAATATCAAGAA,,0.2037,0.2037,67,46
GATTAACACTAAAGCT,,0.2401,0.2401,771,449
GATTAACAGAATATAA,G341M,0.1552,0.1552,424,382
GATTAACATTTGCTGG,G228N,0.0000,0.0000,0,4
GATTAACCAAAAAAAA,I124R,nan,nan,0,0
GATTAACCTAACTGAA,N48H H440N,0.1134,0.1134,30,37
GATTAACGATGCCTCA,F245M,0.0934,0.0934,221,331
GATTAACGATTATTAG,L427S,0.0000,0.0000,0,1
GATTAAGAAAATACTT,S167A K367R T370K F469A,0.0000,0.0000,0,1
GATTAAGCCCGGTTCA,Y512Q,0.1368,0.1368,90,92
GATTAAGCTCGCGCAG,,0.0403,0.0403,317,1101
GATTAATACTACGAAC,S167G R321V D366A T370P,nan,nan,0,0
GATTAATAGAGAGTTT,C139R,0.4230,0.4230,121,40
GATTAATATAGTCATG,,0.4568,0.4568,49,15
GATTAATCATTGGCTA,K157H,nan,nan,0,0
GATTAATCGGAGAACA,D27C,0.0000,0.0000,0,2
GATTAATTGGCTGGCC,,0.1080,0.1080,2747,3558
GATTAATTTACAAGTG,G181I G345D,0.0000,0.0000,0,1
GATTACAAGCACAATG,L43M,0.0892,0.0892,786,1232
GATTACACAACTAAAA,,0.0000,0.0000,0,33
GATTACACGAAAAGAC,T35W,0.1253,0.1253,1934,2158
GATTACACGTTTTGTA,Y470K,0.1437,0.1437,150,146
GATTACATAACCGGGA,A67K K280G V510Y,0.0000,0.0000,0,8
GATTACCACAGGGGAG,K62Q D457I,0.4322,0.4322,34,11
GATTACCACGACGCGG,K32* L102Y,nan,nan,0,0
GATTACGGAAGCGAAA,G349T,0.0000,0.0000,0,16
GATTACGTGAACGATC,N169V V505N,0.0000,0.0000,0,26
GATTACTAGCATGATC,K120G,0.0638,0.0638,78,171
GATTACTCCCTTCATG,G376C,0.1970,0.1970,3093,2196
GATTAGAATCTGGAGA,,0.1373,0.1373,162,165
GATTAGACAGTGAGGA,A19I S136N,0.0000,0.0000,0,5
GATTAGATTCCTCTTG,N458Q,0.1672,0.1672,954,798
GATTAGCATCACACGT,,0.1437,0.1437,863,840
GATTAGCCCGTATGAA,E89G Q391S,0.1216,0.1216,20,23
GATTAGCGATAATTAG,Y491H,0.2041,0.2041,1575,1079
GATTAGCGGTCAGTGG,A93T,0.0979,0.0979,390,557
GATTAGCGTCTGCATT,,0.1156,0.1156,1295,1566
GATTAGTATCAAAAAC,V451G,0.0000,0.0000,0,4
GATTAGTATTGTCCCG,L70D,0.0000,0.0000,0,6
GATTAGTGTTGAATTT,,0.1881,0.1881,2351,1748
GATTATAAAAGTTCCA,,0.0887,0.0887,863,1360
GATTATAAATACGCAT,H298S K372R,0.0307,0.0307,27,123
GATTATACATGGCAAT,S492W,0.1557,0.1557,2558,2297
GATTATACCATTATAT,L154G,0.0000,0.0000,0,7
GATTATACCTATATAA,F294M N382K,0.3846,0.3846,55,20
GATTATATAAACGCTA,V36R Y353E S503T,nan,nan,0,0
GATTATATGATATGAT,N408G,0.1131,0.1131,1083,1339
GATTATATTGATGGAG,I42K,nan,nan,0,0
GATTATCATGACGTGG,,0.2625,0.2625,610,325
GATTATGAATTGGGAA,L154W H276L,0.0000,0.0000,0,2
GATTATGATAATACAA,I60G,0.0000,0.0000,0,14
GATTATGCAACCTAAA,,0.2180,0.2180,904,580
GATTATGGATATGAAA,Q344S G345C A495T,0.2797,0.2797,46,23
GATTATGGCTTGGCTT,N172T,0.3729,0.3729,24,9
GATTATGTAAGAAGCG,N48H,0.1948,0.1948,39,28
GATTATTACTAATCGC,,0.0000,0.0000,0,2
GATTATTAGTCAGATG,,0.1372,0.1372,511,521
GATTATTCAATGTTTA,L447C,0.1784,0.1784,74,58
GATTATTTAAGCAGAA,E393W,1.0000,1.0757,100,13
GATTCAAAGCCCATAG,I123F,0.1266,0.1266,1817,2007
GATTCAACCCTGAACC,Q12D,0.2198,0.2198,33,21
GATTCAATCAGCCATT,,0.1083,0.1083,921,1189
GATTCAATTAAATACG,,0.1786,0.1786,14551,11393
GATTCACAGGCTGGGT,A526P M531I,0.0000,0.0000,0,3
GATTCAGAACCGCCCC,,0.1656,0.1656,8531,7202
GATTCAGCCAAGGGAA,,0.1413,0.1413,99,98
GATTCAGGCCTAATTG,G275P,0.0000,0.0000,0,8
GATTCAGTCAAAAAAG,,0.1307,0.1307,2026,2168
GATTCCATAACCAGCC,G68K,0.0000,0.0000,0,9
GATTCCATCAAAAAAA,K445Q,0.0355,0.0355,151,594
GATTCCCGAACCTCTA,G345Y,0.3210,0.3210,365,159
GATTCCGAATTAGACC,L316C,nan,nan,0,0
GATTCCTCATTTCTAA,I15R,0.0000,0.0000,0,6
GATTCGCAATTGTCAA,E508D,0.1316,0.1316,2272,2414
GATTCGCATTGTAAAA,R435N,0.0400,0.0400,26,91
GATTCGCGAGTATGTG,E304P,0.1824,0.1824,60,46
GATTCGCTTTGGACTG,A528P,nan,nan,0,0
GATTCGGATAGTGCGG,V36H I164H,0.0000,0.0000,0,5
GATTCTAAATGTCGTC,L418H,0.0643,0.0643,57,124
GATTCTACGTCTACGA,R405T,0.0000,0.0000,0,5
GATTCTAGATATATCC,N33K,0.1812,0.1812,127,98
GATTCTATCAAAAGTA,D240V,nan,nan,0,0
GATTCTATGAACTTTT,,0.1398,0.1398,104,104
GATTCTGGTTGTAGGC,L455Y,0.0000,0.0000,0,6
GATTCTTGGAAATACG,L316H,0.0000,0.0000,0,20
GATTGAAAATATTATT,I13M,0.1062,0.1062,3514,4629
GATTGAAACTATTGTA,I217T Y491P,0.0000,0.0000,0,17
GATTGAAAGATATGTA,Y201S,0.0310,0.0310,80,361
GATTGAAATAGTGTAA,S361D,0.1260,0.1260,1048,1163
GATTGAACAATCCACA,,0.1981,0.1981,5998,4234
GATTGAACAGGGACGG,M413E,0.0000,0.0000,0,5
GATTGAAGTAGAGTAA,M75L S270M,0.0000,0.0000,0,12
GATTGACTAACCACAC,,0.0920,0.0920,1100,1672
GATTGATTTATCTCAA,A218Y A364N K367N,1.0000,3.3873,218,9
GATTGATTTGAGTCAC,N169M N322C T370D,0.6526,0.6526,70,15
GATTGATTTTTGAAAA,,0.1626,0.1626,985,847
GATTGCAATTCCAATG,T206Y,1.0000,inf,16,0
GATTGCACCAGGCTTT,A39T,0.1758,0.1758,1487,1183
GATTGCAGCCCGATAG,G330Q,0.0000,0.0000,0,12
GATTGCATTTTGGGGA,V56S E407R,0.0000,0.0000,0,4
GATTGCCACAGACAAG,I123C P284K R328aW,0.0000,0.0000,0,15
GATTGCCGATAGTGGA,,0.0000,0.0000,0,5
GATTGCGACAGATCCT,,0.1167,0.1167,1754,2101
GATTGCGATTGCCCGA,S22N A137N G181W I182M H183P,0.0000,0.0000,0,1
GATTGCGCACGGCCAA,D77F K328cQ,0.0000,0.0000,0,12
GATTGCGTAGACACCT,F467K,0.0000,0.0000,0,12
GATTGCGTATAGAAAA,S167A R321G D348N S369R F469R,0.0000,0.0000,0,5
GATTGCTTGGCGAACT,A459E,nan,nan,0,0
GATTGCTTTGTATTTT,D241P A242P,nan,nan,0,0
GATTGGAGCAATATAA,Y86W L428S,0.0000,0.0000,0,12
GATTGGATCCCTTTAA,W153N I288T,0.0000,0.0000,0,6
GATTGGCTAACCGCAC,K307C,0.5226,0.5226,71,19
GATTGGGCACTTTCCA,D419S,0.1556,0.1556,505,454
GATTGGGTAAATGCTA,,0.0935,0.0935,1838,2749
GATTGTACAAAGTATG,Y491R,0.1491,0.1491,1654,1551
GATTGTAGTTAACGAA,,0.1783,0.1783,566,444
GATTGTATAGAAGAAT,D63Y,0.2895,0.2895,7085,3422
GATTGTATCCATTGAT,A394M,nan,nan,0,0
GATTGTCAAAAGATAT,G333F,nan,nan,0,0
GATTGTCACTTAGCGC,,0.2198,0.2198,33,21
GATTGTGCTCCACTAA,R328bL,0.1812,0.1812,5764,4448
GATTGTTGAAACGGCT,K269S,0.1385,0.1385,201,203
GATTTAAAGAACTGTT,,0.1205,0.1205,2050,2380
GATTTAAATTGGCAGC,N116Q,0.2032,0.2032,369,254
GATTTAACAGCGGGGT,N193P,0.0000,0.0000,0,36
GATTTAATAAAGATTT,V66Y N475V,0.0000,0.0000,0,1
GATTTAATTGGTATAG,Q513R,0.1200,0.1200,374,436
GATTTAATTTTGATGC,L455I,0.1652,0.1652,541,458
GATTTACGCAAACTAA,G72H,0.1879,0.1879,465,346
GATTTACTATAACAAG,,0.0000,0.0000,0,7
GATTTACTGTGGTAAC,I166D,1.0000,2.6570,57,3
GATTTAGACTCTACAA,Y201W,0.1289,0.1289,1787,1938
GATTTAGCATGCTAAA,A287P Y423E,nan,nan,0,0
GATTTAGTATATAAAG,,0.1527,0.1527,2014,1845
GATTTAGTTGACGAGT,,0.2759,0.2759,440,223
GATTTATACTTGTAAC,E327R C466K,0.9634,0.9634,124,18
GATTTATCGACTGAAT,G72W K109V,0.6759,0.6759,145,30
GATTTATGCATATCAT,,0.1853,0.1853,1672,1262
GATTTATTAAAGAACT,,0.1470,0.1470,268,255
GATTTATTTGTAAACT,N48D,0.1291,0.1291,3197,3462
GATTTCAATTGGACTG,T192W S311M,0.5809,0.5809,54,13
GATTTCACGGGTTACA,G510aC,0.1089,0.1089,696,894
GATTTCCACTCTTAAA,I502S,0.0000,0.0000,0,1
GATTTCCAGGTAACCA,D53G G271L,0.0445,0.0445,28,88
GATTTCGAAACGCTTA,K156V,0.1293,0.1293,220,238
GATTTCGAAATTGCAT,S270C L320P,0.0521,0.0521,22,59
GATTTCGCATTATAGT,K498H,0.2411,0.2411,1831,1062
GATTTCGCTGACCCCA,G16D Y98T,0.3613,0.3613,31,12
GATTTCTAAACATCAC,Q490M,0.1463,0.1463,1801,1722
GATTTCTATAAGGAAG,M230Y,0.0000,0.0000,0,1
GATTTGAACTGAACAA,I243Y N312S,0.0000,0.0000,0,6
GATTTGAATACAGTTT,G376F,0.0000,0.0000,0,2
GATTTGACAACAGTAC,K216E,0.3846,0.3846,110,40
GATTTGACGGGAACAC,Y448G,0.0932,0.0932,18,27
GATTTGATAACTTCTA,,0.1735,0.1735,459,370
GATTTGATAGCTGTCA,P128H F233L,0.0917,0.0917,61,93
GATTTGATTAGGATAT,A373G,0.0916,0.0916,1553,2372
GATTTGCAGAGCCCGT,A214S N379A,0.2372,0.2372,838,494
GATTTGCAGTGCAACT,D375Y,0.1872,0.1872,1138,850
GATTTGGCCCAACATA,,0.1260,0.1260,1818,2017
GATTTGTAGACAAAAC,N446M,0.1685,0.1685,2307,1915
GATTTGTCCCTACCAC,I374P,0.0000,0.0000,0,4
GATTTGTCCTCATTAT,,0.1370,0.1370,1197,1222
GATTTGTGTAAGCTTA,P99Y,0.0000,0.0000,0,5
GATTTGTTACAAAATC,I178N,0.2098,0.2098,15,10
GATTTGTTATGAATGC,H183E,nan,nan,0,0
GATTTTAAAGCAACAA,F118C,0.1716,0.1716,584,476
GATTTTAATGAAAACT,K269D,0.3245,0.3245,181,78
GATTTTACATCTAACC,E89K,0.1291,0.1291,395,428
GATTTTACCGTTTCAT,G416W,0.4929,0.4929,356,101
GATTTTAGACGTAACT,L96M M111F,0.0000,0.0000,0,10
GATTTTCAAACCTCCG,A93M,0.1451,0.1451,6379,6149
GATTTTGATAATAACC,H47F,0.1352,0.1352,202,209
GATTTTGCAAGGCTCA,N446K,0.1278,0.1278,138,151
GATTTTGCATCCCTGC,E246N,0.0781,0.0781,72,129
GATTTTTATAGTTATC,G342F,nan,nan,0,0
GATTTTTCTTTGACTA,I13R,0.0000,0.0000,0,5
GCAAAAAAAAAAGAAA,,0.0905,0.0905,449,694
GCAAAAAAAAAATAGC,,nan,nan,0,0
GCAAAAAAAAACAATT,V272C,0.1805,0.1805,1056,818
GCAAAAAAAAGCCAGA,,0.0610,0.0610,24,55
GCAAAAAAAGAAACAC,Y486G,nan,nan,0,0
GCAAAAAAAGATAGAG,E246I,0.1119,0.1119,981,1226
GCAAAAAACACGTGTT,G376F,0.0678,0.0678,223,460
GCAAAAAACTAGAAGC,E255N,0.0294,0.0294,64,304
GCAAAAAAGGCGAAAC,,0.1583,0.1583,2387,2109
GCAAAAATGTTCCAGT,L427W,0.2400,0.2400,115,67
GCAAAACTACAATGAT,R404A,0.1301,0.1301,2065,2219
GCAAAACTGACATTTG,,0.0776,0.0776,192,346
GCAAAAGAGTCTCATT,,0.0000,0.0000,0,45
GCAAAAGGCAAACATC,E89K E273K R435K D449Q,0.1549,0.1549,72,65
GCAAAAGTTAAGAGTA,N129A H355S,0.2272,0.2272,4316,2656
GCAAAATAGATTAAAT,G143R P306T,nan,nan,0,0
GCAAAATCGATGTAGC,P145R,0.3625,0.3625,1672,645
GCAAAATCTTTGGGGG,,0.0000,0.0000,0,15
GCAAAATTAACCAAAA,Y17D T370A F469G,0.0000,0.0000,0,1
GCAAAATTACGCTACC,R227E C546Y,0.0851,0.0851,59,97
GCAAAATTGAAATGTT,N129T,0.1228,0.1228,922,1050
GCAAAATTTTCTTAGA,E393W,0.3636,0.3636,26,10
GCAAACAACCTCAGCA,,0.1240,0.1240,926,1044
GCAAACAAGCCGGACC,R397N K460R,0.1393,0.1393,1433,1439
GCAAACACCGATTGAA,L70N V285T,0.0000,0.0000,0,1
GCAAACAGCCAGCCCA,A91E D457S,0.0000,0.0000,0,17
GCAAACATTAACCAAC,A495S,0.1724,0.1724,106,86
GCAAACCATTATGTTA,S290R,0.6380,0.6380,73,16
GCAAACCGATAGAATT,H110M A334V,0.1398,0.1398,109,109
GCAAACCTAATAAATC,T46P,0.7808,0.7808,67,12
GCAAACCTACAGATGG,E403H,0.0000,0.0000,0,1
GCAAACCTCATTATTA,P198H,nan,nan,0,0
GCAAACCTGCCCTAGA,D77E M478G,0.0000,0.0000,0,5
GCAAACCTTAGTGAAG,P299I,0.1645,0.1645,921,783
GCAAACGAATTATGTG,M530D,0.2592,0.2592,367,198
GCAAACGCAAGAGTTT,K165M R321* D366V,0.4122,0.4122,56,19
GCAAACTCAGAACCAG,A373K,1.0000,5.1742,37,1
GCAAACTGCCAAATAA,E-5M,0.2161,0.2161,306,198
GCAAAGAAACGCGTTG,I335Q M531P,nan,nan,0,0
GCAAAGAAATGCCAAG,S247A,0.1289,0.1289,833,904
GCAAAGAAATGTTATG,E-5*,0.0000,0.0000,0,22
GCAAAGAAGGGTTAAA,A188C,0.0755,0.0755,170,315
GCAAAGACACCCTCGA,K280F,0.1783,0.1783,1335,1047
GCAAAGCGCGATAGAT,K57I,0.1143,0.1143,255,312
GCAAAGGCGAATAAGT,A394T C477N,0.0000,0.0000,0,4
GCAAAGGGGTGCTGCT,T378M,0.1053,0.1053,1468,1949
GCAAAGTAAGAATAAA,D41L A365R,nan,nan,0,0
GCAAAGTATATGGACG,K372Y,0.2429,0.2429,1735,999
GCAAAGTATCGCGCCC,N103P G181D,0.0000,0.0000,0,6
GCAAAGTTACCCTATG,S113G,0.2577,0.2577,352,191
GCAAAGTTACGTGATG,C52H,0.0000,0.0000,0,1
GCAAAGTTTTCCGGAA,A39Q,0.0897,0.0897,59,92
GCAAATAAATCTTAAA,S136N,0.1195,0.1195,47,55
GCAAATACTGGGGAAC,V395K G396C,0.1428,0.1428,526,515
GCAAATAGGCCTCAAT,N389H,0.1357,0.1357,1426,1469
GCAAATATCAAGGGTG,I297S,nan,nan,0,0
GCAAATATTTACCTAC,S167R D441T,0.1859,0.1859,121,91
GCAAATCGCGGTCGCC,Q454D,0.1528,0.1528,1013,927
GCAAATGAAAACAACA,I514G,0.4035,0.4035,101,35
GCAAATTAGATTAAAT,P306T,0.0000,0.0000,0,11
GCAAATTAGGCAACCA,G349R,0.0000,0.0000,0,2
GCAAATTCGTGAGATA,E398R,nan,nan,0,0
GCAAATTCTCAAAACT,L497R,0.1584,0.1584,8851,7812
GCAAATTGTAGGTAAA,P74S S509H,0.0614,0.0614,36,82
GCAACAAAAACATATG,L515P,0.0000,0.0000,0,13
GCAACAAATGTGACCG,I42* R321D T370V F469N,0.0000,0.0000,0,8
GCAACAACTGAAATAT,E78H G416Y,0.1835,0.1835,366,279
GCAACAAGACAGACAC,D41N D487R,0.1480,0.1480,855,808
GCAACACAACCGACAG,V315I A495M,0.0765,0.0765,376,687
GCAACACACACTACTC,E255R,0.1878,0.1878,2811,2093
GCAACAGATGGCTATT,F294M,0.0000,0.0000,0,2
GCAACAGGATTACCCT,C549Y,0.2042,0.2042,714,489
GCAACAGTACCGCTAG,I202M,0.1014,0.1014,721,994
GCAACATAATTAAGGT,K262aG,0.7307,0.7307,371,71
GCAACATACCAAAAAA,L194F,1.0000,1.2702,218,24
GCAACATATACATCTG,P299S,0.2039,0.2039,984,675
GCAACATCACTGCGTT,K460G,0.1350,0.1350,1512,1566
GCAACATGAAATGACT,L320R,0.0000,0.0000,0,3
GCAACATGACAACCAC,S247F,0.0900,0.0900,1038,1612
GCAACATGTACGCCCC,L133aN,0.7022,0.7022,7085,1411
GCAACATTACCAAAGA,Q391Y,0.4195,0.4195,27,9
GCAACCCAAATGCGAA,G484S G504S,0.1145,0.1145,502,613
GCAACCCAATAATACA,,0.1214,0.1214,33,38
GCAACCCACATGCTTA,,0.1689,0.1689,2551,2112
GCAACCGCTCAATGGG,H130F,0.1229,0.1229,2232,2540
GCAACCTCGGAAATTT,,0.0000,0.0000,0,48
GCAACGAAGGAAACCG,G463V,nan,nan,0,0
GCAACGACTGCTATAA,,0.1456,0.1456,1812,1740
GCAACGCAACATTCTA,A144P,0.1719,0.1719,5098,4147
GCAACGCATAGGCGCG,E107P,nan,nan,0,0
GCAACGCGTAACGGAT,A3E L133aA Y486S,0.0000,0.0000,0,7
GCAACGTAAAATTCCA,Y17M,0.1791,0.1791,219,171
GCAACGTAAATTCCTT,A365I,0.0000,0.0000,0,3
GCAACTAAAGAGTCCA,V510K,0.1982,0.1982,1127,795
GCAACTAAATAGTACG,V5M,0.1104,0.1104,266,337
GCAACTCAATATCTTT,E494T,0.1625,0.1625,15343,13207
GCAACTCCTAGTTTGA,A91I V510M,0.1581,0.1581,1153,1020
GCAACTCGCCTAGAGA,Y448H,0.0752,0.0752,78,145
GCAACTTGAATCTATA,L497E,0.1634,0.1634,3912,3348
GCAAGAAAAATGCAAA,D11Q,0.0000,0.0000,0,21
GCAAGAAAGGCCCCGA,E434N,0.0000,0.0000,0,4
GCAAGAACAGGCGGCA,G362V,0.3482,0.3482,620,249
GCAAGAACATCGCGCA,A373D L544T,nan,nan,0,0
GCAAGACCTAAACAAC,C277N,0.0000,0.0000,0,6
GCAAGACTGATTACAG,,0.2622,0.2622,15,8
GCAAGAGAACATCAGA,T283D,1.0000,inf,33,0
GCAAGAGACTCATAAC,K45I,0.2195,0.2195,2224,1417
GCAAGAGCACGTTAAC,T279A,0.1409,0.1409,648,643
GCAAGATCAAACATAC,D95Q,0.1899,0.1899,835,615
GCAAGATGGATGCAAC,,0.0972,0.0972,1132,1628
GCAAGATGTTAAAGAT,Q513F,0.1111,0.1111,1801,2266
GCAAGATTACCCACCC,,0.1740,0.1740,112,90
GCAAGCAAGGCCCCCA,S323G,0.0768,0.0768,145,264
GCAAGCAATGAGTGAA,F251K,nan,nan,0,0
GCAAGCACGATATTGC,N401V,0.1605,0.1605,287,250
GCAAGCATATATAGTT,V5A S207P,0.2631,0.2631,143,76
GCAAGCATTTAAGTCA,S85L E500M,0.1444,0.1444,1179,1142
GCAAGCCAAATAACGG,D27A,0.0000,0.0000,0,13
GCAAGCCCTCTCGCGC,K280E E500V,0.2367,0.2367,88,52
GCAAGCCTAGGCTAAA,W343G,nan,nan,0,0
GCAAGCCTATGTTACG,N129G,0.1497,0.1497,9058,8461
GCAAGCGCTAAGCATT,,0.0990,0.0990,677,956
GCAAGGATCTAAAATA,F148P N169M,0.3227,0.3227,30,13
GCAAGGATTTACGTGA,P284Q,0.0000,0.0000,0,13
GCAAGGCATACTCTGG,,0.0014,0.0014,1,102
GCAAGGCTCGATTCAT,,0.1154,0.1154,335,406
GCAAGGGCGCAAAATT,S480T,0.0950,0.0950,157,231
GCAAGGTCTTACGCTT,E403K,0.0000,0.0000,0,4
GCAAGTAAAAATATTA,P239A,0.1929,0.1929,3896,2824
GCAAGTAACAAAATTA,G181K N379W,0.0000,0.0000,0,1
GCAAGTACAGAATTGT,T28W,nan,nan,0,0
GCAAGTACCAACAATC,A253E,nan,nan,0,0
GCAAGTAGAAGCACCG,F233G R397V,0.3396,0.3396,51,21
GCAAGTATAATCACGC,,0.1616,0.1616,4525,3915
GCAAGTATAGGAGCAA,C64R I335A,nan,nan,0,0
GCAAGTCCCGTACATT,,0.1679,0.1679,263,219
GCAAGTCCTGCAGTAT,F338R,0.0000,0.0000,0,3
GCAAGTGAAAACCCAA,N408A,0.2065,0.2065,1053,713
GCAAGTGTTCATAATA,E-5R N443A,0.1243,0.1243,80,90
GCAAGTTCAGAGAAAT,F79C,1.0000,1.1001,118,15
GCAAGTTCTCTCTAAG,Y201I I297W,nan,nan,0,0
GCAAGTTGAACTGCTT,,0.1934,0.1934,495,358
GCAATAAAAGTTTACT,E78T,0.0000,0.0000,0,3
GCAATAAACGACAGCA,S356D,0.1224,0.1224,821,938
GCAATAAGAATACAAG,M75L,0.1814,0.1814,4005,3088
GCAATAAGCGACAAGA,V381R,0.0000,0.0000,0,1
GCAATAAGCTCACCAT,N169W,0.1307,0.1307,712,762
GCAATACGGCCCGTCA,,0.1516,0.1516,828,764
GCAATAGAAATATTGT,Y363M,0.0000,0.0000,0,15
GCAATAGATAACACAT,I384F,0.0000,0.0000,0,1
GCAATATAATGTATTG,,0.1398,0.1398,693,693
GCAATATCTTACGAAC,T279V,0.0000,0.0000,0,15
GCAATATTAACATCTA,Q191R,0.0000,0.0000,0,2
GCAATCAAAAAAGAAA,I384R L453N,0.0000,0.0000,0,2
GCAATCACCTTGGTAA,I178G,0.0000,0.0000,0,1
GCAATCCGGTTAGTAA,A495D,0.0000,0.0000,0,2
GCAATCCTAAAAGTTT,G349S,0.2381,0.2381,269,158
GCAATCGAGACCCCCC,,0.1511,0.1511,363,336
GCAATCGCCTCGATAG,T485C,0.0000,0.0000,0,2
GCAATCGCGCGAAAGG,P128T Y168K K367Q F469L I514S,0.0000,0.0000,0,2
GCAATCGTGAATTAAA,,0.1564,0.1564,1707,1526
GCAATCTATGTTACGA,L455C,0.0000,0.0000,0,129
GCAATCTCCTCATTAT,K120E S126K V395E,0.1910,0.1910,56,41
GCAATCTGACCACCCA,K269P,0.1022,0.1022,576,788
GCAATGAAATGTGATC,V204E Y351L,0.0000,0.0000,0,25
GCAATGAAGGGCTTCT,R397E,0.1424,0.1424,2647,2599
GCAATGAGCCATATGT,,0.0718,0.0718,327,637
GCAATGGACGGAAGCG,G349N,0.0000,0.0000,0,5
GCAATGGCAAACAAAC,Q513V,0.0000,0.0000,0,32
GCAATGGTATGATTAT,T200A F467I,0.1018,0.1018,327,449
GCAATGTAGTGCTACG,V444W,nan,nan,0,0
GCAATGTCACTTAAGC,H354L,0.1235,0.1235,2860,3239
GCAATGTGAGTGCCAT,E107F,0.0000,0.0000,0,1
GCAATGTTAAAGCATA,Y448G K472R,0.0000,0.0000,0,1
GCAATTAAATTTCCAC,R404P,1.0000,1.5732,135,12
GCAATTAATAATAAGA,R499F,0.1516,0.1516,207,191
GCAATTAATACCAAGG,K109D,0.0000,0.0000,0,5
GCAATTAATGGAAAGA,I115H,0.0000,0.0000,0,2
GCAATTACCCCTCGCT,L437C,0.2564,0.2564,22,12
GCAATTACTTCAAACA,F233Q G352Q,0.0000,0.0000,0,15
GCAATTCCAAGATTTT,,0.1355,0.1355,31,32
GCAATTGGGAAATTAA,,0.1514,0.1514,1375,1270
GCAATTTAACAGAGCT,F148W,0.0570,0.0570,1301,3192
GCAATTTCTCATATCC,C305D,1.0000,1.4684,63,6
GCAATTTGGATCCAAC,I529W,0.0867,0.0867,1212,1956
GCAATTTTTTATGACT,A287S,0.1139,0.1139,947,1163
GCACAAAAACGATTCT,N278E,0.2324,0.2324,354,213
GCACAAAACTATCAAA,,0.0684,0.0684,22,45
GCACAAACATCCGGCA,R328bG,0.1262,0.1262,249,276
GCACAAAGAATCACTT,A336F,nan,nan,0,0
GCACAAATTTAAATTG,A365N,0.0000,0.0000,0,20
GCACAAGAAAGGTTTC,K450T,0.1998,0.1998,20,14
GCACAAGAGGACTTTA,K45I N103D,0.1105,0.1105,1921,2431
GCACAAGTCAAAGAAT,,0.0000,0.0000,0,1
GCACAATAAAATGACA,,0.0337,0.0337,166,689
GCACAATGCCCCAACG,V510N,0.1284,0.1284,900,980
GCACAATTGATAAGCC,F469P,0.0000,0.0000,0,3
GCACAATTTGTTTGGG,P284Q,0.1503,0.1503,2038,1896
GCACACAACGACGCCT,N20F V285M,0.1645,0.1645,20,17
GCACACAGAGTCAAAA,E131A,0.2932,0.2932,849,405
GCACACATACACCGTT,D419E,0.0812,0.0812,61,105
GCACACCGGATCCTAT,A138R,0.6413,0.6413,133,29
GCACACGGCTGTATTA,N-4Q Q142V,0.2153,0.2153,5842,3794
GCACACGTCTCGCTCA,S136N,0.2237,0.2237,24,15
GCACACGTGAAATAGG,T132H L314M N401G,0.0000,0.0000,0,2
GCACACTAGAGGAACT,N94M V481M,0.0000,0.0000,0,5
GCACACTAGCAGTTGC,V8L,nan,nan,0,0
GCACACTAGGATAATA,D415I F469K,0.3380,0.3380,29,12
GCACACTGAAAAGTGA,,0.1028,0.1028,878,1194
GCACACTGATCTTAAT,K216L,0.1006,0.1006,1919,2668
GCACAGAAACAATTTT,V395T,0.1939,0.1939,305,220
GCACAGAACGTTCACT,D175C,0.0000,0.0000,0,49
GCACAGAGCTTACCAC,V8A,0.0931,0.0931,583,876
GCACAGCTGAGAAAGT,K307S,0.0000,0.0000,0,10
GCACAGGCGAATCAGA,W343T,0.0000,0.0000,0,3
GCACAGGCTCAAAAGA,I60E,0.1336,0.1336,2558,2678
GCACAGGCTGGCAAAA,,nan,nan,0,0
GCACAGGGTCTCTTAA,R405P,1.0000,2.7969,20,1
GCACAGGTGACTGTCG,T283I,0.4195,0.4195,6,2
GCACATAACACAGCTC,G303K,0.0000,0.0000,0,3
GCACATACACTATATA,V444Y,0.2139,0.2139,26,17
GCACATAGTGTAAATA,,0.1160,0.1160,1257,1515
GCACATATCCTCTACA,L455F,0.1923,0.1923,11,8
GCACATCCCACACAAG,R173P,0.0773,0.0773,362,655
GCACATTAGGATACAA,,0.1422,0.1422,842,828
GCACATTTGCCAAACC,Q40V F469M,0.1607,0.1607,2688,2339
GCACCAAATTAGGCGC,K262aQ,0.1244,0.1244,723,813
GCACCAACATTATGAC,E131S,0.1324,0.1324,1524,1610
GCACCAATATTAAACA,I13H,0.0000,0.0000,0,14
GCACCACAGGGATGTT,Q359R,0.1059,0.1059,614,811
GCACCACGAGGTAAAA,A67T G72A,0.2797,0.2797,70,35
GCACCAGGCGTTATTC,E255V Y518K,1.0000,1.1327,81,10
GCACCATACCGGGAAT,C277K R452W,0.0000,0.0000,0,13
GCACCATATATTATTA,A373C,nan,nan,0,0
GCACCATATATTATTT,A373C,nan,nan,0,0
GCACCATCACAAATGA,S136H,0.0645,0.0645,48,104
GCACCATTTCTACTCA,N103R,0.1566,0.1566,2921,2608
GCACCCAATTCCCCGA,L331W,0.3687,0.3687,145,55
GCACCCCAAGACTACC,F294G,0.0000,0.0000,0,2
GCACCCCAGATATGAC,K50E F233P,nan,nan,0,0
GCACCGACATCAGCAA,,0.1107,0.1107,2759,3485
GCACCGACATTCCCAA,,0.1409,0.1409,2308,2290
GCACCGACCTGAATTT,N129F,0.2786,0.2786,5257,2639
GCACCGCGGCCTTGTA,N92V D375G,0.1265,0.1265,114,126
GCACCGTAAGCAATTC,E189V,0.3613,0.3613,9158,3545
GCACCGTTCTGAGTAT,V395S,0.2375,0.2375,3767,2218
GCACCTAAAAAAGACA,A532W,nan,nan,0,0
GCACCTAACCTTCCAC,A521S,0.1025,0.1025,74,101
GCACCTAACGATTAAA,T378M,0.0000,0.0000,0,33
GCACCTGGCAACACTG,A522P,0.0000,0.0000,0,19
GCACCTTACATAGGAC,R114C,0.0371,0.0371,31,117
GCACCTTATTGATACA,Q211W,0.1954,0.1954,443,317
GCACGAATAACGCGCA,D231N,0.1421,0.1421,557,548
GCACGAATATTCTTTT,E479R,0.1165,0.1165,5,6
GCACGACCAGGCCGAG,L-1D I80D,0.0000,0.0000,0,7
GCACGAGTATGGACCA,,nan,nan,0,0
GCACGATGCTGGCGTA,T35I,0.0986,0.0986,1013,1437
GCACGCAAAACGACTG,G55* S65W,0.0000,0.0000,0,2
GCACGCAGCATAACGA,E89K G484Y,0.3185,0.3185,41,18
GCACGCCTACAATTAG,S383W E426D,0.5020,0.5020,140,39
GCACGCGAACGGTGTT,R404G,0.4331,0.4331,96,31
GCACGCTACGGAAATA,H354W,0.0666,0.0666,200,420
GCACGCTCACACCAAA,N116C G542D,0.0000,0.0000,0,4
GCACGGACCCATACGG,,0.2059,0.2059,3255,2211
GCACGGACCCCACCTC,E78L P162E,0.0943,0.0943,6703,9941
GCACGGGGTAATCTAT,N158K,0.3340,0.3340,21252,8898
GCACGGTGGTGATATG,C473V,0.0000,0.0000,0,2
GCACGGTTTAAACTGG,E426K,0.7407,0.7407,286,54
GCACGTAAATACGCTA,W234F,0.0343,0.0343,55,224
GCACGTACAGCTTCAT,,0.0957,0.0957,668,976
GCACGTCGGTACTAGT,G360K,0.0000,0.0000,0,5
GCACGTTCAGATAGTA,M413L,0.0868,0.0868,868,1399
GCACTAAAACACAGTT,H184F,0.3729,0.3729,8,3
GCACTAAGAAGAAGCT,Y86* N169R,1.0000,inf,52,0
GCACTACAAATAACTC,,0.1260,0.1260,4182,4641
GCACTACTGAGCGGCT,,0.1739,0.1739,245,197
GCACTAGAACGTTGAA,E508P,0.0000,0.0000,0,40
GCACTAGATCATAATC,,0.0836,0.0836,1111,1858
GCACTATAGGAATAGA,L59G Y105S,0.0000,0.0000,0,8
GCACTATATTTACTAA,D474V,0.1270,0.1270,912,1004
GCACTATGCAGGCATC,M413S,0.4661,0.4661,40,12
GCACTCAATCGCATGC,Y353Q,0.0000,0.0000,0,3
GCACTCACTCGACCGA,F79R A93T,0.2668,0.2668,187,98
GCACTCCATAAAAACA,M531W,0.1961,0.1961,2108,1503
GCACTCCCTAGGAACC,H183W,0.0000,0.0000,0,11
GCACTCGGATCTTTTT,N401Q,0.1719,0.1719,1500,1220
GCACTCTACCACAAAG,,0.1898,0.1898,5562,4097
GCACTCTCAAATCGCA,,0.0000,0.0000,0,16
GCACTCTCTTTACCGA,A242R,0.1323,0.1323,2274,2403
GCACTGAAACTAATAA,G376D,0.0000,0.0000,0,4
GCACTGAAGCATATAA,Q191K Q391I,0.0000,0.0000,0,1
GCACTGACCTAGCAGA,H38Y,0.0826,0.0826,504,853
GCACTGCAACAGTTGC,A160D Q391E,0.0000,0.0000,0,9
GCACTGCACCCGGTGC,A336H,0.0000,0.0000,0,4
GCACTGGAACAAATAA,K262aV,0.1773,0.1773,511,403
GCACTGTACTTGATTA,,0.1299,0.1299,587,632
GCACTGTTACAAACAA,E461F,0.0000,0.0000,0,2
GCACTTAACAGTCGCT,F148S,0.1228,0.1228,144,164
GCACTTACCGACGGAT,G134C,0.0000,0.0000,0,39
GCACTTAGGTTTAGAC,E31Q D240E,0.1254,0.1254,9630,10742
GCACTTAGTAAATACA,W127T,0.1032,0.1032,166,225
GCACTTCAAGACAGTA,,0.1692,0.1692,2972,2457
GCACTTCACTTATATT,A532T,0.1771,0.1771,932,736
GCACTTCAGCAGATAT,V88N,0.0000,0.0000,0,7
GCACTTGACATACAAC,N73C,0.0824,0.0824,370,628
GCACTTTAAAAACCTT,,0.1113,0.1113,914,1148
GCACTTTAAACACCTA,G16D Q40K L418R,nan,nan,0,0
GCACTTTAGTATACAC,C539Y,0.1860,0.1860,125,94
GCACTTTTGCCCACCT,L122W,0.1361,0.1361,1162,1194
GCACTTTTTAACCCGA,H184C,0.3776,0.3776,27,10
GCACTTTTTATGATTA,K157T,0.2830,0.2830,1639,810
GCAGAAAAGTGCAGTG,N400D K506I,0.1801,0.1801,488,379
GCAGAAAGATAGCCCT,Y363W,0.1033,0.1033,1109,1501
GCAGAAAGCCACACTA,I-3K,0.1828,0.1828,149,114
GCAGAACACAGCGACC,,0.1702,0.1702,1918,1576
GCAGAACCCCTCGCAT,,0.0000,0.0000,0,57
GCAGAACCTATCCAAT,D104Q P239V,0.0092,0.0092,20,304
GCAGAACCTCTGTTAC,I260F,0.0000,0.0000,0,10
GCAGAACGATGGTGGA,,0.0997,0.0997,921,1292
GCAGAACGTGTTAACT,I166N,0.1300,0.1300,1856,1997
GCAGAACTAGTAGTAT,,0.1333,0.1333,7309,7667
GCAGAAGATACTTGGG,Q282D,0.0000,0.0000,0,5
GCAGAAGGGGACTTTT,G510aI,0.1026,0.1026,795,1084
GCAGAATACACTGATA,K313V,0.0672,0.0672,1212,2524
GCAGAATCACGCGGAG,D11M,0.0000,0.0000,0,11
GCAGAATGATTTAATA,E83V L447T,0.0000,0.0000,0,8
GCAGAATGCTTAACGA,G352K,0.0880,0.0880,17,27
GCAGAATTGCTAATAA,R328bQ,0.1498,0.1498,195,182
GCAGAATTTATAAGAG,,0.1528,0.1528,3733,3417
GCAGAATTTCAGATGA,L7F,0.1625,0.1625,6602,5681
GCAGACATGTAGACAA,E494I,1.0000,1.5732,45,4
GCAGACCACGCCCGAC,H355Y,0.1108,0.1108,4452,5617
GCAGACGATATCCAGC,H440A,0.0000,0.0000,0,54
GCAGACGCAAAGACGT,N408P,0.6712,0.6712,24,5
GCAGACTAAACCGCCA,,0.1002,0.1002,916,1278
GCAGACTGCAGTCTCA,E44L,0.1093,0.1093,265,339
GCAGACTTTCTATTGA,N92D,0.1113,0.1113,2750,3456
GCAGAGCCCTTAACAA,V444I,0.1501,0.1501,161,150
GCAGAGGATAGTGCGG,R397C I548M,0.4183,0.4183,993,332
GCAGAGTATGAACAAT,L300E,0.3440,0.3440,989,402
GCAGATAAAACGCATT,G342D,0.0000,0.0000,0,5
GCAGATAAACTAATAC,W350Q Y488E E501K,0.0000,0.0000,0,1
GCAGATAAATAATACA,,0.2271,0.2271,5435,3347
GCAGATAACCGGAGAA,N197Q,0.1474,0.1474,10467,9929
GCAGATAATCGTATGA,P293L T485L,0.0000,0.0000,0,2
GCAGATAGTTCCCAGA,E479H,0.1728,0.1728,220,178
GCAGATCTATAAACAC,A144T,0.1541,0.1541,3340,3031
GCAGATGAACGGTTAC,H117C M230V W343F,0.0000,0.0000,0,8
GCAGATGGATACCGCG,I164H,0.0601,0.0601,1062,2473
GCAGATGTTCCGATAG,P140S F469V,nan,nan,0,0
GCAGATTAAAACGGGC,,0.0469,0.0469,111,331
GCAGATTAAGAGTACT,R149A,0.1303,0.1303,3146,3377
GCAGATTGGTGCAGGC,L447C,0.0799,0.0799,24,42
GCAGCAAAAAACGTAG,N169A R321I K367T F469R,0.0000,0.0000,0,8
GCAGCAATGCGACATT,,0.1438,0.1438,72,70
GCAGCACACAATGCCC,G349K,0.0000,0.0000,0,4
GCAGCACAGCTAGTCG,C549I,0.1188,0.1188,937,1103
GCAGCACCTGCACAGA,K307R,0.0795,0.0795,229,403
GCAGCACTATACCGTA,P215M,0.0000,0.0000,0,8
GCAGCAGTCACGAGCT,I517V,0.0735,0.0735,1055,2007
GCAGCATCCGATACCA,,0.1890,0.1890,2219,1642
GCAGCATTGTGACGTA,C466G A495W,0.0000,0.0000,0,7
GCAGCCAAGGTTAATT,I514Q,0.0628,0.0628,31,69
GCAGCCAAGTATGAAA,K498A,0.1356,0.1356,728,751
GCAGCCAATTGAGTAG,L331H,0.0000,0.0000,0,5
GCAGCCCAAACAGTAG,K156S,0.0656,0.0656,406,866
GCAGCCCAGACGTTGT,P215I Q371P,0.5594,0.5594,24,6
GCAGCCCATCCGGGAG,Q12D V420E,0.0000,0.0000,0,28
GCAGCCGGTACTATAA,C539S,nan,nan,0,0
GCAGCCTAAAACAGAC,Y141A,0.1288,0.1288,1508,1637
GCAGCCTATGACTTAT,R326N,0.0562,0.0562,193,480
GCAGCGATTCGAGGTC,D175Q,0.1883,0.1883,2014,1496
GCAGCTAAGCATCCAA,,0.2098,0.2098,132,88
GCAGCTAGTCACGCCC,G205C,0.0637,0.0637,46,101
GCAGCTGACCAGCCCT,P125H M431F,0.0757,0.0757,132,244
GCAGCTTAAATTCCTT,I406H,0.4133,0.4133,133,45
GCAGGAACAAACAGAG,N33V V395M,nan,nan,0,0
GCAGGAACTCACAAAT,P74D,0.0000,0.0000,0,4
GCAGGACCAGTCAGTC,C281Y,0.0000,0.0000,0,8
GCAGGACCTCCAACTT,P239C,0.1643,0.1643,1121,954
GCAGGACGTAGAGTAC,,0.6992,0.6992,40,8
GCAGGACTCAGTATAA,,0.2030,0.2030,7706,5309
GCAGGCGGAGCTTGGA,,0.3042,0.3042,335,154
GCAGGCTCTTGCGGTA,E468S,0.1409,0.1409,3292,3268
GCAGGGCATACACCCG,,0.2121,0.2121,502,331
GCAGGGCATGTATGGT,,0.0526,0.0526,209,556
GCAGGTAGAAGAAAGA,L7C,0.1074,0.1074,1143,1488
GCAGGTATAAGCATGG,L194Q,0.0000,0.0000,0,4
GCAGGTATACCGGCGT,M346G,0.0000,0.0000,0,4
GCAGGTGACAATATCG,K372N,0.1370,0.1370,383,391
GCAGGTGGTTACCTAC,Q12M N169R R321N T370N F469Y,0.0000,0.0000,0,2
GCAGGTTCAACCCAAC,L320R,0.0835,0.0835,601,1007
GCAGTAAAAACACAAT,V135A,0.0511,0.0511,306,838
GCAGTAAATCAACTAT,,0.0000,0.0000,0,4
GCAGTACAAAATTATA,T266N G275Q,0.0000,0.0000,0,18
GCAGTACAAGTGGGAA,D419Y,0.0000,0.0000,0,46
GCAGTACATTTACAAA,G49D R328aM E500K,0.7167,0.7167,41,8
GCAGTAGATTCCACTA,,0.1182,0.1182,279,330
GCAGTAGCGGACGTTT,I178S,nan,nan,0,0
GCAGTAGGAATTCATC,G337S,0.3819,0.3819,71,26
GCAGTATAAGTATTCG,K372R,0.2229,0.2229,7118,4465
GCAGTATGGAACCCCA,,0.1238,0.1238,2635,2976
GCAGTCAATCTAAGTA,,0.1492,0.1492,1599,1499
GCAGTCACATTACCGC,D240R,0.1781,0.1781,3306,2596
GCAGTCACCTTTGCTT,Y512M,0.1429,0.1429,1324,1296
GCAGTCAGAGCATAGA,H130S,nan,nan,0,0
GCAGTCCAGCACGCAG,C14I,0.0000,0.0000,0,1
GCAGTGAACGGGGCCA,E434T Y488H,0.1623,0.1623,881,759
GCAGTGACGTAGAAAT,S247L,0.0000,0.0000,0,53
GCAGTGACTCTAGACT,N379P,1.0000,2.7969,40,2
GCAGTGCAGGAGCGCT,,0.1581,0.1581,52,46
GCAGTGTATCCTGATA,I514G,1.0000,1.1241,209,26
GCAGTGTTTCATGTGG,E403T,nan,nan,0,0
GCAGTTAAAATATTAA,,0.1996,0.1996,9178,6429
GCAGTTAAATATACAG,,0.1055,0.1055,2994,3968
GCAGTTCGTCGCCAGC,L1M,0.0682,0.0682,59,121
GCAGTTGACCGAGCAC,N116F A528V,0.3039,0.3039,163,75
GCAGTTTGTACTCCGT,A522Y,0.0000,0.0000,0,2
GCATAAAAAGCAACTC,A334D,0.2680,0.2680,23,12
GCATAAAACGAATCCA,K9E,0.1067,0.1067,390,511
GCATAAAAGGGATTAG,,0.1201,0.1201,480,559
GCATAAACTAGAGAAA,N400D S543M,0.1749,0.1749,339,271
GCATAAAGGTGAGAAT,T23W,0.0000,0.0000,0,5
GCATAAATCAACCTTA,V5T,0.1268,0.1268,3019,3330
GCATAAGTCCGGCGGG,H244I A495T,0.0865,0.0865,177,286
GCATAAGTGAATGAAG,K445W,0.1023,0.1023,49,67
GCATAAGTTAGCACTG,,0.1638,0.1638,2590,2211
GCATAATCCGTGTTAG,P299Y,0.3191,0.3191,89,39
GCATAATGTGATTTCC,P239V K460R,0.1508,0.1508,5132,4759
GCATAATGTGGAGTGG,,0.1479,0.1479,3732,3529
GCATAATTACATGAAA,F392S,nan,nan,0,0
GCATAATTATTGAAGC,D348Y,0.1550,0.1550,439,396
GCATAATTTTTAATGT,V381C,0.1335,0.1335,3216,3370
GCATACAAACCAAAAT,P299L,0.2387,0.2387,227,133
GCATACAAATGAAAGC,S10H C466F,0.3807,0.3807,49,18
GCATACAATCTCCGTT,D104M,0.1779,0.1779,2693,2117
GCATACACACCACTAT,Y353L,0.0000,0.0000,0,7
GCATACACCCAAAGTA,S383R,0.1157,0.1157,153,185
GCATACACGAGAATCA,Y17P L325V,0.4134,0.4134,68,23
GCATACCCGTTAAACT,P299H,0.1606,0.1606,1090,949
GCATACCGTCAAGCTT,Q12C,0.1348,0.1348,2019,2095
GCATACCTATTCATTA,,0.0435,0.0435,239,769
GCATACCTGTTTGCTT,E434R,0.0000,0.0000,0,5
GCATACGAAACTAGGT,G68N N129R Q371*,0.2429,0.2429,33,19
GCATACGCAACAGAGC,L1T S492H,0.0670,0.0670,839,1750
GCATAGACAAAGGTGA,S323N,0.1114,0.1114,14809,18590
GCATAGACGAACCAAA,L70T,nan,nan,0,0
GCATAGCCGGGTGAAT,N248C C473T,nan,nan,0,0
GCATAGCTAGGACAAC,Q513D,0.0000,0.0000,0,15
GCATAGCTCGTAGCGA,Y353G I548T,0.0000,0.0000,0,2
GCATAGTCTAAAGGAA,,0.1069,0.1069,725,948
GCATAGTTCAACAACT,M388Y,1.0000,1.6548,71,6
GCATATAAAATCAAAG,L316I,0.0413,0.0413,13,44
GCATATAAACCATACA,H440S,0.0000,0.0000,0,6
GCATATCATCTACCAC,,0.2009,0.2009,2644,1840
GCATATGGTTAATCAA,N289R,0.1045,0.1045,1834,2455
GCATATTAAGTAGAAG,L316V A317T,0.0000,0.0000,0,4
GCATATTAGAATATTA,,0.1324,0.1324,912,963
GCATATTCAAACTTGG,I406R,1.0000,2.4333,87,5
GCATATTCATTTCTGT,G68P,0.0000,0.0000,0,3
GCATATTCTTAACATG,V26G Q359D V510K L527P,0.0000,0.0000,0,18
GCATCAACGAACATCT,V315D,0.0000,0.0000,0,12
GCATCAACTGCCAGAG,V510L,0.2120,0.2120,191,126
GCATCAAGTCGCGGAG,S383T,0.0969,0.0969,393,567
GCATCAATAGTACCTC,Y363D S509D,0.0000,0.0000,0,4
GCATCAATCAACCCTA,,0.1010,0.1010,737,1020
GCATCAATGAAAGCTC,,0.1052,0.1052,7037,9352
GCATCACCAGGGACTG,T390E,0.2341,0.2341,231,138
GCATCAGAATCCCATG,I243G,0.0000,0.0000,0,4
GCATCAGATATAGCAA,L331E,0.5069,0.5069,29,8
GCATCAGGGAATCAAG,,0.1552,0.1552,8538,7693
GCATCATCAAACAGTG,I384M,0.1094,0.1094,614,785
GCATCCAGGAATAACA,P324G,0.0000,0.0000,0,32
GCATCCCTATAGAATA,N379A,nan,nan,0,0
GCATCCCTTTTAGTCA,S146N I374P,0.0000,0.0000,0,3
GCATCCGCTTATGACT,R329S,0.0000,0.0000,0,2
GCATCCGGACATTATG,,0.1899,0.1899,9546,7030
GCATCCGTACTTATGA,I236V,0.3704,0.3704,339,128
GCATCCTAGCCTTTAA,T35V,0.1208,0.1208,1838,2128
GCATCGAAGAGCCGGT,K120I,0.1317,0.1317,584,620
GCATCGAATAACCTTG,,0.1676,0.1676,12014,10027
GCATCGAGAACAGTAG,T436Q,0.0000,0.0000,0,51
GCATCGCGGAATTAGT,M292L,0.2040,0.2040,1564,1072
GCATCGCGTGTGTTCT,,nan,nan,0,0
GCATCGCTGATCTGGG,,0.1073,0.1073,1787,2329
GCATCGGATACGGTAA,V204E,0.1872,0.1872,79,59
GCATCGTCTACAGAAT,Y486L,0.0000,0.0000,0,5
GCATCGTCTGATCTTA,M388F F467I,1.0000,3.7758,54,2
GCATCTCAAATTGTCA,,0.1058,0.1058,4300,5684
GCATCTCACATGACGG,A336D W350L,0.1714,0.1714,38,31
GCATCTCCCCTTTCTC,,0.4295,0.4295,43,14
GCATCTGAAAAGCGAG,V510T,nan,nan,0,0
GCATCTGAAGCCAACT,E398A M538C,0.0000,0.0000,0,1
GCATCTTGCATAATTC,L325D,0.1427,0.1427,454,445
GCATGAAAGATCCCAG,P92aV,0.1208,0.1208,165,191
GCATGAAATAAAAAAT,Q282F,nan,nan,0,0
GCATGAACCAGACTTA,,0.1266,0.1266,1916,2117
GCATGAACGCTCTGAG,,0.2607,0.2607,578,310
GCATGACACTAAAACA,,0.2233,0.2233,2271,1422
GCATGACATCTTTTAA,,0.1830,0.1830,2484,1898
GCATGACTATTCTAGG,,0.2235,0.2235,163,102
GCATGACTCTTGTGAT,S101V,0.0839,0.0839,5065,8442
GCATGACTTTAGCGAA,D474M,0.1428,0.1428,245,240
GCATGATTACGACCAC,G510aS,0.1617,0.1617,961,831
GCATGCAGAAGAACGG,Q282C,0.0000,0.0000,0,17
GCATGCCAAGCTGTAT,K472N,0.1056,0.1056,1581,2093
GCATGCCATAACCTAT,W69* C76T N382T,nan,nan,0,0
GCATGCGCTATAAAAG,D375W,0.0000,0.0000,0,49
GCATGCTTACAGGCCA,E340I E493S,0.1646,0.1646,506,430
GCATGCTTGAATTCAA,D241F,0.0000,0.0000,0,22
GCATGGAGCACAAACC,L96W,0.0000,0.0000,0,45
GCATGGATTGACTAGA,E407N,0.0000,0.0000,0,25
GCATGGCACAAGACCT,P99K,1.0000,2.4006,103,6
GCATGGGAAACTCAAA,,nan,nan,0,0
GCATGGTCATCTCAAA,K32P,0.1478,0.1478,3084,2918
GCATGGTTCACATGTG,E131D,0.1500,0.1500,1857,1731
GCATGGTTGGGCATAT,G68I I288L,0.1398,0.1398,12,12
GCATGTAAAGTACAAC,P324T,0.1628,0.1628,333,286
GCATGTAAGAATGTCG,S291K,0.1638,0.1638,2637,2252
GCATGTACACGCTTTG,,0.0664,0.0664,976,2057
GCATGTACCAGTTGCC,L409E R452L,nan,nan,0,0
GCATGTCCATAGATGT,T511G,0.1885,0.1885,62,46
GCATGTCTTACTTCTT,K120S A365R,0.0000,0.0000,0,12
GCATGTGCATCTAACT,A532C,0.0974,0.0974,330,474
GCATTAAAATCAATCC,I182T,0.0765,0.0765,798,1459
GCATTAAATGGTACCT,M230I,0.1464,0.1464,1330,1270
GCATTACAAACTAAGT,I243T,0.2175,0.2175,42,27
GCATTACAAGTGTAAA,E89K,0.0567,0.0567,58,143
GCATTACGCGGCATGG,L447I,0.0936,0.0936,661,988
GCATTACGGCTCGGGA,,0.1254,0.1254,582,649
GCATTAGGCGTCGACA,N186E,0.0939,0.0939,49,73
GCATTAGTTCCCGTAC,R435T,nan,nan,0,0
GCATTATCCCAGCTCG,S356W A532T,0.1613,0.1613,1783,1546
GCATTATTAACCATTA,S361Y,0.1315,0.1315,8466,9002
GCATTCCAGTGAAATC,,0.1939,0.1939,2995,2160
GCATTCCGTCAGTATA,Q344N,0.0637,0.0637,92,202
GCATTCTCAAAATGAT,C97F,0.0772,0.0772,32,58
GCATTCTCTCGGAGTA,S480D P489T,0.1038,0.1038,375,505
GCATTGATGTTAAACA,K50L,0.1531,0.1531,1820,1662
GCATTGCAATCTACGA,H354F,0.1119,0.1119,654,817
GCATTGGCACCGTGCC,R397G,0.1717,0.1717,1374,1119
GCATTGTCCCCAATTT,,0.1202,0.1202,110,128
GCATTGTGAAGACGAA,L320W,0.3885,0.3885,25,9
GCATTTAAAAATAGAT,,0.0973,0.0973,1709,2455
GCATTTAAAATTGATC,L108G,0.1165,0.1165,25,30
GCATTTACCAAGTCTT,T318R,0.1620,0.1620,3138,2708
GCATTTACTAAAAAAT,M292F,0.2126,0.2126,605,398
GCATTTCCAACGTTGA,G205K W350N,0.0000,0.0000,0,1
GCATTTCCGAACAAGA,K506A,0.0726,0.0726,109,210
GCATTTGTTGTGTAAC,A218F,0.0628,0.0628,133,296
GCATTTTAAATGGCAC,,0.1718,0.1718,1071,872
GCATTTTAACTAACGA,G330A,nan,nan,0,0
GCATTTTAATAAGTCA,Q12* E479D,0.0000,0.0000,0,3
GCATTTTCCATGCCAG,L7E,0.0741,0.0741,291,549
GCATTTTCGTGAGCCG,A495I,0.1185,0.1185,5688,6712
GCATTTTTGATGATCA,L-1S G376W,0.0000,0.0000,0,2
GCCAAAAAGGTCATTC,Y258L,nan,nan,0,0
GCCAAAAGGGTGCTCT,K125aR,0.1089,0.1089,1156,1484
GCCAAAAGGTGCGTGT,K445L H471K,0.0000,0.0000,0,40
GCCAAAAGTATTCTGT,E-5W R404K,0.0620,0.0620,113,255
GCCAAAATAGCTCAGA,Q211F,0.1514,0.1514,1958,1809
GCCAAACACCTCATAG,Y195F Y448M,0.0000,0.0000,0,4
GCCAAACCCCCTTGTT,,0.0876,0.0876,411,656
GCCAAACGTTTATTGA,T436L,0.0000,0.0000,0,6
GCCAAACTAATCCAAA,S167A R321*,0.0000,0.0000,0,1
GCCAAACTCTGTTAAA,G49M,0.0823,0.0823,93,158
GCCAAACTGAGACTCA,,0.0824,0.0824,535,908
GCCAAAGCTGGAATTG,S356I,0.1740,0.1740,4130,3319
GCCAAAGGACACATAC,A522T,0.0809,0.0809,229,396
GCCAAAGGACCACTGT,I178A,0.0000,0.0000,0,9
GCCAAAGGGAATTTTA,G349L S543R,0.5780,0.5780,62,15
GCCAAAGGTAGGCACA,V82M,0.0000,0.0000,0,45
GCCAAATGCTAAGCCA,S136W,0.3647,0.3647,193,74
GCCAAATGGCCAGTTG,V420A C549Y,0.0000,0.0000,0,6
GCCAAATTAAAGTGTA,I29T,0.3429,0.3429,510,208
GCCAAATTAATCGGAC,M111W,0.0949,0.0949,534,787
GCCAACAAATTAGTAA,K506M,0.1377,0.1377,4588,4658
GCCAACACCTAGCTTT,D63R,0.2290,0.2290,660,403
GCCAACCGACAGGCTA,N193Y,0.1547,0.1547,3452,3120
GCCAACCGATAGAAGC,C546P,0.4450,0.4450,140,44
GCCAACGCACACCCTA,L177C,0.0000,0.0000,0,13
GCCAACGCCCACCAGA,S503Y,0.1000,0.1000,640,895
GCCAACTATTACTCAA,,0.0448,0.0448,134,418
GCCAACTCGAAAAAAA,,0.1430,0.1430,673,658
GCCAAGAATTATTGGA,I202F,0.0461,0.0461,28,85
GCCAAGACCGAACCCT,,0.0998,0.0998,854,1197
GCCAAGAGCCGCCCTA,A253G F469S,1.0000,2.4333,87,5
GCCAAGCAACGATAAT,V88H T266D,0.0000,0.0000,0,26
GCCAAGCATAAGCATA,D27T E273Y,nan,nan,0,0
GCCAAGCTGTTAATTG,F417S,0.0000,0.0000,0,7
GCCAAGTAAAAATATA,E327Y L430M,0.2564,0.2564,649,354
GCCAATACCTGCTCTT,C473A,0.0000,0.0000,0,11
GCCAATAGCAACAACT,G271V V315D,0.0000,0.0000,0,1
GCCAATCAAAATTAGC,W180* A365N V505S,0.0000,0.0000,0,10
GCCAATCGAAAATAAC,I302M,0.1768,0.1768,4998,3953
GCCAATCGCACCTTTC,K50I,0.0836,0.0836,153,256
GCCAATGATCCTAATG,N224K,0.0000,0.0000,0,28
GCCAATGTAAAAATCA,C281F,0.0000,0.0000,0,4
GCCAATGTATTCGTAG,E494Y,0.1441,0.1441,338,328
GCCAATTCAAAATAGA,M230T,0.1490,0.1490,1188,1115
GCCAATTGAAAATAAC,L112C I302M,nan,nan,0,0
GCCACAAAAACCGTCA,R547N,0.0999,0.0999,40,56
GCCACAAAATGAATCT,G100T W421C,0.4195,0.4195,24,8
GCCACAAGAAACGAAC,F148A F232T,0.0000,0.0000,0,1
GCCACAAGGATGCCCA,N443M,0.1656,0.1656,1357,1146
GCCACACAACACAGAG,E500H,0.1507,0.1507,5627,5223
GCCACACAAGTGTCTT,S185P D474S,0.0478,0.0478,451,1319
GCCACACATAATGTTA,D386C,0.2115,0.2115,1697,1122
GCCACACGTTGTGGCA,Q40V,0.0850,0.0850,2077,3416
GCCACAGGGAAGGCTA,L409F,nan,nan,0,0
GCCACAGGTCGCCAAG,,0.0891,0.0891,116,182
GCCACATAAAAGTCCC,Y141F,0.1879,0.1879,8787,6540
GCCACATAAATTGTGT,G68T D419Y,0.0000,0.0000,0,11
GCCACATACACGAATG,F338A,0.2660,0.2660,194,102
GCCACATCAATAACAA,A257P,1.0000,3.7758,27,1
GCCACCAAATCAAAAT,I164K,0.0000,0.0000,0,8
GCCACCAGGTATTAAC,,0.0724,0.0724,610,1179
GCCACCCAAGTTTCGG,H295P K472Y,0.0932,0.0932,2,3
GCCACCCGACTATAAT,G286C,0.0000,0.0000,0,4
GCCACCGCTCGATTTA,K125aD S126I,nan,nan,0,0
GCCACGAACTTATACT,,0.1774,0.1774,7065,5569
GCCACGATGAAAACCT,,0.1988,0.1988,1254,882
GCCACGGACTGATATT,L213D,0.0000,0.0000,0,107
GCCACGTAGGCCCAAC,F439L,0.0000,0.0000,0,77
GCCACTAAAAACAAAG,P58S N401K,0.0000,0.0000,0,1
GCCACTAAAATCATCA,D104W,0.0936,0.0936,720,1076
GCCACTACGCTTTTCA,R321S T370L F469*,nan,nan,0,0
GCCACTCACATAAGGT,,0.1105,0.1105,1308,1655
GCCACTGGAAGCCTAA,N169T,0.1184,0.1184,695,821
GCCAGAACATTGTACT,Q142K,0.4739,0.4739,61,18
GCCAGAATACTTTTTG,,0.1502,0.1502,3101,2888
GCCAGACCTATGAAAC,G275I,0.1695,0.1695,206,170
GCCAGACTAACTAGGC,Q545E,0.1812,0.1812,1407,1086
GCCAGATATTGCTAAG,A188E,0.0863,0.0863,466,755
GCCAGATTATCGTATC,Q344P,0.0686,0.0686,26,53
GCCAGATTCAGTAATA,G362D L437I,0.0000,0.0000,0,9
GCCAGCAGTATCGTTC,,0.2251,0.2251,1663,1033
GCCAGCCTGGCAAGCA,T46*,0.0000,0.0000,0,1
GCCAGCCTGTTTAGTA,E434A,0.2415,0.2415,38,22
GCCAGCGAACTGAGTC,V-2M,0.0000,0.0000,0,13
GCCAGGAAATATTTAT,V34C,nan,nan,0,0
GCCAGGAACGTAGTGC,D95Q,0.2052,0.2052,867,591
GCCAGGAACTATAACA,S492A,0.0679,0.0679,418,861
GCCAGGACAGCCATAA,D77H L427H,0.2632,0.2632,64,34
GCCAGGACCACTTCAC,A242I,0.0688,0.0688,242,492
GCCAGGCACCCTCCAT,,0.1382,0.1382,770,779
GCCAGTAAATATAGGC,P254N D375E,nan,nan,0,0
GCCAGTCAGATGTTCC,Y256L,0.0585,0.0585,87,208
GCCAGTCATAACGATG,,0.1762,0.1762,2034,1614
GCCAGTCTTCCTAGGC,R456V,0.1457,0.1457,2474,2375
GCCAGTTGGAAGGAAC,P99V,0.1112,0.1112,31,39
GCCAGTTTTCAAAAAA,,0.1115,0.1115,725,909
GCCATAAAAATAAGGG,,0.0811,0.0811,152,262
GCCATAACTTTCACGG,T208Q,0.1047,0.1047,649,867
GCCATAATAGCAGACA,*551V,0.0946,0.0946,401,593
GCCATAATCTAATCTA,M346K,nan,nan,0,0
GCCATACTGGATCCTA,R173A,0.2069,0.2069,179,121
GCCATAGAACCGAAAG,E468S,0.2205,0.2205,2584,1639
GCCATAGAACGTATAT,G345A,0.0919,0.0919,447,680
GCCATAGCAGAGAAGC,L-1Q,0.1529,0.1529,152,139
GCCATAGGATCAAGCA,E407S,0.0424,0.0424,47,155
GCCATATAACACTTAT,,0.1451,0.1451,5455,5256
GCCATATAAGGCTAAT,L112S,0.0000,0.0000,0,36
GCCATATAGACCAAAA,S85V T208C,0.0000,0.0000,0,3
GCCATATAGTTCATTA,F469D,0.0000,0.0000,0,5
GCCATATCACCCAACC,G143K,0.1591,0.1591,1476,1297
GCCATCAAGAAAGGAT,T200I,0.0000,0.0000,0,6
GCCATCACAATCCCTA,,0.1241,0.1241,465,524
GCCATCACGGGTTTAG,,0.0693,0.0693,221,446
GCCATCACTGACACCT,,0.0000,0.0000,0,25
GCCATCGGTTAACGCA,I243W,0.0677,0.0677,15,31
GCCATCGTATTTATTT,G205N,0.0000,0.0000,0,6
GCCATCTAATAACAGG,I217V,0.1331,0.1331,2469,2594
GCCATGAACTGATGCA,P145N R435K,0.1155,0.1155,403,488
GCCATGACCGTTACTA,R149G N389Q,0.1425,0.1425,869,853
GCCATGCTAGTGTGGC,,0.1921,0.1921,125,91
GCCATGGGTGCTAATT,I13G,0.0000,0.0000,0,27
GCCATTAAACCAAGCC,N116W G341D,nan,nan,0,0
GCCATTCTACATTGGC,A218D,0.4295,0.4295,43,14
GCCATTGATGCTTACA,D474N,0.0000,0.0000,0,27
GCCCAAAAACCATTCA,R397C,0.1353,0.1353,30,31
GCCCAAACCTCAAATT,Y258C,0.1237,0.1237,123,139
GCCCAAAGACGAAACA,F338P,0.0000,0.0000,0,4
GCCCAAATAGCAAACC,,0.3273,0.3273,330,141
GCCCAAATGTACCATA,L194C,0.0301,0.0301,643,2987
GCCCAAATTTACATGA,E107W,0.0000,0.0000,0,2
GCCCAACACTACATAT,L213G,0.0748,0.0748,160,299
GCCCAACAGCGATGCT,M230L Y351A,0.0000,0.0000,0,2
GCCCAACAGCGTGGCA,S361V,0.1544,0.1544,117,106
GCCCAACTACTCCTGA,N401M,0.1207,0.1207,663,768
GCCCAACTTTTAAACT,Y363K R452I,0.0000,0.0000,0,2
GCCCAAGAACGACAAC,C477I,nan,nan,0,0
GCCCAAGATGAGACCA,S480H,0.0995,0.0995,1214,1707
GCCCAAGGATGAACTA,A532G,0.1555,0.1555,4701,4227
GCCCAAGTCGGGAACT,S270D,0.0000,0.0000,0,1
GCCCAATTATACCTAG,,0.0000,0.0000,0,21
GCCCAATTCCTTTGCA,T219I H354I,0.0000,0.0000,0,1
GCCCACACGACCAAGG,P324E,0.1160,0.1160,677,816
GCCCACAGAACACCAT,I13A L300T,0.0000,0.0000,0,2
GCCCACAGCAGTCACC,S101N R328aD,0.0000,0.0000,0,12
GCCCACAGCGAGTACC,L102F F469R,0.0000,0.0000,0,18
GCCCACGCTCTTACTA,A257R,0.0000,0.0000,0,6
GCCCACTATCGTTCTG,I260W,0.0437,0.0437,170,544
GCCCACTCAACCTAAC,P74S,0.0727,0.0727,491,945
GCCCACTCACGCACCA,T192M,0.2040,0.2040,10355,7099
GCCCACTTAACTGGAG,V315H,0.1696,0.1696,370,305
GCCCAGACTCCCACGA,,0.0000,0.0000,0,18
GCCCAGATGTAAGCTT,V135H I335C,0.7582,0.7582,347,64
GCCCAGTGGTTTAAAA,Y258Q,0.0000,0.0000,0,9
GCCCATACTGATATAA,S126K,0.1314,0.1314,3208,3415
GCCCATAGTAAAAAAC,A218C,0.2389,0.2389,1536,899
GCCCATATAAACTTTA,A425H,0.0830,0.0830,19,32
GCCCATATAGGACTTG,I252D N443K,1.0000,1.0679,84,11
GCCCATATCGATCGGC,G319L R456W,nan,nan,0,0
GCCCATCATACCTGGA,C64R I155Y W537N,0.0000,0.0000,0,6
GCCCATCTGGACCCGA,V285F,0.4711,0.4711,192,57
GCCCATGAATACAGAC,P99S V309E E340M,0.0000,0.0000,0,1
GCCCATGGTTTTACTA,P140Q,0.1218,0.1218,452,519
GCCCATTAAAGTTAAA,R328aL,0.3508,0.3508,148,59
GCCCCAAGTAACCTTG,L497H,0.1882,0.1882,12549,9327
GCCCCAATCGGAAAAT,G465S,0.2166,0.2166,189,122
GCCCCACAAATGCATT,N433E,0.0000,0.0000,0,12
GCCCCACCATAATGAG,Q191R G341S,0.1180,0.1180,27,32
GCCCCACTTTAGAAGT,I374G,nan,nan,0,0
GCCCCAGCGATTAAGA,M75W Y256K,0.0749,0.0749,82,153
GCCCCCAACTTTTCTT,D241H,0.2811,0.2811,388,193
GCCCCCAATGACTACG,T318H,0.1457,0.1457,150,144
GCCCCCACTATTCACA,,0.0712,0.0712,85,167
GCCCCCAGCTCTGAGC,H244Y,0.1460,0.1460,1433,1373
GCCCCCCATTGCACAA,D53V,0.3550,0.3550,33,13
GCCCCCGAACATACCA,,0.1251,0.1251,8540,9547
GCCCCCTCTCGCCGAT,,0.0296,0.0296,57,269
GCCCCGAAATGCCCAA,V481K,0.0000,0.0000,0,9
GCCCCGCAATTGACCG,,0.1521,0.1521,3845,3535
GCCCCGCCTTGTTTCA,,0.1393,0.1393,6583,6607
GCCCCGCGCGTGAAAG,,0.2098,0.2098,246,164
GCCCCGGCTAGAAATA,I548Y,0.2797,0.2797,24,12
GCCCCGTAAAAAAAGT,P74D Y141C,0.2098,0.2098,21,14
GCCCCGTTTAGGCTAC,E190K Y201K G337K R547K,0.1256,0.1256,212,236
GCCCCTAACGTTACCA,I29E,1.0000,inf,23,0
GCCCCTCCGGTTAGTG,S356K,0.1321,0.1321,858,908
GCCCCTGTATAGTTCA,K269R,0.2897,0.2897,11296,5453
GCCCCTGTATCGCATT,Q226Y,0.0000,0.0000,0,23
GCCCCTGTTAAACGAA,G319S I384W,nan,nan,0,0
GCCCCTTAAAACCGTG,A528T,0.1542,0.1542,986,894
GCCCGAAAGCAAGCGC,S85H,nan,nan,0,0
GCCCGACAAAAATAAA,K328cG,nan,nan,0,0
GCCCGACAGTAAAAGG,G143W,0.1342,0.1342,950,990
GCCCGACCGTGCATTC,F417V,nan,nan,0,0
GCCCGACGGGAGCACA,I243G,1.0000,1.6382,82,7
GCCCGAGAGTACACTA,V151G,0.0000,0.0000,0,5
GCCCGCAGATAGAATT,,nan,nan,0,0
GCCCGCATAAGTTCGG,S113R H117D,0.0000,0.0000,0,11
GCCCGCCTAACGTAAT,,0.1469,0.1469,1267,1206
GCCCGCCTTGTAAAAG,N73I,0.1475,0.1475,522,495
GCCCGCTCGTATGGCA,A188D R435V,nan,nan,0,0
GCCCGGAAAGGCGCCC,C281E,nan,nan,0,0
GCCCGGCAATTAGACT,,0.0569,0.0569,435,1070
GCCCGGTTACGTTCGT,,0.2389,0.2389,656,384
GCCCGTAACCTACCTT,L102N,nan,nan,0,0
GCCCGTAAGACCGCGG,C14S F245L,0.0000,0.0000,0,7
GCCCGTACCCCAAGAT,,0.1316,0.1316,112,119
GCCCGTACCCCCTCTT,V261W,0.1353,0.1353,30,31
GCCCGTCACCCCTGGA,S291C W537S,0.0000,0.0000,0,3
GCCCGTCTCTCCTATA,M111C H276P,0.1122,0.1122,377,470
GCCCGTCTTTGATATG,R328bD,0.0000,0.0000,0,23
GCCCGTGAATTCCCAT,W180R,0.0611,0.0611,148,339
GCCCTAACCCTTGACC,E494V,0.1125,0.1125,288,358
GCCCTAAGTAACCGTA,R328bT,0.1826,0.1826,1124,861
GCCCTACTATTGGACG,T23S I517F,0.0876,0.0876,364,581
GCCCTAGGTGCAAAAA,W127Y,0.1562,0.1562,641,574
GCCCTATTCGATTACT,Q344C,0.0827,0.0827,133,225
GCCCTCAGACCCAATC,G333H,0.4077,0.4077,688,236
GCCCTCCCGCATTGTA,K372A,0.0858,0.0858,938,1529
GCCCTCGGTGAGAAGC,H110T Y195W,nan,nan,0,0
GCCCTCTCGCAAACAG,W69P,0.0000,0.0000,0,5
GCCCTGAAGACTAGAG,V36S,nan,nan,0,0
GCCCTGAATGTGGAAT,H244C,0.0000,0.0000,0,24
GCCCTGTTAAACGGTC,,0.0000,0.0000,0,14
GCCCTTACACACAAGA,M413H,0.7875,0.7875,107,19
GCCCTTATCTTACAAA,P125V,0.0000,0.0000,0,8
GCCCTTGAACGGCACA,C14F Y448S,0.0000,0.0000,0,1
GCCCTTGATCTGATCA,L176K E434I,nan,nan,0,0
GCCCTTGCGCCTGTAA,R328aH,1.0000,inf,44,0
GCCCTTGCTCAAGTCA,G225S F399W,0.1402,0.1402,1093,1090
GCCCTTGGCCAACTGA,N289G D441N,0.1140,0.1140,75,92
GCCGAAACATGGCGTA,A425E C546Y,nan,nan,0,0
GCCGAAACCTTTTATA,Y161L,nan,nan,0,0
GCCGAAATAAAAGCGA,,0.0000,0.0000,0,37
GCCGAAATCATATTTT,K498V,0.0524,0.0524,73,195
GCCGAAATCCCTACAT,G134L,1.0000,1.6082,23,2
GCCGAACGCCATACTA,G275N E340Y,0.6060,0.6060,26,6
GCCGAACGTATTGACA,L209Q,0.1340,0.1340,183,191
GCCGAACTAACTCTGA,,0.0000,0.0000,0,27
GCCGAACTAACTTGCG,Q282G,nan,nan,0,0
GCCGAAGCGAACAATA,,0.1374,0.1374,1546,1573
GCCGAAGCGCCTTCTT,S480Y,0.0000,0.0000,0,5
GCCGAAGGACATATAT,S126A,0.2247,0.2247,143,89
GCCGAATGTTATCTAC,G225R,0.1276,0.1276,824,903
GCCGAATTGGCCGTCG,E479R,0.2220,0.2220,3211,2023
GCCGACAAGCGAATGG,G205H D487R,0.4720,0.4720,27,8
GCCGACAGAACGAATT,G416S,0.0494,0.0494,292,827
GCCGAGAAATCGTATT,R229Y,0.3962,0.3962,34,12
GCCGAGAATATAATAT,P82aR,0.4615,0.4615,66,20
GCCGAGAATTAGCCAT,M431I,0.0000,0.0000,0,6
GCCGAGCATATGTCCC,T283C,0.1337,0.1337,7592,7943
GCCGATAGCTAAGGGA,,0.1485,0.1485,549,517
GCCGATATCTAGTATA,I297Q M530C,nan,nan,0,0
GCCGATCACGACAAAA,C76Q E174T,0.0000,0.0000,0,3
GCCGATCCCTAATAAA,N210R,0.0000,0.0000,0,4
GCCGATCGTAAGGACC,L497R,0.1543,0.1543,469,425
GCCGATGAAAAGAATC,F232Y,0.1307,0.1307,8238,8812
GCCGATTATCTGCTGG,W84A,0.0000,0.0000,0,1
GCCGATTCAGCAGCAA,,0.2109,0.2109,2289,1518
GCCGCAACCCACAAGA,I335P I517R,nan,nan,0,0
GCCGCCAACAGAAACA,S167R K367E G416D F469D,0.0000,0.0000,0,19
GCCGCCATAAAACTTT,,0.1415,0.1415,4076,4028
GCCGCCCAAAGAACGA,T35R,0.1341,0.1341,1808,1885
GCCGCCGCATAAGGTG,G376K,0.0979,0.0979,1733,2476
GCCGCCTACATGCGCA,D27S,0.1681,0.1681,702,584
GCCGCGGCCACATTAC,,0.1435,0.1435,2274,2216
GCCGCTAAGCGAACTC,R229L,0.8041,0.8041,46,8
GCCGCTATCGACAATA,I517M,0.1035,0.1035,1325,1790
GCCGCTGTAAGCCCCT,*551V,0.3044,0.3044,111,51
GCCGCTTACTGATAAA,A39D,0.0000,0.0000,0,8
GCCGGAAAGTCGCTGT,Q344M,0.1510,0.1510,3175,2941
GCCGGAGTACATCGAA,R227W Q371P,0.0000,0.0000,0,2
GCCGGGAGCGAATCTA,F118E I267S,nan,nan,0,0
GCCGGGCCACGACCGC,,nan,nan,0,0
GCCGGGTTACAACAAT,,0.1053,0.1053,381,506
GCCGGTACAAGATTTG,,0.2078,0.2078,52,35
GCCGGTATGACCTTCA,N20F,0.0000,0.0000,0,10
GCCGGTCAACTATTGG,L59C,0.0635,0.0635,699,1540
GCCGTAAAAAAAATAG,,0.1404,0.1404,465,463
GCCGTAAGACAAATGA,,0.1725,0.1725,6578,5334
GCCGTAATCCTCGCAG,N73P W127C,0.0000,0.0000,0,3
GCCGTACAATATATAC,H38V,0.0284,0.0284,29,143
GCCGTACTCATCCAGA,N193D Y195C K196R T200A K216R R220G,0.0000,0.0000,0,17
GCCGTAGACACGGATG,L300D,0.6768,0.6768,121,25
GCCGTAGTTAATTGCA,M431W,0.0973,0.0973,469,674
GCCGTATAAAGAGAGT,C97P E432M,0.0000,0.0000,0,1
GCCGTCAATAAGTCCA,,0.1385,0.1385,1434,1448
GCCGTCCTGAAACCGA,,0.1441,0.1441,338,328
GCCGTGCCAGTAATAT,L2T,0.0462,0.0462,166,503
GCCGTGCTGGCGATTT,W153P,0.0000,0.0000,0,11
GCCGTTAACTTCACGA,E31F N464I,0.0000,0.0000,0,24
GCCGTTGAGAATCCGT,M530Q,0.1214,0.1214,1343,1547
GCCGTTTAGTGTTGAA,N73K H295I,0.0000,0.0000,0,4
GCCTAAAAATGCATAC,G49P D419E,0.3221,0.3221,129,56
GCCTAAAATCTCGTAT,R547Y,0.1137,0.1137,664,817
GCCTAAAGATAATCAT,G134W,0.0000,0.0000,0,4
GCCTAAAGTTAGAGCG,I80N T370K F469G,nan,nan,0,0
GCCTAAATACCAGGAA,G275Y,0.1887,0.1887,1448,1073
GCCTAAATTTAGGAAA,C76A,0.3560,0.3560,28,11
GCCTAACAAAAAAATA,,0.1239,0.1239,248,280
GCCTAAGACGTTGACG,A137S E327R,0.0185,0.0185,20,151
GCCTAAGGTCGTATAG,,0.1273,0.1273,1680,1846
GCCTAAGTAATCCAGC,K262aY,0.0000,0.0000,0,44
GCCTAATAAAAAGTAT,S185W,nan,nan,0,0
GCCTAATGCGATATAT,K269W,0.1472,0.1472,745,708
GCCTAATTCAGCCCTT,,0.0000,0.0000,0,84
GCCTACAAATACGAAC,G134K,0.4923,0.4923,257,73
GCCTACAACTATTCTA,P324I A365Q,nan,nan,0,0
GCCTACAGGCAAATAA,S361M,0.1363,0.1363,309,317
GCCTACATGATTGAGT,K372S,0.0939,0.0939,356,530
GCCTACCCAGTTAAGA,E273L Q513C,0.0642,0.0642,235,512
GCCTACTAATTAGCAT,,0.3793,0.3793,339,125
GCCTAGAAAACATGAC,,0.1205,0.1205,4793,5564
GCCTAGAAACAATTCA,,0.1170,0.1170,4185,5004
GCCTAGAATTTTGGAT,Y141W,0.1505,0.1505,1806,1678
GCCTAGCATCAAAACA,V-2T H276V,0.1889,0.1889,882,653
GCCTAGCTAAGTGAGT,T279I R328aH,0.0000,0.0000,0,3
GCCTAGCTGTGAAAAC,G49F,0.1902,0.1902,7015,5158
GCCTATAACAAAAACT,E190G,0.0959,0.0959,371,541
GCCTATACTGATAGTC,,0.0825,0.0825,709,1202
GCCTATATAAACAGGG,A138E,0.2741,0.2741,49,25
GCCTATATAACCTGAA,N33H,0.0557,0.0557,53,133
GCCTATCAAAAGACTA,M111T,0.0000,0.0000,0,29
GCCTATGAGAGCTCTA,T37F T511Q,0.0000,0.0000,0,2
GCCTATGCGAACCAAG,C281S,0.0000,0.0000,0,4
GCCTATGGGAGATTGC,S270T,0.2343,0.2343,568,339
GCCTATGTGTGTTAGA,G303Q,0.0000,0.0000,0,8
GCCTATTGCGCTACAT,T370W,1.0000,3.3562,24,1
GCCTCAAGAAACACGA,L1T,0.0961,0.0961,279,406
GCCTCAAGTAGCAAGT,K411V,0.1369,0.1369,189,193
GCCTCAATAGTCGACA,M30Y N401Q,0.1247,0.1247,608,682
GCCTCACAGGAGTGTA,E414F,0.2151,0.2151,666,433
GCCTCACGAAAGGTGA,,0.0594,0.0594,320,753
GCCTCACGGTTGGTCC,T163I Y486V,0.0000,0.0000,0,3
GCCTCACGTTGATCTT,G484D,0.0935,0.0935,1249,1868
GCCTCATTTAACAAAA,I178Y,1.0000,inf,1,0
GCCTCCAAATTGAGCT,,nan,nan,0,0
GCCTCCAAGCGATGCG,,0.0000,0.0000,0,2
GCCTCCAGGGAAGAAA,,0.1282,0.1282,552,602
GCCTCCATGAAAAAAC,N73C,0.3580,0.3580,64,25
GCCTCCCAGTAAAAAA,N48F,0.1466,0.1466,65,62
GCCTCCGAAAGTAACA,,0.1568,0.1568,2873,2563
GCCTCCGGGCGCACTG,A242F,0.0000,0.0000,0,38
GCCTCCTATACAAGTT,,0.1593,0.1593,1270,1115
GCCTCTAAAAGCACCC,N73M E189D,nan,nan,0,0
GCCTCTACTGTACCAA,T219M H354S,0.1283,0.1283,67,73
GCCTCTAGCTATACAG,Y488L Q545F,0.3439,0.3439,332,135
GCCTCTATATCGCGAG,G100R F439S,0.0000,0.0000,0,1
GCCTCTGAGGCTCGGT,H295M,0.1210,0.1210,251,290
GCCTCTGGCACAGTGA,L176Q,0.2129,0.2129,653,429
GCCTCTGTCTATCCAC,P82aR,0.0000,0.0000,0,2
GCCTGAAGGCTATAGA,D41Q,0.1502,0.1502,651,606
GCCTGACAATCCGTGT,S247T A334T,0.0000,0.0000,0,7
GCCTGAGTGGTATTAT,A138Y,0.4545,0.4545,65,20
GCCTGATCTCTCATAA,I80M,0.0000,0.0000,0,1
GCCTGCAGAACTAGTC,H471V,0.0000,0.0000,0,7
GCCTGCATTGTCCATA,N169R E368D T370A,0.5244,0.5244,15,4
GCCTGGAAAAAACCAT,M478I,0.1639,0.1639,805,687
GCCTGGAAGCGAGCAA,,0.0994,0.0994,219,308
GCCTGGCGCCCTATAT,R404C,0.2223,0.2223,329,207
GCCTGGCTCCCAACCC,N224S,0.1598,0.1598,224,196
GCCTGGCTGCCTGCAA,L102N,0.0000,0.0000,0,2
GCCTGGGGATGATGTT,L213S L462F,0.1405,0.1405,222,221
GCCTGGTAATACCCAA,G143A G337D,0.2797,0.2797,2,1
GCCTGGTTACCCAGAC,,0.0000,0.0000,0,62
GCCTGTAAAACACTAG,F392E,0.1298,0.1298,1854,1998
GCCTGTAAAAGGATTA,Y195S,0.0000,0.0000,0,8
GCCTGTACCAACGCAA,E174P,nan,nan,0,0
GCCTGTGAGCAATGTT,F469*,0.0000,0.0000,0,3
GCCTGTGAGTCGGTTC,I502D,nan,nan,0,0
GCCTTAAAATTAAACA,E508Y,0.1307,0.1307,359,384
GCCTTAAACTAGGGTC,D175K,0.0789,0.0789,986,1748
GCCTTAAATTCCAACT,S383E,0.1481,0.1481,90,85
GCCTTAACTGCCAATT,T208P,0.0000,0.0000,0,7
GCCTTACGATTGACTC,G55C G465C,nan,nan,0,0
GCCTTAGATAATAAAG,I29N,0.0000,0.0000,0,7
GCCTTAGCAGTTAGAG,P306Q,0.0000,0.0000,0,3
GCCTTAGCCCAAGCCC,Y491K,0.0419,0.0419,145,484
GCCTTAGCGCAGGTGT,,0.1758,0.1758,2415,1921
GCCTTAGCGTAGATCT,R397N,0.0000,0.0000,0,9
GCCTTAGGATAGCAAA,E190W,nan,nan,0,0
GCCTTATAAAATATCC,P125C,0.0000,0.0000,0,2
GCCTTATGATGGACAG,I42W,0.0000,0.0000,0,9
GCCTTATGGAGTTTAA,E24W,0.2328,0.2328,2908,1747
GCCTTATGTACACATC,S203G,0.1211,0.1211,2122,2450
GCCTTATTACTGGACC,A19D S85A,0.0000,0.0000,0,1
GCCTTATTTAAAACTT,,0.1009,0.1009,1353,1875
GCCTTCAATAATATTG,N296E,0.0000,0.0000,0,10
GCCTTCGAAGAACCTA,I115A,0.1981,0.1981,17,12
GCCTTCGATGCACCTA,S167A R321A,0.0000,0.0000,0,81
GCCTTCGTTGACTAAC,,0.0679,0.0679,393,809
GCCTTCTAAAAAAAAT,F399C,nan,nan,0,0
GCCTTGAAAACAGTCC,Y17P,nan,nan,0,0
GCCTTGACACTAAAAG,S65G,0.2236,0.2236,4338,2713
GCCTTGATCGCGTCTT,A3I,0.1276,0.1276,1955,2143
GCCTTGTAGAATTATA,,0.1557,0.1557,364,327
GCCTTTAGACAGGTGA,L70E N197L F469R,nan,nan,0,0
GCCTTTATGCTCAATG,E327N,0.0871,0.0871,3484,5592
GCCTTTCATGTAACCA,,0.1069,0.1069,1610,2107
GCCTTTGCACAGTAAA,Q490H,0.1047,0.1047,1187,1586
GCCTTTGTAGAGCACT,Q282M,0.0271,0.0271,50,258
GCCTTTTCACCAAAGC,G181Y,0.0000,0.0000,0,1
GCGAAAAAAATACAAG,N186E T511H,nan,nan,0,0
GCGAAAAATGTGTAAT,R482P,0.0000,0.0000,0,33
GCGAAAAGACCCTTCC,K307H,0.0000,0.0000,0,8
GCGAAACCGAAACCGA,A394Y,0.0000,0.0000,0,34
GCGAAACCTGACTCTC,T28R,0.3335,0.3335,31,13
GCGAAAGCGCGATGGT,K328R,0.0950,0.0950,341,502
GCGAAATAACAAGCAT,S125bC,0.1850,0.1850,41,31
GCGAAATCATGCAACA,,0.0239,0.0239,171,999
GCGAAATTCTGTCTCG,Y308C,0.0000,0.0000,0,1
GCGAACAATCTAGCGT,,0.0463,0.0463,99,299
GCGAACACTGAACGCG,K62E E407H,0.1486,0.1486,1177,1108
GCGAACATAAAAGGTC,E414Q,0.1609,0.1609,1648,1432
GCGAACATACACCGAT,I29V I123D,nan,nan,0,0
GCGAACCAAGAGTGAC,N48L,0.1475,0.1475,1579,1497
GCGAACGACCAAATGT,E190A,0.0000,0.0000,0,4
GCGAACTTAAGCCAAG,V315A D375Q,0.1268,0.1268,4336,4782
GCGAAGAAGTGCACGT,G396W,0.0000,0.0000,0,40
GCGAAGACAATAAAGT,I302T,0.0592,0.0592,116,274
GCGAAGAGATGGCGCT,A334M,0.1763,0.1763,3137,2488
GCGAAGATGCAAAAAT,K269S,0.1223,0.1223,566,647
GCGAAGATTATTTCGA,S442P,nan,nan,0,0
GCGAAGCATAACCCCA,F392V,0.3596,0.3596,36,14
GCGAAGCGGCGACACA,Y258W,0.0000,0.0000,0,105
GCGAAGGAGTCATACT,E255K,0.0000,0.0000,0,1
GCGAAGGGATGGATTT,Y486P,nan,nan,0,0
GCGAATAATACCAGGT,,0.1035,0.1035,191,258
GCGAATATGCGTGAAT,,0.1042,0.1042,2468,3311
GCGAATCCCTCTCTCG,,0.0936,0.0936,603,901
GCGAATCCGATAGCAA,C277Y Y308L,nan,nan,0,0
GCGAATCCTAACGCAT,,0.1174,0.1174,5981,7123
GCGAATCGTAGAGTTA,V347G,0.2062,0.2062,659,447
GCGAATTTAAGAATAC,V82C,0.2513,0.2513,1567,872
GCGAATTTTTTACGAA,,0.1033,0.1033,2372,3212
GCGACAATTCCGGATG,H110Y N172Y I182P,0.0000,0.0000,0,14
GCGACACATTGAACGC,L409F,0.0000,0.0000,0,7
GCGACACCCAAGATCC,T37E,0.0000,0.0000,0,7
GCGACAGAACATTAGG,G376V,1.0000,1.1887,34,4
GCGACAGCCGTTTATA,L176F,0.0787,0.0787,698,1240
GCGACATAGAGAATCT,Q226P L320F M531W,nan,nan,0,0
GCGACATTCTTGATAA,,0.1193,0.1193,452,530
GCGACATTTTAAGTAC,Q142I G341S,0.1951,0.1951,332,238
GCGACCATTAGTTAAT,D95Q,0.1923,0.1923,231,168
GCGACGCAACAATATA,,0.2087,0.2087,673,451
GCGACGGTCTACCTAA,L320M R329A,0.0000,0.0000,0,6
GCGACGTGAAGATAAT,R90Q D241F,0.0000,0.0000,0,47
GCGACTAAAAGCCATG,T37A H38* R452W F467Y,0.0000,0.0000,0,37
GCGACTCACAAGCAAG,D231L,0.0000,0.0000,0,30
GCGACTCATCGGAAGA,Y258R E479C,0.0000,0.0000,0,3
GCGACTCCACTCGTAT,L194A G484F,0.4428,0.4428,114,36
GCGACTGCTGTATTGC,M538R,nan,nan,0,0
GCGACTGGATACAGGT,,0.1410,0.1410,5336,5291
GCGACTGTGTAAAAGA,Y161W S503A,0.0819,0.0819,3690,6301
GCGACTTAATGGAACC,W127G,nan,nan,0,0
GCGAGACTCGTGCGCG,I115C,0.0000,0.0000,0,10
GCGAGAGAGAATGAAT,S10*,0.0000,0.0000,0,7
GCGAGAGGACTGCGAT,H18* G463I,0.0000,0.0000,0,1
GCGAGATATTCAAGCA,T23Q,0.1484,0.1484,3555,3349
GCGAGATTAAAAGTGG,A365I,nan,nan,0,0
GCGAGATTATACGGTA,,0.1269,0.1269,882,972
GCGAGCAGCATACACA,,0.1032,0.1032,31,42
GCGAGCCAAACGTCGT,T279Y,0.1267,0.1267,1891,2087
GCGAGCCATGGTAACT,,0.1196,0.1196,1569,1834
GCGAGCCCTCATCAAG,L7N,0.0000,0.0000,0,83
GCGAGCCGTGGTCTAA,G303L,0.0000,0.0000,0,6
GCGAGCGATTGGCAAA,C546Q,0.1820,0.1820,613,471
GCGAGCGATTTTCTAT,,0.0995,0.0995,2502,3518
GCGAGCTAAATATGCC,R321M T370R F469S,nan,nan,0,0
GCGAGGGTCCTAGCCT,N278K,0.1664,0.1664,144,121
GCGAGTACATAAGGAT,A138Y,0.1930,0.1930,69,50
GCGAGTATCTAGCACA,F469T,0.0000,0.0000,0,8
GCGAGTCCCTACACCA,H117G,0.0000,0.0000,0,15
GCGAGTGACTATAGTA,A373V,nan,nan,0,0
GCGATAAAGATGTTTC,,0.1785,0.1785,300,235
GCGATAACGCATAAAA,,0.2098,0.2098,522,348
GCGATAACGGCTGATG,G228C P284F,0.0000,0.0000,0,17
GCGATAAGCAAATCAG,,nan,nan,0,0
GCGATAAGTTACAACA,,0.0942,0.0942,802,1190
GCGATAATAATTAACT,G49S E393D,0.0453,0.0453,126,389
GCGATAATATCGCCAG,R81I,0.2138,0.2138,4729,3093
GCGATAATTCGGATCG,,0.1054,0.1054,685,909
GCGATACAATCCTTTA,V444P,0.0000,0.0000,0,3
GCGATACCCCACTCTA,L70N,0.0000,0.0000,0,10
GCGATACCTATCACAC,S167F D366L T370N F469L,0.0000,0.0000,0,6
GCGATACTTAGTATGG,P128E R321K K367S T370* R499F,0.0000,0.0000,0,8
GCGATATAAAATTTTG,L122P,0.1904,0.1904,226,166
GCGATATCTTTAAAGA,,0.1817,0.1817,1956,1505
GCGATATTCCCATTTC,N186C,0.0852,0.0852,218,358
GCGATCACAAGTCGTA,P239G,nan,nan,0,0
GCGATCATATGAAACT,V36D Q142H,0.0000,0.0000,0,5
GCGATCCCTAGTAGCC,P215Y,0.0000,0.0000,0,5
GCGATGAATACAGCAC,D375V,0.1568,0.1568,2047,1826
GCGATGCCGACAATAG,,0.0311,0.0311,93,418
GCGATGGTATCAACTA,,0.1207,0.1207,126,146
GCGATGGTTACAACGA,,0.1993,0.1993,687,482
GCGATGTCAATTACAA,E403H,0.9789,0.9789,21,3
GCGATTGAGAAACCCT,,0.1834,0.1834,1740,1327
GCGCAAAAAGTTCTGA,E24S,0.1401,0.1401,572,571
GCGCAAAACGCGTACG,V66C,0.1040,0.1040,851,1144
GCGCAAATCCGTACTA,S167K R321L T370P F469D,0.0000,0.0000,0,27
GCGCAACCATCCGACA,,0.3121,0.3121,154,69
GCGCAAGTAAATAACA,S6Q E501A,0.1640,0.1640,7605,6485
GCGCAAGTGAAGTTAT,G100I V377F,0.0999,0.0999,25,35
GCGCAATACACGAACA,N169D,0.2012,0.2012,803,558
GCGCAATACTGAGAGA,R326V,0.2392,0.2392,655,383
GCGCACAAATAACCGA,Y308W,0.0000,0.0000,0,1
GCGCACCCGTGGTCAA,S146N S509G,0.1289,0.1289,517,561
GCGCACCTCCCGACAA,E106Y K506L,0.3038,0.3038,63,29
GCGCACTAGCCATTAT,G396L,0.0000,0.0000,0,4
GCGCAGAACCAAGTAT,A138S Q226K,0.0727,0.0727,26,50
GCGCAGCCCAATTATA,K387T,0.1602,0.1602,267,233
GCGCAGCGCTATCTCC,,0.1296,0.1296,126,136
GCGCAGTTTGAAGCCA,F399I,1.0000,2.1501,246,16
GCGCATATCCATCATC,T199Q E304K,0.0468,0.0468,101,302
GCGCATGGGTTCCATA,C277S,nan,nan,0,0
GCGCATTATTGTTAGC,A522M,0.0328,0.0328,38,162
GCGCATTCAAGCTATT,,0.1231,0.1231,492,559
GCGCATTCTCGGCCGT,,0.1372,0.1372,736,750
GCGCATTGACGCACTC,,0.0674,0.0674,161,334
GCGCATTTCCCCCAAA,L515K,nan,nan,0,0
GCGCCACACGCCCATG,M478I,0.0000,0.0000,0,64
GCGCCATCAAATATTT,D175I Q454F,0.4013,0.4013,66,23
GCGCCATGCGAAAAGA,,0.1319,0.1319,5449,5777
GCGCCGGGCGGCTCCG,E189C E508D,1.0000,1.2586,261,29
GCGCCGTGATACTACT,N401E,0.0761,0.0761,369,678
GCGCCTCGGCTATTTT,,0.1424,0.1424,1376,1351
GCGCCTGCAATATATG,N169E E368G,0.1393,0.1393,4742,4761
GCGCGACCAACTCCAT,W153Y I517D,0.0000,0.0000,0,4
GCGCGACCCTTGAAAC,H295V,0.6992,0.6992,25,5
GCGCGCAGAACACAAT,G352L,0.1254,0.1254,26,29
GCGCGGAAATATCCAT,,0.0731,0.0731,655,1253
GCGCGGAATTACCTTA,E189W,0.3709,0.3709,3952,1490
GCGCGGCATACCTGCC,Y470M,0.1458,0.1458,7851,7531
GCGCGGTCACAATAAC,K460S,0.1573,0.1573,18,16
GCGCGTAATCAGTACA,N443S,0.0805,0.0805,1038,1803
GCGCGTACCAATACAA,F79W E461V,0.0767,0.0767,74,135
GCGCGTCAGTGCATTT,K411W,0.0000,0.0000,0,8
GCGCTAAAACAATAGT,Y353L,0.0000,0.0000,0,1
GCGCTAAAGAAGACCA,R90S,0.1199,0.1199,438,511
GCGCTAAATGATAACA,N382T,0.1570,0.1570,4030,3589
GCGCTAACTACACGCA,L112R P125A I384W,nan,nan,0,0
GCGCTAACTCATATAT,N408I,0.1301,0.1301,134,144
GCGCTAAGACTATAAG,N289L,0.2299,0.2299,3349,2037
GCGCTAAGTCCAACTG,E414C,0.0000,0.0000,0,11
GCGCTAATAAAACCAA,E304N,0.0839,0.0839,48,80
GCGCTAATTCGGTCTC,I252C,0.0000,0.0000,0,15
GCGCTAATTTACAAAG,S290W W343*,1.0000,3.6359,52,2
GCGCTAGCCCAGCATT,T171A,0.1688,0.1688,35,29
GCGCTATCACAATGAG,W343F,0.2517,0.2517,72,40
GCGCTATTGATGTCAA,E494C,nan,nan,0,0
GCGCTCCACTCTGCCC,N187V,0.1173,0.1173,146,174
GCGCTGGTAACGAATT,N73W,nan,nan,0,0
GCGCTGTACTTAATTA,R329E M431I,0.1512,0.1512,40,37
GCGCTTAAGATCTTCC,,0.1715,0.1715,3036,2476
GCGCTTACAAAATACG,V223P,0.0000,0.0000,0,4
GCGCTTAGGATCAAGG,V420R,0.0000,0.0000,0,16
GCGCTTATGCGAGAAG,E414R,0.5681,0.5681,65,16
GCGCTTCAGTACGAAG,K45F I260C,nan,nan,0,0
GCGGAAAAATCAACTA,G303Y A334V,0.0000,0.0000,0,5
GCGGAAAAATCAGATA,S369G F469C,0.0000,0.0000,0,4
GCGGAAATAGTTAGTT,H355L,0.2507,0.2507,147,82
GCGGAAATGAAAGATA,S167C H295V F469A,0.0643,0.0643,17,37
GCGGAAATTACCCGGA,T199D,0.1619,0.1619,2382,2057
GCGGAACGTATGACCA,W69R,0.0000,0.0000,0,4
GCGGAAGGCGATATCA,L453C,0.1115,0.1115,1382,1734
GCGGAATAATGAGAGA,G345D L544E,0.0000,0.0000,0,8
GCGGAATCCCAAACAC,L176S,0.4755,0.4755,17,5
GCGGAATCGCCCAGAA,Y98M R452S,0.6083,0.6083,87,20
GCGGACCGTTTTCAGG,Y353N,0.1215,0.1215,53,61
GCGGAGAACAACGGAA,N458R,0.1992,0.1992,47,33
GCGGAGCGATATGAGG,W180M,nan,nan,0,0
GCGGAGTACCAGAGTT,,0.1362,0.1362,5148,5285
GCGGAGTCCTCTTGAC,A253P,0.1018,0.1018,1203,1652
GCGGATAAAATTAACA,I217H,0.0823,0.0823,935,1589
GCGGATATACGCAACA,,0.1711,0.1711,3330,2722
GCGGATCATAGTAAAA,E327H,0.1136,0.1136,13,16
GCGGATCCGACTGAAA,,0.2293,0.2293,141,86
GCGGATTTGCGAAACC,L213E,0.1055,0.1055,80,106
GCGGATTTTAATCCTC,F469R,nan,nan,0,0
GCGGCACAATAAATGT,C52S,0.0000,0.0000,0,30
GCGGCACGGATGCGTA,T163P,0.1075,0.1075,1018,1324
GCGGCACGGCTCAATA,N169K R321P T370N L515C,0.0000,0.0000,0,7
GCGGCACTAATACTGG,,0.0937,0.0937,545,813
GCGGCATAGCAAAACG,I335S,0.0000,0.0000,0,9
GCGGCATCGTTGCCAT,G286A Y491S,0.0000,0.0000,0,2
GCGGCATTCAAAAATA,Y141C,0.2016,0.2016,1094,759
GCGGCATTTCCTATAA,H354N,nan,nan,0,0
GCGGCCGCTGGGGATG,F439C,nan,nan,0,0
GCGGCCTTTGACACCA,T485C,0.1590,0.1590,2167,1906
GCGGCGTTAGTAAGGT,I517C,0.0999,0.0999,35,49
GCGGCTACCAGCTTAG,,0.0000,0.0000,0,4
GCGGCTAGTGGCAATA,,0.1748,0.1748,1371,1097
GCGGCTGGCTGATGCC,R90M A218K,0.1619,0.1619,66,57
GCGGCTTCTGCAACAA,,0.1172,0.1172,1138,1358
GCGGGAAGCTCTTTAC,,0.0000,0.0000,0,90
GCGGGAAGGCTAGGTG,K472T,0.1171,0.1171,139,166
GCGGGACAGAATAACT,A144V,0.1328,0.1328,2135,2248
GCGGGACTGCTAGGTA,T520H,0.1661,0.1661,19,16
GCGGGATATTTTGAAT,G330K,nan,nan,0,0
GCGGGCGAAAACCAAT,Q282A,0.0038,0.0038,2,73
GCGGGGACATAGGCCG,K506H,0.1434,0.1434,245,239
GCGGGGCCTAAAACGA,L179V E255M,0.1038,0.1038,95,128
GCGGGGCGTGGGTATT,,0.1509,0.1509,3332,3087
GCGGGTACCCATTATG,M538L,0.1365,0.1365,207,212
GCGGGTGTGTCGGTTA,,0.0975,0.0975,175,251
GCGGGTTAACAGAACG,,0.1090,0.1090,53,68
GCGGTATGACCGCACA,H440M,0.0000,0.0000,0,7
GCGGTCCTCCCGGATG,S167T N322T T370N F469L,nan,nan,0,0
GCGGTCGGGGAACTGA,R321L N424W F469V,0.0000,0.0000,0,3
GCGGTGGTACAGATAT,,0.1427,0.1427,1278,1252
GCGGTTCTAATTCACA,,0.1590,0.1590,83,73
GCGGTTGGCTACAAAA,D264Q G349I,0.0000,0.0000,0,2
GCGGTTGTAGACCCTA,,0.1295,0.1295,828,894
GCGGTTTACCACCTTG,R114A T199N,nan,nan,0,0
GCGTAAACTTGTTCAA,L325M L331W F392A,1.0000,1.6315,35,3
GCGTAAACTTTGATTT,,0.1972,0.1972,5585,3961
GCGTAAATACGGCATC,Y201K,0.0736,0.0736,141,268
GCGTAACGTGCCCTCG,,0.1230,0.1230,5009,5695
GCGTAACTATACTTTT,C14N,0.0000,0.0000,0,6
GCGTAACTCTGACAAA,N410R,0.5361,0.5361,23,6
GCGTAATGACGCACTG,D11N I260P,0.0000,0.0000,0,13
GCGTACAAAACCCTAG,G286R A394V,0.0000,0.0000,0,4
GCGTACACCGGCCGAA,I-3N Y141T I252M,0.0000,0.0000,0,45
GCGTACCCATGGGACA,M268I,0.1492,0.1492,2042,1914
GCGTACCTATCTATAA,N33P,0.0000,0.0000,0,9
GCGTACGCACAATCAC,,0.1593,0.1593,6749,5926
GCGTAGTCCAGTTAGG,L237P A526D,1.0000,1.6606,95,8
GCGTAGTCTTTACATG,T37S A67D K259C,1.0000,1.3518,29,3
GCGTAGTTAACAGAGT,H355R S356G,0.0000,0.0000,0,2
GCGTAGTTATTGAAGT,,0.1197,0.1197,2584,3020
GCGTATACAATGCCCG,G504C,0.0000,0.0000,0,3
GCGTATACTCGTAACT,,0.1682,0.1682,439,365
GCGTATTAAAGTAAAT,E190H,0.0000,0.0000,0,4
GCGTATTAACCGATAT,N458P,0.1974,0.1974,48,34
GCGTATTGCTTGCTGT,G504A,0.1020,0.1020,245,336
GCGTATTTCCAGCACA,R229L,0.0000,0.0000,0,22
GCGTATTTCCTGTCTA,N150F,0.0687,0.0687,557,1134
GCGTCAAGTCTGCACC,T171P,0.1698,0.1698,2368,1950
GCGTCACAATGCTGAA,L133aR,0.0000,0.0000,0,7
GCGTCAGGGACCTTTT,G345I,1.0000,inf,20,0
GCGTCATACCGAGTGC,V-2K P92aV,0.0848,0.0848,413,681
GCGTCATGGACTCTCA,N186R R547I,0.0000,0.0000,0,4
GCGTCATTAGTAACAC,W180N,0.0000,0.0000,0,2
GCGTCCAAGCCAAAAA,,0.1169,0.1169,2159,2583
GCGTCCACATTAAAAA,,0.1688,0.1688,880,729
GCGTCCACGTATATAA,D41M,0.0693,0.0693,156,315
GCGTCCCTACAAAGTG,A287R R321K,nan,nan,0,0
GCGTCCCTTAAGTTGA,A19R Y448N,0.1398,0.1398,22,22
GCGTCGATGCACAACT,K120I,0.1119,0.1119,196,245
GCGTCTACCTGAGTGA,,0.1328,0.1328,1442,1519
GCGTCTCCTATGGCTA,T163P,0.0718,0.0718,1271,2475
GCGTCTCTATCTGTCC,P128S,0.0983,0.0983,2396,3410
GCGTCTTATACTCAGA,K45N K262aD,0.6627,0.6627,109,23
GCGTCTTTCGCTCAAG,G100L V261M,0.0000,0.0000,0,11
GCGTGAAGCACTAAGA,,0.1123,0.1123,884,1101
GCGTGAAGGAAGAGCA,,0.2210,0.2210,98,62
GCGTGAATAATTGCAA,C539S,0.0000,0.0000,0,1
GCGTGACTGAACTCAG,N424F,0.0890,0.0890,21,33
GCGTGATATTTAAATA,,0.1244,0.1244,764,859
GCGTGATGGAGATGAA,N443K,0.0311,0.0311,30,135
GCGTGCCGCCGAACCA,L154M,0.1566,0.1566,84,75
GCGTGCGTAAGCAATA,,nan,nan,0,0
GCGTGCTAATGACAAG,K32S,0.0792,0.0792,505,892
GCGTGCTGAACGTTAT,N278F,0.1132,0.1132,598,739
GCGTGGAAACGTAGTA,R405D,nan,nan,0,0
GCGTGGCAAAACCTGA,L314R,0.0000,0.0000,0,7
GCGTGGCAATGCATTT,K216A,0.0000,0.0000,0,308
GCGTGGTATCCAACAG,S492N,0.1211,0.1211,960,1109
GCGTGTCAACCGGAGT,F118L,0.0000,0.0000,0,2
GCGTGTCATACTACAA,P198M,0.0257,0.0257,165,899
GCGTGTTATTCATGCA,W350G,0.0000,0.0000,0,3
GCGTGTTTCACCTAAA,F332A,0.4149,0.4149,451,152
GCGTTAAAAGAATCTA,M75V P92aY,0.1786,0.1786,175,137
GCGTTAACAAAAACGG,E340F,0.2307,0.2307,33,20
GCGTTAACACCGGTAA,V204F,0.0365,0.0365,94,360
GCGTTACGAAGGATCT,K372G,0.1291,0.1291,60,65
GCGTTATCACTCTTTA,P125H E494Y,0.0994,0.0994,637,896
GCGTTATGTCATTGAA,I236Q E476C,0.1109,0.1109,922,1163
GCGTTCAGGGCTCTGA,D386K,0.0000,0.0000,0,7
GCGTTCTAACTGACAA,I115M I517L,0.9389,0.9389,47,7
GCGTTCTCGCTTAGAC,R404Q,0.0803,0.0803,1175,2047
GCGTTGACTATCATTC,E479P,nan,nan,0,0
GCGTTGGACACGGACG,I406L,0.0754,0.0754,358,664
GCGTTTACATGCAAGT,P198T E407H,0.1606,0.1606,240,209
GCGTTTCAAACGTCGC,,0.1530,0.1530,1570,1435
GCGTTTGGTAAAATAA,K412E,0.0985,0.0985,167,237
GCGTTTGGTACCACCA,F332H,0.0000,0.0000,0,4
GCGTTTTACTTTTGAT,K196C T422Y,0.7591,0.7591,76,14
GCGTTTTAGAATAATA,L314C,0.0000,0.0000,0,6
GCTAAAAAAAATGACA,L300S,0.1001,0.1001,524,732
GCTAAAAACTCAAGAA,W421Q,1.0000,1.2586,63,7
GCTAAAAAGCTAAGAA,M30P T283D,nan,nan,0,0
GCTAAAAATGTATTCC,N169C E327K,0.2073,0.2073,2032,1371
GCTAAAACACTCGCCC,N20K,nan,nan,0,0
GCTAAAACTCATTATT,,0.0715,0.0715,380,743
GCTAAAATAAATGAAT,I-3W,0.0000,0.0000,0,9
GCTAAAATAGAAGACC,C546Y,0.1863,0.1863,2288,1717
GCTAAAATATAAATAA,F469D,0.0000,0.0000,0,6
GCTAAAATCAGGTAAT,R435P,0.0000,0.0000,0,3
GCTAAAATCGTATATA,,0.1413,0.1413,285,282
GCTAAACACGCCCTCT,C14P S543I,0.0000,0.0000,0,11
GCTAAACGAAGGAAAA,L61F,0.1898,0.1898,38,28
GCTAAACTATACACAA,,0.1191,0.1191,1587,1863
GCTAAACTCTGGTCCG,C466E,0.0000,0.0000,0,13
GCTAAAGAGGATGATA,L437M,0.1107,0.1107,2385,3012
GCTAAAGAGTAGATTG,,0.0000,0.0000,0,53
GCTAAAGCCCATGCTA,Y141N,0.1722,0.1722,7883,6400
GCTAAAGTGAGTGACC,L316A,0.0000,0.0000,0,2
GCTAAATAACTAAATA,A495E,0.2564,0.2564,22,12
GCTAAATACCTTACAC,V381M,0.1010,0.1010,804,1113
GCTAAATCCAGTACTT,R114P,0.0000,0.0000,0,6
GCTAAATCTACACAGC,E83W F469E,0.0000,0.0000,0,2
GCTAACAACACCGTAC,A137I,0.0022,0.0022,10,642
GCTAACATACGAAGGA,L43I,0.7192,0.7192,36,7
GCTAACATCCTGCCCC,,nan,nan,0,0
GCTAACATGCTGCACC,L7Q,0.0636,0.0636,2006,4410
GCTAACATTTGTCGAA,L515Y,0.0000,0.0000,0,4
GCTAACCCAATCCCAG,E78C N187F M413V,nan,nan,0,0
GCTAACCTAGTTCACC,M531F,0.2123,0.2123,2048,1349
GCTAACGGGGCACTCC,C277E,0.0000,0.0000,0,5
GCTAACTCAATTACAA,,0.1274,0.1274,2810,3085
GCTAACTCTCAAACAG,,0.1328,0.1328,638,672
GCTAAGAACTGTCTCA,,0.3088,0.3088,552,250
GCTAAGACCTAGTAAA,,0.1917,0.1917,2397,1749
GCTAAGAGTAACACGG,,0.1119,0.1119,52,65
GCTAAGCTATTGTTGA,C14I K328H H471Y,nan,nan,0,0
GCTAAGCTCGCTAGAC,,0.1492,0.1492,208,195
GCTAAGGGGTCTAGAC,,0.0983,0.0983,1113,1584
GCTAAGGTGGAGTGGC,,0.2121,0.2121,860,567
GCTAAGTAAGTGGAGA,K156F A459N,0.0000,0.0000,0,3
GCTAAGTCCTAATGTC,G134Q,0.3312,0.3312,90,38
GCTAATAAACTCAGGA,W153R,0.5594,0.5594,40,10
GCTAATAACAATCTAC,,0.1571,0.1571,3815,3395
GCTAATACCACTGAAC,Y351I,0.0924,0.0924,183,277
GCTAATACCCCAAATA,N250Q,0.0000,0.0000,0,5
GCTAATACTAGAAGGA,S6D H183I,0.0000,0.0000,0,4
GCTAATAGACCATATA,A188R,0.1737,0.1737,5816,4682
GCTAATCAGCAAAAAA,F233E,0.0762,0.0762,1755,3220
GCTAATCATCTAGTAC,S221H,0.5271,0.5271,49,13
GCTAATCCCCGGAAAG,L54E,nan,nan,0,0
GCTAATGTCAATGGTG,A218C S523D,0.8624,0.8624,74,12
GCTAATTAAGAGTAGC,G55S,0.1484,0.1484,969,913
GCTAATTGCTTACTGC,,0.1033,0.1033,4588,6212
GCTAATTTTGGGCAAA,A253C,0.1800,0.1800,8470,6579
GCTACAAAACTGGAAC,V135F G337T,0.0000,0.0000,0,5
GCTACAACCAGACAGG,A144M,0.0000,0.0000,0,22
GCTACACAAACCCAAT,N-4F S185E,0.2187,0.2187,61,39
GCTACACCCTTTAGAA,E83F G345C,0.3437,0.3437,263,107
GCTACACGGTAGTCTA,A3Y,0.1424,0.1424,2738,2689
GCTACACTTGACCGAA,,0.1304,0.1304,1608,1724
GCTACAGAGCAGAAAT,G205T,0.0628,0.0628,31,69
GCTACAGATATTACGG,G349K,nan,nan,0,0
GCTACAGATGGCTCGA,,0.1120,0.1120,4174,5213
GCTACAGCATAAATGG,G16A D231Y,nan,nan,0,0
GCTACAGCTTTATACC,V429Q,0.0000,0.0000,0,9
GCTACATAATGTCCTA,S126W,0.2260,0.2260,3434,2125
GCTACCAACTAAAAAT,D53Q,0.1565,0.1565,4985,4454
GCTACCATCCTAAAGA,C52G E508K,0.0000,0.0000,0,7
GCTACCCGTTACGAGT,Y491*,0.0000,0.0000,0,1
GCTACGAAGTGTAACG,N446Q A526T,0.1284,0.1284,3116,3393
GCTACGAGAATATACA,A93N,0.1632,0.1632,1175,1007
GCTACGGTTAACACAC,A242K,0.2074,0.2074,1554,1048
GCTACGGTTCAATTTG,,0.1256,0.1256,106,118
GCTACTAATACACTAG,G362M V510F,0.1275,0.1275,360,395
GCTACTACCGCTTAAC,,0.0000,0.0000,0,13
GCTACTACGACAGCTC,M230P V395A,0.0000,0.0000,0,4
GCTAGAAAAAGCCCCA,,0.0868,0.0868,103,166
GCTAGAAATAAACAGT,,0.0899,0.0899,715,1112
GCTAGAACTAGCACTG,V151S,0.1426,0.1426,1183,1160
GCTAGACAAACCTGCC,F118P,0.0000,0.0000,0,6
GCTAGACACACAACCA,E24I,0.1269,0.1269,2774,3056
GCTAGAGACGTGAATT,H298M,0.0395,0.0395,26,92
GCTAGAGCAAACAATA,L447T,0.0000,0.0000,0,2
GCTAGATCCCATGATG,V444H,0.0000,0.0000,0,10
GCTAGATCGCAACGCG,,0.1430,0.1430,734,718
GCTAGATTATAAGGCG,,0.0625,0.0625,268,600
GCTAGATTCACAATAT,A93V D241A,0.4637,0.4637,63,19
GCTAGCAACATAATCG,I374C,0.0000,0.0000,0,7
GCTAGCACATCGCTCA,P58H K380D,0.5780,0.5780,62,15
GCTAGCACGAACCGTG,R397S,0.0493,0.0493,74,210
GCTAGCATTAACCAGA,Q40*,0.0000,0.0000,0,5
GCTAGCCATAATGACA,N410K,0.0580,0.0580,51,123
GCTAGCCCTACAATTA,I302P,0.0000,0.0000,0,5
GCTAGCCTTCGATTGC,V285S,0.1184,0.1184,1314,1552
GCTAGCGAATAAGGGC,D11Q,0.0000,0.0000,0,27
GCTAGCGGTAAGGAAT,,0.1859,0.1859,347,261
GCTAGCGTGACAATTG,K506C,0.3030,0.3030,52,24
GCTAGCTGGCTGTACT,W127Y,0.1547,0.1547,1550,1401
GCTAGGAAATTAACAT,S523C,0.0000,0.0000,0,3
GCTAGGAATTCCCTGA,,0.0000,0.0000,0,1
GCTAGGATTAAAACAG,,0.1866,0.1866,986,739
GCTAGGTAATTTAGTA,G275I,0.1532,0.1532,631,576
GCTAGGTATAAAATAT,,0.6293,0.6293,18,4
GCTAGTAACTATCCTG,I115M G263F,0.4771,0.4771,58,17
GCTAGTATGCTCGAGA,R114W,0.1610,0.1610,122,106
GCTAGTCAAAGTGTTT,D53A R547C,0.6842,0.6842,137,28
GCTAGTCCTATAATGC,K387L,0.2237,0.2237,152,95
GCTAGTGTAACTTTAA,I385H,0.2051,0.2051,22,15
GCTAGTGTAGAAAATG,L507I,0.1946,0.1946,917,659
GCTAGTTAACATAGAT,,0.1147,0.1147,818,997
GCTATAAATCGGACCC,M268Y,0.2199,0.2199,184,117
GCTATAACACCTATGC,V309Y E414K,1.0000,1.8879,27,2
GCTATAAGAGCCTCTA,K412L,0.1029,0.1029,1160,1577
GCTATAAGGCAATTAT,,0.1439,0.1439,7604,7392
GCTATACAGGAACCAT,T23N I182L,0.0851,0.0851,168,276
GCTATACTAGAAGGGA,N296D W421L,0.0000,0.0000,0,2
GCTATAGAAAAATTAG,E340G,0.0000,0.0000,0,3
GCTATATACCACCGGA,L331R K498P,1.0000,1.4264,51,5
GCTATATATATAGGGC,N475Q,0.1218,0.1218,3049,3502
GCTATATGCTACGATC,A526V,0.1121,0.1121,590,736
GCTATATTAAAAAACC,E273F S323Q,0.2759,0.2759,515,261
GCTATATTCTTAACCT,T200V,0.1698,0.1698,1496,1232
GCTATATTTTGGCAAC,D104I,0.0602,0.0602,722,1676
GCTATCCAATAGGCAC,,0.2010,0.2010,6275,4365
GCTATCCGATTTAGTT,N21K,0.1878,0.1878,1015,756
GCTATCCTCATAATGT,A39W,0.1822,0.1822,185,142
GCTATCTACTATGCAA,H130F,0.2046,0.2046,79,54
GCTATCTATTAAAATT,G337D,0.3496,0.3496,25,10
GCTATCTGAAAAAAGA,,0.0641,0.0641,60,131
GCTATGAAATGCGAAA,P58T,0.0000,0.0000,0,4
GCTATGACCCGTTCGG,T370V,nan,nan,0,0
GCTATGCCATATAAGG,,0.0831,0.0831,262,441
GCTATGTACCAGACGA,E31Q,0.1697,0.1697,466,384
GCTATGTAGATGCCAA,K262aV T422H,0.0000,0.0000,0,13
GCTATGTTAATCAACA,R404V,0.0000,0.0000,0,7
GCTATGTTATAAATCA,L7K K156P,0.1589,0.1589,25,22
GCTATTAAAAAGTAAC,N408T,0.1433,0.1433,4002,3906
GCTATTAAATGAACGA,,0.1125,0.1125,606,753
GCTATTAACCGTATGA,L154N,0.0000,0.0000,0,2
GCTATTAATCCTCGGT,K32A,0.1538,0.1538,33,30
GCTATTACTACAAACC,Y17Q N379R,0.5128,0.5128,55,15
GCTATTAGAATAAGGG,C64M E119T,0.0000,0.0000,0,6
GCTATTAGTAACTATA,S523N,0.0000,0.0000,0,6
GCTATTATCGAACTGT,I121K N187D,0.0519,0.0519,104,280
GCTATTCTAGCGCCTG,G16*,1.0000,inf,30,0
GCTATTGATATAAATA,G271D,0.1817,0.1817,1891,1455
GCTATTGCGCATCGAC,K262W,nan,nan,0,0
GCTATTTCTCCGAATC,Y512T,0.2289,0.2289,1509,922
GCTCAAAAACTGGCTA,V66S Y258H T436N,nan,nan,0,0
GCTCAAAAAGTCGAAG,,0.0963,0.0963,3580,5201
GCTCAAAATCCTGAGA,,0.1117,0.1117,5618,7036
GCTCAAACTTTTTCGT,A137L,0.0000,0.0000,0,130
GCTCAAAGAATTTGCA,N250R,nan,nan,0,0
GCTCAAAGTGGAAGGC,F118T,0.1149,0.1149,203,247
GCTCAACAAACTAAAA,G228C,0.0289,0.0289,13,63
GCTCAACAAGACAGTT,W153V I550T,0.0000,0.0000,0,4
GCTCAACCAAACTCCA,A3N S361E E432K,0.0000,0.0000,0,6
GCTCAACTCGTAAATA,V56T P215Q,0.0000,0.0000,0,6
GCTCAAGAGATAGTAA,M75V G303E,nan,nan,0,0
GCTCAAGTAAGACTCA,N158E,0.3654,0.3654,8888,3402
GCTCAATACGCTCCTT,,0.1264,0.1264,6165,6821
GCTCACAAACTAGTTA,K328H V481P,0.0000,0.0000,0,1
GCTCACAATCCACTGA,,0.0000,0.0000,0,4
GCTCACAGAAACAGCA,M-6Y,0.0000,0.0000,0,3
GCTCACGTTTCAACGA,,0.1629,0.1629,834,716
GCTCACTAGACAAGAG,W343C,nan,nan,0,0
GCTCAGACTCCAGTAC,,0.1810,0.1810,594,459
GCTCAGAGATGAATAT,T206L,0.0000,0.0000,0,4
GCTCAGAGTAGGACCA,,0.1172,0.1172,1467,1750
GCTCAGATATTCACGG,A532N,nan,nan,0,0
GCTCAGCTAATCCAAA,R321S G342R T370D F469S G484D,nan,nan,0,0
GCTCAGTTAGCTGATA,I4S,0.1398,0.1398,20,20
GCTCAGTTGCCATTCC,S203V,0.0000,0.0000,0,4
GCTCATAAAACAATAA,,nan,nan,0,0
GCTCATAGAACAATAA,,0.1089,0.1089,461,592
GCTCATCATCGACACT,G225C,0.0249,0.0249,32,180
GCTCATGATCACAGTT,K125aF,0.1699,0.1699,5497,4524
GCTCATGGCTTGAGTA,L213A P324I,0.1963,0.1963,3115,2219
GCTCATGTAACTAGTG,D41E P489K,0.0781,0.0781,624,1118
GCTCATTAATACGCGC,Q545H,0.6321,0.6321,113,25
GCTCCAAATTAAATTT,,0.0000,0.0000,0,6
GCTCCACCGTAATCTG,R321L T370E F469S,0.6792,0.6792,34,7
GCTCCAGGTTAATGCA,A144I,0.1576,0.1576,1928,1711
GCTCCATACCAAATAT,T301R F467P,nan,nan,0,0
GCTCCATGATGACAAC,K310C,nan,nan,0,0
GCTCCCAACTCCATGA,C52R,0.0000,0.0000,0,7
GCTCCCAGGCAAATAT,,0.1261,0.1261,5383,5969
GCTCCCCACAAGGTAC,T520C,0.1074,0.1074,1658,2158
GCTCCCCCATGAGAAC,G345E,0.1602,0.1602,181,158
GCTCCCCTCACGGGAT,I166C L525P,0.5734,0.5734,41,10
GCTCCCCTCTTTGGTG,,0.0466,0.0466,73,219
GCTCCCCTGGAACCAT,D175F G286H,0.0000,0.0000,0,1
GCTCCCGAATATTCAC,Q454P,0.6712,0.6712,24,5
GCTCCGAAAATATTAA,K445P,0.0000,0.0000,0,1
GCTCCGCCAATTCTTA,K120L,0.1120,0.1120,582,727
GCTCCGGGAGCGACAA,V429Q,0.0000,0.0000,0,1
GCTCCGGGTGATTGGG,T208S E432K,0.2867,0.2867,41,20
GCTCCTAAAATACAAG,S503Q,0.0959,0.0959,380,554
GCTCCTCTTAGATCGT,,0.2453,0.2453,2456,1400
GCTCCTTAAACATACT,N172W E190* S221G,0.0000,0.0000,0,7
GCTCGAAAGGGTGCAA,K32R,0.1530,0.1530,4801,4389
GCTCGAATTCAGCGGA,L402T,0.0000,0.0000,0,1
GCTCGACCACAGGGCT,F251T,0.0000,0.0000,0,31
GCTCGAGCCTTTGTTA,K498Y,0.2318,0.2318,63,38
GCTCGCATTAAGTCCA,P489D,0.1277,0.1277,6357,6960
GCTCGCCTACACAGAT,I339S,nan,nan,0,0
GCTCGCTTCAGGCCAA,A67W N464C S516G,0.0000,0.0000,0,14
GCTCGGATACAACCAT,L2E S369C,0.0000,0.0000,0,6
GCTCGGCCCCTAATGA,L43T,nan,nan,0,0
GCTCGGCTCCCAACGT,P74H L154G Y448C,nan,nan,0,0
GCTCGGGCGCTATAAT,G100D I155M G396D,0.2237,0.2237,24,15
GCTCGGTTAGTAGAAC,C52P,0.0000,0.0000,0,1
GCTCGTCAATGGCAAA,S383M,0.1190,0.1190,3456,4062
GCTCGTCAATGTAAGA,,0.0000,0.0000,0,26
GCTCGTCGTACCAGAC,V151D,0.9789,0.9789,56,8
GCTCGTCTGTTTAATT,N169I D415Q,0.1590,0.1590,2523,2219
GCTCGTGCCCTTACGA,L112P,0.0000,0.0000,0,2
GCTCTAATGACTGTGA,S10Q T163I,0.0000,0.0000,0,23
GCTCTATGAACATACA,,0.0798,0.0798,700,1226
GCTCTATGAACCATCT,C52K Y256*,0.0000,0.0000,0,2
GCTCTCATTGCAATTG,L2K E468C,0.0000,0.0000,0,2
GCTCTCCATAAAACAA,,nan,nan,0,0
GCTCTCGCATCCCAAC,F469L,0.0964,0.0964,2131,3092
GCTCTCTCACTCAATG,,0.2306,0.2306,1857,1126
GCTCTCTCCCACGCTC,V451Q,0.1591,0.1591,2879,2531
GCTCTGAAATCCCAAC,V36H,0.0000,0.0000,0,19
GCTCTGATGTCCGATG,D175K,0.2393,0.2393,1554,908
GCTCTGCTGTTCTTCT,E393S,0.1680,0.1680,519,432
GCTCTGTAGCCATGAA,V510M,0.1823,0.1823,1237,949
GCTCTGTCAATAAAAA,L176F,0.3470,0.3470,67,27
GCTCTTATCCCTGACT,,0.2098,0.2098,3038,2025
GCTCTTCTTACCGACA,,0.2782,0.2782,380,191
GCTCTTGACCTAAATA,S167N,0.1130,0.1130,1476,1826
GCTCTTTTAACAAACG,L7K P162H I529N,0.2331,0.2331,45,27
GCTGAAAAAATAGGAA,V429F,0.0000,0.0000,0,1
GCTGAAAAAGAAAGGT,K57A,0.2151,0.2151,752,489
GCTGAAAACATTGTAT,,0.1173,0.1173,630,751
GCTGAACAATAACAAC,Y274S,0.9634,0.9634,62,9
GCTGAACAGTGACACA,,0.1412,0.1412,6282,6223
GCTGAACTGCTTCACG,G352T S523R,nan,nan,0,0
GCTGAAGATCTGTAAA,R220N,0.0000,0.0000,0,1
GCTGAAGCGCCACGAT,P140H,0.1325,0.1325,2152,2272
GCTGAATCCCATGTAA,I29S,0.1876,0.1876,110,82
GCTGAATTAACCGGTA,K165M N483L,0.1041,0.1041,5040,6770
GCTGAATTTTCAATCC,K506E,0.2807,0.2807,811,404
GCTGACAAAGACATAG,,nan,nan,0,0
GCTGACATATAACCCG,C52V,0.0000,0.0000,0,15
GCTGACATGGTACGGT,A19K N116S,0.0000,0.0000,0,6
GCTGACCAAAGCTGCC,Q282F G465R,0.0000,0.0000,0,2
GCTGACCACATCTTCA,,0.0950,0.0950,55,81
GCTGACCCATGAAGGG,Y161R,0.0000,0.0000,0,7
GCTGACTATACTCCAC,,0.1065,0.1065,307,403
GCTGAGAACCCAGACT,,nan,nan,0,0
GCTGAGAGCTCTACAG,L507S,0.0000,0.0000,0,4
GCTGAGGCTTCAATCT,M30Y I550C,0.2287,0.2287,829,507
GCTGATAAAAAAGTTA,L325M R329Y,1.0000,1.5732,90,8
GCTGATACCTACCATA,V309E,0.0000,0.0000,0,9
GCTGATATGTTCCCAA,P198D,0.0306,0.0306,945,4315
GCTGATCCGGATGTAT,H47N,0.1433,0.1433,1373,1340
GCTGCAAAATAGCGTA,E31G N408A,nan,nan,0,0
GCTGCAAATAAAATGA,I339E,1.0000,1.9112,41,3
GCTGCAAATACACCCA,H354Y M388T,0.1398,0.1398,27,27
GCTGCAATCTAAACCA,Y363M,0.1275,0.1275,155,170
GCTGCACCTCGAGTAC,,0.0000,0.0000,0,17
GCTGCAGGGAAATAGC,I80T,0.1205,0.1205,662,768
GCTGCCGAAATTCGTC,,0.1368,0.1368,2049,2095
GCTGCCTATAATGAAT,I302V,0.1297,0.1297,908,979
GCTGCGCAATCTCATT,K32N E304W,0.4295,0.4295,43,14
GCTGCGGTTGGTCCTC,V26R A528F,0.5943,0.5943,17,4
GCTGCTTACGTTCTCA,L154D,nan,nan,0,0
GCTGCTTCCTTTTGGT,S524W,0.0000,0.0000,0,12
GCTGGAAAGCAGAATA,T199W,0.1290,0.1290,4690,5084
GCTGGAAATGAATGCG,K216S,0.0538,0.0538,612,1592
GCTGGAAGGAACTCAC,N401I,0.0000,0.0000,0,21
GCTGGAAGTCGTATAA,E174G,0.0000,0.0000,0,2
GCTGGAATCATTAATA,S290G,0.1859,0.1859,2700,2031
GCTGGACCTCACCAAA,L108M P293I,nan,nan,0,0
GCTGGCATTTAAAACG,F118V H130N S523R,nan,nan,0,0
GCTGGCCGCTTAATGT,Y105K K460T,0.1329,0.1329,19,20
GCTGGGGCTGTGTCCA,N401E M413I,0.0000,0.0000,0,50
GCTGGTATAAAGCAAG,N464M,0.1606,0.1606,232,202
GCTGGTCGTCCTTGAT,I297D,0.0000,0.0000,0,16
GCTGTAAATGAAAAAT,R173N V481K G510aE,0.0000,0.0000,0,7
GCTGTATAACTTGAAC,I178P M478N,0.4088,0.4088,38,13
GCTGTATCTACCCGCA,,0.1557,0.1557,2166,1946
GCTGTATTAGAGAGTT,Q12H,0.1849,0.1849,505,382
GCTGTGGCACCAGACA,A522T,0.1089,0.1089,2122,2726
GCTGTTAAGGAGAAAA,E107W,0.0000,0.0000,0,2
GCTGTTGGAGAAGCCG,F332Q,nan,nan,0,0
GCTGTTTACATACGCT,W127S,0.0728,0.0728,214,411
GCTTAAATAGTGATGA,W84M,0.0000,0.0000,0,7
GCTTAAATAGTGATTC,V34A,nan,nan,0,0
GCTTAACCACCAGAGG,N54aP E189P,nan,nan,0,0
GCTTAACCTTTTTAGC,V135E S543P,0.2297,0.2297,23,14
GCTTAATATTTCAGTA,V223E,0.0000,0.0000,0,2
GCTTAATCTGCCCAAA,C477Y,1.0000,2.2375,48,3
GCTTAATTCACAGTAG,,0.2459,0.2459,1025,583
GCTTACACACTAGGCA,G72E A91F,0.1854,0.1854,281,212
GCTTACCACCCGGGCA,,0.0674,0.0674,586,1216
GCTTACCGTAACTTGG,G263D F439Q,nan,nan,0,0
GCTTACCGTCTAAGCT,I123V,0.0318,0.0318,77,339
GCTTACGAGCCTTGAC,K262aS E432K,0.0000,0.0000,0,14
GCTTACTAGTACATAT,I406S,0.0000,0.0000,0,1
GCTTAGACAAACTTAT,Y98E G510aA,0.0000,0.0000,0,4
GCTTAGACGGCGATTA,,0.1121,0.1121,364,454
GCTTAGGAGATAGAAC,G100I,0.0000,0.0000,0,6
GCTTAGTGCATCATTC,K45V,0.1791,0.1791,2198,1716
GCTTAGTTCGAACCTA,G49I,nan,nan,0,0
GCTTATAATTGCAACC,,1.0000,3.4961,25,1
GCTTATATAAAGATGG,H298Q V309R,nan,nan,0,0
GCTTATATGTTATAGG,E31W,0.1474,0.1474,195,185
GCTTATCAATGCGAAA,,0.1957,0.1957,862,616
GCTTATCGGAAGGATC,N-4V L527P C539S,nan,nan,0,0
GCTTATGCTTGCGAAA,T378C,0.0000,0.0000,0,6
GCTTATGTATCTCATG,V395H,0.1769,0.1769,43,34
GCTTATTAAGTAAAAA,T208D,0.0947,0.0947,105,155
GCTTATTATGACTATT,Q25N Y423P,1.0000,16.0820,115,1
GCTTATTCCTTATTAG,P140S,0.2002,0.2002,9989,6976
GCTTCAAACTGCTGAT,,0.1927,0.1927,113,82
GCTTCAACATTAAAAT,K472W,0.1017,0.1017,531,730
GCTTCAACCCGGCAAA,G465L,0.1903,0.1903,49,36
GCTTCACGAGCAAGAC,R149E G360D,0.0000,0.0000,0,1
GCTTCACTACGATAAC,W343R I517P,0.0000,0.0000,0,1
GCTTCACTGCTAGTAT,Q490T,0.1382,0.1382,1991,2015
GCTTCATTGAGCATCC,L102D,0.0000,0.0000,0,3
GCTTCCGAAGCATGTC,L194R,0.4994,0.4994,25,7
GCTTCCGAGACCCGCT,I514A,0.1285,0.1285,906,986
GCTTCCTGTTACCAGC,N186R,0.0619,0.0619,50,113
GCTTCGAGGGCTAAAG,K57E K62E A188H V429E L527A,0.0000,0.0000,0,2
GCTTCGATACCCATCA,G271I,0.0705,0.0705,59,117
GCTTCGATGAATACTA,I166T,0.1630,0.1630,2521,2163
GCTTCGGCATCCAGGA,D449E,0.2017,0.2017,1158,803
GCTTGAAAGAATGAAA,C539M,0.0555,0.0555,152,383
GCTTGAAATAATTATC,P92aW,0.0512,0.0512,374,1022
GCTTGAATGTGTGGTA,T266V,0.0646,0.0646,177,383
GCTTGACATGGGTAAT,N33R,0.2088,0.2088,227,152
GCTTGAGAAATAAGGA,G416I,0.2543,0.2543,20,11
GCTTGAGATTCGAACT,,0.1165,0.1165,864,1037
GCTTGAGGAATAACTA,T511K,0.2213,0.2213,2345,1482
GCTTGAGTTAAATCTA,N172E,0.1217,0.1217,2536,2915
GCTTGATTCTTAAAGA,A287T,0.0000,0.0000,0,18
GCTTGCAATCCAGACT,N48V,0.0586,0.0586,145,346
GCTTGCAATTACAGTT,S85Q G275V,nan,nan,0,0
GCTTGCCTATTGTAAT,L316M R404Q,0.1356,0.1356,286,295
GCTTGCTACATTTACG,F332Y,0.3380,0.3380,29,12
GCTTGCTCTTTAACTT,M268I,0.1738,0.1738,670,539
GCTTGGGAAGGAACAG,Y141V N193I L427R,0.0000,0.0000,0,1
GCTTGGTTAATCTTTC,A373R,0.0000,0.0000,0,10
GCTTGTAAACGTCATC,,0.1294,0.1294,1107,1196
GCTTGTCCGGCACGAG,G337F,0.0000,0.0000,0,5
GCTTGTCGAATGATCT,,0.1632,0.1632,726,622
GCTTGTGCTAATAGAC,N475K,nan,nan,0,0
GCTTTAAACTACATTG,S22K,0.0000,0.0000,0,52
GCTTTAAACTGGACGA,L325H,0.0773,0.0773,299,541
GCTTTAAAGGTATTTC,N187H,0.0211,0.0211,8,53
GCTTTAACACTCTCAT,F147R H183S,nan,nan,0,0
GCTTTAACCACTGCGC,P92aN E500Y,0.0000,0.0000,0,21
GCTTTAAGCATTGGTC,V66S,0.0876,0.0876,181,289
GCTTTACACACACTTC,N48I,0.1181,0.1181,228,270
GCTTTACGTGTTCAAG,,0.0644,0.0644,321,697
GCTTTACTTATGAGGA,N20C,nan,nan,0,0
GCTTTATACATCTCCC,V261N,0.1010,0.1010,1119,1549
GCTTTATGACTCCCAA,,0.1304,0.1304,718,770
GCTTTATGGAAAATGA,L133aS H295I,nan,nan,0,0
GCTTTCAAGTCCCATG,N169T R321V T370L F469R,0.0000,0.0000,0,1
GCTTTCCTCAAAAAGG,S519L,0.9012,0.9012,58,9
GCTTTGAATTACGAGA,A334T,0.0000,0.0000,0,45
GCTTTGCAATGTATAG,Y105E,0.0926,0.0926,658,994
GCTTTGCTTTCAGAAC,S323R,0.2125,0.2125,4843,3187
GCTTTGTGCGGCACTT,L507I,0.1186,0.1186,3292,3883
GCTTTTATCAAATCTA,,0.1126,0.1126,915,1136
GCTTTTGAAAACGCAA,E89P,nan,nan,0,0
GCTTTTGGTAACGACG,,0.1506,0.1506,2661,2471
GCTTTTTGTAACCCCA,F233D,0.0000,0.0000,0,21
GGAAAAAACAGTAGAA,S509Y,0.0000,0.0000,0,52
GGAAAAAACGTACACG,N54aA,0.0692,0.0692,97,196
GGAAAAAAGAATTTAA,S207G C277K,0.0000,0.0000,0,5
GGAAAAAAGTACAGCG,,0.2797,0.2797,242,121
GGAAAAACATTTCTAA,,0.1547,0.1547,2387,2158
GGAAAAAGAACGACAC,S167W S369D,0.0593,0.0593,25,59
GGAAAAAGAGCCGTCA,K50N,0.3929,0.3929,118,42
GGAAAAAGATTTCGCG,E44I,0.1835,0.1835,126,96
GGAAAAATAAGAGCCT,T23L I121A,0.2689,0.2689,25,13
GGAAAAATGATTCTAT,H276D,0.2221,0.2221,3710,2336
GGAAAAATTAATGATC,I335Q,nan,nan,0,0
GGAAAACAACAACATA,S65K,0.3263,0.3263,35,15
GGAAAACAGAGTCTCT,H276W,0.2207,0.2207,890,564
GGAAAACAGTACCAAA,V135R,0.1236,0.1236,1012,1145
GGAAAACATAAATACT,P140C,0.1358,0.1358,2876,2961
GGAAAACCACAATGCG,,0.1890,0.1890,123,91
GGAAAAGAACAATCTG,G463D C466K,0.0000,0.0000,0,18
GGAAAAGCGAACCCTA,N169L G319T T370P F469V,0.0000,0.0000,0,7
GGAAAAGGACACCATT,I-3F Q282F,0.0000,0.0000,0,17
GGAAAAGGAGAAGAAC,N250K,0.0000,0.0000,0,3
GGAAAAGTACCTGTCC,,0.1704,0.1704,1443,1184
GGAAAAGTGCACCTAA,C277Y R328bE A522D,nan,nan,0,0
GGAAAATAAATCACAA,,0.1032,0.1032,2151,2914
GGAAAATCAGGTAGAT,E44H,0.1334,0.1334,1406,1474
GGAAAATGATCTTGAC,D77Y D95G,0.2085,0.2085,1977,1326
GGAAAATGCAGGACGA,,0.0783,0.0783,163,291
GGAAAATGGATCAATG,R329Y,0.0000,0.0000,0,3
GGAAAATGTAACATTA,C466V,0.2175,0.2175,14,9
GGAAAATGTACAATAT,F467H,0.1017,0.1017,686,943
GGAAAATGTTAACAAA,Y258H,0.1517,0.1517,115,106
GGAAAATTCTTTTAAA,K125aT,0.1507,0.1507,166,154
GGAAACAAAGTACGAC,Y518I,0.1474,0.1474,332,315
GGAAACAACGACCTAC,G465E,0.0000,0.0000,0,6
GGAAACACCCTAAACG,,0.0000,0.0000,0,4
GGAAACAGCAACCCGT,Q226N,0.0651,0.0651,54,116
GGAAACATTAACTGTG,,0.0000,0.0000,0,4
GGAAACCAGTAGTATT,,0.1062,0.1062,1562,2056
GGAAACCCGCACTGAG,N357Y,nan,nan,0,0
GGAAACCTCAACAGTC,E44V,0.1139,0.1139,224,275
GGAAACCTGTGGATAG,E255K,0.1767,0.1767,1069,846
GGAAACGTCACAAACA,K156G,0.0637,0.0637,1206,2648
GGAAACTCAGACTCCT,N475C,0.2098,0.2098,306,204
GGAAACTCTTCCCCTC,K262W,0.0000,0.0000,0,1
GGAAACTGCTTAACAT,P254Y,0.0000,0.0000,0,5
GGAAACTGGCATATAC,Y201D,0.0630,0.0630,32,71
GGAAACTGTCACTTAC,N410M,0.6353,0.6353,159,35
GGAAACTTTTGGTCAC,F147G H440I,0.0000,0.0000,0,17
GGAAAGAAAATTACAC,C97H,0.2564,0.2564,11,6
GGAAAGAATGTAATCT,A336T L437S,1.0000,4.6148,33,1
GGAAAGATCCAGGGGA,S167G T370H,0.0000,0.0000,0,2
GGAAAGCAAACATCTG,F392D,0.1017,0.1017,269,370
GGAAAGCCAGTACACG,V8N N312R L428Y,0.0000,0.0000,0,2
GGAAAGCTAAGTCCTG,H38T T279W E327*,nan,nan,0,0
GGAAAGGAAATCGTAG,K109P,0.0000,0.0000,0,4
GGAAAGGTTTAACCAG,N289K,0.1646,0.1646,1560,1325
GGAAAGTAACAATAGA,P162K,0.2989,0.2989,342,160
GGAAAGTATATCTATA,S221R,0.0000,0.0000,0,36
GGAAAGTGGACCCGCC,,0.1277,0.1277,8000,8761
GGAAAGTTATAAATAA,F417V,1.0000,2.7969,60,3
GGAAAGTTGCCCCATC,K216H,0.1047,0.1047,1103,1473
GGAAAGTTTTATTATA,M75L Q391S,0.0486,0.0486,8,23
GGAAATAAGCCAAACT,,0.0783,0.0783,917,1638
GGAAATACCAACACGC,D11Y,0.0000,0.0000,0,4
GGAAATACCTAACGTT,,0.1518,0.1518,2638,2430
GGAAATCATTTAAAGG,P162E,0.2341,0.2341,857,512
GGAAATCTAAGAGTAT,M388T,0.1330,0.1330,504,530
GGAAATCTACCCACAA,,0.1715,0.1715,645,526
GGAAATCTATACCCCG,,0.1403,0.1403,2263,2255
GGAAATGAACCTTGAA,G181V,nan,nan,0,0
GGAAATGGTAGGACAT,Q359I,0.0676,0.0676,234,484
GGAAATGTAACCAATT,V152Q,0.1565,0.1565,7112,6354
GGAAATGTACTAAAAG,A365Y,0.7889,0.7889,299,53
GGAAATTAAGACATGA,T46F F467E,0.0000,0.0000,0,4
GGAAATTGAGGTTAAC,D27K E190H G341R,nan,nan,0,0
GGAAATTGCAAAAAAA,A188W,0.0891,0.0891,598,939
GGAACAAAATCCAAGG,D104F,0.0743,0.0743,76,143
GGAACAAATTGGCGCA,,0.1989,0.1989,3120,2194
GGAACAATAACACCCA,,0.1655,0.1655,21459,18130
GGAACAATACACGGTC,,0.1023,0.1023,668,913
GGAACAATGAATTTGA,Y201C,0.3453,0.3453,516,209
GGAACAATTGGCCACC,Q490W,0.1055,0.1055,80,106
GGAACACAAATAAAAG,A160E,0.1836,0.1836,495,377
GGAACACCCGTACTGA,,1.0000,inf,1,0
GGAACAGCCACATATA,,0.0785,0.0785,390,695
GGAACATGCAAAACTT,,0.1156,0.1156,1122,1357
GGAACCAAATATAGGC,S519E,0.0000,0.0000,0,5
GGAACCAAATGTAAAC,C97W D366T T370W,nan,nan,0,0
GGAACCAATGATTGTT,,0.1611,0.1611,560,486
GGAACCAGAATGTCTC,S167G R321Y K367P T370V F469L,0.3196,0.3196,16,7
GGAACCAGAGCTGAAT,V505Y,0.0000,0.0000,0,3
GGAACCATTTACAAAA,V36G,0.0000,0.0000,0,3
GGAACCCCAAAACATT,I384F,0.9535,0.9535,75,11
GGAACCCTATAGCTGC,,0.0916,0.0916,1068,1630
GGAACCGATGCAAACT,Y195N,0.0000,0.0000,0,3
GGAACCGCCCCTGTAA,E273N,0.1755,0.1755,2665,2123
GGAACCTTTACAGTTG,,0.1526,0.1526,2830,2594
GGAACGAACAAACAAT,L316H,nan,nan,0,0
GGAACGAATCAGCCAT,W153N,0.0000,0.0000,0,5
GGAACGGGTAAAACGG,D63Q,0.0000,0.0000,0,41
GGAACGGTTAAATTTA,I217N L418R,nan,nan,0,0
GGAACGTAAATGTTTT,Y351T,0.0000,0.0000,0,12
GGAACTAACAGTGGTA,N382H,0.1712,0.1712,82,67
GGAACTAATAACAGGT,,0.0524,0.0524,48,128
GGAACTCATAGACTAT,S519W,0.0000,0.0000,0,3
GGAACTCCAGCTCTCA,V510E,0.1448,0.1448,2436,2352
GGAACTCTAAACAACG,D77C,0.2568,0.2568,1836,1000
GGAACTGGTACCGATT,C546D,0.0000,0.0000,0,33
GGAACTGTATCTCATA,P74K S136G,0.0000,0.0000,0,30
GGAACTTCCTGCCAAG,H298N T422M,0.0000,0.0000,0,1
GGAACTTCTAGGCAGT,G362C A365C,0.0000,0.0000,0,5
GGAACTTGATCACGAT,I115D,0.0000,0.0000,0,4
GGAAGAAAATATAACA,G333R,0.1229,0.1229,58,66
GGAAGAAACAATGACT,V8W,1.0000,3.0766,22,1
GGAAGAAGGCGGTGAC,,0.1601,0.1601,7060,6165
GGAAGACCAACTCCCC,A495Q,0.0798,0.0798,73,128
GGAAGAGAATCTTGAA,V5H,0.0859,0.0859,309,503
GGAAGAGACACTGACT,,0.2125,0.2125,269,177
GGAAGATCGCTTTCAT,A287M,0.0000,0.0000,0,1
GGAAGATTAAATGTGC,C14F S65N,0.2641,0.2641,34,18
GGAAGCAAAAGTTATA,G134L,0.5094,0.5094,51,14
GGAAGCACACGTCACA,P74I Q371P,nan,nan,0,0
GGAAGCAGGCATACAG,T208S,0.1038,0.1038,921,1241
GGAAGCAGTGGGTTTT,Y274M,0.2229,0.2229,220,138
GGAAGCCAACGGAAGG,T378E,0.0717,0.0717,41,80
GGAAGCCAAGCTTAAC,E78S V420G,nan,nan,0,0
GGAAGCCACAATGGTC,,0.0664,0.0664,158,333
GGAAGCCAGAAAGGAA,S480P,nan,nan,0,0
GGAAGCCATTTCCACC,L7F G263D,0.0000,0.0000,0,5
GGAAGCCGATTACCCG,W84R G416D S519K,0.0000,0.0000,0,10
GGAAGCGCGCTAGGAT,A334W,0.6013,0.6013,86,20
GGAAGCGCTCCTGGCC,K472N,0.1913,0.1913,119,87
GGAAGCTAACAGCACG,A214T,0.0467,0.0467,252,754
GGAAGCTATCTTTCGG,K307E,0.1495,0.1495,62,58
GGAAGCTCGATCTCAT,A521I,0.1418,0.1418,1875,1849
GGAAGGAAATTTGATG,I514Q,0.0449,0.0449,18,56
GGAAGGAGCAGAGCAG,L300T,0.1337,0.1337,567,593
GGAAGGATCAAATACC,,0.1596,0.1596,2155,1888
GGAAGGCGAATGCCTC,C477Y I548N,0.0000,0.0000,0,5
GGAAGGGTCACTCGAA,F251S N458Q,0.2797,0.2797,16,8
GGAAGGTGCTCCAACT,N410V,0.0000,0.0000,0,6
GGAAGTAAAATCACAA,I217H D474V,0.0000,0.0000,0,24
GGAAGTTAAATGCGAA,A67K C549Y,0.0000,0.0000,0,18
GGAAGTTAGTGCCACA,M-6S,0.0000,0.0000,0,32
GGAATAAAATCGACGA,R149M,0.0556,0.0556,266,669
GGAATAAGAAGGAGTA,L497I,0.1201,0.1201,1626,1893
GGAATAAGGATTAAAG,,0.0674,0.0674,27,56
GGAATAATACATGTTG,E434M,0.2360,0.2360,27,16
GGAATACACTTTCTGT,,0.0982,0.0982,574,817
GGAATACAGCGAACGG,V429R,nan,nan,0,0
GGAATACCAGTAAACA,S383N,nan,nan,0,0
GGAATACCCCGAGGGA,,0.1217,0.1217,4169,4792
GGAATACTGAAAACAG,A373D S524N,0.0000,0.0000,0,2
GGAATAGGCATAATTC,Q226L,0.0728,0.0728,77,148
GGAATATATCGGTCCA,,0.1064,0.1064,1239,1628
GGAATATCCACTAGAC,S167K G319M,0.0000,0.0000,0,12
GGAATATGAGTTTCTT,Q282I I385Y,0.0000,0.0000,0,7
GGAATATTATGCACCA,Y168L,0.0776,0.0776,96,173
GGAATCACACGGCAAA,K57R A214S,0.1169,0.1169,2021,2418
GGAATCAGCACAACCA,,0.1082,0.1082,2839,3669
GGAATCCATTAAAGAT,Q344R,0.2627,0.2627,310,165
GGAATCCTAAAAACTA,K412R,0.5575,0.5575,295,74
GGAATCGTCATAGGAA,,0.0739,0.0739,524,991
GGAATCTCACCTCAAT,L51P,nan,nan,0,0
GGAATGAAGAAGCGGC,,0.1368,0.1368,45,46
GGAATGAATATATTTC,S167T V204E K262aM M538D,0.0000,0.0000,0,4
GGAATGAGGAACCGAG,,0.1474,0.1474,1213,1151
GGAATGATCCTTTGAA,P293R,0.7167,0.7167,41,8
GGAATGCAAACCACCT,K498G,0.1179,0.1179,9518,11286
GGAATGCGTCAAGCCG,F338G,0.0000,0.0000,0,33
GGAATGGATACATCTG,E83F Y486R,0.0000,0.0000,0,6
GGAATGTAAACAGATT,G463Q,0.0000,0.0000,0,33
GGAATGTAAGACCAAG,N424E K498R,0.1331,0.1331,3510,3689
GGAATGTAAGTCAATG,F338G,0.0000,0.0000,0,3
GGAATGTGTATTTATG,,0.1411,0.1411,227,225
GGAATTAAAGAAACAT,Y351E,nan,nan,0,0
GGAATTACTGACACCT,R404D,nan,nan,0,0
GGAATTAGAAAAATAA,N322Y T370M G510aF,1.0000,3.2164,23,1
GGAATTCAACCCCAAT,T283Y N483T,0.0000,0.0000,0,2
GGAATTCACGTGTTAA,Y98H,0.0619,0.0619,27,61
GGAATTCATACCTTAG,Y161D N410Y,0.0000,0.0000,0,13
GGAATTCGCAGTAGAA,G225R L497R,0.0862,0.0862,148,240
GGAATTGAACGTGTTG,Q371L,0.3954,0.3954,164,58
GGAATTGCTTTAATAC,I13V,0.1408,0.1408,1226,1218
GGAATTTAAGTTGATG,R149P,0.0000,0.0000,0,1
GGAATTTACAAAAAAC,V26Y,0.0000,0.0000,0,1
GGAATTTTGGCGATAG,,0.1780,0.1780,3155,2479
GGACAAAAAATTCCGT,,1.0000,4.0555,58,2
GGACAAAAACACATGT,K506I,0.1536,0.1536,1792,1631
GGACAAAAAGAAATGA,,0.1409,0.1409,1301,1291
GGACAAAAAGAACGCA,Y17S P215W,nan,nan,0,0
GGACAAAACCCCGATT,L427R,0.0000,0.0000,0,5
GGACAAAAGCCCAGCA,,0.2045,0.2045,4070,2783
GGACAAAATCCAGCAC,C477K,0.0000,0.0000,0,2
GGACAAAGAGGTTAGC,N250M,0.0000,0.0000,0,26
GGACAAAGGAATAGAG,I121E,0.1772,0.1772,1341,1058
GGACAACATTGGAGAC,E131P,0.0000,0.0000,0,8
GGACAACCATTAAAGC,V285E,0.0012,0.0012,1,116
GGACAACGATGACCCA,R81H T436I,0.3814,0.3814,30,11
GGACAAGGAAAACCCG,T219G,0.2210,0.2210,1942,1229
GGACAAGGAGTCAGAC,,0.0809,0.0809,295,510
GGACAAGGGAAATGAT,S503M,0.0000,0.0000,0,4
GGACAAGTAGATCACC,K387T,0.1643,0.1643,2628,2237
GGACAAGTGCACTAAT,V204K,0.0000,0.0000,0,5
GGACAATCTAATAGTA,N296Q F469L,nan,nan,0,0
GGACAATTCGACTCTC,C64G,0.0000,0.0000,0,6
GGACACATATGTGAAT,E78P,0.2718,0.2718,995,512
GGACACATTTTCCGAG,,0.1981,0.1981,68,48
GGACACCGCTAAAGCG,S442H,0.0586,0.0586,44,105
GGACACGAAGCTTCTG,,0.1298,0.1298,4343,4678
GGACACGATCCGAATG,V377C,0.0284,0.0284,24,118
GGACACGCCACATCAG,G49F H354G,0.1607,0.1607,54,47
GGACACTAATAACAGT,,0.0931,0.0931,2860,4294
GGACAGAAAGTGATCG,E398V,0.6371,0.6371,41,9
GGACAGAACTCACTAA,L54K,nan,nan,0,0
GGACAGACAAATGTAG,I29S E403H,0.0000,0.0000,0,10
GGACAGATACAGGAAG,,0.0240,0.0240,12,70
GGACAGCTCTATTCTT,A144F I514Y,0.0874,0.0874,20,32
GGACAGGAACAAACAT,K262aS,0.1289,0.1289,626,679
GGACAGTGAGCAACTT,T283N,0.0000,0.0000,0,6
GGACAGTGGTTTCGAG,N446C,0.0814,0.0814,480,825
GGACATACGCTCTATC,L209V,0.3719,0.3719,250,94
GGACATAGTACGGATC,N33H,0.0913,0.0913,402,616
GGACATATGATCGCCC,T171Y,0.2461,0.2461,1596,907
GGACATCCGATGTGTT,,0.0566,0.0566,98,242
GGACATCCGCATCATC,K32N G100D G465E K472A,0.0000,0.0000,0,3
GGACATGATGTCTATA,G49V,nan,nan,0,0
GGACATTAAACACTAA,S290W,0.0000,0.0000,0,4
GGACATTACTAATAGT,K380G,0.1042,0.1042,38,51
GGACCAAATAAATCAT,H130A,0.0000,0.0000,0,14
GGACCAAGGTGAGATA,K62E G143Y,0.2465,0.2465,5104,2895
GGACCAATGTTACGTG,,0.1761,0.1761,34,27
GGACCACAACCTTTAG,V135W,0.4849,0.4849,2032,586
GGACCATAATCATAAC,,0.1280,0.1280,1843,2013
GGACCATTAGAGCCCA,T200H,0.0000,0.0000,0,2
GGACCCAACTTGGTTC,,0.1978,0.1978,331,234
GGACCCAAGCACTCTG,D27P,0.0000,0.0000,0,3
GGACCCAGCGGTTCTT,V347G,0.2811,0.2811,969,482
GGACCCATTATGGAGA,,0.1201,0.1201,2056,2394
GGACCCATTGGCGAAC,L194Q,0.3445,0.3445,202,82
GGACCCCCTATATATT,H38R L462M,0.0592,0.0592,786,1856
GGACCCGTGAGAGTCC,I15D,0.0000,0.0000,0,4
GGACCCTATAAATCAT,,nan,nan,0,0
GGACCCTGTGCTTAGC,K165F,0.0579,0.0579,735,1775
GGACCGCGCAAGCCGA,,0.1649,0.1649,2195,1861
GGACCGCTAGGTCCTA,P489S,0.1042,0.1042,485,651
GGACCGTCTCGCACTT,K412N Y512V,0.2397,0.2397,168,98
GGACCGTGTAACCGCA,V223R,0.1901,0.1901,2790,2052
GGACCTACGACTGAGC,T370H F469N,0.2913,0.2913,25,12
GGACCTTCTTATACAT,Q371R E407Q,0.1934,0.1934,166,120
GGACGAACGAAGTTGA,T219Q,0.0468,0.0468,145,433
GGACGAAGGAGAAACG,A138Y,0.0000,0.0000,0,4
GGACGAAGTGCAATAG,L54W,0.0792,0.0792,64,113
GGACGAATTGATCTCG,V315N,0.0809,0.0809,162,280
GGACGACAGAACATTT,G330R,0.0000,0.0000,0,11
GGACGACGTCGGCAAA,F118R,1.0000,1.0721,23,3
GGACGACTAACTAATG,,0.1784,0.1784,1843,1445
GGACGATCATCTACCC,E189K,0.3275,0.3275,1138,486
GGACGATTACCGAGCG,L43D,0.2098,0.2098,30,20
GGACGCACTCAAATCT,Y308N,0.4720,0.4720,27,8
GGACGCCGTGAGATGA,,0.1187,0.1187,112,132
GGACGCTAAAATACGG,E434Y,nan,nan,0,0
GGACGCTAGAAAAAGA,,0.1664,0.1664,169,142
GGACGCTGTTTAACAA,,0.0986,0.0986,380,539
GGACGGAGCAGATGAC,,0.1509,0.1509,601,557
GGACGGCGAGTATTTA,D95W,0.1170,0.1170,41,49
GGACGGGCCAAACTAG,L70P,0.2997,0.2997,15,7
GGACGTAAGTGAAACC,H18F V377P,0.0000,0.0000,0,8
GGACGTAGATTACGAG,R499H,0.1302,0.1302,2253,2420
GGACGTCAGAATTCCT,L179G,0.0000,0.0000,0,13
GGACGTCCTATATCCA,G510aD L544Q,0.0000,0.0000,0,10
GGACGTGAACTTTAAC,I80L E479W,0.2411,0.2411,3683,2136
GGACGTTATGTTGGAA,V135I,0.1825,0.1825,107,82
GGACGTTTACCTCGTC,,0.1530,0.1530,3303,3018
GGACTAACCGTGACGC,F79G,0.0000,0.0000,0,9
GGACTAAGTCACCCAA,L194V,0.0000,0.0000,0,105
GGACTAGCAAAAACAC,I-3A K259E,0.0605,0.0605,941,2175
GGACTAGCCCAGGGAC,H117T,0.1449,0.1449,1318,1272
GGACTAGCTGACTTGG,G463Q,0.0455,0.0455,54,166
GGACTAGTACCCCCTA,T28R,nan,nan,0,0
GGACTATAAATAAGGC,D63F,0.1485,0.1485,223,210
GGACTATCGTTCATCC,A19H D104T N197K,0.0000,0.0000,0,2
GGACTCAAGAATAATG,K9M,0.1589,0.1589,1208,1063
GGACTCCGAGGTGCCC,R321S W350L T370P F469G,1.0000,1.9578,28,2
GGACTCCGCCAAAGAT,H183N G352V,nan,nan,0,0
GGACTCCTTCACCCGG,S442W,0.1439,0.1439,1279,1243
GGACTCTACGTATTCA,M388W I514N,nan,nan,0,0
GGACTCTGTTAGACCA,D104M,0.1435,0.1435,1340,1306
GGACTGAATATGCTTC,,0.1638,0.1638,2362,2016
GGACTGAGTTAGGCTA,,0.1588,0.1588,536,472
GGACTGATATCGCAAG,A91Q,0.1954,0.1954,3242,2320
GGACTGATGCGAATCA,A91L I252E,nan,nan,0,0
GGACTGCCGGTATATC,,0.1270,0.1270,6700,7377
GGACTGCGCCATTGAA,P306M Y448G,0.0000,0.0000,0,10
GGACTGCGTTATTTAC,,0.1909,0.1909,1118,819
GGACTGCTAGACAAAT,N116G,0.1165,0.1165,180,216
GGACTGGGCCAGATAC,,0.0000,0.0000,0,1
GGACTGTAAGGTTTTG,D95F,0.1036,0.1036,20,27
GGACTGTAGACTGAAC,Q359A,0.3587,0.3587,295,115
GGACTTAAAACTCAAA,,0.1441,0.1441,238,231
GGACTTACAACCCAGT,A3H,0.0170,0.0170,4,33
GGACTTATTTTGTTGT,R456N,0.0000,0.0000,0,92
GGACTTCGAATCTTAA,K120I,0.1013,0.1013,751,1037
GGACTTGCTCCAATAC,S270C,0.1528,0.1528,1145,1048
GGACTTGGAGTAGACG,,0.1840,0.1840,567,431
GGACTTTTGGGTTTAT,S480C,0.1212,0.1212,844,974
GGAGAAAAAAGTTACC,C477F,0.0000,0.0000,0,3
GGAGAAAAAATCCTGG,A3K,0.2797,0.2797,32,16
GGAGAAACTGGGGTGT,G342M,nan,nan,0,0
GGAGAAATATAATTTC,K506Y,0.0966,0.0966,228,330
GGAGAAATCCTCCCGT,K412G,0.0000,0.0000,0,27
GGAGAAATCGTAAAAA,,0.1398,0.1398,56,56
GGAGAAATGGCAGTAA,P306G,0.1224,0.1224,1034,1181
GGAGAACCCCTAACGC,D27G Y86W,0.0000,0.0000,0,1
GGAGAAGAAAAGATAA,S101D K412C,0.4458,0.4458,51,16
GGAGAATATTTAAAAC,V420M,0.0000,0.0000,0,16
GGAGACAACAGCGTGT,L70W,nan,nan,0,0
GGAGACACAAATTCAG,E24P,1.0000,3.4961,50,2
GGAGACACATCATATC,R90E Q222D,0.0352,0.0352,437,1737
GGAGACATACAAAAAT,E-5F Q344* Y353D,nan,nan,0,0
GGAGACATACTGGATG,G362D,0.0734,0.0734,21,40
GGAGACATCCATACGC,E44C S523P,0.0000,0.0000,0,11
GGAGACCTAGACCTAT,T35A,0.1033,0.1033,4896,6626
GGAGACTATAGGTTAA,I202R R499S,0.0000,0.0000,0,29
GGAGAGAATGATGTGT,A218T,0.0308,0.0308,15,68
GGAGAGGGGGTACAAT,A532D,0.0000,0.0000,0,2
GGAGAGTAGTCATACC,Q142D,0.1499,0.1499,2000,1866
GGAGAGTCCTAGCTAA,I202K K445C,nan,nan,0,0
GGAGATAACATCGGCG,C281A,0.0000,0.0000,0,3
GGAGATAACCACACAG,A394F,0.1810,0.1810,22,17
GGAGATACCGTTAATT,L133aW I374Q,0.3073,0.3073,3378,1537
GGAGATCATGAACCGG,L-1A N401T,0.0791,0.0791,176,311
GGAGATCCAGTATATG,,0.1680,0.1680,167,139
GGAGATGAAGTGTTAT,A39R R114Y,0.0000,0.0000,0,12
GGAGATTACCAAAGGT,R326M,0.1535,0.1535,4417,4024
GGAGCAAATGAGCAGT,R397V,0.0000,0.0000,0,20
GGAGCAATTATATAGT,L176D,0.0000,0.0000,0,5
GGAGCACGCGGTATTC,V88Y,nan,nan,0,0
GGAGCAGAAGAAAATA,,0.1721,0.1721,892,725
GGAGCCAAATGTATGG,V26T,0.0000,0.0000,0,23
GGAGCCACCTCACTAA,K472N,0.0681,0.0681,76,156
GGAGCCAGACAAACAA,A521D,0.0832,0.0832,25,42
GGAGCCAGTATCGAAA,P162T,0.1014,0.1014,287,396
GGAGCCCGCAACATAT,L497D,0.1212,0.1212,397,458
GGAGCCGAGAATTCAG,R452C,0.0470,0.0470,76,226
GGAGCCGTGTACTGAT,,0.0904,0.0904,1850,2861
GGAGCCTAAAAGGTTT,A138V R328bC,0.0063,0.0063,61,1363
GGAGCCTAGAAAAGAC,R329G,nan,nan,0,0
GGAGCCTATAAGTATC,E414T,0.0000,0.0000,0,39
GGAGCCTCCATATACA,F118E,0.1573,0.1573,9,8
GGAGCGAACAAACTGA,,0.0813,0.0813,132,227
GGAGCGAGCGATGGGA,N296I,0.0000,0.0000,0,27
GGAGCGGATTAATTTA,Q142H I178Y R482W,0.0000,0.0000,0,4
GGAGCGTCAAACTTAT,V34Q,0.2447,0.2447,35,20
GGAGCTATACGAGGAA,,0.1530,0.1530,2515,2299
GGAGCTGGAAGCTCCT,N-4I,0.0609,0.0609,47,108
GGAGCTTTACGCGAGC,D241A,0.3108,0.3108,80,36
GGAGGAAAAACGCTGA,V56K R456A,0.1674,0.1674,1270,1061
GGAGGAATTTTCCATC,A39W,0.1414,0.1414,2478,2450
GGAGGACACGAACTCT,G319Y,0.0000,0.0000,0,1
GGAGGACTTTCTGACA,H295D,nan,nan,0,0
GGAGGATATAACAAAG,P284K,0.0365,0.0365,206,790
GGAGGCATCGTTATGT,V135W E358A,0.4302,0.4302,243,79
GGAGGGAACCAGATTG,I339D,0.0000,0.0000,0,11
GGAGGGAGCCAACTAA,,0.0758,0.0758,128,236
GGAGGGCACAAACGAC,V347G,0.3194,0.3194,1535,672
GGAGGTATGAACTACG,D438A,0.1105,0.1105,4243,5369
GGAGGTGATGACGTAA,Y17F,0.0733,0.0733,924,1764
GGAGGTGCCGGCTCCA,M530C,0.3101,0.3101,2794,1260
GGAGGTGGAATGCGTT,P215V,0.0000,0.0000,0,141
GGAGTAAAACACCTGT,,0.0902,0.0902,532,825
GGAGTAACCACCCTAT,L133aN V152E,0.5535,0.5535,95,24
GGAGTAAGAAGTAGGG,S323P,0.0979,0.0979,1349,1927
GGAGTAAGAATGGTTT,P293L,0.0000,0.0000,0,6
GGAGTAAGAGAGCAAA,E189H S291Y,0.1120,0.1120,852,1064
GGAGTACAAGCCTACA,,0.0914,0.0914,68,104
GGAGTACACTCTAGAA,E327C,0.1252,0.1252,590,659
GGAGTACCCTCGTCGT,E479W,0.1524,0.1524,823,755
GGAGTACTTCCGAAAC,D104P D419M,0.0000,0.0000,0,63
GGAGTAGACGTAGTAA,W69E L544P,nan,nan,0,0
GGAGTAGCCAGATGAA,A373H D487N,0.0000,0.0000,0,1
GGAGTATATAGGCCTA,F148V,0.0623,0.0623,466,1046
GGAGTCATTGAGCCAA,Q371S,0.1702,0.1702,280,230
GGAGTCGTAAACATGA,L525R,0.0000,0.0000,0,1
GGAGTCGTGGATACGG,C305H A495I,0.0000,0.0000,0,6
GGAGTCTAAAGACGTC,V444C,0.0805,0.0805,342,594
GGAGTCTAAGACGAGA,V36G V395M,nan,nan,0,0
GGAGTCTAGGACGAGA,V36G V395M,0.0000,0.0000,0,2
GGAGTCTCAAATGACC,,0.1733,0.1733,757,611
GGAGTGATGTTAACTT,E398I,0.0000,0.0000,0,5
GGAGTGCGTATTCTAA,T370M,nan,nan,0,0
GGAGTGTGTGATGAGT,E106K,0.1914,0.1914,78,57
GGAGTTAGATCCTTTT,A39E K328cF,0.0000,0.0000,0,5
GGAGTTCACTGAATCC,,0.1639,0.1639,1063,907
GGAGTTTCGATAAAGA,L179M *551T,0.0000,0.0000,0,3
GGAGTTTGCCTTGAAG,A459R,0.0000,0.0000,0,4
GGAGTTTGGCACGAAA,Y86A,nan,nan,0,0
GGAGTTTGGCGAAAAC,W180Q,0.0000,0.0000,0,13
GGATAAAACCACTGAG,H355G,0.0000,0.0000,0,64
GGATAAAATTCTAAGA,N150R,0.2841,0.2841,193,95
GGATAAACCCTGATGA,E174R,0.1413,0.1413,3207,3173
GGATAAAGATATAATG,G333A,nan,nan,0,0
GGATAAAGTCAATCAA,F469H,0.0000,0.0000,0,14
GGATAACAAACACCTA,L455P,0.0000,0.0000,0,3
GGATAACGAACGCTGT,T171D,0.1263,0.1263,681,754
GGATAACGAGAACTGT,P82aS Y168K,0.1665,0.1665,25,21
GGATAACGCACTCTTA,K269F,0.1329,0.1329,3878,4082
GGATAAGCAAGTATCG,T511K,0.1430,0.1430,916,896
GGATAATAAACCGAAC,G465P,nan,nan,0,0
GGATAATCACTAAAAA,,0.1827,0.1827,1755,1343
GGATAATGGCAGGTGC,I60T,0.1440,0.1440,1205,1170
GGATAATTATGCTTGC,S480Q,0.1154,0.1154,666,807
GGATACACCGAACGCG,A67L,nan,nan,0,0
GGATACATTTGAACTA,,0.1232,0.1232,148,168
GGATACCAAATAGAAA,W537A,0.0000,0.0000,0,66
GGATACCAAATGGACA,Y488S,0.1345,0.1345,228,237
GGATACCACAAAAACA,,0.1838,0.1838,1970,1499
GGATACCAGCGGTCTT,V88C,0.0706,0.0706,102,202
GGATACCCTCGGTAAC,,0.0575,0.0575,60,146
GGATACCCTTTTTAAC,K450D,0.1514,0.1514,197,182
GGATACCGCCCCGGAC,E190S,0.0415,0.0415,148,499
GGATACCTTTAGAGGT,G416W,0.0000,0.0000,0,8
GGATACGAAAGATTCT,E494R,0.3070,0.3070,180,82
GGATACGAAGAAATAG,Q359P,0.0000,0.0000,0,1
GGATACTGCGCACTGT,V36A G360E,0.0000,0.0000,0,5
GGATAGAACGCCCTCC,N458D,nan,nan,0,0
GGATAGACGACACACC,S6K,0.0000,0.0000,0,31
GGATAGAGCACTAACT,M431V R482L,0.0000,0.0000,0,2
GGATAGATAGCATACG,N54aD,0.0651,0.0651,324,696
GGATAGATATCCGTAC,,0.1294,0.1294,642,694
GGATAGGATAGCCTAG,E508W S523N,0.0000,0.0000,0,1
GGATATACTCAACCCC,M230G,0.0000,0.0000,0,5
GGATATATAGAGGCAA,A93L W421D,0.7381,0.7381,95,18
GGATATATCCCGACAA,V429T C539W,0.1342,0.1342,48,50
GGATATCTAAAATAAA,L437P,0.1748,0.1748,30,24
GGATATGATAAACACC,R482L,0.0000,0.0000,0,1
GGATATGTCTCTTGCG,I502H,0.1865,0.1865,88,66
GGATATTAACCCAACT,N312Y,0.0295,0.0295,78,370
GGATATTAGCTCGATA,H38W S247T Q490H,0.0000,0.0000,0,1
GGATATTATTACAAAC,,0.1342,0.1342,142,148
GGATATTCCAATTGCA,I302D,nan,nan,0,0
GGATATTCTAGATACT,V-2Q,0.0702,0.0702,708,1410
GGATATTGCAATTATG,S167V Q513S,0.0440,0.0440,79,251
GGATATTGCATTTCCT,L213Q,0.0606,0.0606,816,1883
GGATCAAAGGAAAAGT,,0.0737,0.0737,49,93
GGATCAAATTAATCTA,L209G Y518S,0.0000,0.0000,0,5
GGATCAAGAAATACCG,N186M,0.0878,0.0878,27,43
GGATCAAGGGCGATAG,A394S,0.0464,0.0464,124,374
GGATCAAGTTAAAATC,N464H,0.1620,0.1620,168,145
GGATCAATGCCGTGAC,F439K,0.0000,0.0000,0,25
GGATCACTCTGATTAC,W84L D457A,nan,nan,0,0
GGATCATAAACCCATA,,0.1398,0.1398,6,6
GGATCATTACCAAGGA,,0.1874,0.1874,1596,1191
GGATCCAGCAATCTTG,N322W F469C,0.4195,0.4195,24,8
GGATCCAGTTGTTCCT,,nan,nan,0,0
GGATCCGACTATTACC,,0.1790,0.1790,2392,1869
GGATCCGGAATATCTC,L1G D27E,0.1064,0.1064,274,360
GGATCGAATTCTTCAA,M30E,0.0000,0.0000,0,5
GGATCGATTATGGCCG,K125aQ,0.2302,0.2302,214,130
GGATCTAAAATTAAAG,H276C A532P,0.3215,0.3215,853,371
GGATCTAATCTAAATG,R435F,0.0000,0.0000,0,3
GGATCTATAGTTGCCA,H184W,nan,nan,0,0
GGATCTATTCGAATAC,Q12E Y195H W350I,0.0000,0.0000,0,3
GGATCTCGCCCTTGCA,Q226H,0.2704,0.2704,29,15
GGATCTCGGATAACAC,E255N,0.0474,0.0474,265,782
GGATCTCTGGTACCTC,V26N E304L,nan,nan,0,0
GGATCTTAAAATTGAG,,0.1684,0.1684,6620,5497
GGATCTTATAGTAGTT,K196E I385P E508D,0.0000,0.0000,0,12
GGATCTTTATCATGTA,V481N,nan,nan,0,0
GGATCTTTGATTCTGT,C14S,0.0000,0.0000,0,31
GGATGAAACTGTCACA,M75D,0.0933,0.0933,2371,3555
GGATGAAATGCATAAG,,0.2069,0.2069,2279,1540
GGATGACATAACAACT,S167M T370N F469V,1.0000,1.1187,32,4
GGATGACCTAGACGAA,L418I M431H,0.0000,0.0000,0,10
GGATGATATCTAAACA,,0.1137,0.1137,662,814
GGATGATCTGCGGCAC,T301I,0.1695,0.1695,491,405
GGATGCAATTATAACA,,0.1564,0.1564,585,523
GGATGCATAGTCTAAA,,0.1931,0.1931,511,370
GGATGCCTAAATATTG,N210H,1.0000,1.7830,102,8
GGATGCGATTATACAA,H355D,0.0000,0.0000,0,7
GGATGCTTAAGGCAAA,D77T Y351V,0.1109,0.1109,23,29
GGATGCTTCGCCTCAT,N289L,0.1821,0.1821,3500,2688
GGATGGATACAGAATG,V8R T206Q,nan,nan,0,0
GGATGGCATAACTGGC,V429E,0.0000,0.0000,0,7
GGATGTATGATCAACA,G225L I514V,0.0000,0.0000,0,15
GGATGTGACATAACTC,K387R,0.0000,0.0000,0,38
GGATGTGCTCTAGTCA,N172M I297M,1.0000,1.6781,96,8
GGATGTGTCGACGTCA,K109N,1.0000,1.1187,24,3
GGATGTTATTTATCCG,Y512H,0.1203,0.1203,1363,1585
GGATGTTCCATAACTA,V377D,0.0000,0.0000,0,2
GGATTAAAAACGTTAA,,0.1259,0.1259,198,220
GGATTAACCAAAAAAA,I124R,0.1871,0.1871,1868,1396
GGATTAACTTTATTCA,N103I,0.0966,0.0966,463,670
GGATTAAGCGAAGAAT,P58A,0.0699,0.0699,2,4
GGATTAAGGAACACCA,,0.1203,0.1203,2783,3235
GGATTAATATCATCAC,T370W F469P,0.0000,0.0000,0,3
GGATTAATTTACGTAA,G72K,nan,nan,0,0
GGATTACCGCTTGCGA,P125W,0.0000,0.0000,0,8
GGATTATCGTTCATAC,P284L,0.0600,0.0600,425,990
GGATTATGATGGAACA,K57H A521R,0.0000,0.0000,0,1
GGATTATTATTTTGGA,T35C,0.1316,0.1316,937,996
GGATTATTGCGTACAA,G275R K387A,0.2047,0.2047,767,524
GGATTCAACGAGATAT,,0.1224,0.1224,182,208
GGATTCAACTATCACA,P254D,0.0000,0.0000,0,3
GGATTCAATACATGTT,,0.0989,0.0989,718,1015
GGATTCAGGACTAGAT,G376V,0.0000,0.0000,0,5
GGATTCCCATGAATAT,Q344H,0.1705,0.1705,456,374
GGATTCGTTAAGCACC,T35H,0.0573,0.0573,865,2111
GGATTCTTACAACTAT,,0.1725,0.1725,1754,1422
GGATTGAAGTGTAAAG,L213E,0.1304,0.1304,651,698
GGATTGCATCCATCCT,R227I N296P E476W,0.0000,0.0000,0,3
GGATTGCTACCCTAAT,N-4W,0.1289,0.1289,1137,1234
GGATTGCTATAAGAGG,,0.0339,0.0339,32,132
GGATTGCTCGAAGTTA,R81N G330W,0.1767,0.1767,115,91
GGATTGTAAGTTCTCA,F417A,0.2942,0.2942,61,29
GGATTGTAATGTCCCT,I60K,0.0000,0.0000,0,2
GGATTTAAACCAGGAA,P92aA E414H,1.0000,1.1587,58,7
GGATTTAAAGCGACTC,L133aV,0.2142,0.2142,579,378
GGATTTAAGCAGAAAG,D441W,0.0221,0.0221,43,272
GGATTTACCATAGCGA,,0.0653,0.0653,339,726
GGATTTACTAGGTGGA,V135Y,0.3754,0.3754,306,114
GGATTTATACGTTCTG,K460I,0.0000,0.0000,0,2
GGATTTCTAAACTAGT,I87H E432K,0.0000,0.0000,0,3
GGATTTCTTACGGACA,G68R,0.0000,0.0000,0,1
GGATTTTCGGATATCA,A242R G337E,nan,nan,0,0
GGATTTTTATTTATGT,,0.1298,0.1298,2053,2212
GGCAAAAACTAATGCA,V-2W,0.1166,0.1166,367,440
GGCAAAACCCGCGGAC,D419Q C539*,0.3359,0.3359,442,184
GGCAAAAGTGCATATT,I42H,0.0000,0.0000,0,10
GGCAAAATAACTATAA,V204P,0.0000,0.0000,0,4
GGCAAAATAAGATGCC,L59A,0.1313,0.1313,154,164
GGCAAACATGCATTTG,S22Q E327C,0.0792,0.0792,81,143
GGCAAACGACGCTTAC,,0.1759,0.1759,1048,833
GGCAAACGTATTGCCC,S311P,0.0000,0.0000,0,28
GGCAAACTACAAAGAA,E106K Y351P,0.0000,0.0000,0,9
GGCAAACTCATGGCGG,,0.1625,0.1625,1056,909
GGCAAAGAAACGTAAC,E393T,0.0899,0.0899,471,733
GGCAAAGTTCTATAAG,P299T,0.1046,0.1046,857,1146
GGCAAATAGAGGACCT,G49R,0.1870,0.1870,329,246
GGCAAATCTTTGCAAT,K328R,0.1308,0.1308,782,836
GGCAAATTAGTCACGA,A39D,0.0000,0.0000,0,8
GGCAACACATTACAGA,I260F,1.0000,inf,1,0
GGCAACACCCAGTATG,K57I,0.2453,0.2453,3201,1825
GGCAACGAATAAATCA,I87R E340V,nan,nan,0,0
GGCAAGAATTAACGCA,L122H,0.1517,0.1517,2599,2396
GGCAAGACAGACTGAA,K156F,0.1392,0.1392,206,207
GGCAAGCCGACTCAAT,L418Y,0.1273,0.1273,61,67
GGCAAGTATATACTAC,A67L,0.0488,0.0488,45,129
GGCAATAAAGTATACA,,0.1267,0.1267,2872,3169
GGCAATAGACTCGCCA,P254L,nan,nan,0,0
GGCAATAGCGGCGTAA,E304S,0.1326,0.1326,2805,2959
GGCAATCCAGTCGAAA,K387F,1.0000,1.9112,41,3
GGCAATCCTTACTTAC,G16H,0.0000,0.0000,0,8
GGCAATTGCAAACCCT,S101D A336Y W343C,nan,nan,0,0
GGCAATTGTTATAGTT,R90T,0.2456,0.2456,1925,1096
GGCAATTGTTCGCGGA,K387L,0.1421,0.1421,64,63
GGCACAAAACGGTACT,N20T,0.1185,0.1185,959,1132
GGCACAAGATACAAAC,A521L,0.1711,0.1711,3185,2603
GGCACACAACCAGATT,G275E,0.1684,0.1684,1870,1553
GGCACACTGCTGTAAA,N94G,0.1589,0.1589,2628,2313
GGCACATCAGGACGGG,,0.0757,0.0757,1325,2448
GGCACATCGCAATGCC,K450F,0.0000,0.0000,0,24
GGCACATGGATGTAAC,H130S,0.0000,0.0000,0,16
GGCACCAAATGAAAAT,H355N E432K,0.0000,0.0000,0,1
GGCACCCATAAGTAAA,I42K,nan,nan,0,0
GGCACCGACTCCATAC,A364C,0.1288,0.1288,597,648
GGCACCGCAAAGAAAT,V381D K387N,0.0000,0.0000,0,8
GGCACCGGTTGCCCCT,D419L,0.2884,0.2884,66,32
GGCACGACTTACCAGA,,0.1384,0.1384,383,387
GGCACGCAACACCAAT,G271W,0.1239,0.1239,2785,3144
GGCACGCAATTATCAT,D457F,0.0000,0.0000,0,43
GGCACGGTGGAGCACA,A214S V510E,0.0000,0.0000,0,3
GGCACGTAAACCGGCA,I164E Q371I,0.0000,0.0000,0,1
GGCACTAACCTACTCT,R456S,0.1791,0.1791,3210,2507
GGCACTATTCGGAATC,S311A,0.1204,0.1204,1015,1179
GGCACTCCTGTCCATT,K372T,0.0000,0.0000,0,21
GGCACTGACTCAGCGC,S383D,0.4632,0.4632,53,16
GGCACTTCCTTGCCAA,G360V V420Y,0.0000,0.0000,0,1
GGCACTTTCTGTCCAC,M292K,0.0768,0.0768,398,725
GGCAGAACTTGAGTAA,N94S,0.1725,0.1725,6205,5029
GGCAGAATATACTGCT,,0.1720,0.1720,840,683
GGCAGCAACTCTGAAC,C277S R547Q,1.0000,inf,60,0
GGCAGCACATAGATCA,K280Q,0.1206,0.1206,1158,1343
GGCAGCATTAAGTGGC,Q490M,0.1254,0.1254,2174,2424
GGCAGCCCCCAGAGTT,,0.0000,0.0000,0,3
GGCAGCCCTTTCCAAA,N379M,0.1366,0.1366,1594,1632
GGCAGCCGACCACAGG,L515P S519K,0.7691,0.7691,33,6
GGCAGGAAATGAGGAT,M413N,1.0000,1.8180,26,2
GGCAGGCACAAAGTGA,M413I,0.0892,0.0892,190,298
GGCAGGCAGAACTGCT,,nan,nan,0,0
GGCAGGGAATGCCCAC,G330D,nan,nan,0,0
GGCAGGTATGCACTAT,P58S,0.0000,0.0000,0,6
GGCAGGTGGTTCGTCC,C305P,nan,nan,0,0
GGCAGTAGGAGCGGCA,K216I,0.0756,0.0756,179,331
GGCAGTTCATAGATAG,G249W,0.2214,0.2214,38,24
GGCATAAAACTCTAAC,P74N,0.0000,0.0000,0,2
GGCATACAATCTAAAG,M75G,0.1380,0.1380,149,151
GGCATACCCATTCCAA,Y168W,0.0942,0.0942,97,144
GGCATAGAGATGTAAA,Y201R,0.0561,0.0561,220,548
GGCATCAAATTATACA,,0.1568,0.1568,7295,6507
GGCATCACACCACTGA,C139W S503G,1.0000,3.4961,25,1
GGCATGAATACACATA,Y105R,0.1133,0.1133,593,732
GGCATGCAAAGCTAGT,R227C M431I,0.0000,0.0000,0,14
GGCATTAACAGTATAC,S503C,0.0000,0.0000,0,51
GGCATTACACAAAGTG,R435S,1.0000,2.2293,271,17
GGCATTCATAATATGC,R227W K506V,0.1314,0.1314,281,299
GGCCAAAACCGGGACC,T370I D457R,0.0000,0.0000,0,2
GGCCAAACTAATGAAG,G396P,0.4249,0.4249,79,26
GGCCAAAGACACCCGA,I548H,0.0323,0.0323,3,13
GGCCAACATCTAGCTG,D438N,0.0966,0.0966,540,782
GGCCAACTAATAGATA,N169A T199K G504M,0.1597,0.1597,934,818
GGCCAAGGAGATTCTA,N169D N322I R496Y,0.1756,0.1756,221,176
GGCCAAGGTGTTCACC,I260G E501P,0.2331,0.2331,40,24
GGCCAATATCAAAGGA,Y86H,0.0000,0.0000,0,5
GGCCACTACCCTCCTT,L462Q,0.1036,0.1036,143,193
GGCCAGACCGACTATG,S167V N322P T370L F469N,nan,nan,0,0
GGCCAGACTTTGACCC,,0.2270,0.2270,3460,2132
GGCCAGCCACTTATAG,,0.1398,0.1398,32,32
GGCCAGGATACACACT,E501V,0.1447,0.1447,3460,3344
GGCCAGGCGACATTTT,T46N D175V,0.0807,0.0807,1955,3388
GGCCAGTCTACTATCC,,0.1176,0.1176,9607,11421
GGCCATAGCTTGATAG,N169P G465N,0.0000,0.0000,0,15
GGCCATATACGAGTTA,,0.1893,0.1893,15330,11324
GGCCATCACCCTGCGG,L122W,0.1138,0.1138,659,810
GGCCATGAGGTTTATC,E89C M413N,0.4195,0.4195,57,19
GGCCATGATCTTCGCA,S265N,nan,nan,0,0
GGCCATGCCATATTAC,,0.1727,0.1727,3457,2800
GGCCCAAGATAAAACA,K262Y E358D,0.1199,0.1199,30,35
GGCCCAATGAACCCGA,E131F,0.3234,0.3234,333,144
GGCCCACATCAAATAA,L402Y,0.0883,0.0883,544,862
GGCCCAGCAAAACACA,D375T,0.1616,0.1616,2020,1748
GGCCCATCAGTACAAT,H295Q A532E,0.0000,0.0000,0,11
GGCCCATGAAAGAACT,T279L,0.1798,0.1798,18,14
GGCCCCGATTCCTTCA,,0.4251,0.4251,76,25
GGCCCCTCACGGGGAG,D77I,0.1408,0.1408,999,992
GGCCCGAAAGACAACC,M431H,0.0489,0.0489,50,143
GGCCCGGTACTTCCCA,H117Q N464K,0.1294,0.1294,309,334
GGCCCTCACATGAAAC,S167F,0.2107,0.2107,830,551
GGCCGAAAGTCAGCCA,E107D,0.9463,0.9463,203,30
GGCCGAAGGAACCACG,,0.0000,0.0000,0,24
GGCCGAATAACTATAA,A425D E500T,nan,nan,0,0
GGCCGACATTGATTGA,R328bL,0.1554,0.1554,1318,1186
GGCCGACCAAAAAACC,,0.1455,0.1455,205,197
GGCCGACGTCAAAATC,A334L,0.3101,0.3101,51,23
GGCCGAGAGAGAAAGC,L430C,1.0000,1.5383,33,3
GGCCGAGTGTGACCCG,G16R,0.7272,0.7272,52,10
GGCCGATACAATCCAA,N193K A214C,0.1810,0.1810,211,163
GGCCGCAATATCTCGT,S167R S311C F469R,nan,nan,0,0
GGCCGCCTCAAAGAAT,R329F,0.0000,0.0000,0,5
GGCCGCTCGGTTCTTT,M268K,nan,nan,0,0
GGCCGGACAACTACAA,D386E,0.0888,0.0888,881,1387
GGCCGGTACCCGTTAA,S146M M431L,0.2779,0.2779,155,78
GGCCGGTTTTCCACTA,A19T N389I,0.0119,0.0119,27,316
GGCCGTACCTTCCCGC,T200V,0.0000,0.0000,0,14
GGCCGTAGTCATATTT,G341M G352S S524C,0.9964,0.9964,57,8
GGCCGTATATAGGCTG,L428Q S503H,nan,nan,0,0
GGCCTAAAAGCCAAAC,L1S E414G,0.2650,0.2650,72,38
GGCCTACAGCTCGAAT,E304S,0.1263,0.1263,1251,1385
GGCCTACCAACAATGC,N410E,0.1322,0.1322,922,975
GGCCTACGATGATCTT,R435E A526T,nan,nan,0,0
GGCCTAGGGTCTTAGC,T192Q,0.1272,0.1272,7376,8108
GGCCTCTATATTATAT,L507S,0.2785,0.2785,235,118
GGCCTGCCCGCGTATT,L507S,0.2117,0.2117,1338,884
GGCCTGCTTCCTATGG,G484E,0.1170,0.1170,410,490
GGCCTTCGATATAACA,Y86M,0.0000,0.0000,0,1
GGCCTTGACAACTGGA,W350Y,0.1290,0.1290,95,103
GGCCTTGCCTCATGAC,Y105* L320P A459C,0.0000,0.0000,0,3
GGCCTTTTAATACCAT,K45Q,0.1756,0.1756,13239,10546
GGCGAAAATCTATAAT,,0.0000,0.0000,0,73
GGCGAAACGAAATAAC,I60Y H471W,0.0000,0.0000,0,14
GGCGAAAGCTTACGCC,P198L,0.0545,0.0545,341,875
GGCGAAATCGCTACAT,H471P,0.2797,0.2797,22,11
GGCGAAATCTCCAGCT,H130Y Y491H,0.0779,0.0779,244,438
GGCGAACACAATCGAT,N158E,0.4209,0.4209,25016,8312
GGCGAACCCTTACTCT,I374A,0.0000,0.0000,0,70
GGCGAACGAAGCGTCG,,0.1596,0.1596,421,369
GGCGAACTGCAGGTTT,N197M L428C,0.9789,0.9789,84,12
GGCGAATGGTTATGCC,G362M S492N,0.1436,0.1436,1699,1654
GGCGAATTAGTGGGAA,S480D,0.1746,0.1746,537,430
GGCGACAAAATAGGGA,I339C D366W T370Q F469D,0.0000,0.0000,0,4
GGCGACAACAATCCAG,,0.1413,0.1413,2901,2871
GGCGACATTAACCCAA,E78L Q545G,0.0973,0.0973,32,46
GGCGACTTAATTTCAG,,0.1323,0.1323,540,571
GGCGAGAAGTTAAAAC,,0.1720,0.1720,3713,3019
GGCGAGCAAGGATATG,I260Y,0.0000,0.0000,0,3
GGCGAGCGGTTCGCGT,,0.1105,0.1105,1551,1962
GGCGATGAACGTGCAT,N408Y,0.0000,0.0000,0,41
GGCGATGACAAGAGAA,G349R,0.0000,0.0000,0,2
GGCGATGGACCGAAAT,N224K E500C Q545V,0.0908,0.0908,174,268
GGCGATTAGAATTTTC,F232I E500K,0.0738,0.0738,143,271
GGCGCAAACATCCTTC,G362D,0.0000,0.0000,0,14
GGCGCACGGGCCCGTA,G463V,0.0000,0.0000,0,17
GGCGCCTAAGGATGAC,I155K A334Y,0.0000,0.0000,0,1
GGCGCCTGGCATTACC,V315F,0.1254,0.1254,1327,1480
GGCGCGAACTATCAAG,N278G,0.0900,0.0900,675,1049
GGCGCGAGATATCCAG,G416P,1.0000,2.7969,60,3
GGCGCGCAAAGGACTA,,0.0895,0.0895,441,689
GGCGCGGGTCGTCCAA,S167L N322H T370D F469R,0.0000,0.0000,0,9
GGCGCTAAAATGGACA,S133V,0.0559,0.0559,177,443
GGCGCTAAGATGACTA,E393T,0.1438,0.1438,1336,1299
GGCGCTAGGCCATCTG,A253E,nan,nan,0,0
GGCGGACCAGGTTAGC,D441W,0.1619,0.1619,3325,2872
GGCGGACTACAGCATC,Y274A,0.1574,0.1574,502,446
GGCGGAGTTATTACTT,Y486C,0.0000,0.0000,0,5
GGCGGATGAATAAATC,S101P K310N,0.0000,0.0000,0,6
GGCGGCCAAGATTTGA,,0.1965,0.1965,1176,837
GGCGGCCCACAAATTA,,0.1658,0.1658,2292,1933
GGCGGCTCCACTCAGT,A364T,0.0578,0.0578,69,167
GGCGGGAGTCTAGTAC,F118I,0.1883,0.1883,35,26
GGCGGGCATATGCTCT,E78K,0.1787,0.1787,115,90
GGCGGGGGAAAACTAT,K310N,0.2184,0.2184,164,105
GGCGTAAACCTGCTGT,,0.1635,0.1635,1998,1709
GGCGTACATAGTGAGA,I335L,0.0702,0.0702,216,430
GGCGTACTCTATTGTA,,1.0000,1.0721,46,6
GGCGTAGTCAGTCCCT,I178H,0.0000,0.0000,0,23
GGCGTATACACCTAAA,L43G,0.0000,0.0000,0,2
GGCGTATAGCGGATAC,S492I,0.1796,0.1796,7566,5890
GGCGTCACCGACAATG,L409R,0.0000,0.0000,0,4
GGCGTCATTCCATCAG,K412D,0.3496,0.3496,25,10
GGCGTCCAAAAATGAC,N312P,0.1210,0.1210,699,808
GGCGTCTACCTCCAGA,S10P,0.0920,0.0920,1079,1640
GGCGTGAGACTATGAT,Q191R,0.0000,0.0000,0,1
GGCGTGAGAGATTCCA,P74K T206S,0.0921,0.0921,27,41
GGCGTGATTCTTCATA,F79L Y86H I385A,0.0000,0.0000,0,21
GGCGTGCCTTCAGCCT,S22G T23A N33S T37A Q40R K45G N48S K57G I60V K62R N73G R81G Y86C R90G N92S N94D D104G Y105C E106G K109E H110R I121V K125aR S125bG N129S S133G Q142R S146G R149G K156G N158S Y161C K165R Y168C N170S T171A N172S R173G E174G I178V H184R N186G E189G E190G Y195C K196R T200A Y201C S203G T206A Q211R K216G R220G Q222R N224G M230V I236V K238R N248S N250G Y256C D474Y *551W,0.2641,0.2641,17,9
GGCGTTCCATTGTAAC,,0.0849,0.0849,230,379
GGCGTTGAATAGAAGT,R326S,0.0897,0.0897,102,159
GGCGTTGAATCTATGT,G342I,0.0000,0.0000,0,1
GGCGTTTAACTGGCAA,Y486Q,0.0000,0.0000,0,3
GGCGTTTATTGCTAAC,K109L,nan,nan,0,0
GGCTAAAAGTGCCTGC,,0.1059,0.1059,813,1074
GGCTAAAATGCCCCCA,I164R G362R,0.5594,0.5594,32,8
GGCTAAAGACCATAAA,Y256Q A495T,0.0498,0.0498,37,104
GGCTAACAAGAAGCGG,M111Q P198S,0.0000,0.0000,0,60
GGCTAACTGATTCATA,,0.2081,0.2081,2506,1684
GGCTAAGGTGAATGTT,S22Y,0.0975,0.0975,23,33
GGCTAATAGAGACCTT,S167P,0.3132,0.3132,56,25
GGCTAATCACGCACTG,G376F,0.1573,0.1573,27,24
GGCTAATGCGACAAGC,Q282H,0.0000,0.0000,0,18
GGCTAATTACATACAG,N33R,0.1340,0.1340,391,408
GGCTACACATGAGATA,S125bD,0.1522,0.1522,135,124
GGCTACACGTGTCGTA,K259W,0.0131,0.0131,9,96
GGCTACAGCGATTTGA,K62L,0.1657,0.1657,2858,2412
GGCTACATAACGTACA,F399N,nan,nan,0,0
GGCTACATGATCACTT,,0.1081,0.1081,2479,3207
GGCTACCCGCTTCAAC,S185Y E403F,nan,nan,0,0
GGCTACCGTTAGGGAC,G134W R405E,0.7552,0.7552,54,10
GGCTACGCAACGAATT,,0.2397,0.2397,1536,896
GGCTAGAACATCCCGG,E106Q,0.2109,0.2109,178,118
GGCTAGTTGTCAAAGT,F294D,0.0000,0.0000,0,20
GGCTAGTTGTTCCTAG,D487K,0.1773,0.1773,407,321
GGCTATACTCCTTACT,V88I,0.0368,0.0368,51,194
GGCTATAGGGACTAAG,,0.2247,0.2247,445,277
GGCTATCAATATGCAA,K372Q,0.1227,0.1227,393,448
GGCTATGCGCACTAAG,A257K A394V Y512D,0.0000,0.0000,0,20
GGCTATTCGACAACAA,G504H,0.1992,0.1992,47,33
GGCTATTGGCGAATAC,D104I,0.0919,0.0919,178,271
GGCTCAATGACCCAAT,,0.1875,0.1875,118,88
GGCTCACATAAAAGTA,N73H,0.1154,0.1154,278,337
GGCTCACTTGTTATTT,R329D,1.0000,5.1742,37,1
GGCTCCACGTGTTAAC,A425G,1.0000,1.0226,117,16
GGCTCCTCGGCACTGT,,0.0000,0.0000,0,11
GGCTCGAGATGAGCAA,V315Q,0.1168,0.1168,66,79
GGCTCTATTCTAAGAA,I406P,1.0000,4.0555,29,1
GGCTCTCAATATAAAA,G349N,0.0000,0.0000,0,2
GGCTCTCCCGTTCGGA,I155Q Q490Y,0.0000,0.0000,0,17
GGCTCTCCGCGTAACA,S323M,0.2369,0.2369,83,49
GGCTCTTCATTAAAGA,A365W,0.0000,0.0000,0,4
GGCTCTTTACTAAAAC,R81W T370S,0.2216,0.2216,1678,1059
GGCTGAAGGATTGTAG,A242T,0.1850,0.1850,41,31
GGCTGACAAACCTCCG,,0.0693,0.0693,116,234
GGCTGACAAGAATAAT,G68W,0.0000,0.0000,0,1
GGCTGACCTATCGAAC,,0.0999,0.0999,490,686
GGCTGACTCAAACACG,T219E,0.0266,0.0266,141,740
GGCTGAGCAATCCATA,S125bP,0.1437,0.1437,1261,1227
GGCTGAGGAAATACCA,W69A,0.3158,0.3158,2116,937
GGCTGATCGCATATAC,G225Y,0.0280,0.0280,70,350
GGCTGCCCAGTTGCAA,V395Q,0.1051,0.1051,4434,5899
GGCTGCGTTGGTACGC,I517F,0.0367,0.0367,141,537
GGCTGGAAGCCAAGAC,L194C M431Y,0.0000,0.0000,0,2
GGCTGGACTCCCAGGG,,0.2173,0.2173,505,325
GGCTGGAGGTTATGAA,,0.0000,0.0000,0,2
GGCTGTACACACTGTC,R456V,0.1091,0.1091,149,191
GGCTGTCACCAGGCCC,V5I I60V P306C,0.0000,0.0000,0,4
GGCTGTCCGAAATCGT,N94P K307T,0.0000,0.0000,0,3
GGCTTAACACGATACC,Y168W,0.2278,0.2278,702,431
GGCTTAAGATTTGATG,K307A,0.1850,0.1850,721,545
GGCTTACTCGGTTAAT,R90T E273K,0.2797,0.2797,4394,2197
GGCTTACTGGACATGT,K411H,0.0186,0.0186,23,173
GGCTTAGATCCGTCTT,N54aK,0.2002,0.2002,511,357
GGCTTAGGGTCCTCCA,Y98K N446P,0.2151,0.2151,20,13
GGCTTATACTAGCGAA,S247C,0.0000,0.0000,0,9
GGCTTCATACCTAAAC,N389R,0.0846,0.0846,101,167
GGCTTCCATAATTAAC,N289K,0.1186,0.1186,340,401
GGCTTCCTACGAATCT,G225R E508R,0.1987,0.1987,152,107
GGCTTCTTGGAAGCAA,H355N,0.0992,0.0992,22,31
GGCTTGCACGCATACT,S125bE,0.0757,0.0757,315,582
GGCTTGGCCTAAAGGG,K259V,0.1196,0.1196,142,166
GGCTTTACTATTAGCC,D95N F148L,0.1622,0.1622,29,25
GGCTTTGACAATTTTA,L154R S509A,0.0000,0.0000,0,7
GGCTTTGATCAAACTT,L462H,0.1424,0.1424,783,769
GGGAAAAATATATGGA,G271N,0.3687,0.3687,319,121
GGGAAAACCACCATCA,K280S,0.1223,0.1223,2090,2389
GGGAAACAGAGCAAAT,G510aL,0.1369,0.1369,4096,4184
GGGAAACGCGCTCGCC,N401W,0.0665,0.0665,552,1160
GGGAAACTATAAATGG,H183V,0.3509,0.3509,133,53
GGGAAAGCGTGATAGA,T171P,0.2050,0.2050,4524,3086
GGGAAATCAAATATGA,G100I,0.0000,0.0000,0,5
GGGAAATGAATCGAAA,D264K,1.0000,1.8180,26,2
GGGAACAAAACTCCTA,,nan,nan,0,0
GGGAACACATCGTCTT,L1C,0.1461,0.1461,2607,2495
GGGAACAGAAGGGGAG,N296K M388Q,0.7691,0.7691,22,4
GGGAACGAGTATCGAG,K32I,0.1280,0.1280,540,590
GGGAACTAACACCCAC,P284Q,0.0960,0.0960,626,912
GGGAACTATAAAACGA,R329H,0.5542,0.5542,107,27
GGGAACTCAAGATCCA,W234I I529W,1.0000,2.3074,33,2
GGGAACTCTAAAGATC,I202T,0.1172,0.1172,3598,4293
GGGAAGAGTGATCGAA,P254E,0.3380,0.3380,29,12
GGGAAGGCACCTTGAA,A528D,0.3305,0.3305,26,11
GGGAAGTAATGAAATC,K328cW,0.4102,0.4102,44,15
GGGAAGTCTATAATAA,,0.1411,0.1411,4973,4929
GGGAATAAATCGCAAT,A532W,0.2603,0.2603,335,180
GGGAATAATCCGATTC,V420Y V444L,0.0000,0.0000,0,7
GGGAATAGGGAGGATA,N400Y,0.0000,0.0000,0,5
GGGAATCCAAACCACG,D53M W343Y,0.0000,0.0000,0,1
GGGAATTATGACAAAC,H295N,0.1464,0.1464,157,150
GGGAATTGCCGGGTTA,S167Q T266I R321Y T370V F469D,0.0000,0.0000,0,10
GGGACAACGACGGCTC,K411P,0.0000,0.0000,0,2
GGGACACACTAGTTGA,V420I,0.1485,0.1485,137,129
GGGACACGATTGATAC,L176C,0.1944,0.1944,164,118
GGGACCAAACAATATA,,0.0726,0.0726,270,520
GGGACCAAAGCCGCTT,,0.1456,0.1456,2225,2137
GGGACCCCACCCAAAA,T422D I529P,0.0000,0.0000,0,2
GGGACCCCCAAAGGGT,K472E,0.1359,0.1359,1082,1113
GGGACCCGGGCCTGAA,,0.1201,0.1201,334,389
GGGACCGCATCCAACA,E89S W421*,0.0000,0.0000,0,1
GGGACCGTTATTCCGA,G319S,0.0000,0.0000,0,13
GGGACGACGACAAAAT,,0.0714,0.0714,49,96
GGGACGTAATTCCTGC,L314Q,0.4661,0.4661,30,9
GGGACGTAGCAGACGT,E494G,0.1685,0.1685,12735,10570
GGGACGTATACCGCCA,E340C,1.0000,1.2120,104,12
GGGACGTGACCTGCCT,N224Y,0.1039,0.1039,1587,2136
GGGACTATAGTCAGAA,E246N,0.1639,0.1639,1903,1624
GGGACTGATTAGAAAA,,0.1114,0.1114,51,64
GGGACTGTAAAGATTA,L194R,0.3210,0.3210,101,44
GGGACTTATTGAAGGA,T35N,0.0000,0.0000,0,1
GGGACTTCGTTCGAAT,V451K,0.0000,0.0000,0,9
GGGACTTGCTATGAAC,,0.0000,0.0000,0,7
GGGAGAACAAAGAACC,N410T,0.0000,0.0000,0,1
GGGAGAAGTAGCGACT,N224K,0.1500,0.1500,904,843
GGGAGACATAGCAAAA,,0.1889,0.1889,104,77
GGGAGAGATGAAAAAT,S290T,0.0924,0.0924,399,604
GGGAGCCGTATTACAG,N172T,nan,nan,0,0
GGGAGGACCAAACGCT,,0.1981,0.1981,3664,2587
GGGAGGCATCAACCCA,S207E T378N,0.1555,0.1555,2091,1880
GGGAGGCCATGTCATA,L314V V381T,0.0000,0.0000,0,28
GGGAGTAACAGACAAG,D77M,0.2494,0.2494,683,383
GGGAGTCACATGTAAA,,0.1081,0.1081,419,542
GGGAGTTGCGTCGCCC,R499S,0.1605,0.1605,954,831
GGGAGTTTGTAAACCT,S523W,0.0000,0.0000,0,38
GGGATAAAAAAATTTA,,0.1627,0.1627,4554,3915
GGGATAAATTACCTAA,K120N,0.0957,0.0957,197,288
GGGATAACAAGAACCA,A138Y L428E,nan,nan,0,0
GGGATAAGACACATAT,H130F V309M F469D,0.0000,0.0000,0,1
GGGATACAAACCCAGA,L437T,0.0000,0.0000,0,2
GGGATACAGTTATTTA,W84*,0.0000,0.0000,0,2
GGGATACATTCCAAAT,,0.1304,0.1304,777,833
GGGATACCAAAACCGT,K157G N158G N169A Y195C R321Q T370N,0.0000,0.0000,0,9
GGGATAGACCTAGCTT,,0.3242,0.3242,51,22
GGGATATAATACTTCA,,0.6937,0.6937,253,51
GGGATATGCCTATCGC,C14*,0.5244,0.5244,30,8
GGGATCAAATGTGTTC,Y470P,0.6293,0.6293,54,12
GGGATCAACCCAAGAA,Q191Y,0.0000,0.0000,0,1
GGGATCAAGAGAAGGC,D63M,0.1620,0.1620,1148,991
GGGATCACTGTAGAGA,R328aY,0.0000,0.0000,0,9
GGGATCATCTTACACC,T318I,0.0727,0.0727,457,879
GGGATCTCGCAAATGC,L427D,0.0000,0.0000,0,17
GGGATCTTTAGCAATA,H18V,0.0766,0.0766,1084,1979
GGGATGAATATTAAGA,S207G G416Y I517Y,0.0000,0.0000,0,7
GGGATGACATTAGAAC,P198I,0.0345,0.0345,152,616
GGGATGATGAACTATT,I288Y W537M,0.0000,0.0000,0,3
GGGATGCCAAAGCCCT,E-5V,0.0993,0.0993,578,814
GGGATGGAGCCAAACA,G330P,0.0000,0.0000,0,9
GGGATTAATTGGAAAA,M75C,0.1631,0.1631,1200,1029
GGGATTACATAAGAAA,,0.1176,0.1176,3048,3623
GGGATTATCCAAGACA,,0.0919,0.0919,289,440
GGGATTATGCCCTTGG,S290F,0.0949,0.0949,57,84
GGGATTATTACACTTA,,0.1726,0.1726,3227,2615
GGGATTGACATTTTTG,Y351W,0.0000,0.0000,0,9
GGGATTGTTGACAAAA,A317R,0.1492,0.1492,48,45
GGGATTTAAGTTCGTA,,0.1627,0.1627,1848,1588
GGGATTTAGGCATCTT,N401M,nan,nan,0,0
GGGATTTTATATAAAA,Y488A,0.1586,0.1586,1736,1531
GGGCAAAACAGGCAAT,N458V,0.0000,0.0000,0,15
GGGCAAACCACATTTA,L179T D441P,0.0000,0.0000,0,22
GGGCAACTTCAAATAA,,0.1225,0.1225,324,370
GGGCACAAAACTTATA,T171W P254M,0.0000,0.0000,0,1
GGGCACACAATATGGT,V377L,0.0801,0.0801,114,199
GGGCACTACAGATCCC,A19M,0.0673,0.0673,1059,2201
GGGCACTATGCCATTC,Q391H,0.1289,0.1289,554,601
GGGCACTATGTGCCAC,K109L E414K,1.0000,2.4473,35,2
GGGCAGAAAAAAAGCA,,0.1764,0.1764,1309,1038
GGGCAGTACGCTCCTC,Q359S,0.0000,0.0000,0,1
GGGCATAAATTAACAG,R326H,0.2256,0.2256,1268,786
GGGCATAAGGACATGT,S125bV,0.1275,0.1275,1982,2174
GGGCATCCCGAGATAC,L51R D231T,1.0000,1.3052,28,3
GGGCATGCCCCTAGAC,I302H,0.0000,0.0000,0,4
GGGCATTCGCATGGTT,L7Q,0.0644,0.0644,426,925
GGGCATTGAGAAGCAG,,0.1875,0.1875,173,129
GGGCATTGCAATAGCG,,0.1283,0.1283,2987,3255
GGGCATTGTAAGTTAC,S6* P145F,0.0000,0.0000,0,6
GGGCCAAAAAACCTGA,E174K M538P,0.7552,0.7552,27,5
GGGCCAAGTCCACTCG,I124D G225Q S480L,0.7225,0.7225,31,6
GGGCCAGAACGGCATA,P239L S492R,0.0000,0.0000,0,34
GGGCCAGAGCTACTGA,T390L,0.1015,0.1015,297,409
GGGCCAGATCGGGTCG,,0.0710,0.0710,504,993
GGGCCATTTATGAACT,R499E,0.0361,0.0361,16,62
GGGCCCATACTCTCGA,V347C,0.0898,0.0898,699,1088
GGGCCCCCAAAAGACA,V395E,0.0000,0.0000,0,165
GGGCCCCCAGGACTTG,,0.1050,0.1050,1434,1910
GGGCCCGTGACTTAGA,G330V G345M,0.0000,0.0000,0,3
GGGCCGTAAATCAAGG,V66I,0.0850,0.0850,390,642
GGGCCTAACGATCCAT,C281Q,0.0000,0.0000,0,1
GGGCCTATCTGCACAG,H244E,0.0314,0.0314,105,467
GGGCCTGTCTTCACTT,E189* V272S D375H,0.0000,0.0000,0,3
GGGCGACCAATATATT,L462E,0.1300,0.1300,343,369
GGGCGAGACATCGAAC,E434A,0.1216,0.1216,160,184
GGGCGATTCCGGAAGA,,0.0814,0.0814,2429,4172
GGGCGCAACCTGCGCG,V152M,0.1520,0.1520,1912,1759
GGGCGCCTACTACAGC,,0.1027,0.1027,740,1008
GGGCGCGACGGAAGGA,E407K,0.1563,0.1563,209,187
GGGCGGTATCGTAAAT,Y86M A93S A160C,0.0000,0.0000,0,1
GGGCGTTAAAGAGCCA,,0.1865,0.1865,588,441
GGGCTACATGCTAAAT,N169T A526E,nan,nan,0,0
GGGCTATAAGGTAATT,H110A,0.0000,0.0000,0,6
GGGCTATAATGAACCG,,0.1267,0.1267,1611,1778
GGGCTCATACAATTTT,G271C R329E C539*,0.0000,0.0000,0,4
GGGCTCCTGTAGCATA,V5K V429S,0.0000,0.0000,0,13
GGGCTTGAACAAGGAG,K62N,0.1215,0.1215,119,137
GGGGAAAATATAGAAC,E107K I517T,0.9090,0.9090,13,2
GGGGAAATGTAGGGAC,D240N E358T,0.1275,0.1275,1497,1642
GGGGAACAAAAAAACT,G342M K412E,0.0000,0.0000,0,1
GGGGAACAATAAAATC,C277R A365W,1.0000,1.8879,27,2
GGGGAACGATATCAGG,R452K,0.1236,0.1236,2670,3022
GGGGAACGATCGAAGG,K120F M346D,0.0000,0.0000,0,20
GGGGAACGTGTCAACA,R173S,0.1577,0.1577,2383,2113
GGGGAATTCAGCCATC,D386G,0.1045,0.1045,462,618
GGGGAATTGGGACCTC,M75Y E246V,0.1704,0.1704,4943,4057
GGGGACAAAAAGGAGA,G330E,nan,nan,0,0
GGGGACAGAATCAAAA,T206A,0.1587,0.1587,7132,6285
GGGGACAGACATAAAA,K411L,0.2070,0.2070,111,75
GGGGACCAAAGACTTT,F392G,0.0000,0.0000,0,15
GGGGAGAAGTATCCTT,,0.0865,0.0865,766,1239
GGGGAGGGAAATAGGC,L209S D457F,0.3007,0.3007,43,20
GGGGAGTGGGCAAAAT,C14* I115L,0.4195,0.4195,18,6
GGGGAGTGTTTCACCC,I202D,0.0000,0.0000,0,6
GGGGATAAAAACTTAT,V26D M530R,0.3855,0.3855,102,37
GGGGATACCAAAGCAA,W127M,0.0000,0.0000,0,3
GGGGATCAAAGCCAAA,G345I,0.1219,0.1219,34,39
GGGGATGAAGAGGTAA,G100H F294I,0.0000,0.0000,0,1
GGGGATTTAAAACCTG,A528W,0.5993,0.5993,90,21
GGGGCAACGCTAGGAC,,0.2684,0.2684,739,385
GGGGCACCTTTATGTA,N169Q R321T T370Y,nan,nan,0,0
GGGGCAGTGCCGTGGA,L418S,0.0000,0.0000,0,16
GGGGCATGTAATGAGC,,0.0785,0.0785,178,317
GGGGCCACACCCCGTC,R173S N433A,0.0000,0.0000,0,7
GGGGCCACTCGAAAAG,V66M Q454V Q545K,0.2172,0.2172,132,85
GGGGCCTCACCTGAAA,E-5G,0.0871,0.0871,104,167
GGGGCTATGAGCTTTT,,0.1972,0.1972,110,78
GGGGCTGCAGCTTATT,N186R,0.0950,0.0950,36,53
GGGGCTTAAGTCTAAT,N92A A93G,0.0906,0.0906,114,176
GGGGCTTAGTCCAAAT,T132W,0.1583,0.1583,1623,1434
GGGGCTTTAGCAAGTT,P306W,0.0699,0.0699,1,2
GGGGGAGAAGTTATAA,H355A,0.1422,0.1422,364,358
GGGGGCAAGTCCAACC,I80M I339F L437P D474W,nan,nan,0,0
GGGGGCTGCCCTACAG,N278V S492R,0.1439,0.1439,668,649
GGGGGGGCGCCCTGAT,P239G,0.1461,0.1461,3029,2899
GGGGGTAAAGACAACC,A257L,0.0000,0.0000,0,6
GGGGGTATCTGTCTAC,R227Y,0.0523,0.0523,70,187
GGGGGTCTACTGACCA,R220F K328F,0.0000,0.0000,0,7
GGGGGTGACTTGAAAA,I29W,0.1305,0.1305,3388,3631
GGGGGTTCAAGACGAA,,0.1221,0.1221,303,347
GGGGTAAACCACATAC,N278E,0.0982,0.0982,1103,1571
GGGGTAAACTCCTTGA,F399N,nan,nan,0,0
GGGGTAACTCGGACGT,Q222Y,0.1465,0.1465,176,168
GGGGTAGAAACACGTA,F332E,0.1713,0.1713,49,40
GGGGTAGCCATATAAT,,0.1099,0.1099,5247,6677
GGGGTAGGAGGTCAGC,G263F,0.0656,0.0656,15,32
GGGGTAGTAAGTAGAC,F251I D386A,0.1015,0.1015,1033,1423
GGGGTATATAAACAAC,I29V,0.0767,0.0767,326,594
GGGGTCCGAACTCTAA,D240L F469W,nan,nan,0,0
GGGGTCCTATATACAT,K57L,nan,nan,0,0
GGGGTCCTCTTCTTTA,,0.1379,0.1379,282,286
GGGGTCGTTAGATAAA,,0.1724,0.1724,593,481
GGGGTGACATTGAGAC,S125bA V347M,0.1310,0.1310,682,728
GGGGTGACCTAAATTA,L453V,0.1076,0.1076,789,1025
GGGGTGCAAGAAAGGC,L527A,0.0000,0.0000,0,4
GGGGTGTGCCACTTCC,K165R,0.1196,0.1196,1543,1804
GGGGTTAGAACCCATT,G100L,nan,nan,0,0
GGGTAAAAAACAATAA,A336T,0.3409,0.3409,117,48
GGGTAAAAACTGCCTC,,0.1496,0.1496,2094,1958
GGGTAAAAAGTCGTGA,Y488E,0.0539,0.0539,37,96
GGGTAAAACTATAAAA,S136I,0.2387,0.2387,99,58
GGGTAAACGAGAGTTA,T219L,0.1787,0.1787,267,209
GGGTAAAGCTTATAAG,G271H,0.1969,0.1969,138,98
GGGTAAGCAAGACGAT,K313R,0.1412,0.1412,737,730
GGGTACACACCCTTCC,M75L I166T,0.0653,0.0653,1702,3646
GGGTACCGACAACCCA,S185N,0.0000,0.0000,0,66
GGGTACGAAAAATAGT,,0.0854,0.0854,903,1479
GGGTACGAATCTGTCC,D487Q,0.1110,0.1110,1639,2065
GGGTAGGAACAATACA,Q12V,0.1251,0.1251,315,352
GGGTAGGACCCATTAA,K9S R547K,0.1301,0.1301,842,905
GGGTATAATATCACAT,C97N,nan,nan,0,0
GGGTATATCAAGTTAT,R220S G396N,0.0000,0.0000,0,2
GGGTATATCTAACTAA,F467L,0.1236,0.1236,525,594
GGGTATCAAGAACGAG,,0.2890,0.2890,124,60
GGGTATCAGGACAAAA,L427V,0.2628,0.2628,233,124
GGGTATGGGGCCAGAT,V56S,0.0000,0.0000,0,7
GGGTATGTCTAATAGA,E393M,0.0000,0.0000,0,43
GGGTATTGTCCTAGTA,R329Q,0.0000,0.0000,0,1
GGGTCACGCAAAACAC,R212N,0.1484,0.1484,1635,1541
GGGTCAGCCTTCGATA,C546Y,0.0000,0.0000,0,9
GGGTCAGTTGCGTGAC,G134H,1.0000,2.0277,29,2
GGGTCATAGTCGTGAT,I121F,0.1383,0.1383,2223,2247
GGGTCATGCAAAATGC,,0.1176,0.1176,6202,7378
GGGTCATGTACATTCC,,0.1340,0.1340,755,788
GGGTCTAACCCTTATC,D104K,0.1495,0.1495,1922,1798
GGGTCTAGCTATTGAC,,0.0457,0.0457,159,487
GGGTCTAGTCCATATA,P125L M413N,0.4895,0.4895,21,6
GGGTGAACACACTACG,G205P Y470E,0.0000,0.0000,0,5
GGGTGAGGAAAACCTG,I60A,0.0000,0.0000,0,14
GGGTGATATATAAATT,R456Y N541K,0.1811,0.1811,474,366
GGGTGATGATAGACAA,N33S F148C,0.0000,0.0000,0,6
GGGTGATGGAACCATA,H18M,0.0744,0.0744,543,1021
GGGTGATTTAGCTACT,,0.0975,0.0975,444,637
GGGTGGTGAGATCATT,,0.1616,0.1616,7354,6363
GGGTGTAAAGTTTGTC,,0.0744,0.0744,444,834
GGGTTAACAAGTCTTG,A67G,0.1852,0.1852,1005,759
GGGTTAATGCATAATA,V152Q I164W,0.2034,0.2034,32,22
GGGTTACAGACGTTCC,,0.1087,0.1087,5329,6853
GGGTTACATCTTAGTG,,0.1513,0.1513,2467,2280
GGGTTACGGCGATATA,L2Y I155V K372L,0.2913,0.2913,302,145
GGGTTATAAACCTTCA,,0.2313,0.2313,1219,737
GGGTTATACTATGAAG,D104A A334S S442G,0.0848,0.0848,151,249
GGGTTCAAGAAACAGC,F469W C539N,nan,nan,0,0
GGGTTCACACAAAGCC,T46P E106K,0.0000,0.0000,0,7
GGGTTCGTAGTCATCG,G271S,0.1057,0.1057,1497,1981
GGGTTCTCAGCCTCGG,I80S,0.0967,0.0967,954,1379
GGGTTCTTAATTACTA,L194D,0.0000,0.0000,0,1
GGGTTTACTAGAGTTA,I514H,0.0000,0.0000,0,1
GGGTTTGCATGTATGA,,0.0931,0.0931,237,356
GGTAAAAAATCCTACA,Y195C K216R H276R V285Q,nan,nan,0,0
GGTAAAAGACCTCTCT,,0.1289,0.1289,3832,4157
GGTAAAAGATAACAGA,T192V,0.1016,0.1016,1154,1589
GGTAAACAGTAAATAC,E327F,0.1646,0.1646,2204,1872
GGTAAACATAAAATAC,K259Q K262aN,0.0000,0.0000,0,22
GGTAAACCCTCAATTT,M413P,nan,nan,0,0
GGTAAACCTTATATAA,N21H R404I,0.1007,0.1007,18,25
GGTAAACCTTTAGAAT,A336H,nan,nan,0,0
GGTAAACGATCACGGA,A144M,0.1355,0.1355,5006,5165
GGTAAACTGACGAAAT,L331Q,0.1398,0.1398,11,11
GGTAAAGCCAACCCGA,H183I,0.0000,0.0000,0,2
GGTAAAGTTAGACCCG,Y512P,0.1522,0.1522,86,79
GGTAAATCATAAACCT,G143M R321K G396V,0.0108,0.0108,1,13
GGTAAATCGGATGTTC,E476R,0.1921,0.1921,3318,2416
GGTAAATTCAGTATGT,G181C,0.0000,0.0000,0,1
GGTAACACCAGGAACC,M30G,0.4475,0.4475,128,40
GGTAACCAACTACACA,V272E,0.1216,0.1216,507,583
GGTAACCCGAGTCGTA,P299D,0.0000,0.0000,0,20
GGTAACGGCTCACAAC,I15K R328bN,0.0000,0.0000,0,17
GGTAACGTCTGCACAA,Q226N,0.0000,0.0000,0,137
GGTAACTATATGCCGT,P99L F232K,0.0000,0.0000,0,5
GGTAACTGCACATTAC,E273N,0.1651,0.1651,471,399
GGTAACTGTGGGCATC,,0.1843,0.1843,1589,1206
GGTAACTTCAGATCCG,K280W,0.1617,0.1617,1354,1171
GGTAAGAAACGGAACA,Q391I V395M,1.0000,3.5660,51,2
GGTAAGAGGAAGGAGC,F469D,0.0000,0.0000,0,12
GGTAATACACACGAGA,,0.1606,0.1606,2221,1934
GGTAATATCTGAAAAT,E403Q,0.4994,0.4994,75,21
GGTAATCCGCAAGACA,,0.2064,0.2064,679,460
GGTAATCCTAAGCCAC,A144M,0.1244,0.1244,653,734
GGTAATCTAGACACGA,P215V,0.0000,0.0000,0,24
GGTAATGACATGCTAT,E24W C549Q,0.2402,0.2402,79,46
GGTAATTGCTTCCATA,K50L,0.2384,0.2384,104,61
GGTAATTGTTAGAACA,,0.1817,0.1817,2171,1671
GGTACAAAAGTAAGGC,L409F,nan,nan,0,0
GGTACAAAATTAGACA,N248L,0.0832,0.0832,210,353
GGTACAAATCCATGCG,,0.1562,0.1562,822,736
GGTACAACCTTGAGGC,R321P S369R F469D,0.0447,0.0447,8,25
GGTACACCTAATCCCG,I267E G396W,0.8002,0.8002,103,18
GGTACACGAAGCACAA,E500H,0.1073,0.1073,267,348
GGTACAGGCTTAGCAT,T390Q,nan,nan,0,0
GGTACAGGGCCTTATC,S509A,0.1355,0.1355,4433,4576
GGTACATCTGTACGCA,E476W,0.1950,0.1950,1368,981
GGTACATGAATTTCTG,Q226E,0.1756,0.1756,54,43
GGTACATGCGGGAAGA,I502H,0.2797,0.2797,100,50
GGTACCAATAACCTAA,A257Y,0.0000,0.0000,0,2
GGTACCAATATCATAT,,0.1556,0.1556,1385,1245
GGTACCACCACCAAGT,N172M,0.1350,0.1350,4727,4895
GGTACCCACTTTACCA,,0.0000,0.0000,0,4
GGTACCCCGTCTGGGC,I182K,0.0000,0.0000,0,8
GGTACCTGGATTGCAT,T422W,0.9989,0.9989,50,7
GGTACCTTCTGGCAAC,K387R S503R,0.0794,0.0794,21,37
GGTACGACTTGAAATT,P489M,0.1076,0.1076,1339,1741
GGTACGCAGAAGCTAA,L213S,0.1090,0.1090,1615,2072
GGTACGGCGATATACA,T370M,0.9975,0.9975,107,15
GGTACTAAACGAGCGG,T206G,0.2190,0.2190,1350,862
GGTACTAACTCTCAAT,P74R,0.2403,0.2403,2863,1666
GGTACTACTAATATAA,,0.1650,0.1650,2539,2152
GGTACTAGATCGTTAT,,0.1236,0.1236,412,466
GGTACTCTGTTGTAAA,N150Q V395S,0.0000,0.0000,0,16
GGTACTTAGTACCAAA,E107T,0.0000,0.0000,0,3
GGTACTTTAATCAAAC,N278S,0.1384,0.1384,1322,1336
GGTAGACACCAATACC,K165S L209G,0.3671,0.3671,42,16
GGTAGAGAAAAAGTTT,M431H S442R,nan,nan,0,0
GGTAGATAAATTACAT,N289E,0.1598,0.1598,88,77
GGTAGATACTGAAATA,G143Y A522R,0.0000,0.0000,0,17
GGTAGCAGAGTCCAGG,S22W,0.0000,0.0000,0,3
GGTAGCATAATAAAAT,V152R,0.1398,0.1398,163,163
GGTAGCCGACAATGGG,E500I,0.0854,0.0854,190,311
GGTAGCTACGATCAAA,Q513T,0.1204,0.1204,687,798
GGTAGCTGTGACCTCA,C277T I385W,0.0000,0.0000,0,18
GGTAGCTTTGTATTAT,K372R S523W,0.0000,0.0000,0,1
GGTAGGGTTATGCTTC,,0.1373,0.1373,1092,1112
GGTAGTAGCAGGCTCA,A522W,nan,nan,0,0
GGTAGTATAATGAAGA,K259E,0.0917,0.0917,370,564
GGTAGTATACCAAATC,F232E,0.0000,0.0000,0,13
GGTAGTCAGTGAATGT,K196S N322V T370Y A522V,1.0000,1.0721,46,6
GGTAGTCCAATGCGAT,P239G,0.1419,0.1419,691,681
GGTAGTTATCATAACA,,0.0000,0.0000,0,35
GGTAGTTTACTAGGGC,S519I,nan,nan,0,0
GGTATAAACAAAATAT,Y470K,0.1383,0.1383,269,272
GGTATAAAGGAACTGG,E189K,0.5962,0.5962,324,76
GGTATAACGATCACTT,I29Y,0.2667,0.2667,103,54
GGTATAACTCGCCTAG,R397K,nan,nan,0,0
GGTATAATCTGATCAC,S383H,0.3334,0.3334,1371,575
GGTATACCCATTCGTA,K328cG,0.0000,0.0000,0,6
GGTATATCACGCGTTA,E500H,0.1594,0.1594,588,516
GGTATATCGCGACGGC,I260K K262aN,0.2797,0.2797,18,9
GGTATATGAGAATTTC,,0.3776,0.3776,108,40
GGTATATTGAGTTACT,N322S F469Y,0.0000,0.0000,0,13
GGTATCAAAGAAAACC,H244Y,0.1689,0.1689,1708,1414
GGTATCCCAACGAAAA,N172F,0.0899,0.0899,1076,1674
GGTATCTAAAATATCT,G55A A67D,0.0000,0.0000,0,18
GGTATCTACCCTTATG,I4G,0.1106,0.1106,726,918
GGTATGCCATGGATTC,T200H,0.0000,0.0000,0,20
GGTATGGTCCTGATTT,T35K Y141S,0.1177,0.1177,538,639
GGTATTAATAAATTAT,K387A A459Q,nan,nan,0,0
GGTATTAATGAAACGT,P306A,0.1119,0.1119,204,255
GGTATTAGTTACATCT,Y98N Q545D,0.0000,0.0000,0,4
GGTATTCCATATCTAA,,0.0941,0.0941,473,703
GGTATTCCGAGTTAAC,F148I I502W,0.0000,0.0000,0,7
GGTATTCGGGTAACCC,,0.1477,0.1477,17737,16795
GGTATTGAAAGCGATA,P74D,0.2897,0.2897,29,14
GGTATTTAAGACATTC,A144C,0.0000,0.0000,0,2
GGTATTTATTCAACTT,S10Y,0.0000,0.0000,0,16
GGTATTTCAATTGACC,L61D,0.0000,0.0000,0,2
GGTATTTGAACACTTA,A137T N169T S369D F469R,nan,nan,0,0
GGTCAAAAAAACTATA,G349W,0.0000,0.0000,0,2
GGTCAAAACAGAGTAG,A459G,0.1275,0.1275,13949,15295
GGTCAAACCACTCCAA,A93N A521W,0.3454,0.3454,163,66
GGTCAACAGAAAAAAA,L527Y,0.0000,0.0000,0,2
GGTCAACTCGCAATCA,Y201Q,0.0853,0.0853,144,236
GGTCAAGGGTACAATA,I297Q,0.0000,0.0000,0,37
GGTCAAGGTGTCCAAA,G465F,0.0000,0.0000,0,13
GGTCAAGTGCCCCATA,G263C,0.0000,0.0000,0,7
GGTCACAGGTATCGAA,,0.1623,0.1623,1826,1573
GGTCACATTTTGCACC,I80S,0.1953,0.1953,6205,4444
GGTCACTAACATTACA,,0.1128,0.1128,75,93
GGTCACTGACCGTCAA,H471W,nan,nan,0,0
GGTCAGGATGAACAAG,L59D,0.0000,0.0000,0,4
GGTCAGGTGTTGTAAT,,0.1089,0.1089,208,267
GGTCAGTCATAATGAT,F118N,0.1660,0.1660,146,123
GGTCAGTTGCACACCC,E476W,0.1125,0.1125,428,532
GGTCATCGGCATCACA,D419V,0.0814,0.0814,85,146
GGTCATGGATTAAAAT,,0.2026,0.2026,3136,2165
GGTCATGTATCCAAGC,P198W G271R H276I,0.1993,0.1993,114,80
GGTCATTCACTTTCCT,T171P,0.1886,0.1886,232,172
GGTCATTCGAAAGGGG,I29D,nan,nan,0,0
GGTCATTCTCGTAACG,L194R,0.1677,0.1677,470,392
GGTCATTGGTTACACA,M413D V505M,nan,nan,0,0
GGTCATTGTACTACAT,A373V,nan,nan,0,0
GGTCATTTGGCAATAT,S126Y A532H,0.0000,0.0000,0,2
GGTCCAACTACAGACT,I124V,0.1471,0.1471,728,692
GGTCCACCTTTCCCTC,S523V,0.5594,0.5594,32,8
GGTCCATACAATAGAC,N389S,0.1518,0.1518,573,528
GGTCCATGCGCTCCGA,M268P,nan,nan,0,0
GGTCCCAAAATCTCGT,D104C,0.1402,0.1402,739,737
GGTCCCAAGCTAAATA,L70N,nan,nan,0,0
GGTCCGTGAGTACAAA,C97T,1.0000,1.1787,59,7
GGTCCTATAAAGAAAA,K280C,0.1264,0.1264,415,459
GGTCCTATCCAAAAGA,G352W,0.0000,0.0000,0,4
GGTCCTATTACTAAAA,Q490A,0.2171,0.2171,402,259
GGTCCTGCGGCTATTC,M292D,0.0000,0.0000,0,16
GGTCCTTAGTCCAAGT,N408H,0.0868,0.0868,103,166
GGTCCTTTACAAGGAT,I178M,0.1145,0.1145,5343,6527
GGTCCTTTCAGAAGGA,C52Y,0.0000,0.0000,0,1
GGTCGAAAGATGAAAA,L1Y Y161T,0.0000,0.0000,0,26
GGTCGAACGATGTGTT,Q12Y,0.0000,0.0000,0,129
GGTCGAACTGCCAAGC,R90G,0.1016,0.1016,507,698
GGTCGAATACATACTA,N408Y,0.0000,0.0000,0,78
GGTCGAGTAAAAGTAT,I121E S247I,0.0000,0.0000,0,12
GGTCGCGAGCTGTCGG,V34*,0.2826,0.2826,97,48
GGTCGCTGCCTATCTA,,0.0000,0.0000,0,6
GGTCGCTTTCAATTAA,N169L,0.0000,0.0000,0,4
GGTCGTATTAGTCCCG,T436M,0.1234,0.1234,75,85
GGTCGTCTGCCCATAC,R328bW,0.1569,0.1569,652,581
GGTCGTCTTTATCCCT,F294V,nan,nan,0,0
GGTCTAAACAAATCAG,G504M,0.1771,0.1771,1046,826
GGTCTAACTTGAATTT,Q391V,0.0000,0.0000,0,7
GGTCTACATCATGGAA,G396N,0.1928,0.1928,302,219
GGTCTAGTCTGAATAC,N94K K498L,0.0574,0.0574,260,633
GGTCTCAAAAGTGAGA,R397A S442N,nan,nan,0,0
GGTCTCCCCACGCCCA,D386F,0.1788,0.1788,4444,3476
GGTCTCGACAACAGGG,A3K,0.2897,0.2897,58,28
GGTCTCTCCTAGCTAT,G143H F469G,0.0000,0.0000,0,13
GGTCTTAAAGACGGAC,G134L C477M,0.0000,0.0000,0,12
GGTCTTCAGATTGATC,Q211G,0.1306,0.1306,99,106
GGTCTTCTAATTGCTA,L497R,0.2053,0.2053,6881,4688
GGTCTTGGGCACAAAG,,0.1114,0.1114,1174,1474
GGTGAAAAATACCCCT,L515F,0.0000,0.0000,0,21
GGTGAACAAAACAGAG,V8D,0.2543,0.2543,20,11
GGTGAACGCCAATGAG,R328aP,0.0000,0.0000,0,1
GGTGAACTTTAAACTC,L2*,0.5794,0.5794,29,7
GGTGAAGACATATCCA,H117C,0.0000,0.0000,0,37
GGTGAAGCTACAATAA,P306C,nan,nan,0,0
GGTGAATTAATAAAGA,,0.1365,0.1365,452,463
GGTGAATTCTTGGACT,,0.1317,0.1317,4233,4495
GGTGACACGAACCACA,,0.1524,0.1524,351,322
GGTGACACGTAGAGCC,S543D,0.3450,0.3450,491,199
GGTGACAGTCCTGAAG,S265A,0.1251,0.1251,332,371
GGTGACTTATTTCAAA,D63M G333D G465Y,0.0000,0.0000,0,8
GGTGAGAATAGAGCGA,Y448D,0.0000,0.0000,0,6
GGTGAGCCAAATCCAC,N169P,0.0616,0.0616,111,252
GGTGAGCGCGCCTTGT,V315H F417G,0.0000,0.0000,0,3
GGTGAGTCATAAAAAA,T35N,0.0811,0.0811,1008,1739
GGTGATACGCCATGGA,G484R,0.1280,0.1280,811,886
GGTGATATGAGCTTAA,K412G,0.3077,0.3077,33,15
GGTGATATGATGTCTT,A19F,0.0949,0.0949,19,28
GGTGATCACTAACTAA,I42* A394F,0.5594,0.5594,24,6
GGTGCAACTCAGGTGG,L177F E358P D415G,0.0000,0.0000,0,1
GGTGCACACTGATGTT,I164A S356I S524W,0.2797,0.2797,18,9
GGTGCAGAAAGCTAAC,Y512C,0.1901,0.1901,3672,2701
GGTGCATAATTCTGCA,,0.0860,0.0860,193,314
GGTGCCTGGATAATAA,P162K R499A,0.1344,0.1344,3851,4008
GGTGCGAGCACAATGT,N464Q,0.1174,0.1174,1745,2079
GGTGCGATAATATTCC,C14V G463T,0.0000,0.0000,0,3
GGTGCGGCCACTGCCT,R328bS,0.1993,0.1993,5260,3691
GGTGCTGCTTATTAAA,A373V D487A,0.0000,0.0000,0,1
GGTGCTGTGCTGATTT,,0.2182,0.2182,39,25
GGTGGACAATTAACCA,D264K,0.0000,0.0000,0,10
GGTGGACCACACAGAC,N116M,0.0810,0.0810,576,995
GGTGGCAAGTGACTTT,,0.1155,0.1155,7002,8479
GGTGGCACTATAATGA,E189K,0.2794,0.2794,4539,2272
GGTGGCGATAGCCAAC,L209W,0.0000,0.0000,0,5
GGTGGGAGTCTAGTAC,F118I P239H,nan,nan,0,0
GGTGGGCGACACGATA,,0.1192,0.1192,2344,2749
GGTGGTGGAGACTGAA,K156G,0.0958,0.0958,222,324
GGTGGTTAAAGTCCTC,,nan,nan,0,0
GGTGTAAAATACAGGG,L-1*,0.0000,0.0000,0,8
GGTGTAAATCCTTGAT,E468L,0.0737,0.0737,1091,2069
GGTGTAACTCCCGGCT,N172P,0.0000,0.0000,0,3
GGTGTACAACTATACT,F233A,0.0909,0.0909,169,260
GGTGTACCGATTTGAC,E273I F469Q,0.0000,0.0000,0,9
GGTGTAGATACGATGC,Y258V,0.0494,0.0494,35,99
GGTGTATATCCTTATC,L176R,1.0000,8.3906,60,1
GGTGTCAGGTTTAATT,F147T,0.5373,0.5373,146,38
GGTGTGAACCTTCCAT,L447I,0.0822,0.0822,1085,1845
GGTGTTAACATATAAT,W180H,0.0000,0.0000,0,40
GGTGTTACTAACGACT,A39I,0.1200,0.1200,733,854
GGTGTTGCCAGTGCAT,S167F R321M S503F,nan,nan,0,0
GGTGTTGTAAACACCA,L427K,0.0000,0.0000,0,1
GGTTAAAAACTAGAGA,E190A,0.0000,0.0000,0,60
GGTTAAACATACACTA,A394N,0.1678,0.1678,6,5
GGTTAAACTGTACGAC,R452V,0.0000,0.0000,0,4
GGTTAACACACTGCAA,F392N,0.4739,0.4739,61,18
GGTTAACGTTGGGTAA,N382K,0.3713,0.3713,1046,394
GGTTAAGCCACAATAA,V510P,0.1017,0.1017,112,154
GGTTAATATATGGTAT,G143Y,0.1176,0.1176,180,214
GGTTAATCGAGTAAAC,M230N,0.0000,0.0000,0,31
GGTTAATTAACTACCG,R456E,0.2075,0.2075,503,339
GGTTACAAGACCTTGT,Y256H,0.1776,0.1776,268,211
GGTTACGCCTAATAGA,F392M,0.1472,0.1472,80,76
GGTTACGTTCGGGGAT,S265I R435I,0.0000,0.0000,0,2
GGTTACTTAGTTCTCA,,0.1343,0.1343,1345,1401
GGTTAGAAAAAGTCTA,L194E,0.0000,0.0000,0,5
GGTTAGACCGGGCCAA,L51E,0.0000,0.0000,0,14
GGTTAGCCCCCTCTAG,E304I R482M,0.1344,0.1344,790,822
GGTTAGCCCGCGAGGG,G504N,0.0836,0.0836,116,194
GGTTAGCGCTCTGAAT,I406Q,0.0000,0.0000,0,10
GGTTATAAACTGTAAA,,0.1235,0.1235,658,745
GGTTATACGCAGAAAA,Y308D,nan,nan,0,0
GGTTATACGCTTTCTG,,0.1321,0.1321,7322,7754
GGTTATACTAGACCCC,I-3S,0.1560,0.1560,14183,12712
GGTTATCATTGTAATT,G225* C305D,0.0000,0.0000,0,14
GGTTATCCTCTAAAGT,A373G,0.0931,0.0931,363,545
GGTTATCTTCAGAAGA,L43Q Y423K W537L,0.2508,0.2508,52,29
GGTTATGAAGATAAGT,N443S,0.1099,0.1099,522,664
GGTTATGGAGAGAAGG,,0.1113,0.1113,4639,5831
GGTTATGTATGGTCAG,S290M,0.0813,0.0813,193,332
GGTTATTAAAAAAAGA,Q12L,0.1507,0.1507,1817,1686
GGTTCAATGACGATTA,I178K K387S,0.0000,0.0000,0,2
GGTTCCAAACTAACCC,H298P,1.0000,1.4450,62,6
GGTTCGACTCACCCCA,,0.0721,0.0721,185,359
GGTTCGCCCTTTCAAG,,0.2011,0.2011,335,233
GGTTCGTGCGATAAAG,V451K,0.0000,0.0000,0,3
GGTTCTAACACAGTAT,A39S I178Q,1.0000,1.6781,48,4
GGTTCTATTAAACGAA,V34E V36S R405N,0.0763,0.0763,6,11
GGTTCTCACAGACACC,K196F V505F,0.1143,0.1143,2098,2567
GGTTCTCTAGCGAGTT,N169F K380P,0.8507,0.8507,73,12
GGTTCTGTGATACGAT,,0.2746,0.2746,108,55
GGTTGAACAAGTGTTC,,0.1860,0.1860,1415,1064
GGTTGACAATGTGCCT,I-3S,0.1495,0.1495,3594,3361
GGTTGACCAGCAGCGG,,0.0163,0.0163,24,206
GGTTGAGCGAATTCAC,,0.1585,0.1585,1917,1691
GGTTGATAGATTTTTC,I406L,0.0000,0.0000,0,127
GGTTGCACCGTGATCA,R397G,0.1004,0.1004,270,376
GGTTGCGACTCCCGTC,,0.0000,0.0000,0,1
GGTTGCGTCAAAATAC,T485R,nan,nan,0,0
GGTTGCTAAATGTGCC,T378P,0.0000,0.0000,0,3
GGTTGCTCAAGCCAAT,V88H,0.0943,0.0943,151,224
GGTTGGAGATCTACAG,E-5K I15H,0.0000,0.0000,0,3
GGTTGGATGAATAAAG,,0.1442,0.1442,1018,987
GGTTGGTAAATCAAAA,S361Y,0.1269,0.1269,1035,1141
GGTTGTCCTTACGAAA,D159A F338S,0.0000,0.0000,0,11
GGTTGTCGTTGAATCA,R81C,0.2260,0.2260,2639,1633
GGTTTAAAATATGTCC,A526S,0.1520,0.1520,2759,2539
GGTTTAAATCTAAGTT,G533C,0.1434,0.1434,720,702
GGTTTACGTAAAAAAA,N169E T208F,0.1530,0.1530,58,53
GGTTTACGTAAATATG,,0.2672,0.2672,235,123
GGTTTAGCTTACATAC,E246K E434K Q545D,0.0000,0.0000,0,4
GGTTTAGTGTAAGAAA,,0.1242,0.1242,445,501
GGTTTAGTGTCAAGTC,G333S,0.1369,0.1369,284,290
GGTTTATAAGATGCTC,,1.0000,inf,2,0
GGTTTATAAGTAAATG,P99Q H354V,0.0000,0.0000,0,3
GGTTTATTGGTAGCCA,,0.0725,0.0725,97,187
GGTTTCAGCAAGAGAG,N446I I529S,0.1820,0.1820,95,73
GGTTTCATCAGAATCG,H183V,0.0000,0.0000,0,10
GGTTTCGGGCTTGGAA,T200D,nan,nan,0,0
GGTTTGCTGATGCAAT,E83L V347P,0.3290,0.3290,160,68
GGTTTTAATATACGCG,A365R,1.0000,1.1887,17,2
GGTTTTCAATAATGGA,D11I W343Y,nan,nan,0,0
GGTTTTCAATACGAAA,,0.1428,0.1428,244,239
GGTTTTCAATGAATAG,L316R,nan,nan,0,0
GGTTTTTGAACAAGTA,S10V,0.0000,0.0000,0,5
GTAAAAAAATTCTGAG,E273H,0.1602,0.1602,2028,1770
GTAAAAAACTAACATC,D415K,0.5365,0.5365,211,55
GTAAAAAATCTACAAA,V420L,0.1691,0.1691,2030,1679
GTAAAAAATTGACGGT,E83K S383N,nan,nan,0,0
GTAAAAACAAAAAGAC,P128V,0.2077,0.2077,6180,4161
GTAAAAACCACATTGC,E119D C549N,0.1178,0.1178,412,489
GTAAAAAGACGAAGAA,,0.1285,0.1285,1123,1222
GTAAAAAGCACTACGA,,0.1046,0.1046,644,861
GTAAAAATAAACATCG,H18S,0.1906,0.1906,248,182
GTAAAAATCTGAACCC,E403K,0.0000,0.0000,0,4
GTAAAACAGGTGGTGG,K372V N401K,0.0826,0.0826,1142,1934
GTAAAACATTGTTAGT,D63W,0.2042,0.2042,1022,700
GTAAAACCACCCAGTA,M30H,0.0000,0.0000,0,2
GTAAAACCCCAAAAAT,N312C,0.2485,0.2485,709,399
GTAAAACCTTATTACC,C281H,0.0000,0.0000,0,7
GTAAAACTCATCTAGA,E83R,0.1566,0.1566,617,551
GTAAAAGAATCGATTC,N54aA,0.1303,0.1303,191,205
GTAAAAGACGAACAGT,N-4R F251C,0.0000,0.0000,0,2
GTAAAAGCCGCGGTTA,Y353E S519R,0.0000,0.0000,0,12
GTAAAAGGCGACCGAG,L2T,0.0990,0.0990,454,641
GTAAAAGGTCATCCGG,S167A R321N S369A F469Q,0.0000,0.0000,0,1
GTAAAAGTAAAAAAAA,T370S F469P,0.0000,0.0000,0,1
GTAAAAGTAAGATCAA,K120L,0.0592,0.0592,162,383
GTAAAAGTACCCTGGT,D375L,0.2214,0.2214,5743,3627
GTAAAATAAAAGGGGA,G330D,0.0000,0.0000,0,20
GTAAAATAACCTCAAT,V261- K262- K262a- G275A,nan,nan,0,0
GTAAAATAACGGTGCC,G181E D375V,1.0000,8.3906,180,3
GTAAAATAAGACAACT,D41G,0.1018,0.1018,5313,7302
GTAAAATACGTTATAT,S10E,nan,nan,0,0
GTAAAATCAAGCAGTT,F79Q R321T T370L,0.2956,0.2956,93,44
GTAAAATGACCTAGGA,M30G,1.0000,1.4450,31,3
GTAAAATGATACCCTC,I260E,0.1766,0.1766,24,19
GTAAAATGTATACAGG,,0.0945,0.0945,98,145
GTAAAATTGAAATTAG,K411R M431I,0.0000,0.0000,0,1
GTAAACAAAACGTAGC,A532S,0.0912,0.0912,488,748
GTAAACAAAATAACAA,*551H,0.3073,0.3073,178,81
GTAAACAAGAATACCA,,0.0779,0.0779,498,894
GTAAACACAACCGTAA,V309F,0.0000,0.0000,0,3
GTAAACAGTGGTGCGT,N92Q G330C,nan,nan,0,0
GTAAACAGTTATTAGT,N187R N541K,0.3622,0.3622,158,61
GTAAACATCATATTAG,K32P,0.1697,0.1697,3715,3061
GTAAACATTAACAACA,K310M,0.0000,0.0000,0,5
GTAAACATTATAACTG,V82F,0.1802,0.1802,1461,1134
GTAAACCACATATCAT,I121N S480Q,0.1330,0.1330,2549,2681
GTAAACCCCAATAGTA,S101P,0.0000,0.0000,0,124
GTAAACCCTCTCCGCC,N296E L507R,0.0000,0.0000,0,3
GTAAACCTACGCTACC,K328cG,0.1793,0.1793,109,85
GTAAACGACCTACATT,,0.1240,0.1240,415,468
GTAAACGGTAAGGAAA,,0.1271,0.1271,250,275
GTAAACTCGTGAATAA,W69F,0.0566,0.0566,151,373
GTAAACTGAAATGTGC,Y486R,nan,nan,0,0
GTAAACTGACTAATTC,E83K,0.1569,0.1569,1818,1620
GTAAAGACTTCACCTT,H295E,0.1567,0.1567,1801,1607
GTAAAGAGGAACAGGG,H18Y,0.1199,0.1199,138,161
GTAAAGATAGGCACCA,,0.1389,0.1389,425,428
GTAAAGCCTAATAACA,G349D,nan,nan,0,0
GTAAAGCGTAACGATA,I166A K196M,0.2753,0.2753,443,225
GTAAAGCTTGAGCACA,D348P T511E,0.0000,0.0000,0,22
GTAAAGGGACTGATCA,H38S,0.1158,0.1158,1822,2200
GTAAAGGGCCCTTTAG,D240E,0.1509,0.1509,435,403
GTAAAGTCACAAATTT,I339W,1.0000,2.2142,95,6
GTAAAGTCGGGTGTAT,G484F,0.1145,0.1145,928,1133
GTAAAGTGCTTCCACC,L54K,0.3196,0.3196,32,14
GTAAATAAGCAACCGT,N312D S516N,0.1860,0.1860,1411,1061
GTAAATCAAGCCCAGG,A242T,0.1454,0.1454,1304,1254
GTAAATCAAGTAACGC,N33W,nan,nan,0,0
GTAAATCAGTGCATTA,A373S K380N,0.5244,0.5244,30,8
GTAAATCATTCAAAGG,,0.0000,0.0000,0,3
GTAAATCGACACCGAC,L-1M,0.2924,0.2924,895,428
GTAAATCGCCTTGTTT,T206P,0.0000,0.0000,0,11
GTAAATCTAATCAGCA,,0.3459,0.3459,47,19
GTAAATCTCCAATCTT,,0.2023,0.2023,1831,1266
GTAAATGAGGCCCCTA,A137E,0.0000,0.0000,0,50
GTAAATGATTCATAGA,S221P H355Q C549*,nan,nan,0,0
GTAAATGGCACGATGG,S442A,0.0797,0.0797,1163,2040
GTAAATGTGAGAGGCA,T279D,nan,nan,0,0
GTAAATTACATGATGC,L2Q,0.0000,0.0000,0,28
GTAAATTGAAGTACCC,P324E,0.0488,0.0488,155,444
GTAAATTGACCAGGAG,T378E,0.1048,0.1048,759,1013
GTAAATTGACCGTTAA,S369V,0.1419,0.1419,138,136
GTAAATTGCCGAGTAA,,0.1058,0.1058,444,587
GTAAATTGGCTCGTAT,P125T,0.1997,0.1997,5588,3913
GTAAATTTAGAGAGGA,T520E,nan,nan,0,0
GTAACAAATACCACTG,,0.1547,0.1547,3642,3293
GTAACAAATGGATCTG,A373R,nan,nan,0,0
GTAACAAATTACTAGA,,0.2474,0.2474,23,13
GTAACAACTAAAATAT,R173E,0.1460,0.1460,1310,1255
GTAACAACTGGTAAAA,E-5K Y351R,0.0000,0.0000,0,14
GTAACAATAATTAGAC,,0.0866,0.0866,317,512
GTAACAATCATCCGGG,A532Y,0.0000,0.0000,0,5
GTAACACAGTCGGAAC,N73K A364E,0.0000,0.0000,0,4
GTAACACCGATTATCA,,nan,nan,0,0
GTAACACTCCACAACT,V26S Q282A,0.0000,0.0000,0,13
GTAACAGCAAATACTA,E432C,0.1894,0.1894,2672,1973
GTAACAGGGACAAAAT,N483V,0.0694,0.0694,196,395
GTAACATAAATGCTGA,V347K,0.1923,0.1923,1905,1385
GTAACATAGCCGCCTG,,0.1703,0.1703,2284,1876
GTAACATCACCTTAAA,E44Q,0.1203,0.1203,2440,2837
GTAACATCATCCTGAG,N169F,0.2013,0.2013,390,271
GTAACCAAACTTTCAA,Q211W N424D,0.0000,0.0000,0,19
GTAACCAGTTTTTTAT,,0.2000,0.2000,2970,2077
GTAACCATAACAAAAT,W343H,nan,nan,0,0
GTAACCCAACTCCTAG,,0.0993,0.0993,1477,2079
GTAACCCACTTAAAGT,,0.1166,0.1166,446,535
GTAACCCGAATAAAGA,,0.0793,0.0793,644,1136
GTAACCCGAGATCTAA,S291T,0.1220,0.1220,3288,3768
GTAACCCGCCCCTTAC,,0.0999,0.0999,325,455
GTAACCCTATTTGCAA,V34E R452W,0.0000,0.0000,0,15
GTAACCGTCAGTCTCA,C64K,nan,nan,0,0
GTAACCTGACAATATT,L437K,nan,nan,0,0
GTAACGAACATACATA,I517T,0.4195,0.4195,24,8
GTAACGACCAGAAGTA,D175T H440R,0.0000,0.0000,0,4
GTAACGAGACCAGGAA,N278R Y486C,0.1034,0.1034,51,69
GTAACGCATGGATGTT,,0.1266,0.1266,115,127
GTAACGGAACTTACTA,E461Q,0.2447,0.2447,42,24
GTAACGGAATTAACCA,F232A I548T,0.0000,0.0000,0,1
GTAACGTGTTTTTTTT,Q344I,0.1666,0.1666,305,256
GTAACTAAAGGGAATG,N172M,0.0642,0.0642,445,969
GTAACTAAAGGGTCTG,E189V,0.2661,0.2661,664,349
GTAACTAACATGCTGT,G225M A364W,0.5749,0.5749,74,18
GTAACTAACTAAAATG,C473N,0.0000,0.0000,0,5
GTAACTACAAAAAAGG,V377P,0.0373,0.0373,4,15
GTAACTACAGGTACGC,,0.3234,0.3234,37,16
GTAACTACCCCATACA,,0.2300,0.2300,546,332
GTAACTCAAATTAACG,G263E,nan,nan,0,0
GTAACTCCCCCGGAGT,W69I,0.1807,0.1807,1096,848
GTAACTGCAAAGAAAT,K445L A522G,0.0000,0.0000,0,1
GTAACTGCGACCCATA,G484A,0.1692,0.1692,4199,3471
GTAACTGTCACTCGAA,T23C N224Y L314V I548Y,nan,nan,0,0
GTAACTTAAGCAACAT,,0.1109,0.1109,241,304
GTAACTTATAGGATAA,S167L N322I S369V F469S,0.0000,0.0000,0,1
GTAACTTTATCTAATA,E273N,0.1980,0.1980,5927,4186
GTAAGAACATCTGAAG,W84*,0.0845,0.0845,29,48
GTAAGAACTAACCGGA,T370L F469K,0.0000,0.0000,0,1
GTAAGAAGAACCGGTC,S85H,0.0000,0.0000,0,2
GTAAGAAGAGCACAAA,S85Q,0.3296,0.3296,33,14
GTAAGAATATTATAAT,F332E,0.0000,0.0000,0,1
GTAAGAATCTTCCTTT,Y17C,0.1444,0.1444,158,153
GTAAGAATTATAGGAA,I288A,0.0000,0.0000,0,2
GTAAGACGGCAAGTAA,C477M,0.4595,0.4595,23,7
GTAAGACTTTGACAAA,Y258P,0.0000,0.0000,0,7
GTAAGAGATGAATCGA,E461P,0.0744,0.0744,25,47
GTAAGATACAGAGCGA,,0.1608,0.1608,1430,1244
GTAAGATATCGGGAAA,,0.0977,0.0977,706,1011
GTAAGATATGTCAAAT,Y86S,nan,nan,0,0
GTAAGATGAACATCAC,S10I,nan,nan,0,0
GTAAGATGACGGTGAG,,0.0466,0.0466,2,6
GTAAGATTAGATATAT,N401Q,0.1086,0.1086,2682,3455
GTAAGATTGCAAATGA,A532H,nan,nan,0,0
GTAAGATTTGTAACTA,R328bM K445S,0.4858,0.4858,66,19
GTAAGCCGGGCACAAA,K32C Q282Y,0.0000,0.0000,0,1
GTAAGCGACGAGTCAA,Q371A,0.1355,0.1355,216,223
GTAAGCGCAGAGTTAC,,0.1311,0.1311,806,860
GTAAGCGGGAGCTGAC,N278L,0.0723,0.0723,543,1050
GTAAGCGTTTTTAGCC,G286M R456P,nan,nan,0,0
GTAAGCTAAAATAAAG,V36I,0.1985,0.1985,728,513
GTAAGCTATCCGCCTA,H117A,0.1547,0.1547,104,94
GTAAGCTCGGGTCTAC,S136R,0.4946,0.4946,191,54
GTAAGCTGGTTCTCAT,E426A,0.9416,0.9416,101,15
GTAAGCTTGGCGTAAT,,0.1504,0.1504,327,304
GTAAGCTTTTTTTCAT,S167I K411W,0.5920,0.5920,127,30
GTAAGGACCCCCCCAA,I87E V347K,0.0000,0.0000,0,1
GTAAGGATAATTACAA,N389C,0.1971,0.1971,2557,1814
GTAAGGCCTCCATAAA,G337R,0.0000,0.0000,0,2
GTAAGGCGTAGCCGAC,L237G,0.1199,0.1199,6,7
GTAAGGTAGGTCAATG,V8M K445A,0.0000,0.0000,0,2
GTAAGGTTAATGAACG,G143I,0.0000,0.0000,0,53
GTAAGGTTATGTAAAC,N169P I252Y,0.0000,0.0000,0,31
GTAAGTAAGAAGAGTG,T390H,0.0487,0.0487,301,864
GTAAGTACGTAAGACG,,0.1485,0.1485,1562,1471
GTAAGTACTGAACTAC,K165A,0.1072,0.1072,510,665
GTAAGTATGGGAAACT,Q40W,0.1478,0.1478,335,317
GTAAGTCAGTTCTGAC,G352L,0.2961,0.2961,72,34
GTAAGTCCAATTATTC,W84M L409S,0.0000,0.0000,0,4
GTAAGTCCCGTCATAC,E461Y,1.0000,2.5172,90,5
GTAAGTCTCAGCCAGA,,0.0000,0.0000,0,1
GTAAGTGACTGACCAT,W180M,0.0000,0.0000,0,9
GTAAGTGAGAAAGAAA,,0.1419,0.1419,7482,7371
GTAAGTGAGAAGGGGA,A257H,0.0000,0.0000,0,6
GTAAGTTATAGAAGGC,,0.0524,0.0524,218,582
GTAAGTTCCTTACGAG,G49D,0.0911,0.0911,1620,2487
GTAAGTTTATGAAGCG,N169T,0.1660,0.1660,375,316
GTAATAAAAGTAATAA,K307W,nan,nan,0,0
GTAATAAAGCCTCTGA,L409W,nan,nan,0,0
GTAATAAAGGGCGCCT,N224M N483Y,0.0000,0.0000,0,5
GTAATAAATATTATAC,L194I L507S,0.2893,0.2893,1231,595
GTAATAAATCATAGAT,V34K,0.0000,0.0000,0,40
GTAATAACAGAAGACT,P145D,0.0749,0.0749,4531,8463
GTAATAAGTAGACTTC,E403L,0.1311,0.1311,15,16
GTAATAATAAAGTTCT,,0.1056,0.1056,1383,1832
GTAATACAAAACGGAT,H18N F417R,0.0000,0.0000,0,10
GTAATACAAATGAGGC,G263D,0.0000,0.0000,0,2
GTAATACCTGTAGAGC,V151L L455Y,nan,nan,0,0
GTAATACTTCCAGTGT,T206N G349D,0.0000,0.0000,0,8
GTAATAGAAAAAATAT,K32*,0.0000,0.0000,0,19
GTAATAGTAAACCAAA,H295A Y363T,0.0000,0.0000,0,1
GTAATAGTGCAAAACG,N410E,0.0916,0.0916,258,394
GTAATAGTTCAGCTAG,S369I F469G,nan,nan,0,0
GTAATATATGTAAAAC,S247A,0.0858,0.0858,782,1275
GTAATATATGTAAAGA,M-6E C277M,0.0000,0.0000,0,13
GTAATATCACTACCCA,Y518D,0.0000,0.0000,0,3
GTAATATCACTGCCGG,,0.0981,0.0981,383,546
GTAATATCGAAGAAGC,F251S A317V K380M,0.0000,0.0000,0,5
GTAATATCTTACCGGT,I297E,0.6593,0.6593,99,21
GTAATCACAAATAAGG,K156L,0.1066,0.1066,2725,3575
GTAATCACAACGTGCG,A3F,0.1641,0.1641,851,725
GTAATCACTGGCGATT,C76A M530R,0.1704,0.1704,67,55
GTAATCAGGGCCACCC,,0.1103,0.1103,1350,1711
GTAATCCCCCATAGGC,E432W,0.0000,0.0000,0,3
GTAATCCCCCCTACTA,V-2Y E340F,0.3155,0.3155,722,320
GTAATCCTGAAATGAG,,0.1494,0.1494,296,277
GTAATCCTGGAGCCTT,,0.1329,0.1329,823,866
GTAATCGATAAGCGGA,K125aM,0.1987,0.1987,1442,1015
GTAATCTCACCATAAG,E89K,nan,nan,0,0
GTAATCTGAGTCTTCG,G333F,0.1548,0.1548,258,233
GTAATGAACACATGTT,G205V,0.0000,0.0000,0,2
GTAATGACCACCACAA,T206R K328A,0.0405,0.0405,33,114
GTAATGACCTCGTCTA,C64L A214F,0.0000,0.0000,0,19
GTAATGACTAGTCCAA,Y448H,0.1758,0.1758,137,109
GTAATGATAGAAAGAA,F469E,0.0000,0.0000,0,6
GTAATGGAACCCCTTC,,0.1264,0.1264,3136,3469
GTAATGGCAATTATAT,D159L,0.1843,0.1843,1460,1108
GTAATGGCAGCAGCTG,R212A,0.0944,0.0944,3711,5496
GTAATGTCAACGCCTC,M538A,0.0755,0.0755,143,265
GTAATGTTATCATTCA,L314R L527C,0.0000,0.0000,0,4
GTAATTAAAAGCTGCA,T266Y,nan,nan,0,0
GTAATTAAAGAGAACA,N48E,0.0000,0.0000,0,6
GTAATTACATTCATAT,A160V,0.3373,0.3373,697,289
GTAATTACGAACTTCA,H355A,0.1246,0.1246,2200,2470
GTAATTACGAGGCGAC,V420C,0.1678,0.1678,835,696
GTAATTATCGAAAATA,K45R K50R K62R F79M Y86C N94D S519P,0.0000,0.0000,0,2
GTAATTATCTTACCTT,R220D,1.0000,1.2186,61,7
GTAATTGACAGTTGCG,G362C,0.2093,0.2093,1726,1153
GTAATTGAGCATTATA,K156G,0.1663,0.1663,981,825
GTAATTGCCACTACCC,F233M,0.1249,0.1249,117,131
GTAATTGTCAATATGT,Y161C S167L F469R,1.0000,3.2164,23,1
GTAATTTATGCTAACT,N312W,0.1329,0.1329,19,20
GTAATTTGCGTACTTA,N446M,0.1249,0.1249,981,1098
GTAATTTTTTAGACCA,N73L,0.0402,0.0402,726,2525
GTACAAAAGCTAATAA,S247R E327- K328- R328a- R328b- Y488S,0.0000,0.0000,0,15
GTACAAAAGGATAACC,V315R,0.1618,0.1618,1181,1021
GTACAAAATACCTCAC,,0.1375,0.1375,237,241
GTACAAAATCATTGGT,I60A,0.1338,0.1338,156,163
GTACAAAATCGGTGGA,,nan,nan,0,0
GTACAAAATTACATAA,C473V,nan,nan,0,0
GTACAAACTAGCGAAC,I406S,0.9389,0.9389,94,14
GTACAAACTGATAACA,I182H,0.0701,0.0701,480,957
GTACAAATGTCTCCAC,T28E,0.0000,0.0000,0,1
GTACAAATTCCATAAC,N150K,0.0547,0.0547,221,565
GTACAAATTCGGCTCT,V505F,0.0000,0.0000,0,1
GTACAACACATGTATT,A495L,0.0878,0.0878,1306,2080
GTACAACAGTAACCAC,A459V,0.1647,0.1647,3344,2839
GTACAACCACTTGCAC,W537Q,0.0000,0.0000,0,19
GTACAAGACACTAATG,N379H L418P,1.0000,1.1537,33,4
GTACAAGTCCCTATAC,L453T,0.0299,0.0299,177,829
GTACAAGTGCGACTTC,A160P,1.0000,inf,37,0
GTACAATATGATTAAA,F148C,0.4720,0.4720,27,8
GTACAATCACAGTGCC,L71E P128H,0.6024,0.6024,56,13
GTACAATGCTAACACA,I514C N541S,0.2074,0.2074,86,58
GTACAATGCTACAACG,N158D,0.1351,0.1351,451,467
GTACAATTAGATCAAC,E131D R499A,0.0841,0.0841,471,783
GTACACACGGGACCAT,L70Q,0.0000,0.0000,0,6
GTACACATATTCGCAT,,0.1205,0.1205,4658,5404
GTACACCACCAATGTC,Y274Q,0.1636,0.1636,386,330
GTACACCACTTCATGT,S291P,0.1720,0.1720,6463,5255
GTACACCAGAGAAGTT,Q513S,0.0418,0.0418,73,244
GTACACCATAACGTCC,Q40A,0.1299,0.1299,1147,1235
GTACACCATAAGGAAA,K62G,0.1714,0.1714,9155,7469
GTACACCATACTGTGA,T436N,0.2610,0.2610,28,15
GTACACCTTGATTATT,G333R,0.2067,0.2067,405,274
GTACACGAAATTACGT,Q211T,0.1925,0.1925,417,303
GTACACGATTGAGAAT,P293L,0.0000,0.0000,0,7
GTACACGTATTTGAAT,L331Q,1.0000,2.0510,88,6
GTACACGTCCAGACAC,G16F R435M,0.2911,0.2911,102,49
GTACACTAGATAATGC,E107N L177P,0.0000,0.0000,0,8
GTACACTAGGATGAAA,H276N,0.2459,0.2459,4992,2839
GTACACTCACATTATA,K262aQ,0.1167,0.1167,1361,1631
GTACACTGATGTGGGC,,0.0932,0.0932,30,45
GTACACTTAAATCAAA,L2Y M292I D457N,nan,nan,0,0
GTACACTTTGGTGAAG,E304Q,0.1140,0.1140,2588,3175
GTACAGAACTTTCATG,G362P,0.0000,0.0000,0,4
GTACAGAATAACCAAG,S6P,0.0927,0.0927,1835,2767
GTACAGACCGACGCTA,M30*,0.0000,0.0000,0,6
GTACAGAGATCTCTAG,N20A L108P,nan,nan,0,0
GTACAGCATAACGCCC,,0.1704,0.1704,17610,14453
GTACAGCCTTGAATCA,K45T,0.1276,0.1276,1059,1161
GTACAGCGAGTTATAA,D375K,0.0466,0.0466,15,45
GTACAGCTAAATTCGT,,0.1440,0.1440,3781,3673
GTACAGTAATACGCAG,Y486P,nan,nan,0,0
GTACATAAAAAACGGG,,0.1925,0.1925,4082,2966
GTACATACGCCGTCAT,S167V N322K T370E,0.0000,0.0000,0,3
GTACATATATGAGTCC,Y491K,0.0391,0.0391,33,118
GTACATATGAAACAAA,C76Y,0.0000,0.0000,0,5
GTACATATGTTGACGG,L59E,nan,nan,0,0
GTACATCACCGTACAC,S270F,0.0000,0.0000,0,9
GTACATGCTGTCTGAA,R220I,nan,nan,0,0
GTACATTAGTTCAATT,I13S,0.0000,0.0000,0,5
GTACATTCATTTGCTC,T422W,0.0000,0.0000,0,7
GTACATTGCGCAAGGT,S221F,0.0000,0.0000,0,1
GTACATTTGTGAAATT,P162W,0.0000,0.0000,0,3
GTACATTTTCTCCAAT,,0.2172,0.2172,396,255
GTACATTTTGTAAATT,,0.0740,0.0740,144,272
GTACCAAGAAAACAGG,,0.0439,0.0439,145,462
GTACCAAGCTATAAGA,A287C G416D,0.0000,0.0000,0,1
GTACCACACCTCGACC,,0.3466,0.3466,751,303
GTACCAGTGAATATTC,N464H,0.0677,0.0677,197,407
GTACCATGTAATCAAA,E189H Y470Q,0.3149,0.3149,903,401
GTACCCAAAAGCGCAT,A336R W537K,0.0000,0.0000,0,5
GTACCCAAACTTGCTC,D240A D419N,0.1959,0.1959,1349,963
GTACCCATGACGCTAA,S323V,0.0652,0.0652,97,208
GTACCCATGATATTTA,D77N W537*,0.0417,0.0417,14,47
GTACCCATTGCACTAA,S323H,0.2173,0.2173,707,455
GTACCCTAGCAACATA,A138C,0.0000,0.0000,0,34
GTACCGAAGAAGTGGC,R229L W421M,0.7125,0.7125,107,21
GTACCGAATCAATAGA,R212C,0.0439,0.0439,270,860
GTACCGATTGCGACCA,S167W T370V F469C,nan,nan,0,0
GTACCGGAAAGACTAA,,0.0684,0.0684,158,323
GTACCGGACACGGTCC,Q371I S503Q,0.0515,0.0515,91,247
GTACCGGACCGGAAAG,M75L,0.1661,0.1661,57,48
GTACCGTGGTACCCAA,A160I,0.1010,0.1010,52,72
GTACCTAATTCTGATT,A495K,0.2670,0.2670,63,33
GTACCTATCAGAATAA,D175C,0.1321,0.1321,701,742
GTACCTCCCACGAGCC,R328bY,0.1899,0.1899,512,377
GTACCTGGATTGAAAG,H440A,0.8158,0.8158,35,6
GTACCTTGAAGTATGG,,0.1450,0.1450,1146,1105
GTACCTTGGCGACGGA,K216L F469S,0.0000,0.0000,0,1
GTACGAACACAGCTAC,A495I,0.1882,0.1882,222,165
GTACGAACACTACTCG,Y141C,0.1891,0.1891,5156,3813
GTACGAAGCTAACTTT,L194E N382Q,1.0000,3.6359,78,3
GTACGAATTGTTGGTA,Q371K,0.3833,0.3833,921,336
GTACGACACGTTACCC,S22*,0.0000,0.0000,0,1
GTACGACATAGAGAGA,Y491H,0.1746,0.1746,186,149
GTACGACCCTTAAACT,V34K,0.0000,0.0000,0,9
GTACGACCGTCGGATA,L507T,0.3916,0.3916,154,55
GTACGACGTGCTAAAT,,0.2881,0.2881,1032,501
GTACGAGCTTTTTAGT,M-6F R212K,0.1465,0.1465,22,21
GTACGATACCGACAAT,,0.0000,0.0000,0,29
GTACGATCGAACGCAC,C466Y,0.0000,0.0000,0,7
GTACGATTAAAAAGCA,E-5G,0.2042,0.2042,330,226
GTACGATTCATTAACC,N33C,0.0830,0.0830,541,912
GTACGCACCCGACCTA,,0.1404,0.1404,1525,1519
GTACGCGAATTAACTA,V8R,0.3356,0.3356,12,5
GTACGCTCTAGCACAG,S291W,0.2157,0.2157,1791,1161
GTACGCTTCATGATGC,,nan,nan,0,0
GTACGCTTGGGAGATT,M413S,0.7192,0.7192,36,7
GTACGGAGAGCCCCTT,R405L,nan,nan,0,0
GTACGGGATGGCCCAA,C76E,0.0000,0.0000,0,9
GTACGGTCCTAGGAAA,D240W,0.2276,0.2276,2539,1560
GTACGTAGTATAAACT,V26E,0.0000,0.0000,0,4
GTACGTCCAGTAATAT,V5R E340K,nan,nan,0,0
GTACGTGGATCGCGTA,P284G,0.0972,0.0972,57,82
GTACGTTTAACTCCTT,,0.1218,0.1218,776,891
GTACTAAATAAGACGT,E476G,0.1552,0.1552,1536,1384
GTACTACACTTATGAG,N475L,0.1216,0.1216,532,612
GTACTAGAAATGTGAC,E358N,0.1188,0.1188,541,637
GTACTAGAGCCAACCC,A425T,0.0483,0.0483,152,440
GTACTAGTACGGTTTC,G337E,1.0000,1.5103,108,10
GTACTATATGATGAGG,I385A V505W,nan,nan,0,0
GTACTATCAAATCATA,E476C,0.1620,0.1620,1133,978
GTACTATTGCACGCTT,L96M G181H C546Y,0.0000,0.0000,0,1
GTACTCAAACGTCACA,G337C I384D,0.0000,0.0000,0,28
GTACTCACAGTCCTAA,V56G,0.0845,0.0845,545,902
GTACTCATACAGTAAA,A317D,0.2797,0.2797,26,13
GTACTCATTCAATATC,S133K,0.2539,0.2539,3937,2168
GTACTCCAAAGCTACA,L102V M268H,0.0000,0.0000,0,4
GTACTCCAAGTATCAA,,0.1643,0.1643,141,120
GTACTCCCGAGAGTAA,D95F N289L,0.0000,0.0000,0,14
GTACTCCCGTGTTTCA,R456M,0.1028,0.1028,1381,1879
GTACTCCCTTCAGCTT,F338K,0.9389,0.9389,47,7
GTACTCCTAAGACGAT,A144E,0.0956,0.0956,2026,2964
GTACTCGACTGAGTAC,,0.2168,0.2168,6675,4305
GTACTCGTCTAAAGTT,L462T,0.1792,0.1792,1047,817
GTACTCTATTTTGCCA,V377M,0.1391,0.1391,4174,4197
GTACTCTTATAGTATA,,0.1643,0.1643,1452,1236
GTACTCTTTTCAGATA,G271T,0.1711,0.1711,745,609
GTACTGAAAGTCTCCG,P140H,0.1467,0.1467,514,490
GTACTGACGTCAAATT,,0.1042,0.1042,853,1145
GTACTGATGGAATGAT,,0.1482,0.1482,7951,7504
GTACTGCACACTAGCG,G55E R173W,0.0409,0.0409,130,445
GTACTGCTCCCCTTCC,I13D,nan,nan,0,0
GTACTGGATAACTGAA,F118H T171S,0.0613,0.0613,378,862
GTACTGGCAGATAGCA,L154S T370N,0.0000,0.0000,0,1
GTACTGTCCTAACTAA,G510aW,0.1564,0.1564,2138,1912
GTACTTAACTTGCTTA,N94R,0.5128,0.5128,385,105
GTACTTACGGTGTAAA,R499L,0.0599,0.0599,24,56
GTACTTAGGAAAGTAT,V420R,nan,nan,0,0
GTACTTCCCTTCAATT,E434L,0.2738,0.2738,703,359
GTACTTGCCAGTAACA,P198K,0.1039,0.1039,501,674
GTACTTGGATTGATGG,F469V,0.0000,0.0000,0,7
GTACTTGGATTTGAGA,,0.1551,0.1551,764,689
GTACTTTCTTCCTAAG,S101I K445V,0.0000,0.0000,0,20
GTAGAAAACATGAAAT,E494P,0.1616,0.1616,3345,2895
GTAGAAACATGAGCCA,P284T,0.0000,0.0000,0,24
GTAGAAACCACGTCGC,C14H G342W,nan,nan,0,0
GTAGAAACTGTATATA,G463F,1.0000,1.0838,31,4
GTAGAAAGACCAGAAA,D53S,0.2045,0.2045,6045,4134
GTAGAACAACCATAAA,V152S N379F,1.0000,1.7181,86,7
GTAGAACGATAGTACC,N172R,0.1314,0.1314,2993,3186
GTAGAACTACTGGTTA,K328cN,0.5969,0.5969,175,41
GTAGAAGCACACTCAT,P299S,0.1179,0.1179,167,198
GTAGAAGTAGATCCTT,N475Y,0.0868,0.0868,152,245
GTAGAAGTTTGGCTAA,S442N S523Y,0.9090,0.9090,52,8
GTAGAATAACATTTAA,A67N,0.1573,0.1573,1431,1272
GTAGAATACCAAGGCC,,0.1230,0.1230,197,224
GTAGAATTATAATCAC,V8H,0.0000,0.0000,0,1
GTAGAATTCAACCCAG,,0.0000,0.0000,0,6
GTAGACAAAATGGCGA,L102F,0.1603,0.1603,846,738
GTAGACAAAGGTTGCT,Q513A,0.1486,0.1486,186,175
GTAGACAAGCACAAGC,I514E,nan,nan,0,0
GTAGACACCCTCTTCT,N73L,0.0643,0.0643,46,100
GTAGACAGTTACTACT,T266S,0.1663,0.1663,1605,1350
GTAGACATATGATCCA,N464S,0.1696,0.1696,2062,1700
GTAGACATGAGCCTAC,A67I,0.1445,0.1445,31,30
GTAGACCACAGATCGC,,0.1439,0.1439,4227,4109
GTAGACCGACCCGCAT,C139M,0.3097,0.3097,31,14
GTAGACGAAGACAGAG,I236A,0.1216,0.1216,1094,1258
GTAGACGAATCAGTTC,A334I M431F,0.2918,0.2918,265,127
GTAGACGAGACCGGTA,L154K,nan,nan,0,0
GTAGACGCGAATGTAC,H276R,0.1753,0.1753,1776,1417
GTAGACTATACGAATC,D386T E476L,0.1835,0.1835,5149,3924
GTAGAGAAAACGGAAC,Y141V,0.0911,0.0911,127,195
GTAGAGCCAAACTCTT,S126V,0.1939,0.1939,2936,2117
GTAGAGCCTACGTTTA,V-2I A287Q,0.0000,0.0000,0,1
GTAGAGGATAGATCGA,L122Y E189D D375V,0.0000,0.0000,0,10
GTAGAGTACAGACAAT,L96D,0.0883,0.0883,72,114
GTAGAGTTAAGACGCT,V34N,0.8701,0.8701,56,9
GTAGATCAGAATTTAT,C52K,1.0000,inf,43,0
GTAGATCAGGAACAAT,P145K,0.2000,0.2000,113,79
GTAGATGATGCCAGAT,,0.1234,0.1234,3561,4036
GTAGATTGATAAGCCC,I124A D375Q,0.1643,0.1643,1417,1206
GTAGATTGATGTTATG,L102E,0.4982,0.4982,57,16
GTAGATTTCTAATCCA,Q40* M111H T511L,nan,nan,0,0
GTAGCAACTATCAATT,S519L,0.0000,0.0000,0,5
GTAGCAATAAAACTTA,E493F,0.1336,0.1336,1362,1426
GTAGCAATCCATATTG,M111T,0.1040,0.1040,29,39
GTAGCACCATCTATAT,E190L,0.0000,0.0000,0,5
GTAGCAGCATCACTCA,Y141P,0.0183,0.0183,140,1069
GTAGCAGTACCCTAAG,T370*,nan,nan,0,0
GTAGCATATAACAATG,W127R,0.3496,0.3496,75,30
GTAGCATTATCACTTT,V381C,0.0734,0.0734,1353,2577
GTAGCCATAATAGATA,,0.1638,0.1638,2109,1801
GTAGCCATTAAAAACT,K280A Q282H N410F,nan,nan,0,0
GTAGCCCAACAACGTC,S167G T370*,0.0000,0.0000,0,2
GTAGCCCCGGGACACC,W350E,0.0000,0.0000,0,1
GTAGCCGAGGCGGACA,D159N K472D,0.1238,0.1238,77,87
GTAGCCTCATAACTTA,D41N T318E,0.0000,0.0000,0,10
GTAGCTAGATCTTTGG,P293A,nan,nan,0,0
GTAGCTGTACCTTAGA,N73E E434D,0.0000,0.0000,0,1
GTAGCTTATTGCAGGG,,0.1404,0.1404,2172,2164
GTAGGAACTTTAAAGA,L418S,0.1161,0.1161,215,259
GTAGGAAGACCAAACA,,0.1117,0.1117,1630,2040
GTAGGAATGCCTTTCT,,0.0782,0.0782,327,585
GTAGGACAACCACATA,H110N V505E,0.1974,0.1974,24,17
GTAGGACGACGCAGTC,F399M,0.2517,0.2517,9,5
GTAGGATATTTGGGTT,E403W,0.0000,0.0000,0,1
GTAGGATCAACGCCTC,Q25* F233M,nan,nan,0,0
GTAGGCAACCAACGCA,N250A,0.0940,0.0940,2718,4045
GTAGGCCCCTAAGCAT,W127F G360E,0.0000,0.0000,0,3
GTAGGCGAAGGCAGAG,D11K,0.0000,0.0000,0,11
GTAGGCTTAATTTTAT,A532F,0.0295,0.0295,27,128
GTAGGGTTAACAGGCG,,0.1531,0.1531,4778,4364
GTAGGTAATTCACAGA,D77N G337E,0.0000,0.0000,0,8
GTAGGTACATATCGGT,V444P,0.5594,0.5594,32,8
GTAGGTCTGAACTGGC,A425T L453A,0.0580,0.0580,210,506
GTAGGTGCATAGTTCT,N443H,0.0316,0.0316,19,84
GTAGGTTAGGATCGAT,,0.1548,0.1548,1607,1452
GTAGTAAAACAATTGT,E426C,0.0515,0.0515,7,19
GTAGTAACAAAACATT,V36C N248L,0.4462,0.4462,67,21
GTAGTAATCAAAATTT,Q344A,0.1883,0.1883,2541,1887
GTAGTAATTAAAAACC,H276D,0.2048,0.2048,3154,2154
GTAGTACACCAAATAC,V151R F417P,0.0000,0.0000,0,6
GTAGTACCCGAAATGG,V56M Y518G,0.0000,0.0000,0,13
GTAGTACGATTGCCCA,I243G Q391*,0.5943,0.5943,34,8
GTAGTACGTCAAGGGA,,0.3077,0.3077,746,339
GTAGTACTCAACCAAT,N54aM,0.1508,0.1508,4215,3909
GTAGTACTGTCATACG,A39C C139V,0.0000,0.0000,0,11
GTAGTAGAAAAAAAGC,T279E C466R,0.1321,0.1321,17,18
GTAGTAGAGTACCAGA,V510N,0.1671,0.1671,98,82
GTAGTAGATTCCCCGC,Y17L,0.5244,0.5244,60,16
GTAGTATCTATCATAA,D438N,0.0754,0.0754,740,1373
GTAGTCAAGAATATCC,N21E,0.2131,0.2131,128,84
GTAGTCAGTATAATAA,R496G,0.1381,0.1381,4777,4839
GTAGTCCCAATTACAA,W69E,0.0000,0.0000,0,15
GTAGTCCGACTCCCCA,,0.0975,0.0975,122,175
GTAGTCCTTACTAAAA,F251L,0.1551,0.1551,1361,1227
GTAGTCGAAACATAAA,C52L G55- V56- N116K D438E,0.0000,0.0000,0,4
GTAGTCGGTGTAAACA,A138S P140S G337E,nan,nan,0,0
GTAGTCTCACCAGATC,,0.0242,0.0242,26,150
GTAGTCTTATAATTTG,E327A,0.4661,0.4661,80,24
GTAGTGCCATCCCAAA,M111F E327K,0.1359,0.1359,803,826
GTAGTGGATTGACAGC,T318V,0.1340,0.1340,956,998
GTAGTGGCCTGCTGAC,W350H,1.0000,1.6781,12,1
GTAGTGTACCAGTCAC,,0.0514,0.0514,72,196
GTAGTGTTAAGCATCA,Q454I,0.1065,0.1065,1180,1549
GTAGTTAAAAAGGTAT,F332Y,0.1476,0.1476,19,18
GTAGTTACTACATCAA,,0.1377,0.1377,1761,1789
GTAGTTAGTAAAATAG,K445H,0.1584,0.1584,2376,2098
GTAGTTATAATTAAGG,,nan,nan,0,0
GTAGTTATAATTAATA,P128C,0.1195,0.1195,135,158
GTAGTTATCACCAGGG,T171N,0.1356,0.1356,317,327
GTAGTTCGTCAAAAAT,M111R,0.7132,0.7132,102,20
GTAGTTTAAACAGTAT,I-3P,0.1044,0.1044,280,375
GTAGTTTCCAATTAAT,L437K R482Q,0.0000,0.0000,0,7
GTAGTTTCCCATAAAC,N197L,0.0795,0.0795,2166,3810
GTATAAAAGGAAATCC,,0.0000,0.0000,0,35
GTATAAAAGGTACACT,K9Y,0.0799,0.0799,2308,4042
GTATAAAATTCTCAAA,I339R,0.4545,0.4545,13,4
GTATAAAATTTGCTAT,,0.1263,0.1263,1381,1529
GTATAAACAAGAATAA,,0.0710,0.0710,236,465
GTATAAACACCACCCA,S22Q,0.1132,0.1132,893,1103
GTATAAACCGAGGTTC,R173V,0.1230,0.1230,1307,1486
GTATAAACTAGCATGC,S247W,0.0974,0.0974,147,211
GTATAAAGAAGTATAC,,0.1736,0.1736,823,663
GTATAAAGATTACCAA,L177R,nan,nan,0,0
GTATAAAGCTAATACG,V-2G,0.1049,0.1049,933,1244
GTATAAAGTAAGTTTT,H276V,0.1678,0.1678,642,535
GTATAAATAATTCCTT,,0.1787,0.1787,543,425
GTATAACAAAACTGTA,S167Y R321L T370K F469V,0.0000,0.0000,0,16
GTATAACAATATCTGT,L179S,0.0880,0.0880,134,213
GTATAACAGATAGAAC,F469N,0.5594,0.5594,32,8
GTATAACCTTAATAAA,W127K T378F N446K,0.4841,0.4841,45,13
GTATAACGAGACGAGA,V-2L R328bQ,0.0000,0.0000,0,31
GTATAACGATTCGCCG,H110W S356I,nan,nan,0,0
GTATAACGGTTCGAAC,S492Y,0.0446,0.0446,15,47
GTATAACTGGCAGGTT,,0.1056,0.1056,284,376
GTATAACTTGGTAAGA,E432Q,0.1664,0.1664,426,358
GTATAACTTTCGCATA,Q344I,0.1908,0.1908,869,637
GTATAAGGAAAATCAA,,nan,nan,0,0
GTATAATACAAACACT,Q391E,0.1692,0.1692,1222,1010
GTATAATACCATCGCG,K157M,0.1532,0.1532,3219,2938
GTATAATAGTAATTGA,,0.1572,0.1572,4111,3658
GTATAATCAGCCATTC,L51K,0.2367,0.2367,44,26
GTATAATCTAAAGAAA,Y256S,0.0788,0.0788,1246,2211
GTATAATCTGACATAC,P125W L300H,0.0000,0.0000,0,3
GTATAATGGATAATCC,L59Q,0.1108,0.1108,489,617
GTATACACACTGTCTA,N400L,nan,nan,0,0
GTATACACGGCTAGCA,,0.1330,0.1330,1290,1356
GTATACAGTAAACAAA,N21E,0.1165,0.1165,314,377
GTATACAGTTATGAAA,,0.1753,0.1753,1430,1141
GTATACCCCAAATAAT,L300K,0.1292,0.1292,305,330
GTATACCGCTTGAACG,E190Y,0.0000,0.0000,0,20
GTATACCTACGCAGGA,,0.1255,0.1255,158,176
GTATACGAACTGTTCC,,0.0530,0.0530,168,443
GTATACGATATTGCAA,A137Y,0.0752,0.0752,1925,3581
GTATACGATCCGTATG,D264E,0.1053,0.1053,296,393
GTATACGGCGGTAACA,,0.0328,0.0328,31,132
GTATACTCTCATTCCT,G337C K472N,nan,nan,0,0
GTATAGAAACGGGTAG,L437R V510L,0.0000,0.0000,0,4
GTATAGAATTGCAGGT,T200K,nan,nan,0,0
GTATAGACTAACAATG,A287S V510P,0.1364,0.1364,746,765
GTATAGAGGCCCGAAT,G49V,0.4074,0.4074,67,23
GTATAGAGTTTCCCAC,N20W T46Q E304N E414K,0.0000,0.0000,0,2
GTATAGCCTTAAATCT,I164S,0.0682,0.0682,636,1305
GTATAGCTAATATGAA,N464L,0.1583,0.1583,455,402
GTATAGGACGAAATAT,S10L,1.0000,1.0838,31,4
GTATAGGTGTAATAAC,Q222Y,0.1108,0.1108,61,77
GTATAGTAATCGGCTC,M531T,0.0782,0.0782,502,898
GTATAGTACATCACAT,,0.1104,0.1104,1421,1800
GTATAGTCACCAATGG,I29T Q222Y,nan,nan,0,0
GTATATAAATACAGCT,I514M,0.2243,0.2243,3730,2326
GTATATAATACTTAGA,M111S,0.0732,0.0732,123,235
GTATATACCACATAAA,N382I,0.0000,0.0000,0,7
GTATATACCCGGTAGT,V34E M346I,nan,nan,0,0
GTATATACGGAATAGC,L2F A532R,0.0000,0.0000,0,2
GTATATACTTCACTAT,S125bT,0.0793,0.0793,220,388
GTATATATGAGAAGCA,Y105H,0.0605,0.0605,96,222
GTATATATTCAATAAT,Q222Y T266G E403K,nan,nan,0,0
GTATATCAGTTACTAT,T485V,0.1383,0.1383,452,457
GTATATCGCGTTACGA,Q12D T283E,nan,nan,0,0
GTATATGAATGACTGA,Y363W,0.0000,0.0000,0,10
GTATATTAATAGGCTA,E407G C477D,0.0000,0.0000,0,4
GTATATTCAATGCTAT,E106Y,0.3157,0.3157,377,167
GTATATTCACGAACTA,G319W,0.0000,0.0000,0,3
GTATCAAAACTAGTGA,N475C,0.1464,0.1464,244,233
GTATCAAAGTTCCATT,,0.1311,0.1311,1852,1976
GTATCAAATCATTAAT,T35W,0.1049,0.1049,3519,4692
GTATCAACAAAGAACT,R229V,0.0000,0.0000,0,2
GTATCAAGTCTGACAG,S503R,0.1912,0.1912,3567,2609
GTATCACAGAAAACCT,S203H,0.1133,0.1133,2070,2556
GTATCAGAAATAGAAT,,0.1327,0.1327,2667,2811
GTATCAGACGAGGACA,,0.1037,0.1037,1160,1564
GTATCAGATGATCCAT,,0.1270,0.1270,1579,1738
GTATCAGCGGTATCTT,Y195A,nan,nan,0,0
GTATCAGTAAGCCAAA,,0.0762,0.0762,1045,1917
GTATCATAATTATACA,V8W Q391V,0.0000,0.0000,0,7
GTATCATAGCATCCAC,R499T,0.0297,0.0297,63,297
GTATCATCTCCTTAAC,,0.0564,0.0564,25,62
GTATCATGTCGAAAAG,I121A,0.1248,0.1248,265,297
GTATCCAAAAACAGTG,L70W G100H,nan,nan,0,0
GTATCCAACCCAGAAG,F467G,nan,nan,0,0
GTATCCAGACGATTGA,,0.0740,0.0740,244,461
GTATCCCCCTACCAAA,,0.0000,0.0000,0,1
GTATCCCTCCTCTATG,M431I S442G,1.0000,1.5256,120,11
GTATCCGTGCGACAAA,Q282R,0.0000,0.0000,0,4
GTATCCTTTGCGCCTC,S146V,0.0964,0.0964,1309,1899
GTATCGACTTATATAA,,nan,nan,0,0
GTATCGATAATAAGTA,D264W,0.1819,0.1819,2148,1651
GTATCGATATAGTATG,S10P,0.0000,0.0000,0,51
GTATCGCAAATCCGGA,R456D,0.1421,0.1421,386,380
GTATCGCAGTTCTCCG,W350R,1.0000,3.9156,28,1
GTATCGCCATGAATCC,T301S,0.1195,0.1195,418,489
GTATCGCCGAATAAAC,K380C,0.0000,0.0000,0,13
GTATCGTGTTTGACGG,S203L,0.0743,0.0743,34,64
GTATCTAAAAGTGCTT,F469P,1.0000,3.7058,53,2
GTATCTACACAATTTC,,0.2287,0.2287,4201,2569
GTATCTAGCCAATTCC,V34Q K328A,1.0000,inf,21,0
GTATCTATAATACCAT,Y512T,0.1303,0.1303,425,456
GTATCTATACGCTAAA,I13T P145C,0.0000,0.0000,0,7
GTATCTCACGTATCCA,G100Y,0.0000,0.0000,0,2
GTATCTCATAAGGAAA,E255A,0.1538,0.1538,66,60
GTATCTGCGCCAGTCA,K412F,0.1667,0.1667,416,349
GTATCTTCATGAAGTA,,0.1127,0.1127,58,72
GTATCTTTCCGTAGCG,K280E,0.1144,0.1144,675,825
GTATGAATCAGCGTAT,C14M,0.0000,0.0000,0,3
GTATGAATTCAAAATG,R499K,0.1402,0.1402,6765,6747
GTATGACAAGAGTAAA,N382C,0.4043,0.4043,159,55
GTATGACGAAAAATAC,P254L,0.0000,0.0000,0,1
GTATGACGATATGCTA,S492R,0.3846,0.3846,22,8
GTATGACGCCAATCAC,E304G G463S,0.8740,0.8740,25,4
GTATGACGGCCCCATT,C76I E407G,0.7691,0.7691,33,6
GTATGACTGTTAAGGC,M478G,0.0000,0.0000,0,17
GTATGAGTAAACCAGG,Q12H,0.1577,0.1577,6022,5341
GTATGATAACCAAGTA,V381H,nan,nan,0,0
GTATGCAAACGACTAC,,0.1794,0.1794,4901,3820
GTATGCAATAAAATAC,,0.1392,0.1392,227,228
GTATGCACCTAAGTGT,Y363N R499W,0.0000,0.0000,0,3
GTATGCCCCAGCGTTT,C549E,0.1905,0.1905,1636,1201
GTATGCGCAAGTTATG,N33A F294C,0.0000,0.0000,0,1
GTATGCGTACGCCCGT,M230V K259G K262aR K280I S519N,0.0000,0.0000,0,14
GTATGGACGAACCCGT,S6L,0.0000,0.0000,0,6
GTATGGCTAAATACTA,Y168G P239Q,0.0000,0.0000,0,1
GTATGTAAAGCGACCT,A532N,0.0781,0.0781,24,43
GTATGTACATATGTGA,G341Q,0.0639,0.0639,674,1475
GTATGTAGACAATGTT,K45F K216L E500K,0.0786,0.0786,190,338
GTATGTATTAATCATT,C466L,nan,nan,0,0
GTATGTATTTCTCCTA,,0.0000,0.0000,0,3
GTATGTTCCGTCCTGA,D348V,0.0792,0.0792,603,1065
GTATGTTCTTCGTATC,E327G,0.1676,0.1676,609,508
GTATTAAAACAAGCAC,M388R,0.6153,0.6153,22,5
GTATTAAAAGGCCGTA,V34Q K412R,0.0000,0.0000,0,6
GTATTAAAATACACAC,S10K,1.0000,1.2353,53,6
GTATTAAAATCCGCAG,G396V,0.1305,0.1305,70,75
GTATTAAATTTCCCAT,I164M,0.1937,0.1937,22684,16375
GTATTAACAGATTAAC,I121R,0.1315,0.1315,599,637
GTATTAATGTCAGCCA,R499Q,0.1616,0.1616,1424,1232
GTATTAGACCTACTGC,I260M G263E,0.0000,0.0000,0,7
GTATTAGTCTATAACA,E24W,0.2197,0.2197,421,268
GTATTATCAGCAGGCG,N289C K445E N446S Y488C S509G,0.0000,0.0000,0,11
GTATTATCGAACAGGT,P239K,0.1103,0.1103,41,52
GTATTATGAGGAGTTT,L437W,0.5094,0.5094,51,14
GTATTATGGGTACTAT,L59C,0.0725,0.0725,200,386
GTATTATTACAATTTA,V420K,1.0000,2.7969,80,4
GTATTCAAAAAACAGT,K269Q,0.1363,0.1363,2163,2219
GTATTCAAACAAATGA,E131A,0.3363,0.3363,1633,679
GTATTCAACTATAACA,N186H I514Q,1.0000,1.2586,18,2
GTATTCACAACAAAAT,,0.0776,0.0776,227,409
GTATTCCCGATTTTTC,V66R,0.0000,0.0000,0,5
GTATTCCTGACTGCTA,V510T,0.1882,0.1882,8584,6379
GTATTCCTGTTGCTAA,Y105* Y512L,0.0000,0.0000,0,2
GTATTCGCACCGATGA,I87D,1.0000,2.3773,34,2
GTATTCTAGCCCACTA,F332S,0.8857,0.8857,76,12
GTATTCTGAGCACCAA,T511R,0.0629,0.0629,99,220
GTATTCTGGTCTACCA,P140R S543W,0.3736,0.3736,8771,3283
GTATTGAAAAGCTCTA,W421S,0.2497,0.2497,25,14
GTATTGAAAGAACTGT,,nan,nan,0,0
GTATTGAACCCACCCA,L96S,0.0000,0.0000,0,8
GTATTGCATCCGAAAC,,0.1203,0.1203,1456,1692
GTATTGTGAAACTTAA,,0.1914,0.1914,464,339
GTATTGTTAAACAAAC,,0.2697,0.2697,27,14
GTATTGTTTCATAAAT,E476K,0.1798,0.1798,5863,4559
GTATTTAAACCCACAC,S6V K57I E414M,0.2635,0.2635,130,69
GTATTTAAATTAAGGC,Q40P E358D,0.0000,0.0000,0,1
GTATTTAACGAACTGA,E340I,0.2336,0.2336,1181,707
GTATTTATCCAATCAT,S185N,0.0275,0.0275,299,1520
GTATTTATCGCTTAAA,Q25F,0.1847,0.1847,3506,2654
GTATTTCAAACAAACG,C52T L102R,1.0000,1.9228,55,4
GTATTTCAAATCACCT,,0.1777,0.1777,380,299
GTATTTTCGCTGATAT,N464I G504H,0.0000,0.0000,0,10
GTATTTTCTTTGTCTC,K380T,0.0000,0.0000,0,2
GTATTTTTAAAAATTG,L455P,0.2564,0.2564,11,6
GTCAAAAAAATTACTT,K156V,0.1808,0.1808,75,58
GTCAAAAATGACGAAT,,0.1627,0.1627,2286,1965
GTCAAAAATGTAACCC,T370G F469I,0.0000,0.0000,0,19
GTCAAAACATAAGGCA,P140N V204E G342R,nan,nan,0,0
GTCAAAACCTACATGT,E44Q T485M,0.1002,0.1002,2287,3193
GTCAAAAGCAGCCAGA,N389K,0.0000,0.0000,0,20
GTCAAAAGTAAAGTAA,I-3H A528S,0.0950,0.0950,3926,5778
GTCAAAATAACTAATC,,0.0965,0.0965,401,581
GTCAAACACTTACGGT,G286P Q454C,0.0000,0.0000,0,3
GTCAAACCAGAATAAT,N54aR T520P,nan,nan,0,0
GTCAAACCTGTCTACA,F399E,0.0000,0.0000,0,11
GTCAAACGATCACAAA,L177P L437H,0.0000,0.0000,0,12
GTCAAACGCGTACAAG,K269A,0.1207,0.1207,63,73
GTCAAACTATATGGAT,T35C,0.1467,0.1467,2458,2343
GTCAAACTTCCTTTGT,,0.2126,0.2126,529,348
GTCAAAGAAGACCGCG,N248E,0.0565,0.0565,700,1732
GTCAAAGACGCTTTTT,,0.2707,0.2707,60,31
GTCAAAGCTGCATCGT,K460W T485I,0.1310,0.1310,311,332
GTCAAAGGAAAGCATC,H354F,0.1157,0.1157,464,561
GTCAAATGAACGACAA,K156Y,0.1885,0.1885,953,707
GTCAAATTACCCCGCG,,0.2393,0.2393,1663,972
GTCAAATTATTAATAA,S167H,0.1312,0.1312,968,1032
GTCAACAGATATAACA,,0.2051,0.2051,1555,1060
GTCAACAGTATTTAAG,R328aG,0.0000,0.0000,0,12
GTCAACATGGGCGAAA,S167H R321* K367S,0.0000,0.0000,0,18
GTCAACCACTTCAAAT,V315Q,0.0893,0.0893,256,401
GTCAACCAGTAAAGGG,A138T T378C,0.1131,0.1131,647,800
GTCAACCTTGCCTGTA,Q40H A528H,nan,nan,0,0
GTCAACTCCTCTATTC,K310D,0.0292,0.0292,43,206
GTCAACTTAAAAGCAA,Y17R,0.0000,0.0000,0,13
GTCAACTTTAAACCCC,F147D,0.0000,0.0000,0,9
GTCAAGAAATGGCCAG,,0.1595,0.1595,276,242
GTCAAGAAGTTTCGAT,R397V,0.2178,0.2178,612,393
GTCAAGCACGTCCTCG,T208N *551Q,0.0000,0.0000,0,25
GTCAAGCATTAAGAAG,,0.0289,0.0289,31,150
GTCAAGCGTAGACAAC,C97N Y486W,0.0000,0.0000,0,2
GTCAAGCTTCCATCCT,,0.1716,0.1716,2715,2212
GTCAATAAAACTGGTC,V381D,0.0000,0.0000,0,1
GTCAATAAGATCCTCG,I13D L527V,0.0000,0.0000,0,4
GTCAATAGATCATTTA,S22N H183C,0.1476,0.1476,19,18
GTCAATATCATGCTCA,I202N R456W,0.0000,0.0000,0,8
GTCAATATCCGACTGA,L7N,0.0427,0.0427,36,118
GTCAATATTGTTCGGA,E190K,nan,nan,0,0
GTCAATCATCCTAAGT,E494G,0.0724,0.0724,346,668
GTCAATGTCGGAAGCC,,0.0681,0.0681,366,752
GTCAATTCATTTACGC,E426Q,0.0000,0.0000,0,23
GTCAATTGCCCACGGA,K450R,0.1489,0.1489,313,294
GTCACAATACACTAAA,,0.2961,0.2961,36,17
GTCACACAAGGAACAA,S519Y,1.0000,1.1187,64,8
GTCACACGGGCAACAT,S167Y F469L,0.1425,0.1425,1437,1410
GTCACAGCCCTAAGGG,W84C K216V,nan,nan,0,0
GTCACAGTGTCATTAC,I115A,0.0932,0.0932,24,36
GTCACATCAGAATAAT,M478F,0.0553,0.0553,127,321
GTCACATGGTTAATGG,A137R,0.1687,0.1687,632,524
GTCACCAAGTAGTAGG,,0.1031,0.1031,1115,1513
GTCACCCATGTGAGCC,,0.0658,0.0658,327,695
GTCACGAAAAAAAAAC,C281H N401Y,0.3321,0.3321,19,8
GTCACGACCTAATATC,S10N F233S,0.8950,0.8950,96,15
GTCACGCACTTTTGAA,E-5S Y168R,0.0000,0.0000,0,20
GTCACGCAGTATTTCC,A214L,0.1911,0.1911,485,355
GTCACGCCAAAAAAGT,E190Q,0.0426,0.0426,25,82
GTCACGCGTCAAGAGA,S523C,0.6484,0.6484,51,11
GTCACGGACTAGGTAT,N-4V,0.0522,0.0522,113,303
GTCACGGATAAAATCT,D474F,0.0503,0.0503,471,1310
GTCACTCAAACAATTC,S523W,0.0000,0.0000,0,6
GTCACTCACTATAAGA,K380G,0.0000,0.0000,0,7
GTCACTCCAGGCTCAC,V8E A218K A526F,nan,nan,0,0
GTCACTCTTTGACTTC,,0.1771,0.1771,2366,1868
GTCACTGCACACCCAG,S247K I502K,0.8235,0.8235,53,9
GTCACTGCTAAGTAGT,F147W,0.0000,0.0000,0,9
GTCAGAAACCTTAAAT,I164Y,0.0904,0.0904,1125,1740
GTCAGAACGCCCCCAT,G181N,0.1647,0.1647,86,73
GTCAGAATCGAAATTC,K313Q,0.0000,0.0000,0,186
GTCAGACGAAGAAGCC,,0.1343,0.1343,3321,3459
GTCAGACGCGAGAGGT,Q391V,0.4493,0.4493,347,108
GTCAGAGAGCATAGAC,R397W F467T,nan,nan,0,0
GTCAGAGTGGTACGCG,N446S,0.1032,0.1032,169,229
GTCAGCCATTCTAGTA,E-5C N197K S383Y,0.1194,0.1194,385,451
GTCAGCGACTACTATC,S22Q,0.0518,0.0518,357,964
GTCAGCTGGTAAAACC,T378N,0.1741,0.1741,3878,3115
GTCAGTAAAGATATTG,C277G T485C,0.0000,0.0000,0,2
GTCAGTAAGAATCATT,N410W,0.0122,0.0122,14,161
GTCAGTACTTAGCAAT,H110Q,nan,nan,0,0
GTCAGTCAGAACTCTC,,0.1091,0.1091,1045,1340
GTCAGTGTAACACATA,W180C,0.0000,0.0000,0,3
GTCAGTTAAGATCATG,V505F,0.1550,0.1550,10667,9627
GTCAGTTCGCATGCTA,P293S,0.0000,0.0000,0,29
GTCAGTTCTATGACAC,E327F,0.1899,0.1899,1150,847
GTCATAAAAGAACCTG,K387A,0.1929,0.1929,633,459
GTCATAAAGGATCCTA,D77Y,0.1635,0.1635,2063,1765
GTCATAATAAGGCAAA,E24Y N424C,0.0000,0.0000,0,10
GTCATAATACCATATT,K156E,0.1161,0.1161,49,59
GTCATAATCAATTAAA,P293I,0.0833,0.0833,103,173
GTCATAATTCCAATTC,R321S,nan,nan,0,0
GTCATACAAATATATC,,0.0000,0.0000,0,34
GTCATACAAATCTACA,,0.1279,0.1279,566,619
GTCATACCTTATGAGC,K45H,0.0841,0.0841,704,1170
GTCATACGAACTGTAA,K310A,0.1096,0.1096,105,134
GTCATACTACCTACCT,Y308C,0.0000,0.0000,0,4
GTCATACTATGAACCC,S323A,0.1539,0.1539,809,735
GTCATAGTTTGTACCA,N169L,0.2422,0.2422,1626,939
GTCATATATCGAACAT,T436I,1.0000,1.1587,58,7
GTCATATCGCTTCTCA,K32R,0.1445,0.1445,4931,4772
GTCATATCTCGCTATT,I252M,0.0466,0.0466,312,936
GTCATATTAAAACTAA,S22G N424C,1.0000,1.2027,43,5
GTCATCAAGTGCAAGC,S125bQ,0.0000,0.0000,0,1
GTCATCACAAATAGTA,R173E,0.0400,0.0400,18,63
GTCATCATGAAACCAT,D241P,0.0000,0.0000,0,3
GTCATCCACCGCATTC,I243S,0.0000,0.0000,0,8
GTCATCCCGACCAACG,,0.0000,0.0000,0,6
GTCATCGATCGCTAAA,V56G E398Q,0.0000,0.0000,0,30
GTCATCTAAACAAGCA,,0.0000,0.0000,0,23
GTCATGAACCTAAACA,A39G,0.1807,0.1807,84,65
GTCATGAGCCGATGAG,T199S,0.3072,0.3072,771,351
GTCATGATGGGTCTCT,T436W,nan,nan,0,0
GTCATGATTAAAGGCA,G249P,0.0000,0.0000,0,2
GTCATGCGATTAAAAT,,0.2110,0.2110,519,344
GTCATGCGGCCGCCTA,V309D,0.0000,0.0000,0,5
GTCATGCTACTAAAAT,,nan,nan,0,0
GTCATGTACATCCTTT,N357H,1.0000,inf,28,0
GTCATGTGAACCCGTA,,0.1325,0.1325,1634,1724
GTCATTATCTCGCGTT,E426S,nan,nan,0,0
GTCATTCACAAGAGTT,S101K,0.0513,0.0513,282,769
GTCATTCACCGCAGGT,S167* E476M,0.0000,0.0000,0,2
GTCATTCCTGAAAAAA,V285R,0.1180,0.1180,325,385
GTCATTGAAATGATGG,H298C,0.1026,0.1026,124,169
GTCATTGGACACAATC,I385H,0.0000,0.0000,0,1
GTCATTTAAAAATCTG,E24Y,0.3001,0.3001,985,459
GTCATTTAATACATTA,,0.1020,0.1020,1290,1769
GTCCAAAAAAAATAAT,,0.2027,0.2027,3262,2251
GTCCAAAATGATTCCA,I166T,0.2768,0.2768,97,49
GTCCAAACCTAATAGG,Q371N,0.1847,0.1847,1292,978
GTCCAAACGAAGATTA,A3I F245S,1.0000,1.2120,26,3
GTCCAAACGCCAGATG,E78T S167H,0.0760,0.0760,338,622
GTCCAAACGCCCGATC,E393G,0.0908,0.0908,453,698
GTCCAAACTACCCGTC,W84Q,0.3433,0.3433,27,11
GTCCAACACCTAAAAA,,0.0638,0.0638,262,574
GTCCAAGATATACCAA,A459M,1.0000,1.3469,183,19
GTCCAAGCAACACATA,S167T D375N V381Y,0.2065,0.2065,127,86
GTCCAAGGTGTCATAG,I124W,0.1587,0.1587,2242,1975
GTCCAAGTGCACCTAC,S167L N322D T370D,0.0000,0.0000,0,4
GTCCAATCAACCTGTA,V151T V381G,nan,nan,0,0
GTCCAATTATCGTAAA,,0.2172,0.2172,365,235
GTCCACAAAGAATAAC,,0.1953,0.1953,588,421
GTCCACAGCATCGCCG,,0.1662,0.1662,1231,1036
GTCCACAGCCCATTTA,T35R,0.0676,0.0676,699,1446
GTCCACCACACAACAG,,0.1346,0.1346,1348,1400
GTCCACCGTACTAGGC,,0.0412,0.0412,23,78
GTCCAGAAAGCTACAA,I374R,0.0699,0.0699,13,26
GTCCAGAACCAAACAA,,0.2354,0.2354,1274,757
GTCCAGTACCAGTATA,F251C,0.7924,0.7924,51,9
GTCCATAAACGGCAAA,I267T F399L,0.0000,0.0000,0,1
GTCCATATCATACAAA,D240R,0.1398,0.1398,16,16
GTCCATCATACCCACA,E501H,0.6547,0.6547,103,22
GTCCATCATCAGACGA,N116E,0.0000,0.0000,0,3
GTCCATCCTTTTATGG,D231W,0.0514,0.0514,72,196
GTCCATCTGGTTTAAT,L7Y Y353H S356N,0.2483,0.2483,87,49
GTCCATTACTATTGTT,I87H,0.4675,0.4675,117,35
GTCCATTAGATAATGA,V315G,0.2997,0.2997,15,7
GTCCATTAGCAAAACG,T200W,0.4428,0.4428,19,6
GTCCCACTAAAGATAC,,0.2256,0.2256,100,62
GTCCCAGACTCATTTT,R328bI,0.1416,0.1416,2976,2940
GTCCCAGCGGAGAAGC,K45A K157T D438A,0.0754,0.0754,90,167
GTCCCAGGACTAAGGG,M530V,0.1376,0.1376,603,613
GTCCCATCATAAGAAC,I514M,0.1005,0.1005,23,32
GTCCCCAAAACCGACC,T208Q,0.1313,0.1313,153,163
GTCCCCAACACAGGTA,T163L,0.1238,0.1238,3010,3401
GTCCCCCCTGCAATAA,W69K S291P,0.0000,0.0000,0,13
GTCCCCGATTTGACTT,E479T,0.0000,0.0000,0,22
GTCCCCGGAAGGAGGA,G16I L177A H295A,nan,nan,0,0
GTCCCCTCAAGGCCAA,N312K,0.0846,0.0846,23,38
GTCCCCTTCTGATAAA,L497I,0.1121,0.1121,5527,6892
GTCCCGAAAATCTAAT,P74R,0.1764,0.1764,564,447
GTCCCGACACAATCTA,N410S,0.0436,0.0436,58,186
GTCCCGAGAATCGAAT,L96Y,0.0439,0.0439,124,395
GTCCCGCGATTAAAGA,F251Y,0.1209,0.1209,638,738
GTCCCGTATAAGTTAT,K165P,1.0000,inf,25,0
GTCCCGTCCATCTACC,S265V,nan,nan,0,0
GTCCCTAATAGTAAGT,N248A,0.0801,0.0801,1643,2867
GTCCCTACAAACACAT,A253Y,0.0325,0.0325,13,56
GTCCCTAGGTACCATT,S125bG,0.1032,0.1032,753,1020
GTCCCTAGTACATGAA,N224G,0.0315,0.0315,111,493
GTCCCTCTACTCTAAC,S167N K367W F469L,0.0881,0.0881,478,759
GTCCCTTACGCCAAAG,D41I Q222A,0.0000,0.0000,0,39
GTCCGAAACATGACGC,,0.1555,0.1555,1372,1234
GTCCGAAGCGTAGTAA,D41M,0.1563,0.1563,57,51
GTCCGAATAATAACAA,V261K,0.1412,0.1412,2239,2218
GTCCGACACCACACAG,A521Q,0.0000,0.0000,0,9
GTCCGACCGGATGACA,,nan,nan,0,0
GTCCGATAAGATACTA,N158Y P324H E327*,nan,nan,0,0
GTCCGATAATGCCTCA,A242C,0.2572,0.2572,434,236
GTCCGATAGACATAGG,G16T P162R,0.0000,0.0000,0,6
GTCCGATCCTAGCCAG,G376Q,0.0000,0.0000,0,19
GTCCGATCTAAGCCAT,G286N,0.0000,0.0000,0,9
GTCCGATCTTCCGCAT,I182Y,0.1690,0.1690,110,91
GTCCGCACTTCAACCA,G181I,0.0000,0.0000,0,11
GTCCGCAGAAATCATA,G205E,0.0000,0.0000,0,2
GTCCGCAGAACCAATT,,0.0986,0.0986,378,536
GTCCGCCATTAAAATC,,0.1612,0.1612,1095,950
GTCCGCCTCGAATTAC,E-5T A160Q,0.1536,0.1536,156,142
GTCCGCGAGTGTCGGC,S323E,0.1837,0.1837,1094,833
GTCCGCGATTTGAATT,E479M,0.0000,0.0000,0,12
GTCCGCTCTTCCGTAT,L61A A365W,0.0000,0.0000,0,9
GTCCGGACAGGCAATG,C52L Y256K E393K,0.0000,0.0000,0,2
GTCCGGAGTAATACCA,V444G,0.0000,0.0000,0,1
GTCCGTATGCTCCCAT,T132R,0.2175,0.2175,56,36
GTCCGTTCTTCGACCA,W153* H354W,0.0000,0.0000,0,17
GTCCTAAAGCAAAAGA,,0.2013,0.2013,7084,4922
GTCCTAAGCATCACGC,A67W,0.3330,0.3330,50,21
GTCCTAATAGCGACCC,Y488V,0.1402,0.1402,4037,4028
GTCCTACTAAGACGTT,S133A,0.1231,0.1231,836,950
GTCCTAGTCAATCTTA,N158W,0.5108,0.5108,4679,1281
GTCCTCAACTATGACT,N129K I339C,0.5539,0.5539,305,77
GTCCTCCAAAGGGCAG,,0.0923,0.0923,35,53
GTCCTCTATGCATAAA,I550S,1.0000,15.1031,108,1
GTCCTGACATTATAAC,,0.2190,0.2190,166,106
GTCCTGGCCTAAACTC,T235F,0.1465,0.1465,372,355
GTCCTGGTTTTCTGTT,,0.1889,0.1889,208,154
GTCCTTACTAACTCGA,E398C,0.3021,0.3021,108,50
GTCCTTAGCTTGATAA,Y168Q,0.2693,0.2693,52,27
GTCGAAAACGTATCTC,W127V,0.1697,0.1697,1041,858
GTCGAAACCGTAGTCC,,nan,nan,0,0
GTCGAACAGATAATTG,,0.0000,0.0000,0,7
GTCGAACCTTAAAAGA,V204H,0.0000,0.0000,0,5
GTCGAACTATCAACAG,N129H,0.2180,0.2180,6358,4079
GTCGAAGAAAGTCGGA,I252S,nan,nan,0,0
GTCGAAGCTACATAAA,,0.1155,0.1155,707,856
GTCGAATAAGAGCCAC,G205I,nan,nan,0,0
GTCGAATTAAAGACCA,L43M,0.1105,0.1105,1851,2342
GTCGAATTAAATCAAC,N278P,0.2884,0.2884,99,48
GTCGACAATTGGCAAA,I29L Y363K,0.0000,0.0000,0,3
GTCGACAGATTAGCCA,L320E,0.0000,0.0000,0,16
GTCGACTACGATGACT,N278T,0.1201,0.1201,2300,2678
GTCGACTCAGCCTGCA,D487S,0.1842,0.1842,3170,2406
GTCGACTGAATGCCTT,,0.0000,0.0000,0,20
GTCGACTGATATAATG,,0.9478,0.9478,61,9
GTCGACTTAGCCGCAA,M-6C,0.2474,0.2474,23,13
GTCGAGAACTAGTTTA,W234* C305G W350* M431I R499Q Q513R,nan,nan,0,0
GTCGAGAACTGGTTTA,C305G Q513R,0.0000,0.0000,0,8
GTCGAGAATAGTCAAA,Y258I,0.1481,0.1481,1151,1087
GTCGAGCAAATTTATT,,0.2350,0.2350,1032,614
GTCGAGCTTATCTAGC,,0.1500,0.1500,994,927
GTCGAGGATCGGACGA,,0.1485,0.1485,361,340
GTCGAGTATTTATAAG,,0.0000,0.0000,0,9
GTCGATAAGAAAGGAG,I217N,nan,nan,0,0
GTCGATAATGGGCAAA,C14F T219F,0.0000,0.0000,0,12
GTCGATACATAGTCCC,S6N G143F,0.1264,0.1264,461,510
GTCGATCCCTTGAACT,S185E,0.4632,0.4632,106,32
GTCGATGAAATACCAT,E273V K450N,0.2633,0.2633,11961,6353
GTCGATGGATTCGTTC,A373V,nan,nan,0,0
GTCGATTACGAACAAC,,0.1777,0.1777,1924,1514
GTCGATTGCCGAATCA,,0.0998,0.0998,1519,2128
GTCGATTGCTTAACAT,K216F,0.0614,0.0614,486,1107
GTCGCACCAACCAAAA,K328cN R329C,0.1325,0.1325,18,19
GTCGCACCCACTTATA,N150E,0.0735,0.0735,617,1174
GTCGCACTTCTCAAAG,I115P,0.0000,0.0000,0,11
GTCGCATTGCTCCAGA,,0.1327,0.1327,462,487
GTCGCCACTACATCAA,R397K,0.2055,0.2055,216,147
GTCGCCATCTAAAAAT,K32G,0.1261,0.1261,910,1009
GTCGCCTGACGCAATA,W127Y,0.1184,0.1184,314,371
GTCGCGACATTAAAAT,G484T,0.1000,0.1000,1238,1731
GTCGCGGCGACATTTT,L194M E407I,0.0000,0.0000,0,5
GTCGCTACAAGAGACA,L314V,0.0000,0.0000,0,39
GTCGCTGAATTATATC,R328aV E434A,nan,nan,0,0
GTCGCTTATCCTGCTA,N48*,0.0000,0.0000,0,16
GTCGGAACCTGTGGTG,V272F,0.1169,0.1169,234,280
GTCGGAATAGATCTTC,,nan,nan,0,0
GTCGGACGATTATATG,C305N,0.0000,0.0000,0,1
GTCGGACGTCCTAGGA,L133aI L527F,0.0000,0.0000,0,5
GTCGGACTACCAAATG,K307A G463D,0.2377,0.2377,17,10
GTCGGAGTACGACGTA,Q371*,0.5438,0.5438,35,9
GTCGGAGTAGGAATAT,E476M,0.1737,0.1737,9256,7453
GTCGGATATGCAACAA,I15D,0.0000,0.0000,0,10
GTCGGCAATATCCCGA,,0.1202,0.1202,6233,7251
GTCGGGTCGTATTCCC,N169Y N322K S369G F469M,0.4453,0.4453,121,38
GTCGGTCCTATATAAT,R212Q,0.1476,0.1476,707,670
GTCGGTGTAACTACCA,T37S V204R,nan,nan,0,0
GTCGTAAAACCTTGTT,A218K K412Q,0.6118,0.6118,35,8
GTCGTAAATACACAGC,D104A G345W,0.1667,0.1667,180,151
GTCGTAACGCAACCGT,,0.0231,0.0231,22,133
GTCGTAACTACTCGAA,V381S Q454*,0.0000,0.0000,0,1
GTCGTAATCCTGAAAT,K216C,0.1127,0.1127,2431,3016
GTCGTAATCTAAACTT,F251M,0.1441,0.1441,1349,1309
GTCGTAATTTCAGTAA,S291I,0.1241,0.1241,2001,2255
GTCGTACCGAGACTAT,S167L,0.1339,0.1339,4512,4714
GTCGTACCGTATTACT,,0.1342,0.1342,4491,4679
GTCGTAGAACCTGCAA,,0.1640,0.1640,5404,4609
GTCGTAGACCAACTCA,E24V,0.1526,0.1526,9686,8875
GTCGTAGGATACTTAG,L2R K498R,0.0000,0.0000,0,5
GTCGTAGGTGAATGAA,G342Q,0.0000,0.0000,0,1
GTCGTAGTAATATAAC,N224H,0.2569,0.2569,90,49
GTCGTATTGGCTGTCT,W127D E434D,0.0000,0.0000,0,21
GTCGTCACTTCAACAA,,0.1789,0.1789,2077,1624
GTCGTCCAAGTGTCGA,,0.1488,0.1488,1306,1227
GTCGTCGCCTAGTGCG,,0.1836,0.1836,8734,6654
GTCGTGGACTTTAAAA,G337F,0.0000,0.0000,0,5
GTCGTGGGTACACGAA,A521E,0.0000,0.0000,0,4
GTCGTTATAACCGACT,,0.0448,0.0448,289,902
GTCGTTATGATAACAA,I124V,0.1280,0.1280,65,71
GTCGTTGCAAATATCA,,0.1356,0.1356,354,365
GTCGTTTCATGACGGT,G134H,0.9639,0.9639,386,56
GTCGTTTCCCAACAAA,L430R,nan,nan,0,0
GTCTAAAAACGCATTA,P128F N464Q,0.2385,0.2385,307,180
GTCTAAACGTTTATAA,N357V,0.0000,0.0000,0,15
GTCTAAATGAACAAAA,S291E,0.1249,0.1249,592,663
GTCTAAATGAAGTAAC,T318G,0.0000,0.0000,0,18
GTCTAACGGAGGCTGA,K262D,0.2336,0.2336,137,82
GTCTAACTTTGACCCT,N187K,0.1249,0.1249,1349,1510
GTCTAAGAACTGCGCC,T390F,0.1534,0.1534,193,176
GTCTAAGCACCAAGAA,N458M,0.0000,0.0000,0,14
GTCTAATACGTCTAGA,K412I,0.1503,0.1503,503,468
GTCTAATGAGGATCAT,,0.0579,0.0579,65,157
GTCTACCGTTTACACT,,0.1350,0.1350,610,632
GTCTACGAGAATGAAC,V34G,0.0000,0.0000,0,3
GTCTACGGGACCTAAA,K196D,0.1003,0.1003,449,626
GTCTACTAATATGTTT,L54P,nan,nan,0,0
GTCTACTGATATATAA,N458P,0.7192,0.7192,36,7
GTCTAGACACAGCTTC,,0.0923,0.0923,1166,1766
GTCTAGATATAGATAT,E327A,0.1698,0.1698,1101,907
GTCTAGGAGCTCATAT,,nan,nan,0,0
GTCTAGGTCAGTCCTA,L176K R321Q T370W,0.0000,0.0000,0,1
GTCTAGTATCCAGAAG,I-3Y,0.0000,0.0000,0,133
GTCTAGTCAGAATTAG,,0.0966,0.0966,1208,1748
GTCTAGTCCTTATCTC,S519Y,1.0000,inf,45,0
GTCTAGTTTGCAAAAC,E190W,nan,nan,0,0
GTCTATGAAAACTAAA,V56G,0.0527,0.0527,201,533
GTCTATTCCCTAACGA,G16M,0.0000,0.0000,0,2
GTCTATTGAAACTGAG,,0.1882,0.1882,5936,4411
GTCTATTTAGTACGAG,V285L,0.1179,0.1179,4789,5680
GTCTCAAATGTGTCAA,R328aE,0.0895,0.0895,16,25
GTCTCAACTATTAGCC,I297S,0.0000,0.0000,0,16
GTCTCAAGCCAACAAT,M346S,nan,nan,0,0
GTCTCAAGTATAATTG,G362A C466R,0.0622,0.0622,4,9
GTCTCAAGTTGTTGTA,S311I,0.2154,0.2154,687,446
GTCTCACATCTAAATA,N169W I335P,nan,nan,0,0
GTCTCACCCAACATAA,R456L,0.1252,0.1252,402,449
GTCTCACCCGCAGAAG,D438L,0.0849,0.0849,1714,2824
GTCTCACGACATCACC,,0.1193,0.1193,139,163
GTCTCACGATGATACA,S523T,0.0000,0.0000,0,1
GTCTCCCCTGGACCAG,V36M,0.6060,0.6060,26,6
GTCTCCGATTAACAAC,,0.1925,0.1925,2026,1472
GTCTCCTATATAACTA,N193M,0.2196,0.2196,3854,2454
GTCTCGACATCAGTAA,G49V L320Y,0.0000,0.0000,0,4
GTCTCGACCTTAACTT,S492M,0.1471,0.1471,122,116
GTCTCGATAGGAGTAA,C76R,0.0000,0.0000,0,8
GTCTCGCGAATCGCTC,P293H M478C,0.0000,0.0000,0,8
GTCTCGCTCATCGTCA,S221N,0.0730,0.0730,189,362
GTCTCGGTTGTAAAAA,K156M,0.1639,0.1639,150,128
GTCTCGTGGAAACAGA,I4W L427R,0.7614,0.7614,49,9
GTCTCTAAACTTATGA,N289P,0.1109,0.1109,463,584
GTCTCTACATTATTGT,G345V C546Y,0.2853,0.2853,51,25
GTCTCTAGAAACTTAC,N-4G,0.1881,0.1881,2203,1638
GTCTCTCATGCCTAGA,E31K,0.1135,0.1135,926,1141
GTCTCTGAAGTATAAA,Y353E,0.0000,0.0000,0,3
GTCTCTGAGGTGGCTG,I260K,0.0000,0.0000,0,37
GTCTCTTAACATATAT,,0.2943,0.2943,985,468
GTCTCTTATAATCTTC,N322S,0.4079,0.4079,35,12
GTCTCTTGCTACCGAC,A495T,0.1350,0.1350,927,960
GTCTGAAAACACCACA,T279Y,0.0388,0.0388,30,108
GTCTGACAAGAGTCCC,D438Q,0.0627,0.0627,380,847
GTCTGACCTTATACCA,,nan,nan,0,0
GTCTGACGTATCGTCA,T520S,0.0000,0.0000,0,50
GTCTGAGGAGCGTAAG,G68Y C539D,0.5943,0.5943,51,12
GTCTGAGGTAATCTTA,Y161D,0.0000,0.0000,0,5
GTCTGAGGTCCCACGC,D487E,0.1576,0.1576,1831,1625
GTCTGAGTGTAAACTT,R173A,0.1529,0.1529,7616,6966
GTCTGATCAATAAAGA,Y256A,0.1089,0.1089,4119,5291
GTCTGCAAAAAATAGG,C305L,nan,nan,0,0
GTCTGCAAACCAACAA,G228L,0.2847,0.2847,57,28
GTCTGGAACCCATAGT,L59R,0.1716,0.1716,546,445
GTCTGGCCTAATTATA,C14D,0.0000,0.0000,0,1
GTCTGTACATCCCGTA,P299S,0.1194,0.1194,1437,1683
GTCTGTATATATTTAC,A317F,0.2497,0.2497,25,14
GTCTGTATGTCTCCGG,K498I,0.1843,0.1843,4692,3561
GTCTGTCACGCCCCTC,,0.1642,0.1642,458,390
GTCTTAACAATAGAAC,D487I,0.1474,0.1474,369,350
GTCTTAATGCAGACAT,,nan,nan,0,0
GTCTTACCTGGTGAAG,L300Y K498S,0.0259,0.0259,20,108
GTCTTACTAATCACCG,,0.1587,0.1587,2037,1795
GTCTTACTGACCGAAA,G134H,1.0000,inf,28,0
GTCTTAGAAAATTCTG,A425K,0.0000,0.0000,0,4
GTCTTATATTGCAGGA,N401T,0.0970,0.0970,521,751
GTCTTATTTATGACCG,K259A,0.0350,0.0350,2,8
GTCTTATTTTTAACCT,T511S,0.1291,0.1291,3414,3698
GTCTTCCAACAAAGAA,G333S R404N,1.0000,inf,28,0
GTCTTCCAGTAGGTCT,G72F I236M,0.0000,0.0000,0,1
GTCTTCGAAAAAACCC,R404Y,0.0000,0.0000,0,2
GTCTTCGATGAGATAC,T318G G360D,nan,nan,0,0
GTCTTGATATACGCCG,,0.2137,0.2137,2329,1524
GTCTTGCTGGCCACAA,D77A,0.0293,0.0293,51,243
GTCTTTAATATTCATG,A137M,0.0595,0.0595,616,1448
GTCTTTACCCGGAGTG,F79V,0.2175,0.2175,14,9
GTCTTTACCGAGTACC,H117W,0.1766,0.1766,4061,3216
GTCTTTACTCCTGGAG,S10N D240V,0.0000,0.0000,0,6
GTCTTTACTTAAACGT,L325R,0.1148,0.1148,394,480
GTCTTTACTTACGCTC,K259E,0.0687,0.0687,173,352
GTCTTTCAAACAAGTT,,0.1589,0.1589,3950,3476
GTCTTTCATACATCAG,L176R M292T,0.6845,0.6845,93,19
GTCTTTCTTAACAGCA,G303L G376W T378S,0.2564,0.2564,22,12
GTCTTTGACAAACGAG,D27Y,1.0000,1.4450,31,3
GTCTTTGCGTCAAAAT,M413K,nan,nan,0,0
GTCTTTGGTGTACCGC,W350L,0.0782,0.0782,71,127
GTCTTTGTATGGACAA,P128D A526K,nan,nan,0,0
GTGAAAAAAAAACCTT,A19N T279I A287M,nan,nan,0,0
GTGAAAAATAAAAAAA,,0.1632,0.1632,294,252
GTGAAAACAAACACAA,V8E,0.0000,0.0000,0,10
GTGAAAACGCGCTAAT,,0.0345,0.0345,18,73
GTGAAAAGATCACTAT,Q454W,0.0000,0.0000,0,3
GTGAAAATCGGAAACC,F469R,0.0000,0.0000,0,8
GTGAAACCAAGTAATG,L61P I123F R321D T370V,nan,nan,0,0
GTGAAACCTTGCTTAT,D231W,0.0879,0.0879,596,948
GTGAAACGCACAACAA,,0.1416,0.1416,3517,3473
GTGAAACGGATCGTGA,I-3K,0.0840,0.0840,720,1198
GTGAAAGAATGCCGAT,,0.1255,0.1255,760,847
GTGAAAGCACACGTGA,K372F,0.1912,0.1912,704,515
GTGAAATAGGATACAA,E426V,0.2383,0.2383,92,54
GTGAAATATATTAATC,,0.0529,0.0529,210,555
GTGAAATCTATCCAAG,E494R,0.6669,0.6669,124,26
GTGAACAAAATAGTCG,M538S,0.1291,0.1291,60,65
GTGAACACAAAATACT,V204M,0.5655,0.5655,93,23
GTGAACACACATATTA,I385S,0.0000,0.0000,0,275
GTGAACACCGAAACCA,K50C,0.0673,0.0673,681,1415
GTGAACATTCATTTAT,K259F L534M,0.1661,0.1661,323,272
GTGAACATTCCGTATA,,0.0959,0.0959,1408,2053
GTGAACATTCTATGCA,,0.0634,0.0634,49,108
GTGAACCTGACATAGA,I385C,0.1498,0.1498,542,506
GTGAACGTTAAGAACG,A528G,0.0000,0.0000,0,31
GTGAACTCAAATACCA,S221D,0.3120,0.3120,29,13
GTGAACTCAGAATAAT,P58S,0.0932,0.0932,26,39
GTGAACTGTAAAAGAC,T283A,0.1647,0.1647,6341,5383
GTGAACTGTCTTACAC,I243E N424Q,0.0000,0.0000,0,1
GTGAAGATCAGTAGAA,S167P R321T D366P T370A,0.4615,0.4615,33,10
GTGAAGCAGAGTTACC,,0.2053,0.2053,549,374
GTGAAGCATGACACAC,L108D N379F,0.0000,0.0000,0,2
GTGAAGCGTTAGATCA,H110V R328aW,1.0000,inf,31,0
GTGAAGGACCCTAAGT,,0.1252,0.1252,921,1029
GTGAAGGCAGGCACCT,,0.1627,0.1627,989,850
GTGAAGGTCACGCCCC,K307T D457G,0.0000,0.0000,0,42
GTGAATAAGACATCAA,C277N,0.0000,0.0000,0,3
GTGAATACACCTAATT,F469T,0.1763,0.1763,29,23
GTGAATACTCGCAGTT,P125Q A242Y,0.0526,0.0526,190,505
GTGAATCATGAGAACG,G68F,0.1274,0.1274,482,529
GTGAATCCCACACGTA,F469D,0.0000,0.0000,0,10
GTGAATCCTAAAATCT,M-6W,0.0000,0.0000,0,4
GTGAATGCAAGAACAA,V152M L507M,0.1376,0.1376,1563,1588
GTGAATGGACTGTATA,K32* T485L,0.3916,0.3916,14,5
GTGAATTCGTAAAGAA,G143H,0.2420,0.2420,327,189
GTGAATTTTTAGGACG,S543N,0.2316,0.2316,467,282
GTGACAAAATATGCAT,L122K,0.1574,0.1574,3026,2688
GTGACAAACTTGGCTT,R404Q E479K,0.1381,0.1381,2593,2625
GTGACAACCATCGGGA,K280M,0.0791,0.0791,1259,2225
GTGACAAGATTCTAAT,K125aC,0.1067,0.1067,148,194
GTGACAATCCGGACAA,,0.1895,0.1895,515,380
GTGACACAACCCCTGC,N150R,0.0000,0.0000,0,10
GTGACACGCCGTGCTA,G249Q,0.0000,0.0000,0,20
GTGACACTCTCCTTAA,,0.1115,0.1115,63,79
GTGACAGACTAAGAAT,Y470S,0.0507,0.0507,29,80
GTGACAGGCGAAGTCA,T28*,0.3051,0.3051,24,11
GTGACAGTCAACCCAT,S221Q,nan,nan,0,0
GTGACAGTTCCATAAT,D77G L402C,0.2055,0.2055,673,458
GTGACATAAAACACAA,S203E E414V,0.3077,0.3077,33,15
GTGACCATAAGGAGGG,D53W,0.1748,0.1748,35,28
GTGACCCAAAACAGGC,H276L,0.1454,0.1454,3610,3471
GTGACCCCATGCACAC,S65C N475R,0.0000,0.0000,0,15
GTGACCCTTATCTTGA,K238P,0.0379,0.0379,115,424
GTGACCGAGAAACAAA,I335S,0.0000,0.0000,0,9
GTGACCGCCAACCTAC,T279F I385C,0.0000,0.0000,0,4
GTGACCGCCTCAAGGC,T318A,0.0000,0.0000,0,102
GTGACCTAAAATAGTA,A218L,0.1880,0.1880,6257,4654
GTGACCTTCACATAAT,N169G D366* T370D F469S,0.0000,0.0000,0,9
GTGACGACACCTAAGG,V5M A137E,0.0000,0.0000,0,4
GTGACGCCCATACGGG,Y470L,0.1670,0.1670,553,463
GTGACGCGTGACCGTC,G68V,0.0000,0.0000,0,6
GTGACGGATCTTCCAA,,0.1798,0.1798,5801,4511
GTGACGGATGAGCCAC,V152W S492K,0.2536,0.2536,165,91
GTGACTAAATAGATCA,T192A,0.1979,0.1979,6457,4563
GTGACTAACCACGGCC,,0.1166,0.1166,683,819
GTGACTACCCCCTTAT,,0.1434,0.1434,1447,1411
GTGACTAGATTCAATC,T390C,0.2539,0.2539,1035,570
GTGACTATACAAAGAT,I42M C477G,1.0000,1.2935,37,4
GTGACTGAAATCGAGC,C539W,0.0793,0.0793,72,127
GTGACTGACGGATAAT,V135P,0.1598,0.1598,24,21
GTGACTGCTAAAGCGC,,0.2572,0.2572,331,180
GTGACTGTTTACACTA,R499V,0.1368,0.1368,1031,1054
GTGACTTGTCGCTAAT,N224C,0.1083,0.1083,1464,1890
GTGAGAACTATACCTA,T23F,0.6992,0.6992,50,10
GTGAGATAAAACATGG,V152S,0.5128,0.5128,22,6
GTGAGATGAATTTGAC,G225* H244D,0.0000,0.0000,0,1
GTGAGATGGAATACAA,E78W C466H,nan,nan,0,0
GTGAGCACTTGGCAGG,,0.0000,0.0000,0,4
GTGAGCAGTAAACTCC,E327Y,0.0345,0.0345,19,77
GTGAGCATTACCGAAG,K269A,0.1514,0.1514,867,801
GTGAGCCATATCTACG,N169M,0.2054,0.2054,5011,3412
GTGAGCCTTGACAAGC,G465E,0.0000,0.0000,0,2
GTGAGCGTATACCGAG,L43W,nan,nan,0,0
GTGAGGACACGCTAAA,P198M,0.0382,0.0382,1353,4957
GTGAGGAGCATGGAGG,I267T,0.0000,0.0000,0,7
GTGAGGGGATGATGAT,F392R,nan,nan,0,0
GTGAGGTTAACAAGAC,,0.2300,0.2300,125,76
GTGAGTACATGAACGC,Q226A,0.0317,0.0317,231,1018
GTGAGTAGAATTATTC,K445L,nan,nan,0,0
GTGAGTGCCCAAAGGT,,0.1195,0.1195,5667,6630
GTGAGTTTAATTCATG,S167I R321D T370N E493F,0.1228,0.1228,36,41
GTGATAAATGACCACA,R397A S442N,0.1577,0.1577,989,877
GTGATAACGTACCGAG,T422K,0.0000,0.0000,0,2
GTGATAACGTAGGTTC,I80E,0.0794,0.0794,619,1090
GTGATAATAACTGGGG,D487M,0.1537,0.1537,1398,1272
GTGATAATTTTAAAAC,,0.1339,0.1339,45,47
GTGATACCCGATGACC,,0.1986,0.1986,98,69
GTGATACTTATGAAAA,,0.1894,0.1894,2129,1572
GTGATAGCATCCACGA,W180F E407R,0.1272,0.1272,544,598
GTGATATACATTTCAC,I115Q,0.4895,0.4895,84,24
GTGATATGAAAACTAT,E476V,0.2924,0.2924,9096,4350
GTGATATGGATACTAG,E107M,0.0000,0.0000,0,2
GTGATCAACTCCATTA,E358A,0.1433,0.1433,374,365
GTGATCAGTCGTAAAC,,0.0000,0.0000,0,6
GTGATCATTTCAGTAA,E358I,0.0405,0.0405,98,338
GTGATCCGTAATGTTT,I236M K380M,0.0506,0.0506,34,94
GTGATCTCAGATAACA,,0.1387,0.1387,595,600
GTGATCTGCATTGCGA,P489C,0.2089,0.2089,233,156
GTGATGAAACTGGTAA,N248D,0.0812,0.0812,621,1069
GTGATGACACGCTGCT,I182M,0.2206,0.2206,7763,4921
GTGATGCCATGGTTAC,,0.2347,0.2347,141,84
GTGATGCGGAGACACT,M292K,0.1581,0.1581,1897,1678
GTGATGGGAGATATGA,G333M,0.1651,0.1651,857,726
GTGATGTTCTCCAGAA,Y256L,0.1383,0.1383,983,994
GTGATTAATTCGCCAA,M292G,0.0682,0.0682,198,406
GTGATTACAAATAATG,V151K,nan,nan,0,0
GTGATTTATCATCAGA,A364E,0.0000,0.0000,0,5
GTGATTTCAAGCTGTA,M-6G,0.0000,0.0000,0,2
GTGATTTCGGGTGAAA,H38E H298K,0.0000,0.0000,0,11
GTGATTTTGTGATTGA,R212K H298Q,0.0000,0.0000,0,7
GTGCAAAAATGGCCCT,E508H,0.1867,0.1867,1551,1162
GTGCAAATTTTCTTTT,K313A K412Q,0.1009,0.1009,83,115
GTGCAACAGTTGATAA,K57M,0.2107,0.2107,6394,4243
GTGCAACGATGGACTA,K372L,0.1527,0.1527,131,120
GTGCAAGGACTTAATA,Y470D,0.2957,0.2957,296,140
GTGCAATGAGAAATAC,P82aS,0.0000,0.0000,0,209
GTGCAATGGCTTCGTT,Y308E,nan,nan,0,0
GTGCAATTTTCCCAAA,V481S,0.0000,0.0000,0,15
GTGCACAACAGTTCCG,I339S,0.6759,0.6759,58,12
GTGCACAACGCCAGAC,V204E,0.1398,0.1398,28,28
GTGCACAGATAGATGT,M538H,0.0997,0.0997,390,547
GTGCACCAACGGAAAT,M538Y,1.0000,2.6570,38,2
GTGCAGACTTACTCGC,E494V,0.1244,0.1244,2250,2530
GTGCAGTAGAAGCTTT,T200Q F469A,0.0000,0.0000,0,4
GTGCATAAAAAATCAG,I124N,0.1438,0.1438,3252,3163
GTGCATAGGATAGCAA,,0.1775,0.1775,810,638
GTGCATATGCATTCTG,K460N,0.2021,0.2021,607,420
GTGCATCACCATATGG,H471W,nan,nan,0,0
GTGCATCCAGTAGGAT,V505D,0.1119,0.1119,8,10
GTGCATCTTCTGGAAA,L7R V82L,0.1736,0.1736,149,120
GTGCATGATTAAGTAA,E508K G510aH,0.0000,0.0000,0,8
GTGCATGGTAAATTAG,E246M,0.0846,0.0846,231,382
GTGCATTATAAAATTA,W84I L507M T520N,0.0000,0.0000,0,8
GTGCATTATCCACTTA,R329Y,1.0000,3.0766,22,1
GTGCATTTCTTTATAC,,0.0748,0.0748,153,286
GTGCCACGTAAGCTGT,V272M,0.1141,0.1141,31,38
GTGCCACTTATAAACT,L54Q S503R,0.1165,0.1165,70,84
GTGCCAGAGACATCAA,L96D I155F R435K,0.4595,0.4595,23,7
GTGCCAGGGGAAAAAA,E273R,0.0887,0.0887,163,257
GTGCCAGTTACTGTGT,,0.2173,0.2173,6437,4142
GTGCCCATCATAGCCC,T370I L437R,0.0000,0.0000,0,5
GTGCCCATCTCTACTT,N357C,0.3144,0.3144,371,165
GTGCCCGATGTTACGT,Q25A D474W,0.0000,0.0000,0,12
GTGCCCTAGAGTAATA,V8K,nan,nan,0,0
GTGCCCTAGTCACGCA,H295V,nan,nan,0,0
GTGCCCTTCACGCAAG,,0.0877,0.0877,346,552
GTGCCGACAACCATAC,N-4I,0.1441,0.1441,3678,3569
GTGCCGCTTGGAATGT,V505G,0.0000,0.0000,0,60
GTGCCGGAAGCTAATT,,0.1569,0.1569,835,744
GTGCCGTGGAGAGTTA,H38D,0.1989,0.1989,5859,4120
GTGCCTAGAGATGAAA,A137T,0.0230,0.0230,116,704
GTGCCTATCAAAATCA,T485A,0.1188,0.1188,3982,4688
GTGCCTCAATTCCTTA,E494R,0.2831,0.2831,2160,1067
GTGCCTGCGGTCACGG,L428T,0.0000,0.0000,0,7
GTGCCTGTAGACCGGC,,0.1559,0.1559,3189,2861
GTGCCTGTCACAAGTC,H117N,0.1842,0.1842,12242,9296
GTGCCTTTAAAAAGAG,,0.0742,0.0742,146,275
GTGCGAACATGTGTTG,K9S G286E,1.0000,2.6570,19,1
GTGCGAACCTAATCTG,Q25T,0.1846,0.1846,388,294
GTGCGAATAACCTTAA,Q344E G345A,0.0000,0.0000,0,11
GTGCGAATTTAGCCCA,K380T,0.0000,0.0000,0,16
GTGCGACCCAGCATAA,D95W W343G,0.6143,0.6143,123,28
GTGCGAGATATTGGTC,Y195S L427W,0.0000,0.0000,0,9
GTGCGAGTCGAAAAGA,M413F,0.0699,0.0699,23,46
GTGCGATAAATTCACG,I514E,0.0000,0.0000,0,4
GTGCGATCAATTAATT,L515F,0.1598,0.1598,32,28
GTGCGCCGGAAGCAAT,S146I,0.1228,0.1228,72,82
GTGCGCGAGAACCAAA,,0.1410,0.1410,12066,11968
GTGCGCGGCACTGGAT,N379T,0.0559,0.0559,32,80
GTGCGCTACCTTCAAA,F148V,0.1061,0.1061,1551,2045
GTGCGCTCATTCCAAC,D386W,0.1228,0.1228,1975,2250
GTGCGCTTAAAAATAA,K216S,0.0572,0.0572,267,653
GTGCGCTTAGGAGAAC,L418H,0.3018,0.3018,41,19
GTGCGGAAACGGATGT,M538G,0.1707,0.1707,2951,2417
GTGCGGATCACAGGTG,N379S,0.1738,0.1738,379,305
GTGCGGGTTTCACTTG,G263K,0.1544,0.1544,890,806
GTGCGGTTAAATTAGT,,0.1901,0.1901,3599,2647
GTGCGTAAAAAATTCC,A336R,nan,nan,0,0
GTGCGTACCATCGACT,,0.1586,0.1586,1698,1497
GTGCGTCAAGGATAAC,I15P,0.0000,0.0000,0,5
GTGCGTCGACGGAATT,E89K M531Y,nan,nan,0,0
GTGCGTGGCGATGCAT,T436G S509I,nan,nan,0,0
GTGCGTGTACAAAAAT,K387E,0.1725,0.1725,111,90
GTGCTAAACGGATACC,T279W,0.0000,0.0000,0,3
GTGCTAACACAAAAAT,,0.1398,0.1398,26,26
GTGCTAATCCACAAAG,Q211G,0.0317,0.0317,44,194
GTGCTACAGGTGTTGG,Y308T,0.0000,0.0000,0,11
GTGCTACCACAATAGC,K262aN,0.1107,0.1107,2313,2922
GTGCTACCATGTATAA,Y201Q S503H,0.0000,0.0000,0,2
GTGCTACTGAACCTTC,Q25H,0.0664,0.0664,580,1221
GTGCTAGGTTGGGGTT,L430D,0.0000,0.0000,0,11
GTGCTCGGATTAAAAG,,0.1972,0.1972,8886,6303
GTGCTCGGTATAATCT,K109G,0.1107,0.1107,380,480
GTGCTCTTCAATGGCG,V272M,0.1409,0.1409,9522,9451
GTGCTGCCCTTGACGC,E304K,0.1049,0.1049,1888,2516
GTGCTGGAAAACCAAG,R227I,0.0375,0.0375,33,123
GTGCTGTTGAAGCAAG,K216P,0.0000,0.0000,0,1
GTGCTTAAACCAATTG,,0.1295,0.1295,716,773
GTGCTTATGAAACATC,,0.1001,0.1001,1040,1453
GTGCTTCATCTTTTAA,G68H,0.1257,0.1257,249,277
GTGCTTTATTAGCACC,,0.1736,0.1736,1891,1523
GTGGAAAAAGAGAAAA,G49D Y308G,nan,nan,0,0
GTGGAAAATAGCTTCA,I217T,0.0932,0.0932,138,207
GTGGAAAGAAACGCCA,I-3N W350*,0.0000,0.0000,0,32
GTGGAAATGAAGAGAC,I297Q,0.0000,0.0000,0,1
GTGGAAATGTATCCCG,N169S D264N F469V,0.0000,0.0000,0,6
GTGGAAATGTTACGTC,,0.0000,0.0000,0,12
GTGGAACCTATACAAG,I252R,0.0000,0.0000,0,2
GTGGAAGCAAATGCGA,L300D,0.4755,0.4755,85,25
GTGGAAGCTTTTTTTT,N172S,0.1443,0.1443,97,94
GTGGAAGGTAGATGCT,K280E,0.0846,0.0846,329,544
GTGGAATAGAATTTCT,I374Q,0.1489,0.1489,361,339
GTGGACACACGCAGGG,N169* T370R F469T,0.0000,0.0000,0,1
GTGGACATAGATGACC,C277E,0.0000,0.0000,0,3
GTGGACTGATGATATT,,0.2286,0.2286,1440,881
GTGGACTTTGCACTTT,C277* V285T,nan,nan,0,0
GTGGAGAACACTAGTG,K216P K460V,1.0000,2.0510,44,3
GTGGAGACGCAAACCT,G303M K313D,nan,nan,0,0
GTGGAGCACGGTAAGT,Y141R,0.1650,0.1650,518,439
GTGGAGCCTACAAGAG,G345S,0.1264,0.1264,1661,1837
GTGGAGTGCAACACGT,K120E,0.3296,0.3296,99,42
GTGGATAAGCCATAGT,N464G,0.4595,0.4595,92,28
GTGGATACTGGCTGAC,,0.1314,0.1314,172,183
GTGGATCAAGTGTTGA,S203K,0.0899,0.0899,236,367
GTGGATGAACACTAAC,C52Y,0.0000,0.0000,0,11
GTGGATTGCGGAAAAA,F467E,0.2535,0.2535,29,16
GTGGCAAGTTGAACTA,F147G,0.1287,0.1287,23,25
GTGGCACATAATCGGA,V34K,nan,nan,0,0
GTGGCATAGACTAGCG,L194H,0.0588,0.0588,345,821
GTGGCATTTAAATCAG,,0.1777,0.1777,7126,5607
GTGGCCACTAGTAATC,I29G,0.0000,0.0000,0,13
GTGGCCCCTGTCTGTA,E174L,0.1188,0.1188,721,849
GTGGCCTACAACAAAC,M346I Y491T A495V,nan,nan,0,0
GTGGCGAACATCAACG,Y351R,0.0000,0.0000,0,2
GTGGCGCGTAAGTCAT,L527Y,0.0000,0.0000,0,1
GTGGCGTACCTCAGTC,E246W,0.1108,0.1108,1268,1601
GTGGCTATGATAGTGA,E83L T511N,0.1672,0.1672,110,92
GTGGCTCACCTATACC,Y86Q,0.0000,0.0000,0,29
GTGGCTGAAGCGTTAG,L325D,0.2118,0.2118,1286,849
GTGGCTTCGGACGGAA,R452S,0.1478,0.1478,280,265
GTGGCTTTAGCATTAC,I4G R81G Y86C L427F,nan,nan,0,0
GTGGGAAAAAAGGGTC,Q513V,0.2033,0.2033,141,97
GTGGGAACTTCGAGAT,R328aM,0.0000,0.0000,0,4
GTGGGAAGACCGGAAA,A495P,1.0000,1.4874,117,11
GTGGGAATTAGAAGGT,,0.0905,0.0905,213,329
GTGGGACACCAAGACT,E501K,0.1748,0.1748,1346,1077
GTGGGCATAAAACAGT,L209R,0.4048,0.4048,55,19
GTGGGCCCCTTTGCAG,N410L,0.0000,0.0000,0,7
GTGGGGCTGATTCTTC,K9G I236V,0.0867,0.0867,507,818
GTGGGGTACCGCAATT,T378Y C539F,0.1601,0.1601,356,311
GTGGGTACAACATACG,D63W S167L R321T,0.0000,0.0000,0,3
GTGGGTATACTTGAAA,,0.1988,0.1988,482,339
GTGGGTCCGATATGAC,L402M,0.0956,0.0956,136,199
GTGGGTTCTAATCTAT,R229G F338D,0.0000,0.0000,0,4
GTGGGTTTAGTATTAG,E358C,0.2086,0.2086,1074,720
GTGGTACCATTTAAGG,R81H G504N,0.1216,0.1216,1919,2207
GTGGTACCTTGCCGAT,Y141N E434F,0.0000,0.0000,0,8
GTGGTATCAAAAATTG,L462N,0.1130,0.1130,1616,2000
GTGGTCCACACTACTG,R328bN,0.1057,0.1057,462,611
GTGGTGAAAAAACTAA,,0.0000,0.0000,0,4
GTGGTGACATAGATAG,,0.1190,0.1190,6221,7313
GTGGTGCAAAATAATT,N116Y,0.6490,0.6490,181,39
GTGGTTACCCGGCGTC,N210G,0.0000,0.0000,0,10
GTGGTTCATCTTAGAA,,0.1916,0.1916,222,162
GTGGTTGACATCTAAA,,0.1409,0.1409,1838,1824
GTGGTTGTCGACTTCC,,0.1746,0.1746,492,394
GTGGTTTATCCATAAA,K310Q,0.2459,0.2459,51,29
GTGTAAAAAGAACGTG,,0.4025,0.4025,354,123
GTGTAAAGTTAAAGTA,,0.2396,0.2396,2836,1655
GTGTAACCATCAACCG,R321A D366G F469D,nan,nan,0,0
GTGTAACCGACCACGA,D419S,0.0801,0.0801,145,253
GTGTAACGTGACTTTT,,0.2525,0.2525,186,103
GTGTAAGACAAGGAGT,I42R L316Q T318N,0.0000,0.0000,0,10
GTGTAATAAACAGCAA,H471Y,nan,nan,0,0
GTGTAATACCTACACC,,0.1003,0.1003,823,1147
GTGTAATGTTATGTTT,A91V T171Q,0.2728,0.2728,2581,1323
GTGTAATTTAAATCCA,N224K Q513H,0.0455,0.0455,227,697
GTGTAATTTGAAAAGC,Y351V,nan,nan,0,0
GTGTACAGAACAAACG,E273K,0.2074,0.2074,1981,1336
GTGTACATCTTTCCAA,,0.1969,0.1969,307,218
GTGTACCCGAACAATA,D175C,0.0384,0.0384,50,182
GTGTACGAATGCATAC,F251M,0.1512,0.1512,641,593
GTGTACGACTGTGAGT,N92C T520V,0.2211,0.2211,5090,3219
GTGTACTTACGTTTCA,S113I,0.3729,0.3729,16,6
GTGTACTTTGGCACAG,V8S,0.0000,0.0000,0,14
GTGTAGAACGACCAGG,K57D,0.5076,0.5076,98,27
GTGTAGAAGATTAGCA,G100V,0.1798,0.1798,18,14
GTGTAGACCCAGAAGA,L43E T520Y A521T,0.0000,0.0000,0,6
GTGTAGATCATGAACA,E432W E494I,0.0000,0.0000,0,8
GTGTAGCGTATGAAAA,,0.1084,0.1084,1082,1396
GTGTATAAAATATCGT,T279H,0.0305,0.0305,22,101
GTGTATAATCATATAA,A521C,0.0715,0.0715,427,835
GTGTATACAAGGCCTT,I502G,nan,nan,0,0
GTGTATGAAAAAAAAA,I42S E403N,nan,nan,0,0
GTGTATGATTTCGGTT,V429T,0.0371,0.0371,285,1073
GTGTATGCAGTTGTTA,Q12E,0.1935,0.1935,4329,3129
GTGTATTCCCATAGAA,K328cE E508C,nan,nan,0,0
GTGTATTCGATAAGAA,T46M G49V,nan,nan,0,0
GTGTATTCGTTTTAGT,V8H L96T,0.0000,0.0000,0,4
GTGTCAAGTTTAGAGC,L112W D264N,0.0000,0.0000,0,6
GTGTCAATCGATTTCT,S480T,0.1668,0.1668,8698,7293
GTGTCAATTGCATAAG,G463F,0.0582,0.0582,62,149
GTGTCACACGAAAAAA,Y274R,0.3526,0.3526,58,23
GTGTCACTTAACAAAA,,0.1453,0.1453,990,953
GTGTCATGTTAGCACA,I121R,0.1034,0.1034,1125,1521
GTGTCATTATAACAAA,M346R,0.0000,0.0000,0,2
GTGTCCAGATCAGAGT,G181K R321H T370G F469R,0.8297,0.8297,89,15
GTGTCCCCTCTATCTG,,0.0876,0.0876,397,634
GTGTCCCTAGCCCAAG,,0.1201,0.1201,1992,2319
GTGTCCTAAGGACCAG,,0.1362,0.1362,3129,3212
GTGTCGACACTAGTTG,V381D,0.0000,0.0000,0,7
GTGTCGATCGAATAGC,M-6H A253S,0.9012,0.9012,58,9
GTGTCGGCATTCACTG,K310Y,0.0000,0.0000,0,5
GTGTCTAGAGGTTCAA,L331D,nan,nan,0,0
GTGTCTATCCACGAAA,C14E,0.0000,0.0000,0,2
GTGTCTCATGACGAAA,W343*,0.0000,0.0000,0,1
GTGTCTTAAGCGTCAA,N54aY,0.1137,0.1137,1726,2123
GTGTCTTAATCACATA,,0.1974,0.1974,408,289
GTGTCTTACATTACCC,,0.0000,0.0000,0,66
GTGTCTTACCTACAGT,V5P T219Y,0.0634,0.0634,415,916
GTGTCTTATGAACCCG,,0.1298,0.1298,2083,2244
GTGTGAAGTGCCAATT,F392N,0.0000,0.0000,0,4
GTGTGAATGAATAAAT,I514R,nan,nan,0,0
GTGTGAATGTTCGTGT,T279D,nan,nan,0,0
GTGTGAGAGATACCAT,K196A,0.1359,0.1359,1458,1500
GTGTGATAATTATATA,H471V,nan,nan,0,0
GTGTGCTACTATATCC,S22A,0.1206,0.1206,119,138
GTGTGCTCATCGTACT,A425S N443G,0.0000,0.0000,0,4
GTGTGCTGCAAAATCT,E190V,0.0000,0.0000,0,20
GTGTGGAACCCTGCTG,T199H,0.1630,0.1630,6927,5944
GTGTGGCCAGAAAAAC,D441F,0.1487,0.1487,6284,5908
GTGTGTATAAAGTACT,L59S R229Y G341R,0.0953,0.0953,45,66
GTGTGTATATTAAAAT,F469V Y518H,nan,nan,0,0
GTGTTAACCACTAGCC,K387R,0.1548,0.1548,1699,1535
GTGTTACACAGAGGAC,G143F,nan,nan,0,0
GTGTTACGTACAAAAC,,0.0000,0.0000,0,65
GTGTTAGAAACTAAAT,C14E S146A,0.0000,0.0000,0,10
GTGTTAGCAAGTGGTA,S146E E508W,0.0688,0.0688,92,187
GTGTTCACAGATAATA,A39V,0.1473,0.1473,825,783
GTGTTCCGAAGCGCAC,L409Y,0.3873,0.3873,108,39
GTGTTCTGGCTAGAAT,R397C,0.1456,0.1456,982,943
GTGTTGCCTTACCTAA,I548L,0.2114,0.2114,2528,1672
GTGTTGGCCGCCAACA,G275N M531H,0.0000,0.0000,0,1
GTGTTGTAACAAGATG,G16C S480W,0.0000,0.0000,0,1
GTGTTTACTCTCAGAG,I297Y Y363R,0.0000,0.0000,0,4
GTGTTTCACGAAACTT,Y274A,0.0000,0.0000,0,70
GTGTTTCGATTCACGT,K156F,0.0000,0.0000,0,2
GTGTTTTAAGGTTCAT,E31M,0.0450,0.0450,207,643
GTTAAAAAAAGATATA,,0.1293,0.1293,172,186
GTTAAAAACGATCATG,,0.0791,0.0791,681,1204
GTTAAAAAGGTAGGTT,Y201D,0.0000,0.0000,0,16
GTTAAAAATAGAACTC,G181L,0.8546,0.8546,55,9
GTTAAAACGAAAAGAT,G228D,0.0000,0.0000,0,1
GTTAAAATAACATAAA,I13V E508D,0.1039,0.1039,1160,1562
GTTAAAATAATATAAT,,0.1362,0.1362,1221,1254
GTTAAAATTTACAAAT,A91R,0.0000,0.0000,0,19
GTTAAACAACCAGTAA,V66G,0.2124,0.2124,41,27
GTTAAACATTATGACA,D27A,0.0000,0.0000,0,19
GTTAAACTCGTTAAAT,E246N,0.1638,0.1638,2405,2053
GTTAAAGAAAAAAGGT,,nan,nan,0,0
GTTAAAGAACCGTATT,A394C,0.1194,0.1194,41,48
GTTAAAGACTCAACAA,,0.1823,0.1823,14138,10846
GTTAAAGTGAGTCGAA,E89V,0.1153,0.1153,1615,1959
GTTAAATACATCTGCC,N250F D386M,nan,nan,0,0
GTTAAATATTACATTA,K125aF F245S H295S,0.0000,0.0000,0,5
GTTAAATCTTTCAGAG,L430C,0.0000,0.0000,0,1
GTTAAATGAGTATTAG,Q359H L437P,0.0000,0.0000,0,5
GTTAAATTAGCAGATT,T163N,0.1422,0.1422,2442,2402
GTTAACAAACACCGTC,Y488Q,0.1180,0.1180,677,802
GTTAACACTCTCTCCT,R229N,0.0000,0.0000,0,1
GTTAACAGTGGACATC,P299R,0.1108,0.1108,2390,3016
GTTAACCAAATATGCT,K120R,0.1516,0.1516,1397,1289
GTTAACCTGAACAACC,T279V,0.1203,0.1203,179,208
GTTAACGTGAAACAAA,,0.1043,0.1043,179,240
GTTAACTCTAAGGTAC,,0.2184,0.2184,545,349
GTTAACTGGGGATGAT,V8P,nan,nan,0,0
GTTAACTTGTTCAGGC,S290W,0.0000,0.0000,0,1
GTTAAGAACTGATGTG,S6V R321A T370A,0.8740,0.8740,25,4
GTTAAGACAGGATTAA,E119Y,1.0000,inf,1,0
GTTAAGACATTTCAGG,D487A,0.1441,0.1441,1517,1472
GTTAAGCATAAGAATA,A91V F233K,0.0457,0.0457,239,731
GTTAAGCATGATGAAA,V309R,1.0000,1.3185,66,7
GTTAAGCCGTCTACCT,Q359E,0.1099,0.1099,2110,2684
GTTAAGCTCGAACTTG,N186K I385S D474Y,0.0000,0.0000,0,4
GTTAAGCTCTTGCCCG,A188Y,0.1440,0.1440,1290,1253
GTTAAGTAAAAGACTC,N210L,0.0000,0.0000,0,6
GTTAAGTAAGTTAAGT,R435I,0.3409,0.3409,39,16
GTTAAGTCACCAATCA,L320N,0.1766,0.1766,168,133
GTTAATACCATAGTTT,N210A,0.1398,0.1398,30,30
GTTAATAGATCGTAGT,I42A F233D,0.0000,0.0000,0,14
GTTAATATAACTTGCA,,nan,nan,0,0
GTTAATCAAAGTCACA,I121T,0.1952,0.1952,536,384
GTTAATCCAATAACTT,C277T,nan,nan,0,0
GTTAATCCTAAATAGG,K506Y,0.1033,0.1033,1531,2073
GTTAATGCCTAATGCT,G68C,0.0000,0.0000,0,5
GTTACAAACCCGCACA,T35P V420I,nan,nan,0,0
GTTACAAACGCTCATT,Q513W,0.0000,0.0000,0,5
GTTACAAATAAAAAGC,N94H,0.1834,0.1834,1930,1472
GTTACAACAAAAAAAA,Y161M,0.0000,0.0000,0,1
GTTACAACGTCGATAT,V152Y E508Y,0.0748,0.0748,192,359
GTTACAATTGATCCAA,I297H,0.0000,0.0000,0,8
GTTACACAGAAACTGC,,0.1935,0.1935,1468,1061
GTTACACATTTGAGGC,N158P,0.2471,0.2471,159,90
GTTACACCGTACAACA,Y105M,0.0864,0.0864,861,1394
GTTACAGAGTAATTCG,S509R,0.0586,0.0586,31,74
GTTACAGATCAATCAT,L108D R229A,0.0000,0.0000,0,9
GTTACAGCACAGCATT,H295G,0.0000,0.0000,0,1
GTTACAGGTCAACCCA,I252A D449H,0.2311,0.2311,200,121
GTTACAGTCCGAACGT,I335T,0.0000,0.0000,0,23
GTTACATAACTGGCAA,H38R G68I D375H,0.0000,0.0000,0,2
GTTACATACCTGGACT,N357V,nan,nan,0,0
GTTACATCATGGACAA,K125aL,0.1704,0.1704,585,480
GTTACCAACACCTAGT,N116A,0.0000,0.0000,0,9
GTTACCACAACCCAGA,A364C,0.0720,0.0720,137,266
GTTACCAGGCCCAATG,I182A,0.0000,0.0000,0,6
GTTACCCATAATAGAG,E476C,0.0676,0.0676,259,536
GTTACCCCTGAAAAGA,D63Q,0.1145,0.1145,433,529
GTTACCGACACAGCAG,S221M,0.0000,0.0000,0,1
GTTACCTAACCTGATG,T485R,0.1754,0.1754,1799,1434
GTTACCTCTCTATGCC,,0.1373,0.1373,3137,3196
GTTACCTTTAAAAGTG,Q222W,0.0393,0.0393,202,719
GTTACGAGAACGAGAC,L122F,0.0869,0.0869,1508,2426
GTTACGATAACGACAT,L213Q,0.0526,0.0526,32,85
GTTACGCATTTGCTTT,I13D,0.0000,0.0000,0,17
GTTACGCCTTGAAATA,N169I S369R F469H,0.3211,0.3211,62,27
GTTACGCTGTTGATGA,H184I,nan,nan,0,0
GTTACGGAATTTCTTC,V34H Q191M,1.0000,2.1676,31,2
GTTACGTATACGCCAA,S22T,0.1143,0.1143,148,181
GTTACGTTACGCAAAG,I384V,0.6593,0.6593,33,7
GTTACGTTTAAGATCA,S523W,nan,nan,0,0
GTTACTAATCGACATT,S270T,0.1125,0.1125,671,834
GTTACTAATGGGTAAC,S519I,0.6293,0.6293,54,12
GTTACTATAGGACTCC,A334G E358I,0.0499,0.0499,10,28
GTTACTCCAGATAATG,,0.0997,0.0997,82,115
GTTACTGAAAACTCAA,Y195M D241Y,0.0000,0.0000,0,12
GTTACTGCCGGACTGA,Y518M,0.0000,0.0000,0,6
GTTACTGGACTGCACA,G303Q,0.0000,0.0000,0,3
GTTACTGGGATACATC,,0.1045,0.1045,192,257
GTTAGAAAAGCAATAC,D77T,0.1233,0.1233,298,338
GTTAGAAATAGGCGTG,S85D,0.0000,0.0000,0,15
GTTAGAAGCGGACAGT,M292L V451C,0.1498,0.1498,2325,2171
GTTAGACGATGGAGTA,P215K L428M,0.0000,0.0000,0,3
GTTAGAGAACAACAGC,,0.1936,0.1936,54,39
GTTAGAGCTAGTTAAA,,0.1612,0.1612,1418,1230
GTTAGATCAAAGAACC,F469H,0.0000,0.0000,0,8
GTTAGATTCGTGACGA,P306S F469Y,0.0000,0.0000,0,8
GTTAGATTCTGTATTG,Y274E L300Q N443H,0.0000,0.0000,0,2
GTTAGCGCCGAAACCA,D231R,0.0339,0.0339,81,334
GTTAGCGTCAGAGATG,L320C,0.0000,0.0000,0,126
GTTAGGCAGTACGTTC,A188Q,0.0798,0.0798,3118,5465
GTTAGGTTCGCACCGA,E107L,0.0280,0.0280,1,5
GTTAGTAATGCCTACG,C473D,0.1907,0.1907,30,22
GTTAGTAGAATGTACA,Q545T,0.0924,0.0924,294,445
GTTAGTCAAGCAGGAA,,0.0966,0.0966,1305,1889
GTTATAAACGAACATC,E494F,0.1053,0.1053,113,150
GTTATAACATAAAATG,V285C,0.0819,0.0819,65,111
GTTATAAGAAACGATC,Q545N,0.2559,0.2559,377,206
GTTATACCAGAATTTC,H471T,0.0000,0.0000,0,10
GTTATACGGTAGAGAC,I-3N T192N,0.0779,0.0779,395,709
GTTATACTCAACATCA,T46V D175V V377A,0.3776,0.3776,81,30
GTTATACTGCATGGAC,H355A,0.0892,0.0892,463,726
GTTATACTTCTAAAAT,A91V F332G S523C,1.0000,2.2655,81,5
GTTATAGCTTCCAGGG,S113T K460S,nan,nan,0,0
GTTATAGTTGCACTAA,G143S P284G,0.4102,0.4102,44,15
GTTATATAACTTTAGT,Y86C D264Y,0.0000,0.0000,0,7
GTTATATAGACTCAAT,Q391I,0.6357,0.6357,100,22
GTTATATAGTACTTTT,V152E H244M,0.4506,0.4506,29,9
GTTATATATAAACTTC,,0.0374,0.0374,19,71
GTTATCAAAGCTATAG,N458Y,0.0000,0.0000,0,14
GTTATCGAGTTTATTT,V261M,0.2819,0.2819,125,62
GTTATCTAGCGTATCA,I202E,0.0000,0.0000,0,6
GTTATCTCAAGATATC,A532T,0.1427,0.1427,2017,1977
GTTATGAACTTAAAAC,A39R Q344D,0.2155,0.2155,299,194
GTTATGAATCCTATCA,L427F,0.0000,0.0000,0,37
GTTATGACTATCAAAG,K62L,0.1289,0.1289,366,397
GTTATGCTGGACGAAC,N103D,0.2246,0.2246,1137,708
GTTATGTAGCATAGTT,R321V S369G F469N,0.0000,0.0000,0,7
GTTATGTCTGCTGCAC,M531Y,0.0000,0.0000,0,49
GTTATGTGCCTAAGTA,E246P,0.0000,0.0000,0,15
GTTATGTTGCAACTGG,C14M K156W,0.0000,0.0000,0,14
GTTATTAAACTGTAGT,Y512G,0.0730,0.0730,82,157
GTTATTAAAGGTGACC,D11P S126M,0.0000,0.0000,0,3
GTTATTAATACACCAT,R90N,0.1875,0.1875,295,220
GTTATTATAACCTAAC,Q40R,0.1366,0.1366,170,174
GTTATTCAGTTTTGGC,D175K,0.1520,0.1520,450,414
GTTATTCTGTTAAGAC,,0.2029,0.2029,1422,980
GTTATTGAAACAATTA,H184L,nan,nan,0,0
GTTATTGTGGATGGCA,C14F,0.0000,0.0000,0,2
GTTATTTCGCGTAGAA,A336W,0.3724,0.3724,253,95
GTTCAAAACAGCAATC,D231F I550C,0.6593,0.6593,33,7
GTTCAAAACCATAAAA,M268R S270P,nan,nan,0,0
GTTCAAAGAGCCCGTT,E174L,0.0912,0.0912,165,253
GTTCAACATACAATAA,L133aE I155F,0.2851,0.2851,210,103
GTTCAACATCAAAAAA,H355S,0.2230,0.2230,8878,5567
GTTCAACCTAACCATA,M531F,0.1381,0.1381,641,649
GTTCAACTACCCGAGA,L51F T390M,0.1635,0.1635,608,520
GTTCAACTGTCAAGTC,G360W,0.0000,0.0000,0,14
GTTCAAGGGAGAATTT,A218L,0.2100,0.2100,443,295
GTTCAATAAAAGTAAC,G134T,0.0024,0.0024,20,1151
GTTCAATAAAGTAACC,V204Y,0.1450,0.1450,84,81
GTTCAATAACAATCGT,,0.0725,0.0725,194,374
GTTCAATAATTGCCAT,L7W A39T V505L,0.2562,0.2562,1550,846
GTTCAATAGAAAAACA,,nan,nan,0,0
GTTCAATAGAACTGAG,V261N,0.0738,0.0738,105,199
GTTCAATCCAATGATA,S167P R321Q F469K,0.0000,0.0000,0,1
GTTCACAACATTGCAA,H184C L437A,0.5283,0.5283,34,9
GTTCACGAACATCTCG,N94P,0.0000,0.0000,0,5
GTTCACGCACGAAATC,,0.1321,0.1321,1453,1538
GTTCAGAACGAACATA,K498N,0.1631,0.1631,2022,1734
GTTCAGATTGGCTAAT,Q12Y,0.1043,0.1043,1119,1500
GTTCAGCTCGCGACAA,H130N K367E,0.1263,0.1263,28,31
GTTCAGGCTCGCAACA,N224S,0.1308,0.1308,29,31
GTTCAGTACGATAAAC,K313Y,0.1229,0.1229,145,165
GTTCAGTGTGGAAGCT,Y351D,0.0000,0.0000,0,9
GTTCATACAGACCTGT,A253V F338Q,1.0000,inf,8,0
GTTCATAGCTTCTCGC,P128D,0.2706,0.2706,178,92
GTTCATATTACATATA,E107Y,1.0000,7.6215,109,2
GTTCATCCCACAGGTG,T485L,0.2775,0.2775,377,190
GTTCATCCGTATTACA,V135T,0.1686,0.1686,569,472
GTTCATCGTAAAAGAT,E83P,0.1627,0.1627,64,55
GTTCATCTTAACAAGT,,0.2319,0.2319,1209,729
GTTCATGAGTACGATA,S6K,0.1023,0.1023,2988,4084
GTTCATGGCCGTTCTA,I42G Q282R,0.1780,0.1780,42,33
GTTCATGGGTCCTTAT,S22F,0.1070,0.1070,215,281
GTTCATTACTTAAGAA,I121D F469P,1.0000,5.0344,36,1
GTTCATTGCCTTTGGG,E106Y,0.3126,0.3126,76,34
GTTCCAAATGCATAGT,Q344W,0.1793,0.1793,14123,11017
GTTCCAAGCGACACAA,S167R,0.1823,0.1823,3309,2539
GTTCCAAGGATCGACA,A317K K472R,0.0000,0.0000,0,4
GTTCCAAGTGGCCTAT,S203W T370C F469Q,0.3433,0.3433,54,22
GTTCCAATACCGCTAC,D27H G342I,nan,nan,0,0
GTTCCACTTTTCACGG,N33K G376F,0.3279,0.3279,1163,496
GTTCCAGCCCATGTTA,C466D L515F,0.0000,0.0000,0,4
GTTCCAGGCCCGAAAA,T37A S524W,0.0000,0.0000,0,7
GTTCCAGTATGCGCCC,I550F,0.0559,0.0559,18,45
GTTCCATAGCATACAA,T208V G275S S523I,0.0000,0.0000,0,5
GTTCCATAGTGCGTGC,Q359I F417H,0.0000,0.0000,0,32
GTTCCATTCGAATGTG,E432K,0.0000,0.0000,0,19
GTTCCCAACCGCCACA,,0.1813,0.1813,3238,2498
GTTCCCACTAATACTA,N197R,0.1165,0.1165,35,42
GTTCCCAGATGAGAAC,N475K R482L,0.0000,0.0000,0,9
GTTCCCAGGATGGCAA,,0.1438,0.1438,1799,1750
GTTCCCCGAAGCATGA,M531S,0.1099,0.1099,737,938
GTTCCCGCGCACTATA,,0.1510,0.1510,434,402
GTTCCCGGGACTTATG,V505A,0.0386,0.0386,48,174
GTTCCCTAAATTTATC,N21T C546Y,nan,nan,0,0
GTTCCCTTATCATTTC,T485H,0.1843,0.1843,1240,941
GTTCCGAATTCAAATG,S10W P92aD,0.0000,0.0000,0,7
GTTCCGACGCAGGCAA,L133aR G504Q,0.4071,0.4071,1281,440
GTTCCGTAACAAAAAA,M413I,0.1637,0.1637,1057,903
GTTCCTACCATAATAA,N73P,nan,nan,0,0
GTTCCTACTTCACCGA,,0.0000,0.0000,0,6
GTTCCTATACAAAGTA,K372T,0.1583,0.1583,2654,2344
GTTCCTCTTAATTTGC,,0.0000,0.0000,0,3
GTTCCTCTTTACTCAA,S126N S136L L453I,0.0000,0.0000,0,18
GTTCCTTTACCTGTAA,S85L G376I,nan,nan,0,0
GTTCGACAACACGATG,K32V,0.2924,0.2924,69,33
GTTCGACAATTAACTT,R114D D474A,0.0000,0.0000,0,2
GTTCGACATCGACTCT,S203V,0.0000,0.0000,0,6
GTTCGACCACTTGCCA,,0.1011,0.1011,376,520
GTTCGACCAGGAAACC,G484L,0.0000,0.0000,0,26
GTTCGACTGCTAATAC,R456T,0.1170,0.1170,744,889
GTTCGAGAGTGGGCCT,E106K K156G,1.0000,1.9578,56,4
GTTCGATAGGAGTTAC,K262G,0.5520,0.5520,75,19
GTTCGATCGTATCAAT,I115Q Y488H,1.0000,1.1747,168,20
GTTCGCGAGGCCCGTT,N116R,0.0626,0.0626,77,172
GTTCGCGCATGAGAAT,A67V G271N,0.5186,0.5186,89,24
GTTCGCGCCGTCTATT,S146V,0.0585,0.0585,110,263
GTTCGGAATTAAACAA,,0.0798,0.0798,282,494
GTTCGGAGATCCATAA,M388Y,nan,nan,0,0
GTTCGGATTAGCAGCC,V285C,0.1518,0.1518,699,644
GTTCGGCGCGAATCAC,I529W,0.0337,0.0337,124,515
GTTCGTACCAGTCTAC,,0.1318,0.1318,949,1007
GTTCGTGGACAGCCAA,Q25R,0.2361,0.2361,14449,8560
GTTCGTGGCCTACCAA,E24N,0.1795,0.1795,12985,10115
GTTCGTTTGTTTAATT,P99F L447M,0.0000,0.0000,0,8
GTTCTAAAACAGCAGT,Q545W,1.0000,inf,79,0
GTTCTAAACGTGTAAA,,0.1324,0.1324,447,472
GTTCTAAATAGTAGAA,I123N,nan,nan,0,0
GTTCTAAATTCATACC,L112D L527H,0.0000,0.0000,0,4
GTTCTAACATAAAACA,F79V,nan,nan,0,0
GTTCTAAGCTGAACTA,G55P,0.0000,0.0000,0,11
GTTCTAAGGTAGACCA,K9F,0.0964,0.0964,211,306
GTTCTAATTAATAAGA,R405S,0.3899,0.3899,237,85
GTTCTAATTTAAGGTA,G376Q,0.1251,0.1251,560,626
GTTCTACATGCAAGAC,G376N S480G,0.0000,0.0000,0,2
GTTCTAGATTCCCTTC,A91F,0.2643,0.2643,395,209
GTTCTAGCTTGTAAAT,I548H,0.0000,0.0000,0,1
GTTCTATTAACATAGA,N169Q F469V,0.0000,0.0000,0,7
GTTCTCAATACTAAAG,I267W Y518M,0.0000,0.0000,0,4
GTTCTCAGTGTGGGTG,S22F,0.0000,0.0000,0,29
GTTCTCCACATCTAAA,V444G,0.2797,0.2797,20,10
GTTCTCCCAACTATCA,,0.1420,0.1420,325,320
GTTCTCCTTACGCAAT,S383Q,0.1655,0.1655,1437,1214
GTTCTCTCACGTGATA,G360K,0.0000,0.0000,0,2
GTTCTGAGAATCAAAA,S167Q G352A,1.0000,1.4509,83,8
GTTCTGCTGATATACA,,0.1100,0.1100,325,413
GTTCTTCACGACCGCC,A365D A373Q,0.0000,0.0000,0,3
GTTCTTGTATACTCAA,,0.2042,0.2042,571,391
GTTCTTTAGAATACCA,L96R,0.1520,0.1520,750,690
GTTCTTTTGGCTGAGA,R326W K372R,0.1378,0.1378,272,276
GTTGAAATATCCATGC,V377G,0.0000,0.0000,0,2
GTTGAAATCCGCTGTC,V315N,0.1373,0.1373,330,336
GTTGAACTCACAGAAG,N322G T370S,0.0000,0.0000,0,58
GTTGAATTACAATAAG,,0.1359,0.1359,381,392
GTTGACCAAAAGCTGT,S524E,0.5827,0.5827,125,30
GTTGACCACGCTACGG,L428E,nan,nan,0,0
GTTGACGCTACATCCA,G463N,0.0000,0.0000,0,7
GTTGACTAATTACCAA,V261Y,0.2190,0.2190,83,53
GTTGAGACATAAACAC,W234* V395N,0.0000,0.0000,0,1
GTTGAGCTTCCCTCAA,L194E,0.0000,0.0000,0,16
GTTGAGTCGCGTACCT,L418D,0.1221,0.1221,475,544
GTTGAGTTACATATCA,N129K S185N,0.0759,0.0759,38,70
GTTGATAGGCGATGCC,,0.1057,0.1057,31,41
GTTGATCATGACACAG,V-2P A394Y,0.2934,0.2934,128,61
GTTGATCGACCCAAGA,E393P,nan,nan,0,0
GTTGATGAAAACGCCA,P299N,0.0706,0.0706,51,101
GTTGCAAAACAAAAAT,Q282A,0.3134,0.3134,65,29
GTTGCAAAAGGGACCA,G345Q,0.0000,0.0000,0,11
GTTGCAAAGAAACAGT,N186Y,0.4771,0.4771,58,17
GTTGCAAAGACGACCT,N103W,0.1226,0.1226,1257,1434
GTTGCAAATTGCACAA,D474F C477F,0.4795,0.4795,24,7
GTTGCACTTTTAATAC,E426H,0.0784,0.0784,130,232
GTTGCAGCCCACGCAC,M413H,nan,nan,0,0
GTTGCATACCGTTATA,A67V Q226S,nan,nan,0,0
GTTGCATTGCTTAATA,E403W E468G,1.0000,1.1654,25,3
GTTGCATTTTGGTTCA,G228C G286Y,0.0000,0.0000,0,1
GTTGCCAAGTCATTGG,E131H,0.4315,0.4315,12962,4201
GTTGCCCAAAGTAGAA,,0.1006,0.1006,1947,2707
GTTGCCCTAAACAAAA,K328R,0.1122,0.1122,2109,2628
GTTGCCCTGTAAATTC,H244I,0.1040,0.1040,1761,2368
GTTGCCGACGGTTGAC,D375R,0.1507,0.1507,1219,1131
GTTGCGAAAAGCGAAC,A218M,0.1267,0.1267,609,672
GTTGCGATGACAGTGA,P215W,0.0000,0.0000,0,3
GTTGCGCGAACAACAT,D438W,0.0217,0.0217,36,232
GTTGCGGATCATATGA,,0.2078,0.2078,324,218
GTTGCGTATAAATCCA,Y168D,0.0000,0.0000,0,1
GTTGCTAATTTGCTCA,L102Y,0.0749,0.0749,135,252
GTTGCTCACCACATAA,H184Q E508M,0.1330,0.1330,117,123
GTTGCTTATATGTAGT,,0.1936,0.1936,306,221
GTTGGAAAATCAGGGG,D159R,0.1398,0.1398,47,47
GTTGGAGGCTAAGAAA,,0.1719,0.1719,4119,3351
GTTGGATTAAAGTTCT,I182L H183M,nan,nan,0,0
GTTGGATTTCCACTGC,G55W,0.0000,0.0000,0,50
GTTGGCTCCTGCTAAT,C305R,0.5856,0.5856,134,32
GTTGGCTCTTTAGAAG,V82N,0.1385,0.1385,3228,3259
GTTGGGAACGCCGAAA,V204D,0.0000,0.0000,0,7
GTTGGGACAACCTTTT,S125bW,0.2578,0.2578,529,287
GTTGGGCCCAAATAAT,M413K,0.8950,0.8950,32,5
GTTGGGCCTTGGGGAA,K412V,0.0227,0.0227,27,166
GTTGGGGAATACAAAA,R482D,0.1093,0.1093,2011,2574
GTTGGTACCCATAAAT,Y256L,0.1741,0.1741,381,306
GTTGTAAAGACGTCTA,S442T,0.1745,0.1745,705,565
GTTGTAAATTGAAGGA,P489N,0.1349,0.1349,1514,1569
GTTGTAACAGGACGTT,E83Y,0.0569,0.0569,24,59
GTTGTAATACTTACCA,V204F,0.0479,0.0479,50,146
GTTGTAATCCACTGGG,H47Y S136R P489G,0.0000,0.0000,0,26
GTTGTACAATCACATG,A336Y,0.0683,0.0683,125,256
GTTGTACGAACAAATG,G463L,0.0990,0.0990,199,281
GTTGTATATACTGTGA,E89Q,0.0951,0.0951,102,150
GTTGTATCATCATGCA,Q359P,nan,nan,0,0
GTTGTATGGTACTCAC,,0.1127,0.1127,266,330
GTTGTCAATCTTACCT,H183E,0.1017,0.1017,32,44
GTTGTCACCTAGGGTA,D77Q G319K,0.0000,0.0000,0,5
GTTGTCCATACAGCAA,P74I,0.0000,0.0000,0,2
GTTGTCGATGAATGAA,I384W,nan,nan,0,0
GTTGTCGTAGCGAATG,,0.0144,0.0144,16,155
GTTGTCTGTCGCATAT,C277E,nan,nan,0,0
GTTGTGACACCTAATC,N408C,0.1683,0.1683,3586,2980
GTTGTGGTACGATATC,I124T,0.1090,0.1090,932,1196
GTTGTGGTTTCTCTTG,P58D,0.0000,0.0000,0,5
GTTGTGTAAGTACTCT,D53C,0.1029,0.1029,1330,1808
GTTGTTAAAACACAAG,,0.0911,0.0911,159,244
GTTGTTGACTGCTACT,,0.1646,0.1646,9591,8146
GTTGTTGCCTTAACCC,,0.1667,0.1667,895,751
GTTGTTTACTAAGTTA,R229F,0.3687,0.3687,116,44
GTTGTTTTGTGTGGGC,Y105D K380E,0.0000,0.0000,0,2
GTTTAAAAAATATCGG,N210I,0.4382,0.4382,47,15
GTTTAAAAATGTCCAG,R229F,0.7458,0.7458,32,6
GTTTAAAACATGATCG,,0.1529,0.1529,5768,5274
GTTTAAAACGTAAGAC,K32R I406T,0.8645,0.8645,68,11
GTTTAAAAGTGAAGAC,I302A I374S,nan,nan,0,0
GTTTAAAATACCATGT,D457T,0.1093,0.1093,1251,1601
GTTTAAACCTACTATC,R405H H471A,0.0000,0.0000,0,6
GTTTAAACTAACTATC,T192S,0.1450,0.1450,648,625
GTTTAAAGACTATTTT,S524Y,0.0000,0.0000,0,6
GTTTAAATCAATGCGT,V5K E493A,0.0000,0.0000,0,77
GTTTAAATTTGAGTCA,E508F,0.1484,0.1484,2433,2292
GTTTAACCAAAGATTA,N169D N322K F469P,0.1721,0.1721,16,13
GTTTAACCAAAGCAAC,P324E,0.2893,0.2893,60,29
GTTTAACCACTCGATA,,0.1991,0.1991,2833,1990
GTTTAAGAAACACTAA,V309C,0.4661,0.4661,120,36
GTTTAAGAGCCAGGCC,,0.2031,0.2031,607,418
GTTTAAGATGCTACCC,N278Y R326H M538D,0.0437,0.0437,20,64
GTTTAATAATTTATCA,I121F,0.1428,0.1428,774,758
GTTTAATCATTGTAGC,E494G,0.1834,0.1834,375,286
GTTTAATGAAACGATA,V34*,0.0000,0.0000,0,38
GTTTACAACAAATACC,S101P G463I,1.0000,1.2061,69,8
GTTTACATTCTCAACC,S65C,0.0000,0.0000,0,3
GTTTACCACAAACTCA,H18T,0.1496,0.1496,322,301
GTTTACCATTAAAAGA,N169P R321L T370V F469A,0.0000,0.0000,0,11
GTTTACCCATAGACCC,L122R,0.1989,0.1989,2758,1939
GTTTACCCCCAATACC,G143F,0.1751,0.1751,1833,1464
GTTTACCCCCGGCGTG,A373E,1.0000,inf,31,0
GTTTACTTCCGTACTC,,0.0000,0.0000,0,2
GTTTAGAACTAAGCGG,,0.1204,0.1204,1157,1344
GTTTAGAGCGAACATA,M478G,nan,nan,0,0
GTTTAGCGTTATATCA,N116Y P140L M388L,0.0000,0.0000,0,37
GTTTAGGGTATAAAAA,P92aE G100C,0.0000,0.0000,0,24
GTTTAGTACCATCAGA,S265Y R547A,1.0000,2.1816,78,5
GTTTAGTAGGGTATTT,M30D A93L W153F,1.0000,inf,7,0
GTTTAGTGTCGTACCA,W127H,0.1730,0.1730,825,667
GTTTATACAAGCCAGA,Q344P,0.1524,0.1524,1776,1630
GTTTATACCGCGTTGC,N410V,0.6723,0.6723,250,52
GTTTATCCACAATTTA,L409Q,0.0000,0.0000,0,4
GTTTATGAGACCGTCT,N193V S356I,0.0680,0.0680,348,716
GTTTATTAGAGATGAT,I123E,0.5194,0.5194,26,7
GTTTATTGAAGTCGAT,,0.0974,0.0974,1158,1663
GTTTCAAACAACGGAC,T219E Q282W,0.3729,0.3729,48,18
GTTTCAAAGACAAAAT,T192H T422I,nan,nan,0,0
GTTTCAATGTAACACA,,0.4313,0.4313,438,142
GTTTCAATTGAAACTC,K9V L428E,0.0000,0.0000,0,8
GTTTCACCAATTATTC,N187G,0.0641,0.0641,248,541
GTTTCACCTCACTATA,H276D,0.2160,0.2160,244,158
GTTTCACTAACCCTAA,A257V,0.0743,0.0743,1001,1885
GTTTCACTTACGCGAT,L447T,0.0000,0.0000,0,7
GTTTCAGAAATACATA,G100N V272M L437P,nan,nan,0,0
GTTTCAGTAAAGAAAG,R456G,0.1510,0.1510,1056,978
GTTTCAGTCCCAACTC,R397S,0.0946,0.0946,402,594
GTTTCATACGTAGCCC,P74M,0.0000,0.0000,0,170
GTTTCATTGTCCGCAT,M478F,0.1983,0.1983,224,158
GTTTCCAAAATGAACT,,0.1285,0.1285,896,975
GTTTCCCCCTTAGTAG,,0.0000,0.0000,0,22
GTTTCCCGGACAAAGA,V82D,0.2057,0.2057,2012,1368
GTTTCCTCTGCCAAAT,N21C,0.0000,0.0000,0,5
GTTTCCTTTCTCGACA,V56Y,0.0682,0.0682,546,1119
GTTTCGATCCTTATTT,E24M,0.0864,0.0864,270,437
GTTTCGGAAATAAGAG,N424K,0.0000,0.0000,0,31
GTTTCGTCGCTTAGAA,A39R,0.0000,0.0000,0,53
GTTTCTAAGCCCAATT,F332A,0.0000,0.0000,0,22
GTTTCTATTAGACGAA,H184D,0.0503,0.0503,32,89
GTTTCTCAAACCTCGT,K445W,0.3776,0.3776,108,40
GTTTCTTACCTCAGGC,I252A P293I M413I S492L,1.0000,1.1187,48,6
GTTTCTTAGAAAGTAT,V315D,nan,nan,0,0
GTTTCTTCCAATAATC,W69I,0.2799,0.2799,1637,818
GTTTCTTGAGAATCCT,P324W,0.1046,0.1046,1425,1906
GTTTGAAAGTATACAT,N382F,0.2897,0.2897,174,84
GTTTGAACAATTACTG,P58H K157R,0.0000,0.0000,0,11
GTTTGACACCTTGAAA,R452T,0.0000,0.0000,0,14
GTTTGACATCATGGTA,,0.1176,0.1176,808,961
GTTTGAGATCTCTAAA,C76N R173T,0.0000,0.0000,0,3
GTTTGAGGAATTTGCT,S167Q N322C,0.0812,0.0812,201,346
GTTTGAGGTACACGAA,L497K,0.1307,0.1307,398,426
GTTTGATAGCAACATC,I550A,0.3332,0.3332,305,128
GTTTGCCCTAAGAATA,,0.0858,0.0858,213,347
GTTTGCTCTATTTTAC,F469S,nan,nan,0,0
GTTTGGACAGATATTA,T199N,0.1892,0.1892,2115,1563
GTTTGGACATAGTAAG,N169Y R321A T370V,nan,nan,0,0
GTTTGTAAGGTAAAGA,M346S,1.0000,inf,21,0
GTTTGTACAAGAATTA,,0.1154,0.1154,662,802
GTTTGTCATCGCTGGA,L325Q,0.1236,0.1236,572,647
GTTTGTCGTATGAACT,,0.2431,0.2431,5219,3002
GTTTGTCTTCGCTATC,G286V,nan,nan,0,0
GTTTGTGACACCATAT,,0.1459,0.1459,579,555
GTTTGTTCAAAATTGC,,0.1749,0.1749,3371,2695
GTTTGTTCGGAAAAAA,E246D,0.1219,0.1219,1505,1726
GTTTGTTGGGTACATT,P306I,0.0000,0.0000,0,10
GTTTGTTTGTACTCCA,A91E,0.1707,0.1707,1863,1526
GTTTTAAAACGGCAAG,,0.1758,0.1758,347,276
GTTTTAAAAGAGCCCT,I514R,0.0000,0.0000,0,8
GTTTTAAAATGGAAAA,,nan,nan,0,0
GTTTTAATGTCATGGA,P128S K259S A425T,0.0956,0.0956,561,821
GTTTTAATTATCAGGT,F392Q,1.0000,1.4917,32,3
GTTTTACGACACAATA,,0.1858,0.1858,194,146
GTTTTACGCCTTCTAA,T46G,0.0851,0.0851,1214,1996
GTTTTAGCCGCGTCAC,D77H,0.1534,0.1534,1065,971
GTTTTATATTGATAGA,,0.1454,0.1454,3484,3350
GTTTTCCAGCGTATGG,,0.1682,0.1682,2007,1669
GTTTTCCGACCACACT,T37W,0.0000,0.0000,0,6
GTTTTCGAAAACGCAG,A138T S203Q T378A,0.0209,0.0209,10,67
GTTTTCTAACTCCAGT,V82D E434N,0.0000,0.0000,0,3
GTTTTCTTAGGATTAG,S185W,0.0000,0.0000,0,5
GTTTTGAAAGCTTACA,E31Y,0.0820,0.0820,415,708
GTTTTGACCGGACTAC,N389C Q454D,0.0861,0.0861,72,117
GTTTTGACCTAAGTAC,N169S T370Q C546F,nan,nan,0,0
GTTTTGATGCCCGGTA,G16S K62R P125S,0.0000,0.0000,0,7
GTTTTGTATCTATTTC,F469Q,0.0000,0.0000,0,1
GTTTTGTCTAACAAGA,L2R L179T,nan,nan,0,0
GTTTTTAAGCCCCGTC,L300I,0.1241,0.1241,443,499
GTTTTTAATCACTTAA,R173H,0.1486,0.1486,1238,1165
GTTTTTAGAGACTCCC,I550V,0.0754,0.0754,137,254
GTTTTTAGTTGACGCT,F338L,0.1008,0.1008,698,968
GTTTTTCGAACGATTG,N278W,0.1515,0.1515,4103,3787
TAAAAAAAATTATAAA,,0.1652,0.1652,137,116
TAAAAAAACTACAAAT,V82D,0.3030,0.3030,8438,3895
TAAAAAAACTCAACAC,T23I,0.3244,0.3244,167,72
TAAAAAAACTTAAGTC,D95R,0.2396,0.2396,4263,2488
TAAAAAAATAGAGAAA,A188W,0.0000,0.0000,0,32
TAAAAAAATCTTTGAA,R397F F469A,0.0000,0.0000,0,3
TAAAAAAATTGCAAAA,,0.7831,0.7831,28,5
TAAAAAACGCGTTAAG,,0.1655,0.1655,2202,1861
TAAAAAACGGTCGAGA,Q545M,0.3236,0.3236,243,105
TAAAAAACTTATCTAA,H184A,0.1190,0.1190,57,67
TAAAAAAGAGGAAACC,S133P I550T,0.3252,0.3252,765,329
TAAAAAAGGACTAACT,L544M,0.1880,0.1880,2891,2151
TAAAAAAGGCTAAATC,S167D N193K R321G F469V,0.0755,0.0755,620,1148
TAAAAAAGTTTAAGGT,C14D M431Y,0.0000,0.0000,0,5
TAAAAAATACAAGAAA,,0.1192,0.1192,1067,1252
TAAAAAATAGCATATA,,0.1708,0.1708,788,645
TAAAAAATAGTTTTTA,,0.0492,0.0492,197,560
TAAAAAATTGCTAATC,L544Q,0.4615,0.4615,396,120
TAAAAAATTGTTAGTA,K472H C477F,nan,nan,0,0
TAAAAACATATCTAAG,I297A,0.0628,0.0628,75,167
TAAAAACCCAGATTAA,L54C L209G,nan,nan,0,0
TAAAAACCCCCTTGAA,S167L,0.0692,0.0692,294,594
TAAAAACCGAATCCAT,L176V V505M,0.1561,0.1561,8970,8035
TAAAAACCTCTTAAAA,,0.0971,0.0971,740,1066
TAAAAACCTGAAATAA,E426A,nan,nan,0,0
TAAAAACGTAATGTTC,,0.2190,0.2190,2243,1432
TAAAAACTAACACTGC,P299E,0.1507,0.1507,1735,1610
TAAAAACTACACCAGC,E414V,0.0995,0.0995,1037,1458
TAAAAACTATTCACAT,T301L L497Q,0.1267,0.1267,1214,1340
TAAAAAGAAAATACGG,N-4S,0.1596,0.1596,1081,947
TAAAAAGAACACAGCT,N92G S167F R321L K367P,0.0000,0.0000,0,4
TAAAAAGAATGTCGAA,,0.0972,0.0972,979,1408
TAAAAAGATCCTGATA,M538W,0.4849,0.4849,215,62
TAAAAAGGACAAGGAA,T132M,0.1256,0.1256,896,998
TAAAAAGGGTCTGAAG,,nan,nan,0,0
TAAAAAGGTCACTAGT,I123P,nan,nan,0,0
TAAAAAGTACTTAACT,V377E,0.0839,0.0839,18,30
TAAAAAGTATAGATAC,E340K H354T,0.0000,0.0000,0,13
TAAAAAGTGAAATCGA,E494I,0.1928,0.1928,397,288
TAAAAATAAGAATTCA,W180C G263S L515F,0.0000,0.0000,0,9
TAAAAATACAACATAG,E107Q,0.9964,0.9964,57,8
TAAAAATATCTTAATC,M292T,0.0461,0.0461,613,1859
TAAAAATCAAATCACG,E426Y,0.0000,0.0000,0,1
TAAAAATCATAGTCGG,,0.1836,0.1836,2238,1705
TAAAAATCCATAAATG,T200N,0.0830,0.0830,54,91
TAAAAATGAGATATTA,,0.1836,0.1836,2171,1654
TAAAAATGATTGTAAA,,0.0624,0.0624,66,148
TAAAAATGCAAAGCAG,N475H,0.1181,0.1181,684,810
TAAAAATGCACACTAT,A336R,0.3263,0.3263,35,15
TAAAAATGGATTAGTG,N408T,0.1612,0.1612,5019,4353
TAAAAATTAAAATATT,R220C,0.0000,0.0000,0,22
TAAAAATTCCTGAAGA,L122H K313H,0.1862,0.1862,884,664
TAAAAATTGTTTGGTA,Y17E E403Y,nan,nan,0,0
TAAAACAAAAAACTAA,A364Q,0.3044,0.3044,37,17
TAAAACAAAATTTAAG,T132W S323N,0.3170,0.3170,3849,1698
TAAAACAAACTAAGTT,S125bM,0.1725,0.1725,1638,1328
TAAAACAAATAGGAGC,,0.0000,0.0000,0,19
TAAAACAAATATACCC,A218Q R321V K367M,0.0000,0.0000,0,18
TAAAACAACAACAAGA,N54aK,0.1607,0.1607,2130,1854
TAAAACAACACGCCAA,R496G,0.0956,0.0956,413,604
TAAAACAACTTTAAAC,,nan,nan,0,0
TAAAACAATAGCAGTT,E494N,0.0836,0.0836,515,861
TAAAACAATCACTGTC,,0.6681,0.6681,43,9
TAAAACAATGACACGA,V26G G542D,nan,nan,0,0
TAAAACACATCATTAC,Y470W,0.0854,0.0854,3196,5231
TAAAACACCTAAATAC,,0.1220,0.1220,623,714
TAAAACACGCCGAAAA,,0.1559,0.1559,2028,1819
TAAAACACGTAATGTA,V56R,0.1844,0.1844,919,697
TAAAACACTAGATAAT,N357P,0.0000,0.0000,0,1
TAAAACAGATACGTCC,E414I,0.2261,0.2261,2807,1736
TAAAACAGATGTCGGG,,0.1433,0.1433,1872,1827
TAAAACAGCACTATAA,S492G,0.1412,0.1412,1147,1136
TAAAACAGGTAACCAG,,nan,nan,0,0
TAAAACAGTAAACCTC,P284D,0.0000,0.0000,0,7
TAAAACATGAAAGTTT,V8Q,nan,nan,0,0
TAAAACCAGTTACCAT,E44H,0.2031,0.2031,3520,2424
TAAAACCCTCAACCAA,,0.1073,0.1073,777,1013
TAAAACCGTCAACTGA,,0.0000,0.0000,0,1
TAAAACCGTCTAACTA,N401A,0.1501,0.1501,4330,4033
TAAAACGAAAAAACAT,E494V,0.1748,0.1748,3074,2459
TAAAACGAATGTAACA,,0.1239,0.1239,1690,1908
TAAAACGATGAGTATA,,0.1549,0.1549,688,621
TAAAACGGACCCCTAA,,0.1342,0.1342,405,422
TAAAACGGGTGAAACT,L133aQ,0.1939,0.1939,61,44
TAAAACGTATCCAAGA,I548Q,0.0000,0.0000,0,10
TAAAACGTATTAGTAC,E83C,nan,nan,0,0
TAAAACGTGATAGTGT,T200P,0.1766,0.1766,1874,1484
TAAAACGTTGTTCTAC,S167F T370M F469L,nan,nan,0,0
TAAAACGTTTCAGCCG,V285E,0.1009,0.1009,550,762
TAAAACTCGCTCAGGA,,0.1323,0.1323,753,796
TAAAACTCTACTAAAC,F332G,0.2044,0.2044,19,13
TAAAACTGAACCACTC,,0.1622,0.1622,769,663
TAAAACTGAAGGGTCT,K262G,0.2863,0.2863,129,63
TAAAACTGACCGACCC,I514L,0.1178,0.1178,75,89
TAAAACTGTGAAAACT,F417V,0.0000,0.0000,0,4
TAAAACTTAACCGATG,A526F,0.8009,0.8009,63,11
TAAAAGAAAAAGCAAC,,0.2388,0.2388,1050,615
TAAAAGAAATGCGAAA,E327C,0.1919,0.1919,1497,1091
TAAAAGAACCTAACCC,S207I E255F,0.0827,0.0827,71,120
TAAAAGAACTCATACA,S167F F469D,1.0000,1.1013,63,8
TAAAAGAATACAAGAC,I4N A365Q,0.9789,0.9789,35,5
TAAAAGAATGTTTACA,P198G,0.0653,0.0653,1374,2941
TAAAAGAGGCAGACAT,S167W,0.0947,0.0947,365,539
TAAAAGAGGGTTACAA,E476T,0.0840,0.0840,230,383
TAAAAGAGTTTATCTA,Y201M S516N,0.0351,0.0351,72,287
TAAAAGATAAGAATTG,,0.2174,0.2174,1415,910
TAAAAGATAAGATCTC,T132W,0.2820,0.2820,1202,596
TAAAAGATATAAGTGA,K50F,0.1874,0.1874,2639,1969
TAAAAGATCTTGCCCC,G416L,0.0000,0.0000,0,14
TAAAAGATGAATCTCC,,0.0610,0.0610,24,55
TAAAAGATTCGACCGA,K120E F245I A528T,0.1185,0.1185,189,223
TAAAAGATTGAAGTAC,C52* L59Y Q211T,0.3380,0.3380,29,12
TAAAAGATTTGAGAGG,,0.1830,0.1830,479,366
TAAAAGCACAGACCCG,N-4S N54aS Y86C G134I L515P,0.0000,0.0000,0,16
TAAAAGCACCCAAAAC,V82A,0.1993,0.1993,2791,1958
TAAAAGCACGAACAGA,,0.1261,0.1261,110,122
TAAAAGCATAAGACTT,E403Q,0.0000,0.0000,0,1
TAAAAGCCAGAAAGAA,,0.1354,0.1354,923,953
TAAAAGCCGGGAGGCA,F338R,0.0000,0.0000,0,5
TAAAAGCTCCAGACAT,T35M,0.0345,0.0345,140,568
TAAAAGCTTGCGTCGT,N248D,0.1635,0.1635,1923,1645
TAAAAGGCTTATCACG,R435A,0.1508,0.1508,2266,2101
TAAAAGGGGACCAAAG,H354F,0.1529,0.1529,30244,27659
TAAAAGGTACATACCC,I335E,0.0000,0.0000,0,8
TAAAAGGTACTAAATA,T46W,0.1303,0.1303,2337,2508
TAAAAGGTGCAACAAA,R435S,0.0000,0.0000,0,15
TAAAAGTAACACATGA,V309Q,nan,nan,0,0
TAAAAGTAAGAGCCAC,E189F,0.5762,0.5762,412,100
TAAAAGTACACAAATA,H117I,0.1923,0.1923,616,448
TAAAAGTATAACCCGT,P239C,0.1504,0.1504,427,397
TAAAAGTATATTTGAC,D474P,0.1369,0.1369,2247,2295
TAAAAGTCCTGATTCC,R435V,0.2284,0.2284,49,30
TAAAAGTGAACATGCG,N103H G504N,0.1314,0.1314,606,645
TAAAAGTGACTTCCAT,M292G,0.0812,0.0812,112,193
TAAAAGTGAGAAGAAA,,0.1702,0.1702,1833,1506
TAAAAGTGATATAGTC,M478Q,nan,nan,0,0
TAAAAGTTATTCAAGT,,0.1093,0.1093,229,293
TAAAATAAAAACTTTA,M388K,0.0000,0.0000,0,9
TAAAATAAATCATAAT,D27I,0.2139,0.2139,26,17
TAAAATACCAAATGTG,M30D,0.0000,0.0000,0,3
TAAAATACTACACATT,V135R,0.1506,0.1506,587,545
TAAAATAGAACGGACT,W153R,nan,nan,0,0
TAAAATAGCTTCGAAA,N21Q,0.0609,0.0609,61,140
TAAAATAGTAGAAGAT,,0.1472,0.1472,784,745
TAAAATATAACTTAAC,R220A H295R,nan,nan,0,0
TAAAATATCAGAAACA,D11L E500N,nan,nan,0,0
TAAAATATCCCCTCAT,,0.1086,0.1086,59,76
TAAAATATGGCTATAT,S101T A528S,0.0687,0.0687,54,110
TAAAATATTGTTTGAC,C539E,0.2245,0.2245,61,38
TAAAATATTTACCATG,N250R,0.0000,0.0000,0,2
TAAAATCAAAACATCT,N210Y,0.3496,0.3496,30,12
TAAAATCAACCCACAG,I115Q,0.0000,0.0000,0,5
TAAAATCAATTTGGAC,W234K R321N K367L,nan,nan,0,0
TAAAATCACTCCCAAT,V26A,0.4595,0.4595,23,7
TAAAATCATGAACATG,E-5W,0.1690,0.1690,626,518
TAAAATCCAAGCCATA,,0.1565,0.1565,1529,1366
TAAAATCCCAAATAGA,A364L,0.1624,0.1624,180,155
TAAAATCCCAATACGG,T318G,0.0000,0.0000,0,6
TAAAATCCCCTGGAAT,E368K G463D Y518R,0.0000,0.0000,0,10
TAAAATCCCTTTAAAC,N-4A,0.1493,0.1493,2222,2081
TAAAATCGAATATACC,,0.1434,0.1434,3053,2978
TAAAATGAAATAGCAC,,0.2279,0.2279,784,481
TAAAATGAGATTAATG,L133aH D457K,0.0000,0.0000,0,7
TAAAATGAGTTAAACG,W180C,0.0000,0.0000,0,7
TAAAATGATACGCCCT,,0.0000,0.0000,0,20
TAAAATGCAATATCTA,D241E,0.1086,0.1086,650,837
TAAAATGGACTAATAT,,0.1959,0.1959,1031,736
TAAAATGTAGTAATCA,S265H,0.0000,0.0000,0,3
TAAAATGTGATGTCTT,L527S,0.0000,0.0000,0,4
TAAAATTACCTTGATG,D63Q,0.0949,0.0949,148,218
TAAAATTACTATCTCT,,0.1994,0.1994,981,688
TAAAATTAGAATGGAC,T132F,0.2493,0.2493,1772,994
TAAAATTATTTTGAAC,,0.1450,0.1450,4845,4674
TAAAATTCATGTTTTG,E-5W F417Q,0.0000,0.0000,0,1
TAAAATTCGAGATACA,P145Q S519N,0.4202,0.4202,1346,448
TAAAATTCGCTTTGTA,M-6G,0.0000,0.0000,0,14
TAAAATTGGCCATTAA,F147E C546G,0.0000,0.0000,0,8
TAAAATTGTAGGCACA,I29S K32- N33-,0.0000,0.0000,0,4
TAAAATTTCTTTACTT,F118D W234C,nan,nan,0,0
TAAAATTTGTACCTTG,K120G,0.2276,0.2276,83,51
TAAAATTTTGATCTAG,N20Y P299T,nan,nan,0,0
TAAACAAACCCCACAC,,0.1659,0.1659,4151,3498
TAAACAAAGAAAATTC,K50G,0.1129,0.1129,151,187
TAAACAAAGAAAGATA,R482S,0.1197,0.1197,238,278
TAAACAAAGTTCATAC,T171P G504S,0.1472,0.1472,3828,3637
TAAACAAATATTGAAG,I297K K411Q S503G,nan,nan,0,0
TAAACAAATGGCAGAT,,0.1865,0.1865,492,369
TAAACAACACCAGACA,N73H,nan,nan,0,0
TAAACAACAGTAGACT,Y201F,0.1380,0.1380,1547,1568
TAAACAACGCTAAAAA,E190* W350A,nan,nan,0,0
TAAACAACGTTAAATT,R496P,0.0000,0.0000,0,6
TAAACAAGATCACCTT,G286N,0.3369,0.3369,53,22
TAAACAAGGTATCACA,S503N,0.1202,0.1202,453,527
TAAACAAGTACTCATA,L300R,0.1213,0.1213,629,725
TAAACAATAAACCCCA,E468P,nan,nan,0,0
TAAACAATACATTATC,H471G,0.4739,0.4739,122,36
TAAACAATAGATAGCT,E119M E432R,0.0000,0.0000,0,5
TAAACACAAAAAACAT,K328cC I517F,0.4545,0.4545,39,12
TAAACACAACCATCAT,P58T E174G,0.0000,0.0000,0,10
TAAACACACATGGTAA,V204D V381L I385N,0.0000,0.0000,0,5
TAAACACAGTAGTGAC,N169Y,0.2905,0.2905,5611,2701
TAAACACATGATCCAG,Q282K E432K A459R,0.8391,0.8391,24,4
TAAACACCACACTAAT,Y518Q,0.0000,0.0000,0,2
TAAACACCGGTAACCC,N312G,0.2060,0.2060,274,186
TAAACACTAAAGAATG,N54aQ L179H Q211L,0.0720,0.0720,52,101
TAAACACTGAGAAAAT,V451Q,0.5034,0.5034,72,20
TAAACACTGATAGTTA,H295I,0.0000,0.0000,0,5
TAAACAGAAGTTAATC,L7Y,0.1352,0.1352,2019,2088
TAAACAGAATCAACTA,Y353E,0.0000,0.0000,0,1
TAAACAGCCAAAAGCG,S136A,0.0000,0.0000,0,13
TAAACAGCCAGTTCAG,Y491I,0.0000,0.0000,0,12
TAAACAGGAAGGGAAC,I335N,0.3227,0.3227,30,13
TAAACAGTATACTTAG,A39R G349S,1.0000,1.8879,27,2
TAAACAGTATATATCC,K262Y,0.2206,0.2206,194,123
TAAACAGTATTATACA,T219P,0.0816,0.0816,126,216
TAAACAGTCTGAATAA,,0.2718,0.2718,484,249
TAAACAGTTGGAAACG,H38S S270N,0.5438,0.5438,35,9
TAAACAGTTTGTCTGG,R326D Y353*,0.4370,0.4370,25,8
TAAACATAAAGTGTCG,I155S,0.0000,0.0000,0,20
TAAACATAATCAAGAA,E-5Q,0.2114,0.2114,1391,920
TAAACATACAACAAGT,L7N,0.0223,0.0223,25,157
TAAACATGAGCCGTTC,C52M,0.0000,0.0000,0,16
TAAACCAAAAACCAGA,Y201D,0.0235,0.0235,316,1877
TAAACCAACGACGCCC,C76D,0.5438,0.5438,35,9
TAAACCAAGGAGGCAA,,0.1976,0.1976,2249,1592
TAAACCAGACACAAGA,G465M,0.0115,0.0115,10,122
TAAACCAGGGGAAAAA,M-6F,0.0000,0.0000,0,24
TAAACCATAACCAGAG,V444W,nan,nan,0,0
TAAACCATAAGTAAAT,S101I R482W,0.5018,0.5018,61,17
TAAACCATCAAAAACA,G228I,nan,nan,0,0
TAAACCCACCTCATAT,,0.1240,0.1240,666,751
TAAACCCATAGCACTA,N410S,0.1083,0.1083,521,673
TAAACCCCCTGAAGCC,D53W,0.4451,0.4451,226,71
TAAACCCCTTCTTCGT,N116Y V510I,0.2686,0.2686,73,38
TAAACCCTATACCTCT,E426* D441E,0.0000,0.0000,0,4
TAAACCGAGTTTCATA,M268Y,0.0763,0.0763,12,22
TAAACCGATCAACCTA,E327Q,0.1052,0.1052,291,387
TAAACCGCCCGCACTG,N443W,0.5327,0.5327,80,21
TAAACCGGTGTACAAA,F469P,0.0000,0.0000,0,45
TAAACCGTATAGTGAA,,0.4195,0.4195,24,8
TAAACCGTCCAATTCG,,0.2445,0.2445,598,342
TAAACCGTGCCCTTAC,G376M,0.1612,0.1612,2240,1943
TAAACCGTGCGCTTTG,V82Q A218K,nan,nan,0,0
TAAACCTGAGATTCTT,D474W,0.0000,0.0000,0,84
TAAACCTGTGGTTCAT,K9L V429N C549N,0.0000,0.0000,0,5
TAAACCTTAAATCCTT,L331C,1.0000,1.3844,99,10
TAAACCTTACGAACTA,,0.2297,0.2297,179,109
TAAACCTTCGCCTCAG,T163R,0.6992,0.6992,30,6
TAAACCTTTGTCTAGC,Y141D I202P,0.0000,0.0000,0,3
TAAACGACACAACCAG,,0.1086,0.1086,348,448
TAAACGACACGTAGCA,E403S,0.8857,0.8857,38,6
TAAACGACTGATTCCT,,0.1645,0.1645,4685,3982
TAAACGACTGTAAGGA,,0.1158,0.1158,794,959
TAAACGAGAGCTTAGC,N187D,0.0000,0.0000,0,4
TAAACGAGCCTTATTA,V204K,0.0000,0.0000,0,22
TAAACGAGGCTAAAAA,F148T,0.0000,0.0000,0,2
TAAACGCAATAACGTC,S207E,0.1735,0.1735,1113,897
TAAACGCATCCCTGAT,N400Y,0.0000,0.0000,0,5
TAAACGCATCGACCAA,L453R,nan,nan,0,0
TAAACGCATTACAGGG,,0.1751,0.1751,8738,6979
TAAACGCGACTGACTT,A91D S207D,0.1658,0.1658,83,70
TAAACGCTCTAAACGT,S543M,0.1148,0.1148,266,324
TAAACGCTGTGGAGTT,Y195L M292H N464S,0.0000,0.0000,0,10
TAAACGGCAAGGTTGG,E508M,0.1162,0.1162,59,71
TAAACGGGCTATCAAA,,0.0000,0.0000,0,2
TAAACGGTTGTCCAAA,E131V Q142P,0.0000,0.0000,0,1
TAAACGTAACAAAACT,F118V,0.0000,0.0000,0,5
TAAACGTAACATTACT,V309I,nan,nan,0,0
TAAACGTACCATTTAA,R499Y,0.2089,0.2089,3163,2117
TAAACGTAGGGGCTGT,I502G,nan,nan,0,0
TAAACGTTAAATAAAC,N129R,0.4507,0.4507,1763,547
TAAACGTTAATCGCAA,E358G,0.2132,0.2132,8144,5343
TAAACTAAAAAGAGAA,A425T,0.1338,0.1338,618,646
TAAACTAAAGAATAAA,W69I V204D,nan,nan,0,0
TAAACTAAATCATTCG,K506Q,0.1674,0.1674,2023,1690
TAAACTAACATTACCG,,0.1487,0.1487,7817,7350
TAAACTACAGATGTTT,Y512T,0.0714,0.0714,24,47
TAAACTACGAGCAAGA,Y488D,0.3234,0.3234,74,32
TAAACTAGGCAGAATT,V377C,0.1388,0.1388,131,132
TAAACTAGTCGTACTC,R149A,0.1762,0.1762,2093,1661
TAAACTAGTTGTCTTG,,0.2841,0.2841,191,94
TAAACTATTGAACACG,,0.0962,0.0962,309,449
TAAACTCAAAAAGATA,T283I Q513L,nan,nan,0,0
TAAACTCAAGACGAGC,,0.1722,0.1722,920,747
TAAACTCAATCAAGGA,L213H,0.1252,0.1252,3463,3867
TAAACTCACCCACGAA,P198V,0.0237,0.0237,114,673
TAAACTCACGACATCC,T46F I374H,0.0843,0.0843,228,378
TAAACTCCATACTCGT,T132P,0.1583,0.1583,352,311
TAAACTCCGACCCACA,N475K,0.1789,0.1789,243,190
TAAACTCCTCCTATAT,N187K,0.1449,0.1449,519,501
TAAACTCGCTTACTAA,N169L N322C S369T E434M,0.0000,0.0000,0,2
TAAACTGAAATCTGAT,P92aN,0.3063,0.3063,311,142
TAAACTGATACGTGAG,R452S,0.0000,0.0000,0,43
TAAACTGCTAAAAGCA,Q40V I166M N169D G376L,0.1207,0.1207,145,168
TAAACTGGGCTTATCT,L59G M111D,0.5314,0.5314,19,5
TAAACTGTGAGCGTTA,A334Q,nan,nan,0,0
TAAACTGTTAAGATAC,L209T,0.1464,0.1464,2624,2507
TAAACTTATGATGTCT,I335P,0.0000,0.0000,0,1
TAAACTTCGACATAAA,E190G N382H,0.0000,0.0000,0,19
TAAACTTTTCTAGACA,,0.1114,0.1114,3732,4684
TAAAGAAAATACTGGT,D264A,0.1274,0.1274,1097,1204
TAAAGAAAGAGGCCCA,E500C,0.1014,0.1014,29,40
TAAAGAAAGGAGGAGA,R81F,0.1117,0.1117,3448,4315
TAAAGAAAGGCCCTCG,H130N I502M,0.2175,0.2175,28,18
TAAAGAAATATTTTCT,,0.1234,0.1234,1762,1996
TAAAGAAATTATCAAA,S369A F469G,0.0000,0.0000,0,1
TAAAGAACGTTAGATC,W350S,1.0000,1.5183,76,7
TAAAGAATTTTGGCCA,H440D,0.2237,0.2237,16,10
TAAAGACAAACCGTAA,R173A L527R,nan,nan,0,0
TAAAGACCAGACTTGA,,0.0956,0.0956,54,79
TAAAGACCAGTATAAG,E-5N,0.1210,0.1210,843,974
TAAAGACCCGCACCAA,S85Y,0.0000,0.0000,0,1
TAAAGACCGCACATGT,W234A,0.2314,0.2314,91,55
TAAAGACCTTAAAGGT,D438F,0.1007,0.1007,1345,1868
TAAAGACGCATAAAGG,M346C,1.0000,1.4917,32,3
TAAAGAGATGGATTTT,R547C,0.5821,0.5821,154,37
TAAAGAGCATACTTAC,*551F,0.1231,0.1231,103,117
TAAAGAGCATTAATCA,W343V,nan,nan,0,0
TAAAGAGGCGATTTCT,D441M,0.0868,0.0868,457,736
TAAAGATAACGTTACA,P128H,0.2726,0.2726,269,138
TAAAGATACTGATAAA,,0.1296,0.1296,2625,2833
TAAAGATTACCAGACC,K372N Y470E,0.0000,0.0000,0,21
TAAAGATTCCAATACA,V8W K262aN K450I,0.0000,0.0000,0,8
TAAAGATTTCATGGAA,A67T E89H,0.0000,0.0000,0,11
TAAAGATTTCGAACTC,,0.2021,0.2021,2252,1558
TAAAGCACGCCAATGC,E414N,0.0914,0.0914,115,176
TAAAGCAGGCTATAGC,C14D,0.0000,0.0000,0,2
TAAAGCAGTCTAGGAA,,0.0000,0.0000,0,3
TAAAGCCAAAATACCT,G341S,0.0553,0.0553,115,291
TAAAGCCAACACTGCA,N408C,0.0842,0.0842,309,513
TAAAGCCACGGTATCG,R547K,0.1084,0.1084,666,859
TAAAGCCATTGTTGAA,,0.1391,0.1391,3392,3410
TAAAGCCTCACGCCGT,,0.0782,0.0782,364,651
TAAAGCCTTAATCCAA,S167G R321V F469G,0.0000,0.0000,0,6
TAAAGCCTTTAACTGC,N33D M111V,0.0000,0.0000,0,5
TAAAGCGACCAGTATA,,0.1162,0.1162,609,733
TAAAGCTATACAGGAG,,nan,nan,0,0
TAAAGCTCGTTCCTAG,L59K,nan,nan,0,0
TAAAGCTGGGAATACA,K259P,0.0000,0.0000,0,8
TAAAGCTGGGTGGAAA,F439L,0.1282,0.1282,44,48
TAAAGGAAAAAGAACT,L51M I514N,0.0000,0.0000,0,4
TAAAGGAAATCTGGAA,,0.0000,0.0000,0,4
TAAAGGACTAGAATAG,H117S,0.1222,0.1222,1242,1421
TAAAGGACTAGAGATT,,0.1597,0.1597,161,141
TAAAGGAGTCCGTAGT,,0.1512,0.1512,1521,1407
TAAAGGATACAGCTTC,,0.1320,0.1320,1106,1172
TAAAGGATGTACCCCA,N94I,0.0759,0.0759,838,1545
TAAAGGCAACTCCCCA,E119D E468N,0.0555,0.0555,48,121
TAAAGGCACAAGAAAG,C76P R435K,nan,nan,0,0
TAAAGGCACAATAAAC,Y353V,0.0000,0.0000,0,16
TAAAGGCACTACCGCC,I121Q,0.1077,0.1077,5054,6560
TAAAGGCAGTGCCAAT,L430T,0.2288,0.2288,18,11
TAAAGGCATCAAAGGG,C139M K411P,0.0000,0.0000,0,2
TAAAGGGTGCACCCAA,F79R,0.0000,0.0000,0,10
TAAAGGTAACTCCCCA,S85F M388H,0.0601,0.0601,123,286
TAAAGGTATCACCCAA,,0.1765,0.1765,4246,3364
TAAAGGTCGTTAAACG,T378P V481M,0.0000,0.0000,0,9
TAAAGGTTAATAACGA,I243D,nan,nan,0,0
TAAAGTAAACAAACAT,Q490H,0.1955,0.1955,934,668
TAAAGTAAATCTACTT,I155V,0.0755,0.0755,68,126
TAAAGTAACAAAAATC,,0.0898,0.0898,2244,3493
TAAAGTAAGTTATGAA,L1K V152C,1.0000,1.6781,24,2
TAAAGTAATTGAACAC,,0.1458,0.1458,1336,1281
TAAAGTACCAAACCCT,V381F,0.1808,0.1808,265,205
TAAAGTACGCCATCGT,L209T,0.0000,0.0000,0,6
TAAAGTACGCTTATTC,A373G,0.1188,0.1188,1844,2171
TAAAGTATAAACAATG,G337E Q371E,0.0000,0.0000,0,2
TAAAGTATCGTATAGT,I155E,0.3321,0.3321,19,8
TAAAGTATGCCCGAAC,G303V,0.0000,0.0000,0,6
TAAAGTCATCATTGAA,,0.1346,0.1346,1125,1169
TAAAGTCATCTGAAAA,L453F,0.1281,0.1281,579,632
TAAAGTCCCACCAGAG,C97D,0.0000,0.0000,0,3
TAAAGTCGCGCTGGTA,F148E,0.0000,0.0000,0,2
TAAAGTCTACTCATGC,,0.1734,0.1734,11768,9488
TAAAGTGGAAAATAAC,T283C,nan,nan,0,0
TAAAGTGGACACGTGA,,0.1025,0.1025,382,521
TAAAGTGTGGATTGAC,M538I,0.7141,0.7141,240,47
TAAAGTTAGCCAGTCT,,0.1373,0.1373,4318,4398
TAAAGTTCAACTCGTT,,0.0000,0.0000,0,6
TAAAGTTGCACGATTT,S167Q R321V T370R F469I,0.1481,0.1481,18,17
TAAAGTTGCTGAAGAA,L7D,0.0000,0.0000,0,50
TAAATAAAAATTTTGA,,0.1303,0.1303,218,234
TAAATAAAACAACTCA,,0.2094,0.2094,656,438
TAAATAAAATCAGTCC,L43I,0.0000,0.0000,0,8
TAAATAAAGAACTCTA,,0.1926,0.1926,5998,4354
TAAATAAAGCCTGATT,S167Y R321M M346I S369G F469V,0.0000,0.0000,0,2
TAAATAAAGTAACAGG,E493*,0.0000,0.0000,0,13
TAAATAAATAAGAGAA,F294P,nan,nan,0,0
TAAATAAATATCCAAA,N443I,0.1621,0.1621,1608,1387
TAAATAAATCCGAACC,V510N,0.1701,0.1701,3264,2684
TAAATAAATGGACACA,T219K,0.1392,0.1392,665,668
TAAATAAATGTTAGAT,A425C,0.0000,0.0000,0,2
TAAATAACTTGGTACG,K269F,0.0738,0.0738,104,197
TAAATAAGCTAAGTTG,R397Q,0.1612,0.1612,2114,1834
TAAATAAGTCAGTCAT,K328cC,nan,nan,0,0
TAAATAAGTGATCAGA,D240Y,0.1112,0.1112,985,1239
TAAATAAGTTAGTTAT,R90S,0.1333,0.1333,1569,1646
TAAATAATACATTACC,V315P,0.0000,0.0000,0,3
TAAATAATAGTTGGTT,R90P C546Y,0.0812,0.0812,36,62
TAAATAATATGTATAT,K57F K380Q,0.5594,0.5594,12,3
TAAATAATCTGCATTC,Y105E A394F,0.0000,0.0000,0,3
TAAATAATGAACTCCT,,0.1388,0.1388,2351,2369
TAAATAATGATTTGCA,G286W,0.0000,0.0000,0,1
TAAATAATGTTTATAC,F147S,nan,nan,0,0
TAAATACAACAAATGA,R114P,1.0000,1.4450,31,3
TAAATACAACGACTAA,S185L L507P,0.8303,0.8303,95,16
TAAATACACTAACGAA,H18R,0.3870,0.3870,119,43
TAAATACAGTGGCGTC,R90H,0.4195,0.4195,90,30
TAAATACATGAGCCTT,H354E L515K,0.0000,0.0000,0,1
TAAATACCGCCAAATC,,1.0000,inf,34,0
TAAATACCGTGACAAG,Y491T,0.0000,0.0000,0,11
TAAATACGCACGTATA,L96N,0.3966,0.3966,485,171
TAAATACTAAAGGTTA,D95A,0.2140,0.2140,1475,964
TAAATACTAAGAATAC,A317W E501I,0.0000,0.0000,0,11
TAAATAGAGTAAGACG,N-4E,0.1405,0.1405,7952,7914
TAAATAGATTACTGTA,S10F,0.0000,0.0000,0,20
TAAATAGTACACATAC,D386T I550- *551-,0.3784,0.3784,92,34
TAAATAGTCAATCCAA,D487S,0.1030,0.1030,1747,2373
TAAATATAAAGAACAC,Q25Y,0.1922,0.1922,573,417
TAAATATAAATTTAAC,N129L I406Q,1.0000,1.6082,115,10
TAAATATAATGCAAAA,A214P,0.1110,0.1110,570,718
TAAATATACTGAGTTC,V272L,0.1763,0.1763,5194,4120
TAAATATATAAACACC,S136R L314P,0.1546,0.1546,21,19
TAAATATCCTATACAT,,0.0000,0.0000,0,4
TAAATATCGGCGTCCT,Y195Q,nan,nan,0,0
TAAATATCTGACAGAA,N379E,0.1293,0.1293,49,53
TAAATATGACCATAAG,K450A G510aD,0.0479,0.0479,48,140
TAAATATGATTAGATG,N21W D264C,0.3120,0.3120,29,13
TAAATATGGACAAGGC,A373N Y470V,nan,nan,0,0
TAAATATGTCTCGGAG,G463E,0.3550,0.3550,66,26
TAAATATTTACTACTT,A242T N443Q,0.0701,0.0701,675,1346
TAAATCAAACAAACTA,,0.1908,0.1908,13555,9934
TAAATCAAATTTCAAG,,0.1897,0.1897,651,480
TAAATCAATCAAACCT,K156Q,0.0000,0.0000,0,37
TAAATCAATCTACTAC,K313N Y423L,1.0000,inf,17,0
TAAATCACTCGCTACT,A144W K280E,0.2098,0.2098,339,226
TAAATCACTTATACGC,N278K,0.1973,0.1973,1370,971
TAAATCAGCAACGTAT,S126K H295I,0.0000,0.0000,0,17
TAAATCAGCAGTAATC,K262aL,0.1367,0.1367,866,886
TAAATCAGCGTAAATT,C76L,0.4240,0.4240,94,31
TAAATCAGGTCAGGTC,N250K,1.0000,1.2586,27,3
TAAATCAGTCAGCAAC,E44C K262aR,0.1612,0.1612,9364,8124
TAAATCATCATGAAAT,M30R Y256*,0.0000,0.0000,0,17
TAAATCCAACTTAAGC,,0.1583,0.1583,291,257
TAAATCCAAGATAGAA,P254T,0.0000,0.0000,0,9
TAAATCCACCAAGAAC,P198E,0.0433,0.0433,836,2702
TAAATCCCAAACCTTT,,0.1201,0.1201,140,163
TAAATCCCAATATCAC,N379Y,0.0000,0.0000,0,9
TAAATCCGATAATTAT,A317D,0.0000,0.0000,0,8
TAAATCCTAGTAATGT,I550C,0.1398,0.1398,14,14
TAAATCCTTTCTTCCT,N248Y,0.0000,0.0000,0,4
TAAATCGATATAAATT,Q191C,0.0000,0.0000,0,2
TAAATCGCAACAGTAT,A425E,nan,nan,0,0
TAAATCGCTCCTGAAA,N289A,0.2157,0.2157,3615,2344
TAAATCGTTAGAATGA,K372E,0.5424,0.5424,512,132
TAAATCTAAAAAACCA,,0.0000,0.0000,0,1
TAAATCTAACAAGCCT,I166F,0.1408,0.1408,897,891
TAAATCTGCAACTGAG,A214R,0.0298,0.0298,30,141
TAAATGAACCAGCAAC,D487L,0.1572,0.1572,118,105
TAAATGAAGAAAGACC,N94Y A528V,0.3341,0.3341,2518,1054
TAAATGAATAAATATT,Y308F,0.0651,0.0651,68,146
TAAATGACAATATTCA,K412E,0.0692,0.0692,47,95
TAAATGACAATTTTTG,T485N,0.1614,0.1614,240,208
TAAATGAGCAATTTAG,N-4Y G376Q,0.1120,0.1120,462,577
TAAATGAGGGATTTCA,,0.1403,0.1403,12833,12793
TAAATGAGTTAACGGA,S203H,0.1714,0.1714,261,213
TAAATGATAATATTCA,,nan,nan,0,0
TAAATGATAGGGTCAG,E476V,0.1299,0.1299,208,224
TAAATGCCCATAGGAA,T28M I502Q,nan,nan,0,0
TAAATGCCTAGGCCGA,,0.1220,0.1220,716,821
TAAATGCCTATTAGTA,D240W,0.1127,0.1127,478,593
TAAATGCGATAATAAC,E508K A532Q,0.2331,0.2331,20,12
TAAATGCGTTCCTGAA,E190G,0.0000,0.0000,0,108
TAAATGCTGAAACTGT,K125aQ,0.2105,0.2105,6305,4188
TAAATGCTTATATGTC,K506W,0.1667,0.1667,31,26
TAAATGGAGATAGGAG,,0.1278,0.1278,3476,3804
TAAATGGATTTAACCG,R499D,0.0000,0.0000,0,4
TAAATGGCGCACAATA,R397K,0.0617,0.0617,90,204
TAAATGGCTTACATAG,Q40I A532V,0.1853,0.1853,110,83
TAAATGGGATGACTCC,N197V,0.0702,0.0702,274,546
TAAATGGGGTTTTTTT,A39K T192R,nan,nan,0,0
TAAATGGTTATATAGA,W234V,0.0000,0.0000,0,41
TAAATGTACATCTGAA,T370N,0.0000,0.0000,0,2
TAAATGTGACGTTAAC,G249E,0.0000,0.0000,0,1
TAAATGTTTACCATAC,T370Y F467W,0.0000,0.0000,0,5
TAAATTAAAAGATCAA,Q391P F469G,nan,nan,0,0
TAAATTAAGAATTACC,,0.1273,0.1273,1114,1224
TAAATTAAGAGTAAAA,Q454P,0.0000,0.0000,0,1
TAAATTAAGTCGAGCG,I502M,0.1642,0.1642,162,138
TAAATTACATATTCCC,H244M E500T,0.0909,0.0909,407,626
TAAATTACCGAGTTAT,M292L,0.2348,0.2348,1167,695
TAAATTACGTATAGAT,L43A,0.0000,0.0000,0,2
TAAATTACTGGATTTT,R212I,0.0592,0.0592,300,709
TAAATTAGTAGGAAAA,K109W D441M,0.0000,0.0000,0,1
TAAATTCCTGGAACCC,K120G,0.1044,0.1044,715,958
TAAATTCCTGTTAAAT,E393W,0.0000,0.0000,0,1
TAAATTCGACATTAAG,S480F,0.1457,0.1457,568,545
TAAATTCGACTACATA,M388I,0.0922,0.0922,122,185
TAAATTCGATCCAGAT,F245T,nan,nan,0,0
TAAATTCGGATTTACA,F251T,0.0000,0.0000,0,4
TAAATTCGTTATGCAA,A364L,0.0000,0.0000,0,9
TAAATTCTATATAACA,A521Q,nan,nan,0,0
TAAATTCTATATAGCA,A521Q,0.0000,0.0000,0,2
TAAATTCTTCCACAAT,A394S,0.2512,0.2512,995,554
TAAATTGAAAGCATAG,H298A,0.1193,0.1193,2697,3162
TAAATTGAACATTTTC,Y512A,0.0949,0.0949,1409,2076
TAAATTGAAGTTACCC,T200Q S265G,0.0000,0.0000,0,9
TAAATTGACGGTTCTG,K157F,0.2887,0.2887,927,449
TAAATTGCCTGTTTCT,M431T,0.0000,0.0000,0,29
TAAATTGCTAATGACG,T390C,0.0987,0.0987,132,187
TAAATTGCTTGATGGG,E414I,0.1769,0.1769,3403,2690
TAAATTGTGTCCCGTT,F118I C477R,0.0000,0.0000,0,2
TAAATTTAAAAACAAG,V204E,nan,nan,0,0
TAAATTTACATAAGCA,T283S S519N,0.0961,0.0961,2155,3135
TAAATTTCATCAATTG,T132V,0.1407,0.1407,325,323
TAAATTTCCGCAAGTT,Y195K,0.9964,0.9964,57,8
TAAATTTCTACAATTA,N169T R321L,0.0000,0.0000,0,5
TAAATTTGCATTAACG,S492R,0.2367,0.2367,2711,1602
TAAATTTTTAATTCGC,I406T,0.9136,0.9136,98,15
TAACAAAAAAATTTAG,Y351W,nan,nan,0,0
TAACAAAAGCCTTATA,E414M,0.2267,0.2267,1216,750
TAACAAACAACTTGTG,G504D,0.1968,0.1968,242,172
TAACAAACATAGTACC,I87T,0.0000,0.0000,0,8
TAACAAACCAACACTC,S167V R321E T370Y,0.0000,0.0000,0,6
TAACAAACCACTAAGG,S519N,0.1101,0.1101,185,235
TAACAAAGAAATAATC,S22K,0.0000,0.0000,0,7
TAACAAAGCAATAGTC,Y195A I243R,0.0000,0.0000,0,2
TAACAAAGCCTGTCAC,G504C V505L,0.3117,0.3117,107,48
TAACAAAGTCCATCAA,T28L P162H F467K,nan,nan,0,0
TAACAAATACCCCTCT,,0.2002,0.2002,2505,1750
TAACAAATAGAGAACT,E432*,0.0000,0.0000,0,10
TAACAAATGAAGTTTC,L43I I178W,nan,nan,0,0
TAACAACATGCATACC,L112C,0.0743,0.0743,427,804
TAACAACGCTTGGTCT,,0.1376,0.1376,612,622
TAACAAGAAAATATCA,V377E,0.0000,0.0000,0,5
TAACAAGAAGAAGCAA,D41E H276L,0.1354,0.1354,2849,2942
TAACAAGAGGATAATT,T132V E501C,0.0657,0.0657,85,181
TAACAAGGACACACAC,E106Q,0.1168,0.1168,2642,3163
TAACAAGTAATAGTCC,Y258M V261L,0.0000,0.0000,0,27
TAACAATACGCTAAAA,S207Q,0.1910,0.1910,4313,3158
TAACAATAGAATAGAA,D41W,0.2058,0.2058,368,250
TAACAATAGTAAACAC,N322K,0.0619,0.0619,27,61
TAACAATAGTGCCTAA,G349C N357C,0.0000,0.0000,0,18
TAACAATATATTTTAG,N169P L437N,0.0000,0.0000,0,4
TAACAATGCTAAGCGA,,0.1442,0.1442,1552,1505
TAACAATGTCACCCTT,L430K,0.0000,0.0000,0,4
TAACAATGTTAAAAAA,,0.0662,0.0662,662,1398
TAACAATTAAAAATAT,I-3* N103M,nan,nan,0,0
TAACAATTAATCCTGG,I302L,0.1145,0.1145,344,420
TAACAATTTTGATCCA,P162L E189K R547T,0.0000,0.0000,0,8
TAACACAAACGGGAAG,,0.2319,0.2319,1411,851
TAACACACAGCAAATG,P284S,0.0548,0.0548,976,2490
TAACACACCGATCCAT,W69N G205Y,0.0000,0.0000,0,4
TAACACAGAAGGGCCT,I243V N248S P293C L418K,nan,nan,0,0
TAACACAGAGTCAAAG,R328bP E398V,0.0000,0.0000,0,71
TAACACCAAGCTCCAG,F332Y,nan,nan,0,0
TAACACCAGGCCTCGT,L96Q,0.2343,0.2343,836,499
TAACACCCACAGGTAG,S503R,0.1126,0.1126,120,149
TAACACCCATCTGATA,I80G,0.0920,0.0920,98,149
TAACACCCGGAACCAG,L7M G352L,0.0000,0.0000,0,5
TAACACCTAAAGGAGG,T199F F469M,0.1484,0.1484,1007,949
TAACACCTGATATAAA,Y256R,0.1045,0.1045,746,998
TAACACCTTTAAAAAA,,0.1064,0.1064,781,1026
TAACACGAAGTCGCTA,K125aI,0.0411,0.0411,35,119
TAACACGTAACAGCGA,M346L,0.0344,0.0344,57,232
TAACACGTACTTTATT,G181P K498N,0.1684,0.1684,53,44
TAACACGTCGATCGCT,P92aM,nan,nan,0,0
TAACACTACGATAAGA,,nan,nan,0,0
TAACACTACTAATAAT,Y448L,nan,nan,0,0
TAACACTCAAACTGAC,C76V G342F,0.0000,0.0000,0,2
TAACACTTCGCTACCC,Y195P L409K,0.0000,0.0000,0,8
TAACAGAAACGTTTAA,Q490S,0.1504,0.1504,100,93
TAACAGAAGGCAATGT,K120R F469L,0.2797,0.2797,162,81
TAACAGAATAAAATGT,,0.0869,0.0869,806,1297
TAACAGACAAGCTCTA,N224Y,0.1026,0.1026,590,804
TAACAGACCACATACG,K45A,0.0678,0.0678,750,1546
TAACAGACGCTTAGTG,E468T,0.1654,0.1654,362,306
TAACAGACTGCTCCAC,,0.1256,0.1256,424,472
TAACAGAGAATGATAG,E246K G504R,0.2025,0.2025,404,279
TAACAGATCCTTCTAG,E340C,0.0000,0.0000,0,70
TAACAGCAATATAGCT,,0.1258,0.1258,518,576
TAACAGCATCTGACAA,M292H G465A,0.0070,0.0070,2,40
TAACAGCCAGTTCTAC,F147V,0.2930,0.2930,44,21
TAACAGCCTTTATTTG,T171Q S540Y,0.1862,0.1862,494,371
TAACAGCGCGAAACAA,,0.1746,0.1746,1356,1086
TAACAGCGCTGCAGAA,I80L,0.1302,0.1302,916,984
TAACAGCGTTGCAGGC,K387V,0.0979,0.0979,56,80
TAACAGGACGGGTTAA,D438H,0.0614,0.0614,72,164
TAACAGGGAAATCCAA,N158D A526C,0.1299,0.1299,4267,4595
TAACAGGTAAGATAAA,F148I M478D,0.0000,0.0000,0,9
TAACAGTAAGACCGAC,,0.1124,0.1124,1210,1505
TAACAGTAATACCTCT,I87Q,0.0000,0.0000,0,10
TAACAGTATATGCAAT,N357P,nan,nan,0,0
TAACAGTCATAAAGGC,,0.0240,0.0240,17,99
TAACAGTGGTTGAACT,G72I I302G,0.0000,0.0000,0,9
TAACAGTGTCCAAAGC,Q12K,0.0917,0.0917,2506,3822
TAACAGTTATAGGAAT,D95G,0.1787,0.1787,1893,1481
TAACATAAAACTCCCT,C139K,0.2224,0.2224,97,61
TAACATAAACTACTTG,L176I F392G,0.0000,0.0000,0,4
TAACATAACTCTAGCA,N424P,0.0000,0.0000,0,6
TAACATAAGAATAATA,,0.1212,0.1212,2034,2347
TAACATAATCACAATT,T132R M292C,0.1430,0.1430,1700,1663
TAACATAATTACGACA,,0.3186,0.3186,3499,1536
TAACATAGAACAACAT,S167T D441E,0.1336,0.1336,2164,2265
TAACATAGGTACACGG,A19Q,0.1618,0.1618,2710,2342
TAACATATAACTATAG,G100V T378R,0.1813,0.1813,35,27
TAACATCAGTGTCAAG,R405F,nan,nan,0,0
TAACATCCCTTCCCGC,C305A,0.0000,0.0000,0,7
TAACATCTAGAAATTA,L316T,0.0000,0.0000,0,24
TAACATCTGATACCAT,D375V,0.3085,0.3085,759,344
TAACATGTAAACCGAT,C549M,0.0868,0.0868,288,464
TAACATGTGAGGGTGC,T200Q,0.0000,0.0000,0,3
TAACATTACTTTGCTT,E44M,0.0284,0.0284,61,300
TAACATTATGGCCAAG,R321P N401K,nan,nan,0,0
TAACATTCATGACTCA,Q142* N187W I297E,0.0000,0.0000,0,4
TAACATTGGACTACAC,,1.0000,1.9112,41,3
TAACATTGTAGACGAA,Q454E,0.1219,0.1219,95,109
TAACATTTGAAAGCTA,L194G Q513T,0.0000,0.0000,0,8
TAACATTTGGGCATTT,E479L,0.2008,0.2008,323,225
TAACCAAAGCATGAAA,,0.1762,0.1762,9217,7315
TAACCAAATTACGGAT,,0.1709,0.1709,2191,1793
TAACCAACATCAATTT,,0.1505,0.1505,8965,8328
TAACCAACCCAATACC,T199V,0.0777,0.0777,250,450
TAACCAAGGGTACGTC,L527M,0.0810,0.0810,341,589
TAACCAAGTACCATAA,S65D,0.1853,0.1853,106,80
TAACCAAGTCACTTAA,V152D,0.1974,0.1974,312,221
TAACCAATCCGCATGA,D348Q,0.1042,0.1042,857,1150
TAACCACAATCCATAA,S85F E403H,nan,nan,0,0
TAACCACACGACCAAC,,0.1274,0.1274,2402,2636
TAACCACGATATGACG,,0.1074,0.1074,76,99
TAACCAGAAAACACAC,F148E P324V,0.9439,0.9439,27,4
TAACCAGAAATCTATA,S369T F469R,0.0000,0.0000,0,10
TAACCAGCTCCTACCC,,0.2199,0.2199,1602,1019
TAACCAGGAACACAAC,L209C,0.1771,0.1771,1004,793
TAACCATATGAAGTTT,,0.2628,0.2628,481,256
TAACCATCGGTACTAA,D264N F439I,nan,nan,0,0
TAACCATGATAGAAAT,Y423L,1.0000,9.9289,71,1
TAACCATTTATGGCTT,,0.2069,0.2069,3357,2269
TAACCATTTTAGTAGA,K387T,0.1951,0.1951,1300,932
TAACCCAAAACGATCT,,0.2020,0.2020,9714,6725
TAACCCATCTAAGCCA,L133aA Y486S,nan,nan,0,0
TAACCCATTTGAAGCA,K269F,0.1981,0.1981,357,252
TAACCCCAATTTGTAT,S167*,0.0000,0.0000,0,8
TAACCCCACTGATATC,H354D,nan,nan,0,0
TAACCCCCCATCCCTC,,0.1475,0.1475,6757,6407
TAACCCCCCGGCCGAG,,0.0000,0.0000,0,15
TAACCCCTACAACAAA,Y17H K367Q A425D,0.0000,0.0000,0,3
TAACCCCTCCTACCCA,,0.2037,0.2037,4693,3222
TAACCCCTGGAGTCAG,,0.1675,0.1675,4132,3449
TAACCCGAAGCGAAAC,Y274G,0.0000,0.0000,0,5
TAACCCTAAATATGAC,R404I,0.0000,0.0000,0,2
TAACCCTATGAAACAA,I182Q R482F,0.0982,0.0982,1491,2123
TAACCCTCTAACAGAT,F118L,nan,nan,0,0
TAACCCTGCAAGAGCA,Q282L Q545S,nan,nan,0,0
TAACCCTGTTACACCT,,0.1604,0.1604,3302,2879
TAACCCTTACAATTTT,N20P,nan,nan,0,0
TAACCCTTTGAGCAAT,C14V K45R K57E Y86C R90G N94D N379K,0.0000,0.0000,0,2
TAACCGACCCGACCGG,,0.0000,0.0000,0,146
TAACCGACCTAAAAAC,P162N,0.2637,0.2637,2874,1524
TAACCGAGAAACGCAG,S65K G263N,nan,nan,0,0
TAACCGCCGGTTCCCC,V285L,0.0293,0.0293,69,329
TAACCGGAACGATAAC,,0.2024,0.2024,3175,2194
TAACCGGATGTCCCAG,T192I N210T,0.0654,0.0654,94,201
TAACCGGTATAACAAT,D438N,0.1057,0.1057,34,45
TAACCGTGGACCGATG,T28Q I252T H295S,nan,nan,0,0
TAACCGTTAGCATTAT,R482Q I502E G542S,0.0000,0.0000,0,2
TAACCTAAGACTTTAA,K269N,0.1242,0.1242,445,501
TAACCTAAGGCAAAGA,N129H K262aR,0.1413,0.1413,1318,1304
TAACCTAATCCTTAGC,L179W S185I,0.0000,0.0000,0,27
TAACCTAATGCACACC,T485Y,0.0800,0.0800,243,425
TAACCTACAATGGCGC,,0.1104,0.1104,1761,2231
TAACCTACATAAACAT,,0.1791,0.1791,10011,7815
TAACCTAGAACTTTAC,,0.0722,0.0722,512,992
TAACCTATAAGAGACG,I182P,0.0000,0.0000,0,2
TAACCTCATAACTTGA,I115N,0.0000,0.0000,0,4
TAACCTGATGAAAAGA,K506S,0.0750,0.0750,572,1066
TAACCTGCACACACCA,A137R,0.2324,0.2324,1938,1166
TAACCTGGCGTCAATT,F469P,0.5904,0.5904,38,9
TAACCTTATTAAGAAA,I302A,0.0942,0.0942,477,708
TAACCTTCAAAGACTT,I297Q,0.0000,0.0000,0,16
TAACCTTCATTAACCA,L122V,0.1149,0.1149,943,1148
TAACCTTGGTACCGCC,S503V,0.1702,0.1702,84,69
TAACCTTTATCGCCCA,M346Y,0.0000,0.0000,0,7
TAACGAAACTAAAATC,P128L,0.1298,0.1298,245,264
TAACGAACAAGGCGAA,L7D T511I,0.1977,0.1977,41,29
TAACGAACTAAAAGTA,A91V P140H R149A,0.1753,0.1753,970,774
TAACGAAGGAACATGA,G352I,1.0000,1.1747,42,5
TAACGACAAAAGATTA,T163M,0.1539,0.1539,646,587
TAACGACAAACCCGAA,L1T,0.1294,0.1294,1725,1864
TAACGACACTTGCGCT,I80R N433Y,nan,nan,0,0
TAACGACCACATAATG,I15V,0.1115,0.1115,2291,2874
TAACGACGACGGTATG,S167L N322S K367N,0.0000,0.0000,0,16
TAACGAGAAACCCGTA,,0.0317,0.0317,29,128
TAACGAGAACGTAAGA,S361L,0.0816,0.0816,230,394
TAACGAGACATTACGC,R220K I335H,nan,nan,0,0
TAACGAGCGCCCGTCA,Y258H,0.1544,0.1544,85,77
TAACGAGGAAAACACC,H471L,nan,nan,0,0
TAACGAGTACTAACGC,,0.0747,0.0747,227,425
TAACGATAAATTGGAA,N379V,0.1892,0.1892,23,17
TAACGATAAGGAAATT,E304H E398V,0.6060,0.6060,39,9
TAACGATACCCTTATG,G345M,0.1675,0.1675,1528,1276
TAACGATAGGCTAACT,T208Y,0.0995,0.0995,743,1044
TAACGATCGGACTGCT,D231L,0.0756,0.0756,133,246
TAACGATTGCTGTGAC,,0.0699,0.0699,98,196
TAACGCATCGAATTAA,I-3G S383K,nan,nan,0,0
TAACGCCCCCCTATGC,T208G,0.1397,0.1397,778,779
TAACGCCGCGCAGTGG,S6P C281Y R326C,0.0000,0.0000,0,3
TAACGCGAGTCAAAAT,,0.0967,0.0967,1364,1973
TAACGCGCCACAAATA,D104A E508D,0.2514,0.2514,827,460
TAACGCTACTCCCACA,,0.1167,0.1167,106,127
TAACGCTTTACTGAGT,K328H,0.1222,0.1222,858,982
TAACGGATCAAGTCCC,,0.1156,0.1156,883,1068
TAACGGATTAAGAGGG,G362A,0.2249,0.2249,1698,1056
TAACGGCAGACAGTAA,,0.0000,0.0000,0,6
TAACGGCAGGTTCTAA,I517D,nan,nan,0,0
TAACGGCCTATGCCGT,S167Y F469R,0.0000,0.0000,0,4
TAACGGGGTTGTAATA,R329N,0.0000,0.0000,0,8
TAACGGGTACTAGACA,N116M R482Y,0.0360,0.0360,84,326
TAACGGTCATTTTAGA,W153H M413H,nan,nan,0,0
TAACGGTGAACATCAC,V510H,0.1372,0.1372,1036,1056
TAACGTAAATTGGACC,G504W,0.1217,0.1217,1534,1763
TAACGTAACAGAAAAA,S6V,0.2459,0.2459,2196,1249
TAACGTAACGGGATCA,,0.1351,0.1351,339,351
TAACGTACTGAGCCGA,T370S E414I,0.1581,0.1581,4756,4206
TAACGTATGACCTATG,L51K R328aS,0.0000,0.0000,0,4
TAACGTATGACTAAAC,V223D D474E,0.0000,0.0000,0,6
TAACGTATGCTTTAGG,,0.1946,0.1946,1105,794
TAACGTATTTTGCTTA,L102P C139Y,0.0000,0.0000,0,4
TAACGTCTTTATTTGA,L-1Q Q191W,0.0000,0.0000,0,1
TAACGTGAATCCATCC,S290T,0.0766,0.0766,527,962
TAACGTGACATAACCC,D415P,0.0000,0.0000,0,3
TAACGTTAATTAAAAC,E24I,0.1646,0.1646,13482,11451
TAACGTTACAGAAAGA,G68H,0.0000,0.0000,0,1
TAACGTTTATAATTAA,G55L S503R,0.3479,0.3479,102,41
TAACTAAACTTCTTTA,,0.1715,0.1715,2568,2094
TAACTAACAGTCGTCA,E-5T L108W I374H,0.0000,0.0000,0,4
TAACTAACTAAAATAC,T132M V420I,0.0000,0.0000,0,10
TAACTAAGAAAAACAA,C281Y,0.0000,0.0000,0,3
TAACTAAGGCGGACTT,G416L,0.9090,0.9090,39,6
TAACTAATCTGGTTAT,V285Y,0.1299,0.1299,678,730
TAACTACACATTTCAG,,0.1320,0.1320,1202,1273
TAACTACATGATCGTT,R114N,0.5755,0.5755,321,78
TAACTACCTAACCTTC,S207L,0.1517,0.1517,511,471
TAACTACGAGCCGAAG,I502L,0.1922,0.1922,1590,1157
TAACTACTTAAATATG,V82F V429A,0.0000,0.0000,0,10
TAACTAGATTGACTAG,A93F,0.1828,0.1828,2518,1926
TAACTAGCACGTACTG,N54aM G360T,0.0000,0.0000,0,1
TAACTAGCCAAGAAAT,K328A,0.2392,0.2392,2785,1628
TAACTAGGAAAACACG,K196L,0.1205,0.1205,1390,1613
TAACTATACATACAAC,G72D,0.1753,0.1753,588,469
TAACTATACCAACATC,E44S,0.1290,0.1290,1229,1332
TAACTATATACCAGTT,A67T N483T,0.1134,0.1134,30,37
TAACTATATCAGACGC,G181A,0.0847,0.0847,690,1139
TAACTATGATCGTGCA,A334I,0.4050,0.4050,139,48
TAACTATGGCTTAAAA,,0.0922,0.0922,669,1015
TAACTATTCTGCGCGT,Q282F,nan,nan,0,0
TAACTATTGATACCCT,M292G,0.1480,0.1480,397,375
TAACTCAAAAAAACGG,I42Q R435V,0.0000,0.0000,0,11
TAACTCAGCATCCCAA,L7E A253V,0.0420,0.0420,124,413
TAACTCAGTCACAGGG,S291Y,0.0762,0.0762,163,299
TAACTCATAGCGGACG,,0.1354,0.1354,308,318
TAACTCCCGAACGAAA,,0.2078,0.2078,3135,2110
TAACTCCGAGCATCAA,V377A D449N,0.0000,0.0000,0,4
TAACTCCTGCCACAGC,T23K,0.1034,0.1034,1313,1776
TAACTCCTTCGTCCCA,L515T,nan,nan,0,0
TAACTCGAATAAGTCA,E119D,0.2374,0.2374,292,172
TAACTCGTAATCCCTG,N-4K E327V,0.1098,0.1098,1649,2101
TAACTCTCGAAGGACA,W350G L462V,0.0000,0.0000,0,6
TAACTGAAGGCCACCA,A138V Y470F,0.0722,0.0722,265,513
TAACTGAATAAGGTGT,E24Y,0.2058,0.2058,1623,1103
TAACTGAATCACGCAA,Y168L F399S F469C,nan,nan,0,0
TAACTGACAGAGCTAT,T37A K238N,0.4040,0.4040,26,9
TAACTGACCAAGATCA,E255Y,0.1290,0.1290,107,116
TAACTGATAGAGCTCA,K45V,0.0918,0.0918,1954,2978
TAACTGATATATATTG,A532Y,0.4381,0.4381,260,83
TAACTGCCTAGATGGC,I155C,0.0000,0.0000,0,250
TAACTGGATCCTATAA,D240N,0.2145,0.2145,204,133
TAACTGTACAGCAAGC,A336R,0.0000,0.0000,0,15
TAACTGTATAGCCAAA,K50C,0.1662,0.1662,221,186
TAACTGTCTAGCTTGA,V152L S383Q,0.2423,0.2423,16828,9714
TAACTTACTCAAACTA,A144M,0.1479,0.1479,4291,4058
TAACTTAGAAATAATT,R81G,0.1853,0.1853,6995,5279
TAACTTATCCAATATT,,nan,nan,0,0
TAACTTATGCTCTCAA,A138D,0.1449,0.1449,115,111
TAACTTCAGCCATTTT,A532C,0.2363,0.2363,926,548
TAACTTCCAGCGTTTT,,0.1667,0.1667,3206,2690
TAACTTCGGCCCCCAG,M268K,0.5128,0.5128,22,6
TAACTTGAGTAGAACT,W350E,0.0000,0.0000,0,1
TAACTTGGAATTCCGC,G345H,0.1795,0.1795,643,501
TAACTTGTGATTCCTT,G341K,0.0000,0.0000,0,54
TAACTTTGATGTTCGG,C473L,0.0000,0.0000,0,3
TAAGAAAACATGTTCA,G352Q,0.0000,0.0000,0,2
TAAGAAAATAATAAAA,,0.2259,0.2259,344,213
TAAGAAAATACCAGAG,,0.1695,0.1695,40,33
TAAGAAAATATCCATC,,0.1541,0.1541,400,363
TAAGAAACAAAATGCC,L453K,0.0000,0.0000,0,52
TAAGAAACATGCGGAT,L507N,0.0000,0.0000,0,14
TAAGAAACCTGGGAGA,C305F,0.0000,0.0000,0,4
TAAGAAACGAAGGGTG,G263M,0.2606,0.2606,41,22
TAAGAAAGACCATCAA,E189P M478D,1.0000,1.1887,34,4
TAAGAAAGAGGTAAGC,S167N R321L F469E,0.0000,0.0000,0,6
TAAGAAAGATAACAAT,,0.1516,0.1516,10203,9412
TAAGAAAGATCAACCA,I339E,1.0000,1.1467,41,5
TAAGAAAGCAAAAAAC,G362E,0.2610,0.2610,1633,875
TAAGAAAGTAAGAAAA,,0.0851,0.0851,615,1011
TAAGAAATGCCTTAAC,T132S Q371K,0.2260,0.2260,2747,1700
TAAGAAATTCTATTCC,N443D,0.0000,0.0000,0,11
TAAGAAATTGACCGAG,L51Q,0.3097,0.3097,31,14
TAAGAACCTGATAAAA,V505L,0.2018,0.2018,697,483
TAAGAACTAAATCCTC,A138V,0.0244,0.0244,54,309
TAAGAACTTGAATTAA,A19Q L437P,0.0000,0.0000,0,8
TAAGAAGACCCCCCCA,L61R,nan,nan,0,0
TAAGAAGAGCCAACTA,,0.1921,0.1921,2164,1575
TAAGAAGGATCTATCC,D241E,0.1108,0.1108,648,818
TAAGAAGGTTAAAAAC,,0.2463,0.2463,1548,879
TAAGAATACCTCAACA,I42P,0.0000,0.0000,0,5
TAAGAATAGGATAGGT,R229S,nan,nan,0,0
TAAGAATATCGATTGC,I243Y,0.0000,0.0000,0,23
TAAGAATCCTCGAAGT,P162S A253V,0.1361,0.1361,1347,1384
TAAGAATCGGATTACA,L71M E189N,0.5577,0.5577,3079,772
TAAGAATGACCCCGTC,Y274C,nan,nan,0,0
TAAGAATGTTCTTTCC,,0.0699,0.0699,127,254
TAAGAATTAAATGGAA,N92M,0.1552,0.1552,162,146
TAAGAATTAGCCTGGC,,0.1630,0.1630,1738,1491
TAAGAATTAGGTCGAC,I155S,0.1669,0.1669,284,238
TAAGAATTGCTCAAAA,K62D D487N,0.3030,0.3030,13,6
TAAGAATTTAAGAGGA,,0.2008,0.2008,2425,1689
TAAGACAAAAACAGAG,R435F,1.0000,1.3485,135,14
TAAGACAAAACTAAAA,L427K,0.3696,0.3696,37,14
TAAGACAAATACCGAT,I335Q,0.0000,0.0000,0,3
TAAGACAAGCATGAAG,,0.0840,0.0840,289,481
TAAGACACGCATGACT,,0.2912,0.2912,481,231
TAAGACACTAATGACG,A138V,0.0472,0.0472,315,933
TAAGACAGGTTTTCGG,W153K,0.0000,0.0000,0,2
TAAGACATGAAAGTCG,N103E A526C,0.0821,0.0821,773,1317
TAAGACCCATGTATCT,N483F,0.0930,0.0930,456,686
TAAGACGAAGCGGTAT,S311G,0.2080,0.2080,470,316
TAAGACGCATACCACT,,0.1122,0.1122,317,395
TAAGACGTCGGAAACG,F467A,0.2867,0.2867,41,20
TAAGACTCTAATAAAC,Q545N,0.1686,0.1686,135,112
TAAGACTGGACAAACA,E24W N382Q E403K,1.0000,inf,14,0
TAAGACTTAACGGACA,Y141N G337E E508F,1.0000,4.3351,62,2
TAAGACTTAGACATGC,G542A L544A,nan,nan,0,0
TAAGACTTTATAACAC,Q211G,0.1210,0.1210,212,245
TAAGACTTTCATCCAA,V-2Y,0.0628,0.0628,102,227
TAAGACTTTGTAATAT,S185L,0.0291,0.0291,31,149
TAAGAGAATAAAAAAA,G228H,0.1509,0.1509,68,63
TAAGAGAATAAATACC,A394T,0.0000,0.0000,0,3
TAAGAGAATGTAGATC,I243M,0.0712,0.0712,188,369
TAAGAGACGTGAGCGA,L453G,0.1475,0.1475,4133,3919
TAAGAGACTATTTAAC,F245Q,0.3687,0.3687,29,11
TAAGAGCAAGTAAAAA,K125aH,0.2049,0.2049,1064,726
TAAGAGCAGTTACAGA,E432I,1.0000,1.9578,14,1
TAAGAGCATAGAACTT,,0.0347,0.0347,362,1460
TAAGAGCCACGCGAAC,C139G,0.2362,0.2362,179,106
TAAGAGCCTAACCCAA,Q344H,0.1035,0.1035,3738,5050
TAAGAGGAAAATAGAC,T283W,nan,nan,0,0
TAAGAGGAACATTACT,,0.2165,0.2165,926,598
TAAGAGGTGGGGAAGA,F148A,0.1078,0.1078,229,297
TAAGAGTAAAAAAGGA,A334D,1.0000,1.6981,85,7
TAAGAGTCAAGAAACA,E426Q,0.0912,0.0912,446,684
TAAGAGTGATATAGTG,K262G,0.4475,0.4475,32,10
TAAGAGTTAGACATAA,E468F,0.2013,0.2013,1791,1244
TAAGATAAGATATTTT,V5M F118L,0.0000,0.0000,0,3
TAAGATACACAAACAA,T436S,0.3776,0.3776,81,30
TAAGATACACGTTTGG,F233P,0.0000,0.0000,0,4
TAAGATACAGGAGATG,Q12F,0.1411,0.1411,8729,8653
TAAGATACGTACAGAA,T192A,0.0624,0.0624,96,215
TAAGATAGCAAGACCA,G286H S442I,nan,nan,0,0
TAAGATAGCCAAGAGC,P74E S311R,0.1974,0.1974,24,17
TAAGATAGTATTAATC,Q282C,nan,nan,0,0
TAAGATATAATACAAA,,0.0361,0.0361,24,93
TAAGATATGAAAAACC,R326C N379Q K387N,0.1873,0.1873,580,433
TAAGATATTGCCGATA,R328bN,0.1193,0.1193,180,211
TAAGATCACAGCACTT,G181M,0.0000,0.0000,0,1
TAAGATCGAGACTTCT,S146F,0.1458,0.1458,269,258
TAAGATGATAGAACGA,I288P,0.0000,0.0000,0,1
TAAGATGCATATATAT,,0.2068,0.2068,1168,790
TAAGATGGCATAAGTT,,0.1328,0.1328,337,355
TAAGATGTCAGACCAG,T422D,nan,nan,0,0
TAAGATGTGATTTACA,S356R V429E,0.0000,0.0000,0,1
TAAGATTACAAATTTC,,0.1196,0.1196,874,1022
TAAGATTACACACACT,K372L,0.1242,0.1242,2446,2753
TAAGATTATTGTCCAA,W180L K262N,0.6060,0.6060,26,6
TAAGATTCATTCAATG,N187R G342*,0.5594,0.5594,28,7
TAAGATTCGTACTCCG,K32S,0.1058,0.1058,742,981
TAAGATTGATGCAAAT,S519I,0.4895,0.4895,28,8
TAAGATTGTATATCAT,T318W,0.0507,0.0507,33,91
TAAGATTTGCAAATCA,L108W R496P,0.0000,0.0000,0,1
TAAGATTTGCGAAGCC,A19W V429C,0.0000,0.0000,0,1
TAAGCAAACCAAGGAT,,0.1853,0.1853,416,314
TAAGCAAAGTCACAAC,,0.1785,0.1785,203,159
TAAGCAACAAACTGTA,S291V,0.1355,0.1355,93,96
TAAGCAACACCCCAAA,N172E,0.1582,0.1582,611,540
TAAGCAACATCCCCTC,E44I,0.0000,0.0000,0,1
TAAGCAACGCGACCTA,Q371E,0.1042,0.1042,406,545
TAAGCACAAAACTCAA,Y98A,0.1829,0.1829,17,13
TAAGCACACCCATTGT,D27M,0.0000,0.0000,0,4
TAAGCACCCAGAGACA,R328aV,0.4001,0.4001,206,72
TAAGCACTGGTCGAAA,E246K M388W,0.0000,0.0000,0,2
TAAGCAGACCCCGCAA,V223E H354S,0.0000,0.0000,0,2
TAAGCAGATGACAGGC,P306Q,nan,nan,0,0
TAAGCAGCCCAACAAC,Y258M,0.1342,0.1342,1361,1418
TAAGCAGGGCCTGTAA,,0.0962,0.0962,192,279
TAAGCAGTAGAAGTTC,A373L S509N,0.0000,0.0000,0,1
TAAGCATAGCCTCCCT,S113I Y518A,0.7321,0.7321,89,17
TAAGCATTAATGAACA,K32H N186E,0.0000,0.0000,0,59
TAAGCATTCCTCACAT,K450F,0.0000,0.0000,0,30
TAAGCATTTAGACTAT,I374H,0.2062,0.2062,575,390
TAAGCCATAAAGTGAT,E89L,0.0884,0.0884,313,495
TAAGCCATCAATCAGA,I335W,0.0000,0.0000,0,29
TAAGCCCCTACTTCCA,N169P,0.1847,0.1847,4355,3298
TAAGCCCGCAGTTAGA,T199S,0.3021,0.3021,471,218
TAAGCCCTTATGGAAC,V272P,0.2045,0.2045,231,158
TAAGCCGAACGAACCA,K310M Y423W,0.6229,0.6229,49,11
TAAGCCGTATCTTTGA,Y201S,0.0469,0.0469,491,1465
TAAGCCTAAGTCCGGT,A144W,0.3430,0.3430,5131,2092
TAAGCCTAGCTGCTGT,,0.1398,0.1398,55,55
TAAGCCTCACCGTCAA,Q12D,0.1050,0.1050,1692,2254
TAAGCGCAATAACAAA,G330A,0.0909,0.0909,26,40
TAAGCGCACCCATCTA,E403P,0.0000,0.0000,0,4
TAAGCGGTTACCTGTG,,0.1291,0.1291,901,976
TAAGCGTACGGATCTA,M538L,0.0392,0.0392,7,25
TAAGCGTCCAGCTTTA,V223S,0.1798,0.1798,45,35
TAAGCGTCCTCCACAG,I406C,nan,nan,0,0
TAAGCGTGGACCTAAG,F294G,0.0000,0.0000,0,1
TAAGCTAAAGATCCTT,V444F,0.0000,0.0000,0,1
TAAGCTAACAATATGA,V223K E501Y,0.4143,0.4143,317,107
TAAGCTAACAGACACC,L209C,0.1578,0.1578,537,476
TAAGCTAAGACACTAC,N94C E174K W234* D241N E273K E414K D419N D487N E493K E500K,nan,nan,0,0
TAAGCTACATACCTTG,C473G,0.0999,0.0999,110,154
TAAGCTACTTCACGCA,G416E S492D,0.0000,0.0000,0,1
TAAGCTCATGCCAACA,T28N,0.0000,0.0000,0,6
TAAGCTCGATGAAGAA,G72K,0.0000,0.0000,0,5
TAAGCTGCCGAGAAAA,T436N Y512A,0.2079,0.2079,55,37
TAAGGAAATCTTGGAT,F147D N186K Y448R,0.0000,0.0000,0,16
TAAGGAATAGGAAGCA,,0.1173,0.1173,1062,1266
TAAGGAATGAGCTAGT,,0.1208,0.1208,1206,1396
TAAGGACAATAAACCA,M75C,0.2347,0.2347,3514,2094
TAAGGACACGGTAGCG,N92R F251I,0.1468,0.1468,105,100
TAAGGACACTGGCATA,N322G T370G W537K,nan,nan,0,0
TAAGGACATATTGAAC,Y141P C539F,0.0200,0.0200,30,210
TAAGGACCAAGAGCCA,I-3M I385P,0.0000,0.0000,0,2
TAAGGACCAAGGACCA,L43Y A373T,0.0000,0.0000,0,2
TAAGGACTTAGTAAGT,Y161N Q545R,nan,nan,0,0
TAAGGAGCCATGTAAC,,0.1884,0.1884,753,559
TAAGGAGCCCCTCATG,L59C L213I,0.0848,0.0848,257,424
TAAGGAGGATGGGCGT,Q25R,0.0743,0.0743,902,1697
TAAGGAGTAACCATAT,S323R G484Q,0.1851,0.1851,270,204
TAAGGATAAAACAATT,Y256E Y448W,0.1398,0.1398,54,54
TAAGGATTTAGGGGTA,C14Y I164Q,0.1039,0.1039,26,35
TAAGGCACTTTAAGAA,V88Q S113I H355G,0.0000,0.0000,0,11
TAAGGCATCCGACCCA,,0.1308,0.1308,1486,1589
TAAGGCCACTAAGTAC,R81E C466R,0.0000,0.0000,0,6
TAAGGCGACTGTATAG,T301I,0.0655,0.0655,267,570
TAAGGCTAATTCATCC,A336G,0.1207,0.1207,158,183
TAAGGCTTAGACCCGA,M268N,0.0000,0.0000,0,32
TAAGGGAAGATCGGAT,,0.0000,0.0000,0,12
TAAGGGATAGAATTAC,S442V,0.1013,0.1013,888,1226
TAAGGGATTGAAAACT,L122S,0.2113,0.2113,6965,4610
TAAGGGCAATAATCTT,A67Y,0.0430,0.0430,59,192
TAAGGGCACCCATATT,K328cF A334S,nan,nan,0,0
TAAGGGCAGAAGTTTT,S523F,0.6024,0.6024,56,13
TAAGGGGTTTAGGATG,D241Y,0.1566,0.1566,28,25
TAAGGGTTAATGTCGG,N169L D449A,0.2207,0.2207,2787,1766
TAAGGTAACACACTGG,I406R,0.0000,0.0000,0,16
TAAGGTAGAGGATTAA,R547N,0.0000,0.0000,0,3
TAAGGTATACCAAATT,H184Y N458S,0.9944,0.9944,64,9
TAAGGTCAAAACCCCC,S203E,0.0000,0.0000,0,35
TAAGGTCGACATGCCT,E398D,0.1565,0.1565,582,520
TAAGGTGCATTGATGC,S247T,0.0000,0.0000,0,8
TAAGGTGTTCTGCCAG,N433A,1.0000,inf,14,0
TAAGGTTAGCACATTT,A336T,0.2797,0.2797,6,3
TAAGGTTCAGAATATA,N193Y,0.1532,0.1532,1803,1646
TAAGGTTTGCAATTAC,S167Q R321P T370R,nan,nan,0,0
TAAGGTTTTCAAAGTG,W153P,0.7179,0.7179,77,15
TAAGTAAATATAGAAT,L2D,nan,nan,0,0
TAAGTAAATGTATAGA,I155E,0.0901,0.0901,96,149
TAAGTAACTCCTGTCA,,0.0917,0.0917,1031,1572
TAAGTAACTTATCCGG,K45R M268P,nan,nan,0,0
TAAGTAATAACAAAAG,I124T,0.1595,0.1595,2041,1790
TAAGTAATACCACCCA,L133aM,0.1452,0.1452,645,621
TAAGTACCAAACCTAG,G504A,0.0000,0.0000,0,3
TAAGTACCAGAATTCA,R435W,0.0000,0.0000,0,4
TAAGTACCGCAACCAT,,nan,nan,0,0
TAAGTACGAATCCACA,,0.0841,0.0841,86,143
TAAGTAGACTGGTATC,S167F R321D T370M F469C,0.0000,0.0000,0,12
TAAGTAGATCATCAAA,S203Q,0.0000,0.0000,0,20
TAAGTAGGAGGGTTGT,V66M S247I,0.0000,0.0000,0,14
TAAGTAGGCTAATAAA,P198D,0.0043,0.0043,13,420
TAAGTAGTAGATCTCA,M111R,0.0000,0.0000,0,31
TAAGTAGTCCATCAAA,S291R,0.0000,0.0000,0,24
TAAGTATAACCACGCT,G271L,0.5063,0.5063,105,29
TAAGTATACCACGAAC,Q282K,nan,nan,0,0
TAAGTATATAAAAAGG,F469H Q545W,0.0000,0.0000,0,8
TAAGTATCCATCCGGA,L176F A364T,0.1936,0.1936,198,143
TAAGTATGAAGCCCAC,G342K,0.0979,0.0979,14,20
TAAGTATTAAACAGGT,H440M L544Q,0.2168,0.2168,62,40
TAAGTCAAAAGTCCAA,E398V,0.0951,0.0951,766,1126
TAAGTCAAACCTACGA,V381K,0.0000,0.0000,0,9
TAAGTCAAAGCGCTAA,K460C,0.1900,0.1900,1923,1415
TAAGTCAAGAATATGA,G68C W69M,0.0000,0.0000,0,10
TAAGTCAATAAACTGG,S113V,0.0000,0.0000,0,7
TAAGTCAATATGTCAC,,0.1647,0.1647,2132,1810
TAAGTCACCTGGAATA,L2K G416T,0.0000,0.0000,0,9
TAAGTCATACCTAAAG,,nan,nan,0,0
TAAGTCATGTACTACC,Y274F A495D,0.1224,0.1224,14,16
TAAGTCCCGCCATACA,S167H F469G,0.0000,0.0000,0,2
TAAGTCCGACTATCTC,,0.0000,0.0000,0,17
TAAGTCCTACCAAACT,S167Q S207G,0.1128,0.1128,50,62
TAAGTCGTGTTCTAAA,C97* L497C,0.0000,0.0000,0,1
TAAGTCTCTCCGGAGT,D231C,0.0759,0.0759,745,1372
TAAGTCTTTACCATCC,S221Q E500M,0.0885,0.0885,362,572
TAAGTGAACACTTGCA,V135Q,0.1003,0.1003,1570,2188
TAAGTGAATCTTAGCA,R496L,0.0222,0.0222,20,126
TAAGTGACATGAATAT,V204W,0.2911,0.2911,179,86
TAAGTGACTACACAGA,S22K,0.0778,0.0778,217,390
TAAGTGGGAACACTGT,E403T,0.0000,0.0000,0,18
TAAGTGTCGAAATGTT,D104P,nan,nan,0,0
TAAGTGTTAGCGGAAA,T206Y E432K,0.0000,0.0000,0,2
TAAGTGTTTGGGATTT,K32Q,0.5244,0.5244,75,20
TAAGTTAAAGCGATTC,Y105N,0.0000,0.0000,0,131
TAAGTTAAATCATTGA,R173T,0.0896,0.0896,66,103
TAAGTTAACAGGTATG,M268N,0.0000,0.0000,0,9
TAAGTTATCAACACAT,A495H,nan,nan,0,0
TAAGTTATCCATAATG,A160H,0.1388,0.1388,1114,1122
TAAGTTCAAGCTATCC,T219R V377F,1.0000,1.1987,60,7
TAAGTTCATGCGATGC,K280P,0.1113,0.1113,332,417
TAAGTTCCATCAACAA,T23I M268P,0.0000,0.0000,0,3
TAAGTTGAAACGACCA,,0.1047,0.1047,474,633
TAAGTTGACCATTCCC,,0.2211,0.2211,68,43
TAAGTTGGGACCCATC,,0.1632,0.1632,189,162
TAAGTTGTACGCGAAC,I121R K412R,nan,nan,0,0
TAAGTTTACAATAACG,M230L,0.1135,0.1135,857,1056
TAAGTTTCAGAAACAG,E479V,0.0714,0.0714,323,633
TAATAAAAAGGCTCTA,A287V,0.4195,0.4195,24,8
TAATAAAATTTCAAAA,,0.1516,0.1516,3132,2890
TAATAAACACAGATAA,V315C,0.0704,0.0704,72,143
TAATAAACAGGTTCTC,,0.1665,0.1665,25,21
TAATAAACATAGAGTA,,0.2300,0.2300,1533,932
TAATAAACATGCAGGT,I406Q,0.6593,0.6593,66,14
TAATAAAGCCTTGAAC,,0.0472,0.0472,25,74
TAATAAAGCTTAATCC,W537K,0.3423,0.3423,607,248
TAATAAAGGCTAAAAA,H471V K506H,0.0000,0.0000,0,4
TAATAAAGGGATGCTG,K280S,0.1152,0.1152,98,119
TAATAAATAAACTAAA,A522E,0.4895,0.4895,49,14
TAATAAATAACGGACA,I288R V420S,0.0000,0.0000,0,1
TAATAAATATGTGGCG,L316D,0.0000,0.0000,0,1
TAATAAATCAATAATA,L102D,0.2110,0.2110,175,116
TAATAAATTAAATACA,,0.1236,0.1236,76,86
TAATAAATTACACTCA,H244I,0.1793,0.1793,3683,2873
TAATAAATTCGGCCAC,A188R,0.1892,0.1892,2050,1515
TAATAACAATGAATTG,,0.1105,0.1105,109,138
TAATAACACTATTTTC,P128I,0.1457,0.1457,928,891
TAATAACCATTTTTAT,,0.0918,0.0918,548,835
TAATAACCTCATTCAA,N357Q,0.0532,0.0532,27,71
TAATAACGATGTTCTC,H244F,0.0000,0.0000,0,204
TAATAACTAATTAAAC,N210K,1.0000,3.9156,28,1
TAATAACTAATTGAAA,I178N L527M,0.0000,0.0000,0,7
TAATAACTAGATAAAA,W69P V395S S524R,0.0000,0.0000,0,4
TAATAAGAACGGAGTA,A526H,0.0000,0.0000,0,1
TAATAAGATAGGAATA,L54T,0.0000,0.0000,0,2
TAATAAGATCAGAGCC,S291R,0.4562,0.4562,137,42
TAATAAGCTCTCAAAC,R328bA,0.1506,0.1506,2851,2648
TAATAAGTAGTTTAAC,S323I I514D,0.0000,0.0000,0,17
TAATAATAAACACGAG,E24G,0.1865,0.1865,64,48
TAATAATAACGTATGC,I166M R173G D175G E189G Y195C T199A K472H,0.0000,0.0000,0,1
TAATAATAACTACTTT,,0.1657,0.1657,1166,984
TAATAATACAATAACA,L70A,0.0000,0.0000,0,12
TAATAATACATCAGAG,Q40F,0.1621,0.1621,2689,2320
TAATAATATCTATGAA,G263Q,nan,nan,0,0
TAATAATCAACATAAA,G225S,0.0563,0.0563,137,340
TAATAATCACACAAAT,K196G S203N,0.1966,0.1966,329,234
TAATAATCAGACATCA,T46C L194G,0.0000,0.0000,0,4
TAATAATTACAGCGTA,I406F,0.1776,0.1776,160,126
TAATAATTGTGACCAT,L7M K372Q I529C,0.1779,0.1779,393,309
TAATACAACCCCATAT,M30Q,0.1459,0.1459,717,687
TAATACAATAAGAAGG,N169T S369Q F469G,0.1444,0.1444,32,31
TAATACAATTGATGGT,,0.1430,0.1430,536,524
TAATACACCTAATCAC,L316I,0.1294,0.1294,385,416
TAATACACTTACAGAA,P299V Y353D E508P,0.0000,0.0000,0,2
TAATACAGAATTTATG,S221T,0.1418,0.1418,1246,1229
TAATACAGCAGCCCGT,L194C Y488Q,0.3962,0.3962,34,12
TAATACATAGAAATGG,S356R,0.1821,0.1821,870,668
TAATACATAGTACCTT,D240M,0.1307,0.1307,774,828
TAATACATATCTTTTG,I374T,0.0618,0.0618,212,480
TAATACCAATGAAATT,I243T A287T E468I,0.0000,0.0000,0,16
TAATACCAGAAATTTG,F232S,0.0000,0.0000,0,5
TAATACCCTCGCACGA,A67G,nan,nan,0,0
TAATACCGATTAACGG,G271M,0.1284,0.1284,5752,6264
TAATACGATTGACAAC,,0.0902,0.0902,659,1022
TAATACGCCAAAACGA,G360V,0.0000,0.0000,0,4
TAATACGTCGAAGGTT,S383T,0.0377,0.0377,24,89
TAATACTAAAATATCC,Y512Q,0.1620,0.1620,4033,3481
TAATACTACAACGGAG,G134D,nan,nan,0,0
TAATACTAGAATTTAG,,0.1747,0.1747,632,506
TAATACTCCAAACTAG,N250D,nan,nan,0,0
TAATACTGGAGTCGTC,A373G,0.1146,0.1146,145,177
TAATACTGGTAGAGGC,F251L F469A D487N,0.0000,0.0000,0,9
TAATACTTCTGCATAT,R397E,0.1519,0.1519,4491,4135
TAATACTTGGGTCAAC,G360L,nan,nan,0,0
TAATAGAACAACACAA,I124G,0.0859,0.0859,118,192
TAATAGAACACCTGTA,S291I,0.5394,0.5394,81,21
TAATAGAATATCTATA,L507P,0.1122,0.1122,61,76
TAATAGAATTGAAAAA,V88R R229Q R435K,0.0000,0.0000,0,27
TAATAGAATTTACTGA,L314F,nan,nan,0,0
TAATAGACAAATAACT,P239C V381H,0.1806,0.1806,62,48
TAATAGAGAAATTAGA,,0.2447,0.2447,105,60
TAATAGAGCTGGACGG,N-4V,0.1173,0.1173,494,589
TAATAGAGTTAAATAC,L96T,0.0492,0.0492,25,71
TAATAGATCGAATATA,S6M M478L,0.0000,0.0000,0,12
TAATAGCACTTACATC,L1E,nan,nan,0,0
TAATAGCATAGTACAG,T279A N541S I550V,0.5910,0.5910,262,62
TAATAGCGGTTGGTAG,N210P Q211*,0.3729,0.3729,56,21
TAATAGCGTTAATCCA,V315C,0.1605,0.1605,1617,1409
TAATAGCTAAGTACCA,K472R,0.1158,0.1158,1645,1987
TAATAGGCTACAATAC,A522W,nan,nan,0,0
TAATAGGGCCCCACAA,K109I,0.1465,0.1465,22,21
TAATAGGTTGCACTCA,K32D E426Y,0.0000,0.0000,0,1
TAATAGTAATAGAACG,T192H,0.1977,0.1977,7602,5378
TAATAGTATCCGCGAT,I115N,0.1734,0.1734,31,25
TAATAGTCCCAGACTA,S133Y,0.0820,0.0820,631,1076
TAATAGTGTCAATATA,I80D,0.1978,0.1978,1420,1004
TAATATAAACACTCTG,Q25* I252C,0.0000,0.0000,0,7
TAATATAAGGTTATCT,H244G,0.3574,0.3574,23,9
TAATATAATGAAGAGG,K498V,0.1484,0.1484,605,570
TAATATAATTCTCCCA,I339P,0.2614,0.2614,43,23
TAATATACAAACTCAA,K109D C546Y,0.0000,0.0000,0,16
TAATATACACCCCCCG,E107K Q142T,0.0000,0.0000,0,7
TAATATACCCAATGAA,,0.2121,0.2121,4790,3158
TAATATAGAAGCGACC,E407C,0.1716,0.1716,162,132
TAATATAGATTCCCAC,G100W S167K R321K T370Q,0.0000,0.0000,0,8
TAATATATCTAGACTG,Q371M E414H,0.0000,0.0000,0,21
TAATATATTATAAAGG,L237P I406V,0.3418,0.3418,44,18
TAATATCGCAACCCAG,G72T,0.0602,0.0602,65,151
TAATATCGCTCGCATT,L108M,0.1388,0.1388,536,540
TAATATCTCTCGAACG,T279Y G396D,0.5774,0.5774,128,31
TAATATGAACAATATA,T266Q,0.1033,0.1033,302,409
TAATATGAATATGGTA,G341D,0.3218,0.3218,214,93
TAATATGCTGTCATAC,,0.0972,0.0972,750,1079
TAATATGGAAAACACT,,0.2497,0.2497,25,14
TAATATGGCTTGAGAT,I217W,0.0695,0.0695,1345,2708
TAATATGTAAAGGCTA,R499N,0.1657,0.1657,879,742
TAATATGTAGACAGCA,E83Q,0.1675,0.1675,6457,5390
TAATATGTATAATCCT,P74S,0.1742,0.1742,142,114
TAATATGTCCTGGCCA,N382I,0.2672,0.2672,384,201
TAATATGTGCGGGCCA,D415H,0.1093,0.1093,337,431
TAATATTAAAAACCTC,P82aM,0.0000,0.0000,0,22
TAATATTACAGACATA,I550K,0.4398,0.4398,217,69
TAATATTATGAACATA,L54R S203N,nan,nan,0,0
TAATATTCAAAGGTTT,V204R,nan,nan,0,0
TAATATTCAAATACTT,L300G,0.0253,0.0253,15,83
TAATATTGGATGCTCC,I80W,0.2572,0.2572,2036,1107
TAATCAAAAAAGCCGG,N172E,0.1656,0.1656,90,76
TAATCAAACTATAACT,R329L,0.0000,0.0000,0,4
TAATCAAATAGACAGC,R547V,0.1324,0.1324,1181,1247
TAATCAACAAAATTAT,P299K,0.1661,0.1661,1000,842
TAATCAACTATACATT,H47N G55K S125bG N357H,0.8158,0.8158,35,6
TAATCAAGAACCAATT,,0.1837,0.1837,2406,1832
TAATCAAGGATTGATG,S22Q,0.2406,0.2406,277,161
TAATCAATTAAACCCC,P82aQ Y201L A373T,0.0000,0.0000,0,6
TAATCAATTTCAAGAT,N446S,0.1305,0.1305,640,686
TAATCACAACACTGAC,C305Y,nan,nan,0,0
TAATCAGCACCCAATA,N210W,0.0000,0.0000,0,20
TAATCAGTAGACCAAA,E189M,0.4473,0.4473,3173,992
TAATCAGTCGTTTAAA,G225L,0.0371,0.0371,119,448
TAATCAGTTATTCTAT,L96W,0.0000,0.0000,0,58
TAATCATACCCAGCAA,H184K I243H,nan,nan,0,0
TAATCATACCCAGCCA,H184K,0.0811,0.0811,29,50
TAATCATTATTCCCCG,S167L P306F G504L,nan,nan,0,0
TAATCCAAATTAATCA,E508I,0.1982,0.1982,754,532
TAATCCAACAAAGTAT,P489L,0.1551,0.1551,1525,1375
TAATCCACATTTGAAA,T37Q G349R,nan,nan,0,0
TAATCCAGAGAAAGAA,,0.1038,0.1038,1834,2471
TAATCCAGGAGCCTAG,L325K,0.1523,0.1523,3673,3372
TAATCCATTACTTAAA,P215W,0.0000,0.0000,0,15
TAATCCATTTTCCATC,L112Y,0.0000,0.0000,0,14
TAATCCCAATATGGAG,N250K Y488W,0.0155,0.0155,1,9
TAATCCCAGTTAAATT,D27S E273K,0.0000,0.0000,0,18
TAATCCCCCTGCGCTA,I217P S383D,0.0000,0.0000,0,9
TAATCCCTAACAGTTA,E398F,0.0000,0.0000,0,1
TAATCCCTGAATTAAT,N169R R321L T370R F469S,0.0000,0.0000,0,2
TAATCCGACACACAAC,Y308L E494K,0.0000,0.0000,0,1
TAATCCGAGGCTCATA,E403Q,0.7866,0.7866,90,16
TAATCCTAAACTCGCC,T46D,0.0000,0.0000,0,29
TAATCCTCATCTCTAT,V135A,0.0593,0.0593,328,774
TAATCCTCTCGAACAC,T200W,0.4410,0.4410,82,26
TAATCCTTAGGTGGCC,,0.1257,0.1257,3213,3574
TAATCGACTAAACAAT,,0.0949,0.0949,1904,2806
TAATCGAGGAATACGA,N116K Y486K,0.0000,0.0000,0,7
TAATCGAGTCAAGCTA,S113V E432Y,nan,nan,0,0
TAATCGATCAATAATT,D449E,0.1381,0.1381,1186,1201
TAATCGATGCCGACCC,L71T,0.1402,0.1402,1846,1841
TAATCGATTAGAAAAA,,0.1486,0.1486,1102,1037
TAATCGCCATCCTGGA,,0.1009,0.1009,44,61
TAATCGCCGAGTTTTG,A218N E508T,0.0405,0.0405,35,121
TAATCGCGCATTTCGG,Q513A,0.1810,0.1810,1398,1080
TAATCGTAATCTGTTA,,0.1238,0.1238,1108,1252
TAATCGTAGTTGTGTG,E493Q,0.1357,0.1357,197,203
TAATCGTCAGTGAACC,L447T,1.0000,1.3145,47,5
TAATCGTCATAGAAGC,N169F T370W F469P L497W,0.2517,0.2517,54,30
TAATCGTTAGTTATTA,K45C,0.1623,0.1623,1284,1106
TAATCTAAGAACAATA,,0.1527,0.1527,3865,3540
TAATCTACCGAATATG,V315F,0.0479,0.0479,12,35
TAATCTATGCTATAAT,E368K,0.0954,0.0954,133,195
TAATCTGATACTAGAT,G333S,nan,nan,0,0
TAATCTGTACAGCAGA,T163E,0.0765,0.0765,1671,3056
TAATCTGTACTACCCA,G362S,0.1697,0.1697,1024,844
TAATCTTCAAGGAAAC,A144Y,0.1074,0.1074,106,138
TAATCTTCCTACCCAG,I243V,0.1488,0.1488,3192,3000
TAATCTTCGTCAACGC,F233E,0.0000,0.0000,0,25
TAATCTTCGTTCGCTA,K313V,0.1005,0.1005,1445,2010
TAATCTTGCAAATTTA,,0.1225,0.1225,226,258
TAATGAAAAAACCTGA,A522Q,nan,nan,0,0
TAATGAAACCCATAAT,S65Y,0.6817,0.6817,39,8
TAATGAAATACAAGCA,E398M R404L,0.1716,0.1716,27,22
TAATGAAATCCTTGAG,T35W,0.1685,0.1685,94,78
TAATGAAATCGTTTAA,N103K F294Q,0.0000,0.0000,0,5
TAATGAACACAATCAT,N322I D366A F469S,0.0000,0.0000,0,2
TAATGAACCCAATATG,E403M,0.0000,0.0000,0,6
TAATGAACGTTTAAAC,G342I H471Y,nan,nan,0,0
TAATGAACTCATGAAT,,0.1233,0.1233,826,937
TAATGACACATCCCCG,Q513I,0.1436,0.1436,722,703
TAATGACCAGCCCAAG,E107I L176D,0.0000,0.0000,0,2
TAATGAGAACGATGGA,G181F,1.0000,2.7269,39,2
TAATGAGCTTCAATTG,A188Q,0.1134,0.1134,420,518
TAATGATAAAAAAGCA,S524D,0.8041,0.8041,23,4
TAATGATAAAAGTAGA,G181A C466E,0.0000,0.0000,0,4
TAATGATAACACTTGA,L409N,nan,nan,0,0
TAATGATCAACCTGCA,N21I,nan,nan,0,0
TAATGATCTACACTAA,T35P,0.0830,0.0830,2766,4660
TAATGATGCACTTCTT,K57H,0.2140,0.2140,153,100
TAATGATTTGAAACGT,L437G,0.0000,0.0000,0,1
TAATGCAAATATCATT,,0.1158,0.1158,385,465
TAATGCACTGGAACAA,S136L Y486I,nan,nan,0,0
TAATGCATGCTGATAG,I166G,0.0581,0.0581,826,1989
TAATGCATTTTCATAT,K262V,nan,nan,0,0
TAATGCCATATAAACA,S361K,0.1649,0.1649,1592,1350
TAATGCCGGAGTGTTA,N248T T511M,0.1404,0.1404,2345,2336
TAATGCCTCAACCAAT,N187D,0.0177,0.0177,52,412
TAATGCTAAAAGATGG,,0.0786,0.0786,118,210
TAATGCTATAGAAAAC,H298P M388P,nan,nan,0,0
TAATGCTCAAATTAAG,E174V,0.2220,0.2220,1691,1065
TAATGCTCAATGTTTA,N20D I302Q,0.0000,0.0000,0,4
TAATGCTCGACTCATT,N296C,0.1211,0.1211,200,231
TAATGCTGCCAATAAA,E273R,0.1243,0.1243,48,54
TAATGGAATAGATAGA,Y98H,0.0000,0.0000,0,23
TAATGGACAGGTTCTA,L427F,0.0972,0.0972,251,361
TAATGGACTATCGAAA,A160I,0.1813,0.1813,1229,948
TAATGGCTGCATTGGC,F79H E493V,0.4042,0.4042,526,182
TAATGGGCGGGTAATG,S167M N322T S369W,1.0000,1.9112,82,6
TAATGGTACCGTATAG,N33V T378I,nan,nan,0,0
TAATGGTATACCAATC,A528W,0.1088,0.1088,175,225
TAATGGTATGAATAGG,V-2T,0.1173,0.1173,536,639
TAATGGTCATCTATTA,,0.2200,0.2200,461,293
TAATGGTGTTGAGCGA,K280N,0.0773,0.0773,441,798
TAATGTAAAAAAAAAG,D53G N54aK A495R,0.2641,0.2641,34,18
TAATGTAACTATAACA,K307L,0.5827,0.5827,25,6
TAATGTAAGAAACCTG,,0.2009,0.2009,352,245
TAATGTACAACGGAAT,,0.1301,0.1301,4661,5011
TAATGTACAGTATAGA,L102G,0.0000,0.0000,0,4
TAATGTATAACTAAAT,Q226R,0.0862,0.0862,37,60
TAATGTATTGAACATG,S383L,0.0000,0.0000,0,43
TAATGTCACCATGATA,G362P,0.0000,0.0000,0,11
TAATGTCTAACCCCTT,S290L,0.0592,0.0592,72,170
TAATGTGAAACCGCAA,K45Q,0.1003,0.1003,429,598
TAATGTGACTTGCTGT,,0.1670,0.1670,86,72
TAATGTTAAAAATAGA,N169I,0.1781,0.1781,121,95
TAATGTTCAATATGCG,N94H,0.1708,0.1708,1037,849
TAATGTTCGGAAACCG,K32R K57R M346V,nan,nan,0,0
TAATGTTCTAAAAGTT,E432K M538R,0.0000,0.0000,0,2
TAATGTTTCCTTCCAC,,0.2193,0.2193,403,257
TAATTAAACACATTAT,,0.2070,0.2070,1547,1045
TAATTAAATGAATGAA,N129V,0.1440,0.1440,593,576
TAATTAAATGCTCAAT,P82aT,0.1267,0.1267,328,362
TAATTAAGAACAAGTA,M388K,0.0466,0.0466,4,12
TAATTAAGTAACGTAA,L102Q,0.1810,0.1810,22,17
TAATTAAGTCCCGAGA,,0.0807,0.0807,255,442
TAATTAATAGCAACGT,T199Q,0.1766,0.1766,2494,1975
TAATTAATCGAATATA,K9M,0.0390,0.0390,70,251
TAATTAATGATGACTC,G303I,0.0000,0.0000,0,18
TAATTAATTGGAAGTC,E78G A287I,0.0000,0.0000,0,2
TAATTACCGTTAACTA,D348N H355G,0.0000,0.0000,0,1
TAATTACTAACATTCC,I-3K Y512D,0.0000,0.0000,0,79
TAATTAGAAACATTAG,F147Y,0.0862,0.0862,473,767
TAATTAGCATCTGGCG,G225V V510A,nan,nan,0,0
TAATTAGCCATTCATA,I155N R452H G510aD,0.0000,0.0000,0,32
TAATTAGCTACTGATT,T192V,0.0000,0.0000,0,32
TAATTAGGCCAAAAAT,R173F K280N,0.0000,0.0000,0,52
TAATTAGTAGAGGCTG,K109R,0.0877,0.0877,32,51
TAATTATAACAGGAAC,,0.1405,0.1405,2450,2439
TAATTATCGTCTTGGT,T520E A526S,0.0000,0.0000,0,3
TAATTATGTATCGATT,,0.1053,0.1053,122,162
TAATTCAAATCCAATG,E106P,0.2208,0.2208,259,164
TAATTCAACCGTGAAA,I514A,0.2566,0.2566,1615,880
TAATTCAATAATATCG,T171E S524P,0.2175,0.2175,28,18
TAATTCACTACTGAGA,K196R,0.1716,0.1716,676,551
TAATTCAGAATCAACA,N312F,0.0742,0.0742,902,1701
TAATTCAGACAAACGA,,0.1377,0.1377,1333,1354
TAATTCAGTAAAATAC,A160D W180C,0.3146,0.3146,9,4
TAATTCAGTAGTCAAG,I124A A137V,0.0569,0.0569,522,1284
TAATTCATACGGTCCG,I13D,0.0000,0.0000,0,6
TAATTCATCGAAGGTA,S167R R321T T370L,nan,nan,0,0
TAATTCCAGAAAAGGA,G360T,0.1388,0.1388,131,132
TAATTCCATGCCTTTA,N169A D366N T370V F469L,0.0000,0.0000,0,1
TAATTCCCTTTTGTGA,V444S,0.0000,0.0000,0,2
TAATTCCGAAGGGACC,Q142F R547I,0.1134,0.1134,420,518
TAATTCGGTGACCCAA,N389T,0.1632,0.1632,4848,4154
TAATTCGTAAAGTCAC,R114K T192Q,0.0830,0.0830,108,182
TAATTCTAGATGCCGA,,0.1675,0.1675,557,465
TAATTCTAGCTTTTCA,L59M W153R Y488D,0.0000,0.0000,0,6
TAATTCTATACAGGAC,I335A L497G,0.2119,0.2119,97,64
TAATTCTCAATGTCGT,A3T,0.1042,0.1042,359,482
TAATTCTGATATAAAG,Q545D,0.0000,0.0000,0,11
TAATTCTTACGCGCAT,,0.1655,0.1655,4989,4216
TAATTCTTTGCCCCAT,E501N,0.1646,0.1646,1317,1119
TAATTGAAAATTTTAA,L2H S113V,0.0000,0.0000,0,12
TAATTGAAGGCACGCA,,0.2237,0.2237,280,175
TAATTGAATGCCAAGC,L300K,0.1158,0.1158,1306,1577
TAATTGACACATGAGG,Y86V,0.6992,0.6992,90,18
TAATTGACACGAAGTT,E31W,0.1487,0.1487,185,174
TAATTGACGTTATATA,S22G,0.0545,0.0545,30,77
TAATTGAGAGACGCTA,Q282W,nan,nan,0,0
TAATTGAGGCTCAAAA,T35M,0.0889,0.0889,464,730
TAATTGAGTCCTGAAC,F469S,0.0000,0.0000,0,2
TAATTGCATAGAACAG,H295Q F392Y,0.1012,0.1012,249,344
TAATTGCCCTCCGCCC,T266G,0.0315,0.0315,9,40
TAATTGCCTCCTATTA,K460E,0.1008,0.1008,578,802
TAATTGCGGGACCAGA,P254T,0.0000,0.0000,0,2
TAATTGCGGTAGTATA,Y195M,0.0000,0.0000,0,9
TAATTGCTCAGAGAAA,L133aK,0.2915,0.2915,494,237
TAATTGCTCCCATGAT,G349T,0.0000,0.0000,0,4
TAATTGGAACAAAAAC,C281K,0.1831,0.1831,55,42
TAATTGGAACCGTCAA,Y363S N424E,0.0000,0.0000,0,49
TAATTGGGGTTAATAC,,0.0943,0.0943,427,633
TAATTGTAGCAAGCTA,,0.0000,0.0000,0,1
TAATTGTAGTACGCCA,G416T,0.2797,0.2797,42,21
TAATTGTCTGAACCAA,W69F I243E,1.0000,1.0069,36,5
TAATTGTTCCATACAA,V26T A521E,0.0000,0.0000,0,4
TAATTTAAAGCAAATA,P284W,0.0579,0.0579,94,227
TAATTTAATGCCCACC,V420T,0.4122,0.4122,283,96
TAATTTAATGTCTTCT,G376R,0.0976,0.0976,1459,2090
TAATTTAGATAAGCGA,H354F,0.0662,0.0662,494,1043
TAATTTCAACGTCGAG,,0.2177,0.2177,5203,3342
TAATTTCCATAAAAGC,,0.2809,0.2809,237,118
TAATTTCCGCGATACT,D264I,0.0000,0.0000,0,1
TAATTTCTGGCCCCAC,,0.1363,0.1363,3237,3320
TAATTTCTTTAATCTT,M292G K450L,0.0000,0.0000,0,4
TAATTTGACAGAGATG,Y512R,0.0000,0.0000,0,2
TAATTTGACGAGATCC,F79N,0.1249,0.1249,242,271
TAATTTTCCTCTTTAT,Q191P,0.0000,0.0000,0,3
TAATTTTGCCTGCCAA,I550E,0.2305,0.2305,150,91
TAATTTTTTCGACACA,,0.1733,0.1733,2158,1741
TACAAAAAAGAAGATC,A67T,0.2556,0.2556,53,29
TACAAAAAATACTTTA,Q371L,0.2748,0.2748,112,57
TACAAAAAGCGCCGAA,M-6I,nan,nan,0,0
TACAAAAATAATCGAT,P284V,0.0000,0.0000,0,43
TACAAAAATACTTGCG,M431D,0.0000,0.0000,0,2
TACAAAAATTACTTCT,R227N D366R F469I,nan,nan,0,0
TACAAAAGCCTTCGCC,G333S,0.2474,0.2474,506,286
TACAAAATACAGATCC,K262T,0.2033,0.2033,506,348
TACAAACACAAGCCAT,,0.1295,0.1295,400,432
TACAAACACGGGACAT,A19E,0.0958,0.0958,1268,1851
TACAAACCACCCAGTT,E-5M L430V,0.2456,0.2456,562,320
TACAAACCCGATTACC,Y274G T485E,1.0000,1.3285,19,2
TACAAACGCGAAACGT,V223Y,0.0929,0.0929,537,808
TACAAACGGCCATTAT,,0.0913,0.0913,77,118
TACAAACTTCATTTCA,D53H N169S R173G,0.7157,0.7157,87,17
TACAAAGAAAATTTCC,,0.1257,0.1257,1016,1130
TACAAAGAACGTCTCC,Y488E S492N,0.0783,0.0783,42,75
TACAAAGAATACTACC,C477E,0.0000,0.0000,0,159
TACAAAGACACCTCTA,D241N,0.2052,0.2052,245,167
TACAAAGAGACTCGGG,Q391H,0.1725,0.1725,1379,1118
TACAAAGATAAAACAA,A242T,0.1447,0.1447,417,403
TACAAAGATATAGACA,T37S,0.0565,0.0565,19,47
TACAAAGGCGAAGAAT,N210A,0.0000,0.0000,0,19
TACAAAGGTACACCGC,K506P,0.1515,0.1515,1705,1574
TACAAAGGTTTTGGAA,L7Y,0.1955,0.1955,4302,3077
TACAAAGTCACGAGTC,N446S,0.1698,0.1698,12115,9975
TACAAAGTTATAACCA,T23V T318R,0.2139,0.2139,26,17
TACAAATAATCCATAA,,0.0977,0.0977,336,481
TACAAATAATTTTATC,L122E Y512L,0.2134,0.2134,383,251
TACAAATACCCGGTTT,F469V,nan,nan,0,0
TACAAATCACGCCATC,R328aE,0.0000,0.0000,0,4
TACAAATCGAATCCGA,S290Y,0.0000,0.0000,0,1
TACAAATCTTTGCCAG,D441I,0.1461,0.1461,1941,1858
TACAACAAATAACAAT,P489Y,0.1089,0.1089,356,457
TACAACAAATCGTTTC,K32M I302Q,0.0000,0.0000,0,9
TACAACAATGTGACTG,R90P,0.0902,0.0902,1071,1661
TACAACAGAGGTTGCG,Q391E,0.0817,0.0817,163,279
TACAACATATATAGTC,T511G,0.1248,0.1248,83,93
TACAACATCCAAACAA,,0.0093,0.0093,1,15
TACAACATCTAGACAA,M431K,0.3176,0.3176,109,48
TACAACATGAGATCGG,G342E,1.0000,1.2726,91,10
TACAACATTCAAACAT,D474R,0.0839,0.0839,3094,5156
TACAACATTGAGTTAA,,0.1880,0.1880,2271,1689
TACAACCAACTCAAGA,G333M,0.1691,0.1691,2153,1781
TACAACCAAGTAACAA,P145E,0.0908,0.0908,947,1459
TACAACCAATGCGAAG,Q222A,0.1908,0.1908,348,255
TACAACCACCAGATTC,M530G,1.0000,2.0697,148,10
TACAACCATCTTTGAA,K120F,nan,nan,0,0
TACAACCCGTGACCTC,G134I T422M,nan,nan,0,0
TACAACCCTCCAAACC,S167L R321M F469C,0.0000,0.0000,0,5
TACAACGGACTATAAA,,0.0781,0.0781,420,752
TACAACGTCAACTAGT,D240H,0.1493,0.1493,2263,2120
TACAACTAAACTATGC,P92aL I155A F399G,0.0000,0.0000,0,26
TACAACTAAATGCCTA,N186H,0.0000,0.0000,0,72
TACAACTAGTATAATG,A532I,0.0000,0.0000,0,4
TACAACTCGGGCAGGG,K328F,0.1777,0.1777,681,536
TACAACTGCATGAACA,T171N,0.1372,0.1372,4133,4213
TACAACTGCGAGAAGG,L108I,0.1343,0.1343,2402,2501
TACAACTGCTACTTTG,L1T R452L,0.2606,0.2606,123,66
TACAACTGTAGTGGAG,E501N,0.1144,0.1144,18,22
TACAACTTGACCTTTA,T37C F147Y E494Y,nan,nan,0,0
TACAACTTTGACAATG,T520I,0.1445,0.1445,93,90
TACAAGAACGAAAATC,N443H,0.0393,0.0393,9,32
TACAAGAAGACCATTG,F469E,nan,nan,0,0
TACAAGAATACCTTTC,L179Q,0.0999,0.0999,615,861
TACAAGACCTGATGCG,,0.1254,0.1254,165,184
TACAAGACTAAACTTA,L7Y E358C,0.0756,0.0756,367,679
TACAAGACTAATTAAA,,0.1621,0.1621,15244,13151
TACAAGACTAGTTTAA,,0.1856,0.1856,803,605
TACAAGAGACAATGAT,,0.1480,0.1480,1175,1110
TACAAGAGGAGACAGT,,0.2770,0.2770,3037,1533
TACAAGAGTACTGTAC,P92aG,0.2417,0.2417,261,151
TACAAGCAGCATGACA,C281A,0.0000,0.0000,0,14
TACAAGCAGGACAATC,I385Q,0.0355,0.0355,52,205
TACAAGCCATAAAATT,E508M,0.3429,0.3429,716,292
TACAAGCCCAAATAAC,S22P,1.0000,inf,19,0
TACAAGGACAAAATGT,R328aY,0.0000,0.0000,0,13
TACAAGTAGTAGCACA,S203I,0.0452,0.0452,52,161
TACAAGTGGGAAGATG,Q282P,0.0000,0.0000,0,3
TACAAGTTTGATACAA,D264E,0.0000,0.0000,0,88
TACAATAATCATTAAC,L154P Q211V M388S,nan,nan,0,0
TACAATAATGAATGTT,Q344* V429N,0.0000,0.0000,0,2
TACAATATAGCATAAA,V151F,0.1934,0.1934,1727,1249
TACAATATCATCGTTA,N312T,0.2538,0.2538,441,243
TACAATATCGCTATCC,,0.4615,0.4615,33,10
TACAATATGAATCATG,S10F,0.0000,0.0000,0,5
TACAATATGGAGGACA,H38M,0.1018,0.1018,409,562
TACAATCACTGCACAT,W421Y,0.0000,0.0000,0,3
TACAATCATGTAGTGC,,0.1988,0.1988,226,159
TACAATCTGATAAACC,S136W,0.0000,0.0000,0,13
TACAATGAAATCTCGA,R149D,0.1022,0.1022,1701,2328
TACAATGAACACCAGT,,0.0466,0.0466,3,9
TACAATGTAAGCTGAG,,0.1386,0.1386,767,774
TACAATTAATCCACCT,T163R,0.1865,0.1865,847,635
TACAATTAATCTCGAC,E500R,0.2401,0.2401,534,311
TACAATTATACGTAAC,,0.0323,0.0323,73,316
TACAATTCAAATGTTT,N197K,0.0759,0.0759,51,94
TACAATTCTTTTCTAT,,0.1523,0.1523,1455,1336
TACAATTTGCAGCTCC,N92S,0.1844,0.1844,770,584
TACAATTTGCTTAATG,D386G,0.1508,0.1508,974,903
TACACAAAATAAAAAT,G463N,0.1224,0.1224,630,720
TACACAAACAAAAGAC,V381I,0.1292,0.1292,2974,3219
TACACAACAAAACCCC,M538K,0.0910,0.0910,270,415
TACACAACATCAAAAT,L430G,nan,nan,0,0
TACACAACGGCTACGA,M292W,0.0251,0.0251,14,78
TACACAACTTGCAGGA,K125aE,0.1907,0.1907,6047,4435
TACACAATCAACAAAA,N54aA,0.2540,0.2540,525,289
TACACAATTAGCAAGT,Q142W,0.2588,0.2588,3055,1651
TACACACACCCTATTC,K498L,0.1295,0.1295,313,338
TACACACCCTGTAATC,F147H,0.1171,0.1171,175,209
TACACACCGACCATCT,R229F,0.0000,0.0000,0,16
TACACAGTCTCCTAAA,T370L E434Q,0.4795,0.4795,24,7
TACACATAGAGGCTTT,P306G L534M,0.2212,0.2212,1416,895
TACACATATCTATTCA,,0.0393,0.0393,43,153
TACACATGGTCCCAGG,D53Q,0.1069,0.1069,305,399
TACACATTATAGAATC,V420L,0.0685,0.0685,992,2026
TACACCAAAAAACAAA,G330F,0.4383,0.4383,702,224
TACACCAAAAATATTA,V315G G484M,0.0000,0.0000,0,7
TACACCAAAGGCTCGA,S311R,1.0000,2.2375,80,5
TACACCAACTACAGTA,M531R,nan,nan,0,0
TACACCAAGTAATCCC,W343V,nan,nan,0,0
TACACCAATCTATGAA,,0.1733,0.1733,280,226
TACACCAATTCATACA,P198H G342P,0.0000,0.0000,0,2
TACACCAGTTGAAACT,R173I,0.0712,0.0712,27,53
TACACCATCGGTACAC,I182E,0.0895,0.0895,160,250
TACACCCCTAAACGCA,T192I,0.1817,0.1817,1306,1005
TACACCCGACCTATTT,H298I Q513P,nan,nan,0,0
TACACCCTCATTCAAG,E-5T,0.1360,0.1360,747,768
TACACCTAGTGTAGCA,I15N,0.0000,0.0000,0,2
TACACCTCACTCTAAC,Y491E,0.0000,0.0000,0,8
TACACCTGACTAAAGA,S126W,0.2461,0.2461,755,429
TACACGAAAAAAATAG,I29M,nan,nan,0,0
TACACGACCTACCCCA,L122G,0.1312,0.1312,4806,5122
TACACGAGACCTTCCT,N248V,0.0348,0.0348,72,289
TACACGATTGTAACGC,N-4I,0.1340,0.1340,2101,2193
TACACGCCTCAAATAT,G16T L453W,0.0000,0.0000,0,7
TACACGCGAGTAGCAA,,0.1446,0.1446,2574,2489
TACACGGCGAGCACCC,I550D,1.0000,3.5893,77,3
TACACGGTTTCAAATG,,0.2321,0.2321,609,367
TACACGTTATACTAGA,L71W,nan,nan,0,0
TACACTAACATTGCAA,K62R I164G,0.0533,0.0533,80,210
TACACTATATACAGAT,L437S,0.0000,0.0000,0,2
TACACTATGACGAGTC,V135P,0.7259,0.7259,109,21
TACACTATTGAAAAGG,W69H K460M,0.0000,0.0000,0,13
TACACTCATTACCTAC,G360E,0.0000,0.0000,0,5
TACACTCTAAATTATG,S369Q,0.2773,0.2773,569,287
TACACTCTTATAACGG,,0.1414,0.1414,3390,3352
TACACTCTTCTTCGAC,R212I,0.1425,0.1425,896,879
TACACTGAAGCATCCG,V481F,0.3113,0.3113,69,31
TACACTGACTACTTAC,,0.2000,0.2000,974,681
TACACTGAGCGCGCAA,F251I R329N,0.0000,0.0000,0,4
TACACTGAGCTATTAC,,0.1810,0.1810,787,608
TACACTGTATCCCAAC,,0.1436,0.1436,4506,4387
TACACTTAACCAAAGT,K472I,0.2130,0.2130,1720,1129
TACACTTATGCCGGAT,K498N,0.1243,0.1243,2183,2455
TACACTTGTTCTACTT,A160T,0.4231,0.4231,6094,2014
TACAGAAACAGCCACC,S247G,0.1229,0.1229,131,149
TACAGAAAGACCAAAA,C305F R435K,0.0000,0.0000,0,7
TACAGAAAGTTAGAAC,M530G,0.5361,0.5361,46,12
TACAGAACAGCGCATA,M230I,0.2665,0.2665,3480,1826
TACAGAAGCCGACAAA,G342P,0.0000,0.0000,0,3
TACAGAAGTGACGAGT,*551M,0.1046,0.1046,309,413
TACAGAATCGCGCGCT,M388R,0.0000,0.0000,0,3
TACAGACAAGACACCG,Q391L,1.0000,2.2052,205,13
TACAGACATTAAAAGA,,0.1110,0.1110,2216,2792
TACAGACCAAAACGAC,I80W V505N,0.3496,0.3496,65,26
TACAGAGAAATGCAAA,Q211V L428P,0.4088,0.4088,38,13
TACAGAGCCTTTTATC,A253K I374Y,nan,nan,0,0
TACAGAGGCCAGACGC,M346I S356C,nan,nan,0,0
TACAGATCAAAGACAC,E407Q,0.1161,0.1161,436,525
TACAGATCTAGCATTG,,0.0588,0.0588,247,587
TACAGATGTTATAATA,R220K,1.0000,1.1887,51,6
TACAGATTGGCTTAAA,K165R,0.1368,0.1368,1453,1485
TACAGATTTTTGGCTA,H298T,0.2673,0.2673,130,68
TACAGCAACTAAACCA,,0.2183,0.2183,4033,2584
TACAGCATGGTACCGT,S356H,0.1270,0.1270,582,641
TACAGCCAATTCAATA,C539G,0.0831,0.0831,460,774
TACAGCCTATATGGCG,N116K,0.1346,0.1346,2469,2566
TACAGCGACATCTTCT,G342A,0.0087,0.0087,1,16
TACAGCGCAGTCATTA,A188T,0.1731,0.1731,52,42
TACAGCGCTACGACAT,C477W,1.0000,inf,61,0
TACAGCTAGAAATAAG,S113L,0.0000,0.0000,0,4
TACAGCTCTCTAGCTA,,0.1059,0.1059,215,284
TACAGCTGAGTTGAAT,E83P,0.0000,0.0000,0,75
TACAGCTGCTCGACCT,P293D,0.0000,0.0000,0,3
TACAGGAAAGACAAGT,E398R,1.0000,1.4544,52,5
TACAGGAAATTTCCTG,K269D Y363L,0.0000,0.0000,0,9
TACAGGAAGACTATCT,W234R,0.0000,0.0000,0,4
TACAGGAATGAGCTGC,S113A,0.1213,0.1213,4717,5439
TACAGGACAAAATAGT,D41Y,0.0622,0.0622,198,445
TACAGGACCATGATTG,,0.1677,0.1677,2012,1678
TACAGGATCTGGAAAA,A138D P299H Q490K,0.0000,0.0000,0,12
TACAGGTAAAAGATTC,N389K V510W,0.0000,0.0000,0,39
TACAGTAACACTTTGT,R496H,0.2073,0.2073,1577,1064
TACAGTAACCCGTGGA,K445F,nan,nan,0,0
TACAGTCAAGATGACT,,0.1721,0.1721,2495,2027
TACAGTCCCATTCAGG,Q513I,0.2290,0.2290,642,392
TACAGTCTTGTATGTG,K216W,0.0465,0.0465,701,2110
TACAGTTAACAACACA,Q513Y,0.1550,0.1550,51,46
TACAGTTACGCCTTTC,,nan,nan,0,0
TACAGTTATATAGTCG,A93Q,nan,nan,0,0
TACAGTTTGTCCACAC,,0.0332,0.0332,137,577
TACATAAACTCAATGG,,0.0860,0.0860,465,756
TACATAAACTTGTAAA,I288H V510L,nan,nan,0,0
TACATAAATCACTAAA,G337W,0.0000,0.0000,0,3
TACATAAATCTAATAA,P99Y,nan,nan,0,0
TACATAACAGCATTCG,K280W,0.1850,0.1850,250,189
TACATAACCCGTCAAG,G349L,0.0000,0.0000,0,4
TACATAAGGGATAACC,D449P,0.1279,0.1279,43,47
TACATAAGTTGGGTTT,,0.1118,0.1118,5485,6862
TACATAATTACAATAA,V347R,0.1041,0.1041,125,168
TACATACAGCTCTACA,S167L R321T K372Q,0.0000,0.0000,0,1
TACATACCGCAAGTAG,G100S R328bQ,nan,nan,0,0
TACATACGCCACTCGG,E358K,0.0583,0.0583,25,60
TACATACGTAAACAAG,Y353A,0.0000,0.0000,0,5
TACATAGATATATTGA,K387T,0.1087,0.1087,2547,3277
TACATAGGTAATAAGG,S22N,0.1941,0.1941,1473,1061
TACATAGTAATATACT,N408P,1.0000,1.0139,29,4
TACATAGTCCCGGCAT,F469R I550N,0.0000,0.0000,0,5
TACATAGTCCTCTAAA,G228N,0.3097,0.3097,31,14
TACATATAAAAACCGG,,0.1778,0.1778,2846,2239
TACATATATCTATAGC,T28A M230G,0.3457,0.3457,89,36
TACATATCATATCAAG,E434K,nan,nan,0,0
TACATATCGCCTGCCC,H440N,0.0000,0.0000,0,13
TACATATTGGGGCAAG,E494N,0.1373,0.1373,163,166
TACATCAAACCGAGTG,,0.1689,0.1689,1234,1022
TACATCAAGGAGGGTC,N21I L428Y,0.0000,0.0000,0,3
TACATCAATTTACGTC,G484R,0.2859,0.2859,139,68
TACATCACTAACAGGC,S125bT F469W,nan,nan,0,0
TACATCAGAGTCACAG,A188F,0.1669,0.1669,5437,4555
TACATCATACATGGGG,L112D E501V,0.8018,0.8018,86,15
TACATCATAGCCGCTA,L497W,0.2951,0.2951,268,127
TACATCATCATGGGCC,,0.1705,0.1705,1952,1601
TACATCCAGACAAGAT,L108F A287P,0.0000,0.0000,0,11
TACATCCCAATGACCG,,0.0993,0.0993,360,507
TACATCCTTTCCTTGA,P145L G342D,0.6347,0.6347,59,13
TACATCTAGAAACTGT,P82aN T266W,0.2264,0.2264,34,21
TACATCTGGTGTATTA,C477P,0.0000,0.0000,0,1
TACATCTTTAGACGTA,L-1D,0.2285,0.2285,134,82
TACATGAAGTTAAGGT,V395Y,0.3941,0.3941,31,11
TACATGAATTCCATTT,G360R,1.0000,1.3285,57,6
TACATGAGCGACGGTT,,0.1362,0.1362,795,816
TACATGAGGCCAAGTA,G55R W343Y M538F,0.0000,0.0000,0,10
TACATGATACCATAAA,,0.1507,0.1507,2040,1893
TACATGATCCATTGTG,,0.0669,0.0669,725,1516
TACATGCATAAACCAG,N-4A,0.0760,0.0760,1312,2413
TACATGCCGTACACTG,P58H,0.0000,0.0000,0,6
TACATGCGTAAAACCA,L-1F F469G R499Q,0.0000,0.0000,0,11
TACATGCTCAGCGAGA,,0.1241,0.1241,1841,2075
TACATGGAAACCAAAC,K259F,0.1161,0.1161,1001,1206
TACATGGACCAATTAA,Y353L,nan,nan,0,0
TACATGTAATACTCTA,,0.1825,0.1825,2276,1744
TACATGTACCCAATAT,R173E,0.0285,0.0285,50,245
TACATGTAGAGCGATC,Y488N,0.1219,0.1219,821,942
TACATGTCGTACAGCG,K9W,0.0768,0.0768,758,1380
TACATGTTCCGAATTA,I29R,0.0000,0.0000,0,13
TACATTACATAAAGTA,Y488K A528D,nan,nan,0,0
TACATTACCAAATTAA,L209Y,0.0631,0.0631,489,1083
TACATTAGCATGAAAA,K196V K280E,0.3277,0.3277,1057,451
TACATTATACTTGGAA,P306G,0.0537,0.0537,81,211
TACATTCAAGGCCCTG,A93G Y512T,0.0899,0.0899,674,1048
TACATTCAATAGTTTG,I164Q,0.0610,0.0610,627,1437
TACATTCCGCTATTTT,A317S,0.0000,0.0000,0,34
TACATTCTGTAATGTA,,0.1866,0.1866,1401,1050
TACATTCTTAGGCCTA,R220I A257L,nan,nan,0,0
TACATTGCCCCGCAAC,L112I,0.1550,0.1550,3455,3117
TACATTGCGCTACTAA,E403I,1.0000,1.7830,51,4
TACATTGTTAATTCAC,P58L,0.0000,0.0000,0,5
TACATTGTTCTGCGAT,K307S,0.2474,0.2474,23,13
TACATTGTTTAGGAAA,,0.1403,0.1403,601,599
TACATTTCATAAATAA,T35F N389R,0.1538,0.1538,2694,2449
TACATTTCTTATAGAA,H38P,0.0000,0.0000,0,2
TACCAAAAAAGCAAAA,G134V E246K,0.1818,0.1818,13,10
TACCAAAATTACTGTA,E107C,0.5594,0.5594,40,10
TACCAAACAGGCGGGC,A67H,0.1230,0.1230,1727,1964
TACCAAACATTAAGTA,H117P T370S,0.0000,0.0000,0,4
TACCAAACTAATGACC,K216C,0.0799,0.0799,1219,2133
TACCAACAAACACAAA,K412G,0.4572,0.4572,85,26
TACCAACACCCAATCC,P254W H440Y,0.0000,0.0000,0,11
TACCAACAGAAATAGT,G360D M530C,0.2797,0.2797,10,5
TACCAACATGCACCGT,F147W,0.0184,0.0184,72,547
TACCAACATTGTTATA,C546N,0.2090,0.2090,136,91
TACCAACCGAAGAATT,R452W A528E,0.0000,0.0000,0,18
TACCAACCTAAGAGTC,R404W,0.0000,0.0000,0,2
TACCAACGGAATCAAG,I335G,0.5069,0.5069,58,16
TACCAACTCAATTATT,S6V E273D,0.1049,0.1049,105,140
TACCAACTCGAATTAT,S22R,0.0000,0.0000,0,24
TACCAAGAAAGAAATA,*551I,0.0347,0.0347,29,117
TACCAAGCGGTTTATT,,0.1547,0.1547,52,47
TACCAAGCTAGTATGT,,0.1836,0.1836,365,278
TACCAAGGGCTAATGA,E44L K120W,0.0000,0.0000,0,7
TACCAAGTTGATTTGA,,0.0622,0.0622,12,27
TACCAATATCAGTCAT,G181P,0.0000,0.0000,0,4
TACCAATGAACTTAAA,S133N R329G,0.0000,0.0000,0,2
TACCAATTATAAGAAG,,0.1290,0.1290,8035,8711
TACCAATTTTACTCTT,,0.1789,0.1789,673,526
TACCACAAACGGGTAA,A39K R149K,0.0000,0.0000,0,1
TACCACACAAGAAACA,E107W,nan,nan,0,0
TACCACATGAGCCCCA,,0.0000,0.0000,0,13
TACCACATTGCGTTAT,A364S I529Q,0.0000,0.0000,0,11
TACCACCAACACTAAA,,1.0000,2.1326,61,4
TACCACGCATTATTAA,N193Y,0.2809,0.2809,460,229
TACCACGCCCCGCGAC,L427C A522T,0.0000,0.0000,0,5
TACCACGTACAGGAAG,L402E,0.2050,0.2050,887,605
TACCACGTTACAAACG,H38Y K45N,0.1843,0.1843,29,22
TACCACGTTCAAAGCG,K9T L507V,0.0411,0.0411,50,170
TACCACTATACCTAAC,G228C R329G,0.0000,0.0000,0,9
TACCAGAACACGGCCC,N446C,0.0466,0.0466,52,156
TACCAGAACGGGTTAA,E479F,0.1014,0.1014,2166,2988
TACCAGAATGATTGAA,D415A,0.0869,0.0869,376,605
TACCAGACGTGAATGA,N289K S492F,0.0000,0.0000,0,7
TACCAGCCATGCTCTC,N312G,0.0684,0.0684,66,135
TACCAGGCATATCCTA,G68C M346H,0.0000,0.0000,0,12
TACCAGGGTTGGAGAA,,0.1674,0.1674,17974,15015
TACCAGGTTTAAAGTG,C281I C546Y,0.0000,0.0000,0,3
TACCAGTAAGATATTG,,0.4036,0.4036,1065,369
TACCAGTTTACTCCAC,S523K,0.0000,0.0000,0,9
TACCATACATTCTTTC,,0.0000,0.0000,0,15
TACCATACCATATCGG,L176H N357Q,0.0000,0.0000,0,8
TACCATCAGGGACCCG,L176E,0.5898,0.5898,97,23
TACCATCCGGCGGGAA,P489L,0.1059,0.1059,390,515
TACCATCTTATCGCGA,G16K,0.0000,0.0000,0,1
TACCATGGACAATTAA,E44S S167C R321S T370* F469T,nan,nan,0,0
TACCATGTGCAGAGAC,G225C M530S,0.0000,0.0000,0,4
TACCATTCAATACCAT,S85Q N379G,0.0000,0.0000,0,4
TACCATTCAATGCTAG,A160T K165N R404Q,0.3743,0.3743,5345,1997
TACCATTTAATCGTAC,D375F,0.1660,0.1660,286,241
TACCATTTATAGATAT,M413G,1.0000,3.6359,52,2
TACCATTTGTAAAACC,V8H G360K,0.0000,0.0000,0,3
TACCCAAACCAAAAGC,V377S,0.0000,0.0000,0,2
TACCCAAATTCCCCAC,N169S I335V,0.1939,0.1939,897,647
TACCCAACCAAACAGG,V395E,0.0000,0.0000,0,31
TACCCAACTGGAATCC,F467W,0.1033,0.1033,3732,5052
TACCCAAGACAATAAA,E501C,0.1678,0.1678,102,85
TACCCAATATCCGTCC,A394D,0.0000,0.0000,0,6
TACCCAATGTAAACAC,D438E,0.1333,0.1333,6259,6567
TACCCAATTTAGTAAT,I548F,0.0000,0.0000,0,6
TACCCACAAAGAGATT,Q222F,0.0879,0.0879,340,541
TACCCACACGACCTTA,,0.2340,0.2340,174,104
TACCCACGGACTTTAC,E78K,nan,nan,0,0
TACCCAGACTATGAGT,N33H,0.2649,0.2649,286,151
TACCCAGGCCGGAGCG,A160E T318Q,0.1269,0.1269,432,476
TACCCATAATTTCGAA,R496Y,0.4037,0.4037,511,177
TACCCATCCGGTTTCC,,0.1259,0.1259,1820,2022
TACCCATCTATTCGAA,L70M K120W,0.0000,0.0000,0,5
TACCCATTCATATTTG,,0.1194,0.1194,310,363
TACCCCAACAGCAATC,R90Y,0.1049,0.1049,81,108
TACCCCAGATAATTAA,F469K,nan,nan,0,0
TACCCCAGATGATTAA,D95L A364T F469K,0.0000,0.0000,0,10
TACCCCCCATTCATGC,L428C,0.0000,0.0000,0,16
TACCCCCGCACCTGCA,K280W,0.1387,0.1387,957,965
TACCCCCTACGGGCGA,V36D F245N,0.0000,0.0000,0,13
TACCCCGACGAAATAC,,0.1515,0.1515,2705,2497
TACCCCTATAACTGTC,,0.2430,0.2430,1576,907
TACCCCTCATATACGT,R452I,1.0000,1.3052,28,3
TACCCGAAAATAACAA,M388A,0.1212,0.1212,52,60
TACCCGAAAGTCACCC,,0.1744,0.1744,4588,3678
TACCCGAACATCAAAT,Q142W E501K,0.2278,0.2278,4975,3054
TACCCGAAGGTCCAGG,K372F,0.0981,0.0981,2834,4039
TACCCGAAGTGAAGGA,T171H,0.0000,0.0000,0,18
TACCCGATACCCTACA,H244Q,0.1072,0.1072,23,30
TACCCGCCATGAGCCC,N278D,0.0946,0.0946,1407,2080
TACCCGCCGTTCGGTA,E479V,0.0792,0.0792,1762,3111
TACCCGCGGTACATAT,S113H,0.0000,0.0000,0,4
TACCCGCTGCATTCCT,I406K,nan,nan,0,0
TACCCTAACCAGCAAA,D77H,0.1834,0.1834,4665,3558
TACCCTACCAAATAAG,M-6E D41L,nan,nan,0,0
TACCCTGGCTTGATTA,L61V,0.0745,0.0745,282,529
TACCCTGTATGCACTA,,0.1206,0.1206,1242,1440
TACCCTGTATTGATTA,R326T,0.1280,0.1280,538,588
TACCCTTAACCTCACA,F439Y M478I,0.0913,0.0913,141,216
TACCCTTAATACAATA,A522Q,0.0000,0.0000,0,5
TACCGAAAAAATCAGA,I-3T N187Y,0.6463,0.6463,171,37
TACCGAAACTCAAATT,C97I H298L V381S,0.1319,0.1319,33,35
TACCGAAATCTCTCAT,G376E,0.1134,0.1134,163,201
TACCGAAGATCTTTCC,G181T H184Y,nan,nan,0,0
TACCGAAGCATAACAA,,0.1564,0.1564,2869,2565
TACCGACCAATATTAT,E414A,0.1276,0.1276,281,308
TACCGAGGAAGCGAAT,Y256V,0.1657,0.1657,5555,4689
TACCGAGGGGCTAACA,,0.1582,0.1582,43,38
TACCGAGTAAAATTAA,A3Y N312M,0.2007,0.2007,2764,1926
TACCGAGTGTTCCAAC,E407P,0.9026,0.9026,71,11
TACCGATACAAATCGG,,0.0000,0.0000,0,19
TACCGATCTACCTAGT,L71G A522Q,0.0000,0.0000,0,9
TACCGATGTCCAGATA,N322L T370W F469G,0.3729,0.3729,64,24
TACCGATTTTTGTCGA,E31A E414Y,0.0000,0.0000,0,8
TACCGCAATAGCACGG,D231G,0.0748,0.0748,298,557
TACCGCATATAGAAAA,,0.0000,0.0000,0,37
TACCGCCAATGGCTCG,D63P N210V,0.3286,0.3286,47,20
TACCGCCGACCGCTGA,G376W,0.3770,0.3770,124,46
TACCGCGCCTGCCGTC,I115F,nan,nan,0,0
TACCGGATTAAATGCG,M530K,0.0000,0.0000,0,1
TACCGGATTCACATAC,N483R E500R,0.1026,0.1026,44,60
TACCGGCATTTTGCCG,F251S,nan,nan,0,0
TACCGGGTATGTTTGA,N296M Y491C,0.0000,0.0000,0,1
TACCGGGTCTTATAAA,S519C,0.0000,0.0000,0,29
TACCGGTTCCAAACAG,L61Q,1.0000,1.0488,75,10
TACCGTAAATTATGAT,I13E H471E,0.5314,0.5314,57,15
TACCGTACCATAGAAT,Q226L,0.0067,0.0067,66,1379
TACCGTCATAGTTCCA,N129M,0.1429,0.1429,419,410
TACCGTCCAATCACCT,A495V,0.1101,0.1101,2182,2771
TACCGTCGCAACTGAG,V420Q,0.1958,0.1958,49,35
TACCGTGGCTTTAAGA,P145C T206A W234Q,0.0000,0.0000,0,6
TACCGTTGCGCCCGCC,P293S,0.0229,0.0229,35,214
TACCGTTTACGTCAAT,N193R,0.5135,0.5135,5728,1560
TACCTAAAAATAATTC,,0.1243,0.1243,72,81
TACCTAAAATTTCAAA,R435I,0.0000,0.0000,0,2
TACCTAAACGAATATA,,0.0000,0.0000,0,5
TACCTAAAGATCTCGA,,0.2496,0.2496,282,158
TACCTAACCTGACTCA,A459L,0.0000,0.0000,0,6
TACCTAAGAAACCATG,H355Y,0.0981,0.0981,393,560
TACCTAATACCAAACT,,0.1503,0.1503,1501,1397
TACCTAATGAAAATCC,S543Y,0.2510,0.2510,3734,2080
TACCTACGCTCTGTGC,,0.1280,0.1280,1348,1473
TACCTAGCACAGAGCA,L507E,0.2270,0.2270,237,146
TACCTCAAGATCGTAC,C477P,0.0000,0.0000,0,3
TACCTCACATAAAAGT,P306I M413I S442N,0.0000,0.0000,0,1
TACCTCACTATGGCGA,,0.0953,0.0953,605,888
TACCTCATGCGTAAAT,,0.1863,0.1863,2570,1929
TACCTCCACAAGAGGC,F439Q,nan,nan,0,0
TACCTCCTGAAAGTCA,D63H S125bQ,0.1017,0.1017,482,663
TACCTCGACGAGAGCA,G228A,0.8391,0.8391,36,6
TACCTCGATAAATGTC,N401A,0.1532,0.1532,2010,1835
TACCTCTGAAAATTAC,W234I,0.3941,0.3941,31,11
TACCTCTTCTGCTACT,P299E,0.0821,0.0821,3614,6154
TACCTGAATTATCACC,G181D,0.0000,0.0000,0,1
TACCTGATACTCAACA,T37L,0.0000,0.0000,0,5
TACCTGATGACGAAGA,G362I,0.1823,0.1823,2440,1872
TACCTGGAGGGACTAT,D375Y,0.1801,0.1801,447,347
TACCTGGCCTTCCATA,M292E,0.1200,0.1200,127,148
TACCTGTGACACACCC,,0.2136,0.2136,1613,1056
TACCTTAAAAAGGAAT,S290C,0.0000,0.0000,0,19
TACCTTAAAATGCCTG,E246A,0.0951,0.0951,1293,1902
TACCTTAAGGCTCACT,,0.1374,0.1374,614,625
TACCTTAATATTTCGA,,0.0599,0.0599,9,21
TACCTTAGTATTTCTT,,0.1372,0.1372,2162,2204
TACCTTCACTAGCAAC,R496N,0.1231,0.1231,999,1135
TACCTTCGCGTATCAA,A257C,0.2946,0.2946,158,75
TACCTTGGGAGTCTGA,P92aQ,0.1305,0.1305,814,872
TACCTTTTTCAATTGA,,0.1846,0.1846,1323,1002
TACGAAAAAACATATC,,0.0747,0.0747,505,946
TACGAAAACTCACAAA,C139F,0.8950,0.8950,32,5
TACGAAACACTAAATC,N312V,0.1179,0.1179,365,433
TACGAAACCTGAGGGT,K9R,0.2091,0.2091,800,535
TACGAAATAAGACAAA,V315F,0.0645,0.0645,857,1858
TACGAAATACTAAAAG,W537D,nan,nan,0,0
TACGAAATACTTAGAT,E273L,0.0000,0.0000,0,69
TACGAAATATTTTAAC,D95I,0.0000,0.0000,0,2
TACGAAATGACAAATT,S22P,0.0000,0.0000,0,2
TACGAAATTCAGAACC,F233E G362C,0.0000,0.0000,0,1
TACGAACAAAATAAGA,W350Y,nan,nan,0,0
TACGAACAATGTGTTG,L61E L194S,0.0000,0.0000,0,1
TACGAACACCCTCACG,D95E,0.1576,0.1576,400,355
TACGAACCCAAGCTCT,Y470M,0.1134,0.1134,398,491
TACGAACCTGCTAAAG,R321L K367P,nan,nan,0,0
TACGAACGAGTCAGTA,L1V,0.1087,0.1087,1048,1348
TACGAACGCCAAAAAA,E494G,0.0000,0.0000,0,27
TACGAACGTGTGACTT,,0.1438,0.1438,10037,9763
TACGAACTACCTTGTT,I335W,0.8391,0.8391,78,13
TACGAAGAGTAGTGTA,S146C,0.3263,0.3263,7,3
TACGAAGATACGTAGA,G249K,0.0000,0.0000,0,5
TACGAAGTCACATGCT,G303W E407K,nan,nan,0,0
TACGAATAAAGACCCG,,0.1877,0.1877,1789,1333
TACGAATAGGCTATGG,K259F,0.2559,0.2559,269,147
TACGAATAGTTTAATA,T301H,0.2621,0.2621,431,230
TACGAATTTAGTTAGG,T219I,0.1759,0.1759,1341,1066
TACGACAAAAAAAAAA,I60Y,nan,nan,0,0
TACGACACAATGTGAC,Q40K,nan,nan,0,0
TACGACACCTACAAGC,W127T,0.0939,0.0939,184,274
TACGACATACATGATT,D375W,0.0520,0.0520,42,113
TACGACATCGAGTCAT,A364C,0.1995,0.1995,786,551
TACGACCCTATTGTAA,L133aN I385V,0.1056,0.1056,394,522
TACGACGATCAGAAGC,V82I N193Y,0.1398,0.1398,1,1
TACGACGGCGGTATGA,,0.0799,0.0799,32,56
TACGAGAAGTTAAACA,L331V,0.1317,0.1317,211,224
TACGAGACTAGCATAC,A137V A287W M530I,nan,nan,0,0
TACGAGATTTAGAAGT,Q25K M431Y,nan,nan,0,0
TACGAGCAGAGCAACC,P92aF,0.0844,0.0844,184,305
TACGAGGCTATATATA,F399M,0.0000,0.0000,0,1
TACGAGGTATGCTACT,V377I,0.0748,0.0748,281,525
TACGAGGTGGTTCCGT,I182P,0.0000,0.0000,0,14
TACGAGTAACAACCAC,,0.0885,0.0885,138,218
TACGAGTATTAGCCTC,I297A,0.0899,0.0899,27,42
TACGAGTGTCAAATCA,L61Y V151M R329S G510aD,0.0000,0.0000,0,1
TACGAGTGTCACAGTG,I260S H471N,nan,nan,0,0
TACGAGTTGTTCCGAT,I517L,0.0986,0.0986,1129,1601
TACGATAACAAAAAGG,A242F,0.0756,0.0756,302,559
TACGATACAGCATCGG,Y423E,0.2797,0.2797,16,8
TACGATACTTAATAAG,E24T Q226K,0.2613,0.2613,71,38
TACGATATAAACCCAG,D449P,0.0000,0.0000,0,5
TACGATCATAGACATA,K313W,0.0504,0.0504,67,186
TACGATCATTCATTAT,V204G,0.0000,0.0000,0,35
TACGATCCGCCTAAAG,,0.0790,0.0790,3125,5532
TACGATCTTTGACTTA,L-1A C539W,0.5538,0.5538,99,25
TACGATGAACATAAAC,,0.2155,0.2155,10298,6683
TACGATGACATGAGTC,D375C,0.2858,0.2858,141,69
TACGATGAGTTCGACG,Y105E G286H Q359C,nan,nan,0,0
TACGATGTTTAATGAG,,0.1727,0.1727,21,17
TACGATTAACGAATAA,H18K,0.0000,0.0000,0,20
TACGATTACCGACATC,T422M,0.0000,0.0000,0,7
TACGATTATGCAGGCA,P299I,0.0417,0.0417,28,94
TACGATTGAATTCCCA,G352N,0.0000,0.0000,0,12
TACGCAAACATTATCG,H184C L427W,0.0000,0.0000,0,6
TACGCAAAGCTCCTAT,T46I A144D,0.1722,0.1722,1875,1523
TACGCAACGGATAATT,T279W L507M,0.0000,0.0000,0,7
TACGCAAGAACAATGT,,0.4055,0.4055,203,70
TACGCAATAATCGTAC,W69G,0.7070,0.7070,91,18
TACGCAATCGCGCCGA,,0.0000,0.0000,0,4
TACGCACATGCGATCT,S136Y,0.1859,0.1859,105,79
TACGCACATTGACACA,M-6A S221G,0.0000,0.0000,0,1
TACGCACCCGGGAGAG,N464R,0.0743,0.0743,110,207
TACGCACCGATTATTC,C305M,nan,nan,0,0
TACGCACCTAAACAGA,Y274I,0.0886,0.0886,902,1423
TACGCACCTCAACTTA,V204P,nan,nan,0,0
TACGCACTACATGCAA,P82aS,0.1563,0.1563,38,34
TACGCAGAAACTCATA,G68H,0.0000,0.0000,0,5
TACGCAGACACCGTAG,Y256A,0.1514,0.1514,718,663
TACGCATAGCAATATG,,0.1427,0.1427,1474,1444
TACGCATCGCTGTAAA,C549Y,0.1267,0.1267,298,329
TACGCCAAATAAACCG,,0.1919,0.1919,2205,1607
TACGCCACGTTTCTCA,F118E I124M,0.0000,0.0000,0,2
TACGCCAGGAGATTAT,R173W D241N G362F,0.0000,0.0000,0,1
TACGCCCAAAAAAAAA,L2Q Q25R,1.0000,2.9367,42,2
TACGCCCATAACATAA,M292R,0.1581,0.1581,1033,914
TACGCCCGCAGCTACC,Q40H,0.1235,0.1235,68,77
TACGCCCTACATTATA,V381E,0.9265,0.9265,53,8
TACGCCTAACTGTTAG,S167L N186D Y195C T200A K216R R220G R229G M230V N248G K259G,0.2476,0.2476,85,48
TACGCGACCATCGTAG,A242H K472T,0.1098,0.1098,289,368
TACGCGAGATCGCAGA,A137T,0.0000,0.0000,0,381
TACGCGATGGTCTTCA,A373E,0.0000,0.0000,0,7
TACGCGCCTGGTTTAT,Q454E,0.1286,0.1286,528,574
TACGCGCGGTCCATAA,S323H,0.2300,0.2300,1775,1079
TACGCGCTCAATCAAT,L102F C277T S442W,0.1995,0.1995,97,68
TACGCGGAGATCACTT,I202Q,0.0814,0.0814,152,261
TACGCGGGTAGATAAA,D375W,0.1761,0.1761,1160,921
TACGCGTACCCCGTAA,V66K S221A,0.0000,0.0000,0,2
TACGCGTATTGATCAA,I87E,0.0000,0.0000,0,6
TACGCGTCCATGTTCA,V66M,0.1000,0.1000,1806,2526
TACGCGTGAAGTAGAA,L447H A532M,0.0000,0.0000,0,4
TACGCTAGAATACATA,P74A,0.0601,0.0601,400,930
TACGCTAGCGACGATG,A459V G510aR,0.0716,0.0716,64,125
TACGCTCATAAGACGA,T46N,0.0829,0.0829,96,162
TACGCTCCGCAGTCCA,L2*,0.3007,0.3007,43,20
TACGCTCCGCAGTTCA,M268D,0.0000,0.0000,0,6
TACGCTGATGTGATGA,V34N I335E,nan,nan,0,0
TACGCTGCAGACCTTG,R173S A522N,0.0000,0.0000,0,3
TACGCTTGAACAGACC,,0.1456,0.1456,2466,2368
TACGCTTTCCTGGCAA,E273P,0.1032,0.1032,914,1239
TACGGAAAATCTAGGG,,nan,nan,0,0
TACGGAATACCGACAA,R229P,0.0000,0.0000,0,10
TACGGACATGGATCCT,M268I C277Q V377F,0.0000,0.0000,0,1
TACGGACCAAAACGAA,G72D D77T,1.0000,inf,1,0
TACGGATAATACTTAA,P162T L402Y,0.2583,0.2583,4636,2510
TACGGATTAAGCTCTA,A144D,0.0981,0.0981,360,513
TACGGATTGGATTATT,S167A F469C,0.0000,0.0000,0,6
TACGGCAAACCGCAAG,I29G,0.3696,0.3696,37,14
TACGGCACACTCTAAA,,0.2452,0.2452,384,219
TACGGCACCTGTATAA,S167I,0.2384,0.2384,774,454
TACGGCACTCTAAAGG,,0.1557,0.1557,13215,11872
TACGGCATACTACCAA,P324A,0.1021,0.1021,100,137
TACGGCCACAAGTATG,N158Y,0.1912,0.1912,160,117
TACGGCCCGGAATAAT,L430V,0.2096,0.2096,787,525
TACGGCCGCACTAGAC,K472R,0.2064,0.2064,7665,5194
TACGGCTACTACCGCT,H18F N458W,1.0000,1.1787,59,7
TACGGCTTAGGACCTC,C64P,0.0000,0.0000,0,10
TACGGGAATAGCTATG,P239A,0.0000,0.0000,0,21
TACGGGAGTGAGTACA,S6Q A138H D438M,0.0000,0.0000,0,25
TACGGGCCGACGACGG,T436F,0.0000,0.0000,0,2
TACGGGGTATGAATGT,A3P,0.0552,0.0552,329,834
TACGGGTAACATTACA,M478W,0.0000,0.0000,0,5
TACGGGTACCACCAAC,,0.1509,0.1509,218,202
TACGGGTACCATATAT,M292N,0.1359,0.1359,7618,7841
TACGGGTGATAACTGT,T171F E434H,0.7066,0.7066,96,19
TACGGGTTTTTGAACT,E24K K156M,0.0773,0.0773,604,1093
TACGGTAGTTCTAACC,P92aR,0.0676,0.0676,29,60
TACGGTCATTCAAAGG,,0.1430,0.1430,46,45
TACGGTCGAGAAGAAC,V261R I335N,0.9168,0.9168,177,27
TACGGTGAGACGCAAA,R321S T370P F469K,1.0000,2.3773,34,2
TACGGTTATAATTCTA,N116G *551C,0.3702,0.3702,45,17
TACGGTTGGACGACTT,,0.1076,0.1076,234,304
TACGTAAATACAAAAA,R326A,0.1386,0.1386,547,552
TACGTAAATACAGCGA,,0.1758,0.1758,2070,1647
TACGTAAGCCAATATA,K313I,0.0584,0.0584,28,67
TACGTACAGCGTGTCA,T199M,0.2281,0.2281,106,65
TACGTACCGAGGCTCT,P306K,0.0000,0.0000,0,1
TACGTAGATAAAATGT,K280V,0.1264,0.1264,5179,5731
TACGTAGATCCTAATT,,0.1575,0.1575,1768,1570
TACGTAGTACGGAGCA,L430P,0.0000,0.0000,0,10
TACGTATACTTAAATC,C97* C277W M531Q,0.0000,0.0000,0,11
TACGTATCATTCTAGT,,0.0872,0.0872,1560,2503
TACGTCAAAATAATTC,M268C F417E,nan,nan,0,0
TACGTCGCCATTCGCA,L1G,0.1235,0.1235,5844,6617
TACGTCTCTATCTCTC,,0.0446,0.0446,116,364
TACGTCTTATGACATC,,0.1016,0.1016,146,201
TACGTGACAGGCACGT,G72K,0.3170,0.3170,34,15
TACGTGACAGTCTCAG,Y141L,0.1432,0.1432,4636,4526
TACGTGATATAACCGT,N150E Q513K,0.0765,0.0765,70,128
TACGTGCAACAAAGTT,C277V E393P,0.0000,0.0000,0,2
TACGTGCCACGAACCT,D348R L428Y,0.0000,0.0000,0,3
TACGTGCGGCTCTCGA,Q513Y,0.1445,0.1445,1942,1880
TACGTGGGGTGTCTTT,,0.1882,0.1882,183,136
TACGTGTTTAAGATTC,V377A,0.0000,0.0000,0,41
TACGTTAACAAATCCA,Q142H,0.1942,0.1942,1543,1111
TACGTTACTGCACAGG,A317Y,0.0000,0.0000,0,16
TACGTTATGCCCCGAA,D77M,0.1875,0.1875,10167,7581
TACGTTATTCAGTCTG,K9I,nan,nan,0,0
TACGTTCAACCAATTA,I42F S146K,0.0000,0.0000,0,8
TACGTTCCGCTATGCA,G396I,0.0566,0.0566,68,168
TACGTTCGATTTCTGA,L316M,0.1017,0.1017,1170,1609
TACGTTCTCAAAAGAG,L71I K460R,0.1089,0.1089,981,1260
TACGTTCTTGCCTGAA,L70V,0.0587,0.0587,97,231
TACGTTTAACTTAGAC,L176E,0.1483,0.1483,35,33
TACGTTTCATCGGCAA,,0.1597,0.1597,2698,2362
TACTAAAAGTACCAAA,G542V,1.0000,2.5935,204,11
TACTAAAATATTCTGA,,0.0000,0.0000,0,76
TACTAAACTAAAGCTG,V-2H R456L,0.1150,0.1150,2474,3008
TACTAAAGATCGGGAC,E327F,0.1127,0.1127,511,634
TACTAAAGATTCTGCC,S207I,0.0904,0.0904,4603,7122
TACTAAATCAAAACAA,G228D,0.2011,0.2011,243,169
TACTAAATGCATTCGT,,0.0000,0.0000,0,1
TACTAACACTCAAGCA,L300N,0.1052,0.1052,4114,5470
TACTAACAGCTATATA,Y470R,0.1022,0.1022,1347,1844
TACTAACATCCAGCCA,I297K,0.0000,0.0000,0,4
TACTAACGCAACTCCA,A67G,0.1576,0.1576,1037,920
TACTAACGTAAAGATT,A19N,0.2331,0.2331,25,15
TACTAACGTTACAGTA,I236H,0.0688,0.0688,747,1519
TACTAACTAGGACTCA,D415W,0.0000,0.0000,0,12
TACTAAGACTAAAATA,N103R E426S,0.0000,0.0000,0,20
TACTAAGCCACAAAAA,,0.1595,0.1595,3437,3014
TACTAAGGTTCCAAAT,G396V D415F,0.0000,0.0000,0,1
TACTAAGTACTCAATA,L316E,nan,nan,0,0
TACTAAGTGGGAACGT,S167D N322T E368Y F469L,0.8170,0.8170,111,19
TACTAATCAACACCGT,E44D C477K,1.0000,1.9578,56,4
TACTAATCCGGGACCC,L1Y,0.2328,0.2328,263,158
TACTACAAAAAAGCAC,S6T,0.2115,0.2115,4576,3025
TACTACAACCTAAGGC,I384H,0.0000,0.0000,0,10
TACTACAATAAAATAG,S6C,0.0763,0.0763,174,319
TACTACACAAAAAGAA,E434V,0.2344,0.2344,119,71
TACTACATATAACTAC,L497F,0.1424,0.1424,113,111
TACTACATGAAAGGGC,L213P,0.0000,0.0000,0,3
TACTACATTAAATGTG,A138T N197H,0.0245,0.0245,17,97
TACTACATTAATTATC,,0.2359,0.2359,469,278
TACTACCGCCGAGGGA,K32I P198V E434*,nan,nan,0,0
TACTACCTGAAGCCTA,K380L,0.2184,0.2184,417,267
TACTACTAAACGTAAA,G341L,0.0000,0.0000,0,16
TACTACTATCTTCCTA,W153F,0.3442,0.3442,32,13
TACTACTCCAGTGGAT,C477R,0.0000,0.0000,0,2
TACTACTTAGAAGCAA,E131*,0.0000,0.0000,0,18
TACTAGAAGAGAGCGG,A528Y,0.0000,0.0000,0,1
TACTAGATCACCACGT,R81D,0.2077,0.2077,23922,16105
TACTAGCCGTGACTTA,H295Q,0.1500,0.1500,1266,1180
TACTAGCCTTTTCACT,K280W,0.2053,0.2053,2296,1564
TACTAGGACGGAGATT,F439C,0.0000,0.0000,0,7
TACTAGGCAATCGTTC,K307D I502F,0.0000,0.0000,0,1
TACTAGTTAATTACAT,K328cV,0.3230,0.3230,418,181
TACTAGTTTTAATACA,,0.1559,0.1559,1099,986
TACTATAAAAATATAG,Y512H,0.0660,0.0660,68,144
TACTATAAATAGTAGT,F148I N410K,0.0000,0.0000,0,2
TACTATAATGACTTAA,C14G H47Y S207E,nan,nan,0,0
TACTATACATTGACCC,I29W,0.1837,0.1837,268,204
TACTATAGTCAATATA,Q454H,0.0000,0.0000,0,9
TACTATATCTAGACGT,,0.1576,0.1576,133,118
TACTATATGTCAGAAC,K472A,0.1060,0.1060,921,1215
TACTATCACATACCGG,P284V,0.1138,0.1138,359,441
TACTATCATAAAACAA,E461Y,0.0000,0.0000,0,10
TACTATCCTACACACA,I124V N379E,0.1802,0.1802,353,274
TACTATTAACTGGGAC,I243A,0.1663,0.1663,812,683
TACTATTAATCAGCAT,I374V,0.1210,0.1210,2252,2603
TACTATTAGGATGGAA,D95R V135A R227T,nan,nan,0,0
TACTATTATGCATAAA,V36R I514A,0.2797,0.2797,22,11
TACTATTCCTATACTA,T37G,0.0000,0.0000,0,10
TACTATTGAAATCCTA,I267Y,0.1624,0.1624,496,427
TACTCAAATACCCCCA,N129R L544D,0.6526,0.6526,42,9
TACTCAACATAGTCCC,C64N S133N,0.4088,0.4088,38,13
TACTCAACATGAGATA,M431G,0.0000,0.0000,0,24
TACTCACAAGTTGGCA,,0.1417,0.1417,689,680
TACTCACACAACGAAG,P293R,0.4755,0.4755,17,5
TACTCACACAATTGTT,F392A,0.3176,0.3176,109,48
TACTCACATTAGACTT,I288C,0.0000,0.0000,0,5
TACTCACGTACAAACA,P284W,0.0000,0.0000,0,1
TACTCAGAATTGACTA,C76I Y256H,0.0000,0.0000,0,12
TACTCAGTTCAAAAAA,,0.2303,0.2303,1782,1082
TACTCATAGATAGAGA,L237R,0.0000,0.0000,0,3
TACTCATAGCCACAGC,G16T K216D,0.0000,0.0000,0,2
TACTCATATGCCAGAA,Y512Q,0.1026,0.1026,753,1026
TACTCATGTTTGTACG,S167C I335L,0.1242,0.1242,318,358
TACTCATTCTAAAGTA,G376S A522C,0.1409,0.1409,660,655
TACTCCAAACTACCGC,I374K,0.4595,0.4595,23,7
TACTCCAATAATCAAC,L2Q,0.0281,0.0281,53,264
TACTCCAGCGACGGAG,R405H,1.0000,inf,78,0
TACTCCATGAGTTAAT,V8H,nan,nan,0,0
TACTCCATGGTCGTTG,M538Q,0.1992,0.1992,282,198
TACTCCCTCGATAGAA,G286T A425G,0.0000,0.0000,0,11
TACTCCGGACCATATA,V395G,0.0571,0.0571,187,458
TACTCCGTCCAAATTA,,0.0912,0.0912,302,463
TACTCCTGTTAATACA,A257H,0.0000,0.0000,0,1
TACTCCTTTAGACGGG,A365S,0.1180,0.1180,534,633
TACTCGAAGAGGATAT,A521R,0.0000,0.0000,0,4
TACTCGAATAATAATT,G225R N322R T370G F469D,0.0000,0.0000,0,11
TACTCGACACTACTAA,M478D,0.0000,0.0000,0,2
TACTCGAGACGAATGA,,0.1022,0.1022,2727,3731
TACTCGAGATTGACAA,E476C,0.1227,0.1227,679,774
TACTCGAGTTAGCACT,R321K E479K,0.0000,0.0000,0,11
TACTCGATAAGTACAT,,0.1471,0.1471,304,289
TACTCGATTGCTTTCC,,0.1604,0.1604,117,102
TACTCGCCAATGGGCA,Y86E,nan,nan,0,0
TACTCGCTCCGGTGGA,T520A,0.1512,0.1512,1380,1276
TACTCGGACCAGCCTT,L213Y,0.1382,0.1382,693,701
TACTCGGATTTGAGAC,D441F,0.0940,0.0940,1326,1973
TACTCGGCAACAGAGA,K216M,0.1494,0.1494,204,191
TACTCGGGCGACTTAA,,0.0000,0.0000,0,20
TACTCGTACCTTAACA,F233G,0.0000,0.0000,0,37
TACTCGTTGTGGGAAT,,0.0000,0.0000,0,1
TACTCTAAGATTATTG,L453D,0.0000,0.0000,0,6
TACTCTACTATTCAAA,Y17T,0.1367,0.1367,130,133
TACTCTACTTAGGGAC,V135I,0.0968,0.0968,281,406
TACTCTGTAACGTAAA,D441Y,0.0762,0.0762,232,426
TACTCTGTACCATTCG,K9A S133R,0.1308,0.1308,1200,1283
TACTCTTCACAGGCCT,G342C,0.0000,0.0000,0,10
TACTCTTCGACTAGAC,G134R,0.0000,0.0000,0,7
TACTCTTGTAAGCATA,Y161R S524I,0.0000,0.0000,0,4
TACTCTTGTCTTAAGA,,0.1109,0.1109,589,743
TACTGAAAGTCCAAAA,F417L,0.2464,0.2464,74,42
TACTGAAGACGCCTTA,,0.1366,0.1366,422,432
TACTGAAGAGTAATGC,G303P,0.0000,0.0000,0,7
TACTGAAGGTCATAAT,,0.2039,0.2039,1850,1269
TACTGAATATATTACA,I260F,0.5955,0.5955,132,31
TACTGAATGTCAAAAT,C76M C539*,nan,nan,0,0
TACTGACAAGGCCTGC,P128T,0.1307,0.1307,1269,1358
TACTGACACCGTATAA,S167E K367N F469R,0.7458,0.7458,32,6
TACTGACGTAATATTG,,0.1629,0.1629,799,686
TACTGATATCTCAGAG,C477S,0.3529,0.3529,53,21
TACTGATATGTATAAC,P58S A67S R326C,nan,nan,0,0
TACTGCAAAATCTTAC,H298N,0.1357,0.1357,952,981
TACTGCATTGAACTCG,D474Q,0.0000,0.0000,0,21
TACTGCCAAAGGCTAC,D95T,0.2132,0.2132,831,545
TACTGCCCAAGCAAGA,D95S,0.1846,0.1846,1484,1124
TACTGCCCAGACTCCG,V34R I385E,nan,nan,0,0
TACTGCCTTTATACAA,I29P K372N Y491V,0.0000,0.0000,0,1
TACTGCGAAGGCATAC,L51C,0.1049,0.1049,6,8
TACTGCGCCGTATCTA,W421*,0.0000,0.0000,0,1
TACTGCTATACAAAGT,D104Q A253I,0.1893,0.1893,3231,2387
TACTGCTATCATTGCC,I155G,0.0473,0.0473,186,550
TACTGGAAAAAAACTC,A532P,0.1505,0.1505,537,499
TACTGGACTTAAATTT,N169E K216C,0.0814,0.0814,284,488
TACTGGAGTCCAAGAT,,0.1783,0.1783,190,149
TACTGGATCCCACACC,H183S,1.0000,inf,28,0
TACTGGCTTGACCAAA,N92G,0.1348,0.1348,3695,3834
TACTGTAAAGTTTAAC,L177M M431I L507A,0.3626,0.3626,70,27
TACTGTACTATCGCTA,Q359N,0.1831,0.1831,55,42
TACTGTCGTTGATTTT,K120Y T283I,0.0000,0.0000,0,2
TACTGTGCAACCTGAT,Q359G,0.1561,0.1561,5688,5095
TACTGTGCTACCACCG,E119F,0.0000,0.0000,0,104
TACTGTTTAATGGCAG,C473R,nan,nan,0,0
TACTTAAAACCACACA,F332A,0.6992,0.6992,235,47
TACTTAAACTGAGTTA,G286D,0.1916,0.1916,137,100
TACTTAACATGTTATA,L430G,0.0000,0.0000,0,3
TACTTAACCTTCCTTA,G181L,nan,nan,0,0
TACTTAATTCAAAATT,C52N A218G,0.6992,0.6992,20,4
TACTTACAAAAAGAAA,K125aH K450T,0.0509,0.0509,55,151
TACTTACAATAGGACC,T37I M111S,0.0000,0.0000,0,22
TACTTACACAAAATTG,T390Q,0.0554,0.0554,386,975
TACTTACCGAAATATC,L453Y,0.0000,0.0000,0,45
TACTTAGAAACCAGAT,I339E,0.7831,0.7831,56,10
TACTTATCCACGGGAA,L462S,0.1139,0.1139,4350,5340
TACTTCAGATGACAAC,T28G G228F,0.0000,0.0000,0,3
TACTTCATATAATAAC,,0.1753,0.1753,94,75
TACTTCCCTACCAAGA,S290Y,0.1244,0.1244,1802,2025
TACTTCGAGTTTAGTG,,0.1500,0.1500,2323,2166
TACTTCGATTCCTCTA,K216R,0.1888,0.1888,976,723
TACTTCTTATCCACGT,,0.1324,0.1324,303,320
TACTTCTTCTAACCAC,A425M,0.3126,0.3126,38,17
TACTTGAAGAGGACGA,Y274* D441F,0.2415,0.2415,19,11
TACTTGATCAACTTAG,I124H C277H,nan,nan,0,0
TACTTGCCGGAACTAT,G337V A373H,1.0000,1.1187,40,5
TACTTGCTAAATAATA,D375I,0.1996,0.1996,187,131
TACTTGTAAAAGCAAG,Q282P,0.7501,0.7501,59,11
TACTTGTAAGTGTAGA,G228S E476Y,0.0446,0.0446,22,69
TACTTGTCACCACAAG,P125Y,0.0981,0.0981,395,563
TACTTGTGCACGCCGA,G465R,0.1254,0.1254,61,68
TACTTGTTAAATGGTA,A188P,0.0878,0.0878,790,1258
TACTTTAACCCGGAAA,,0.0799,0.0799,44,77
TACTTTCCAATAATTA,N-4V,0.1409,0.1409,798,792
TACTTTGTAAAATTGA,E44D K45H,0.1098,0.1098,73,93
TACTTTGTAACACAAG,T171W,0.1948,0.1948,4163,2988
TACTTTGTTGTCGGAC,S65Y S265E,0.5873,0.5873,42,10
TACTTTTGGATGGATT,I236S M413I,0.0000,0.0000,0,65
TAGAAAACGGGTCGTT,,0.1468,0.1468,5843,5565
TAGAAAATACATTTAT,,0.1276,0.1276,1411,1546
TAGAAACCAATGAACG,Y512K,0.0000,0.0000,0,3
TAGAAACTGACCAGAC,,0.1234,0.1234,1572,1781
TAGAAAGAAAGACAAC,A459I,0.1133,0.1133,64,79
TAGAAAGAACTAACAA,,0.1455,0.1455,3016,2899
TAGAAAGAGTAGACGG,N21R,0.1885,0.1885,593,440
TAGAAAGCGGTCAAAT,S167T T370P F469V,0.0000,0.0000,0,12
TAGAAAGGAACGAAGC,E107A,nan,nan,0,0
TAGAAAGTCACTTATG,K280V K472G,0.1214,0.1214,909,1047
TAGAAAGTGAAATATG,T301M,0.0987,0.0987,115,163
TAGAAAGTTTATAGTG,I302Q,0.0000,0.0000,0,8
TAGAAATACGAACCCA,L176N,0.1311,0.1311,286,305
TAGAAATACTTAAACC,P324R,0.0927,0.0927,1789,2698
TAGAAATAGCGCATAT,D95T,0.1670,0.1670,3187,2669
TAGAAATAGTGATCTT,T301Y,0.1376,0.1376,492,500
TAGAAATATGTAAAGC,,0.1378,0.1378,397,403
TAGAAATCATATAAAT,I217Y,0.0723,0.0723,2516,4868
TAGAAATCCAACTGAG,Q142G,0.1885,0.1885,3979,2952
TAGAAATGCCTGCGCA,L1F,0.1427,0.1427,608,596
TAGAAATTACAAAAGA,Q391L,0.4506,0.4506,29,9
TAGAAATTAGGTAAAA,K156N,0.1897,0.1897,4995,3682
TAGAAATTGACTGGCT,N187H,0.1961,0.1961,662,472
TAGAACAATAACCAGA,C305N,0.0000,0.0000,0,8
TAGAACACAAACTTAT,N-4W V285Q,0.0464,0.0464,201,606
TAGAACAGATTTCGGA,C64W,0.0000,0.0000,0,3
TAGAACATTGAAAAGA,Q513P,0.0623,0.0623,143,321
TAGAACCAAAGGGCGG,,0.1252,0.1252,1679,1875
TAGAACCGGTACGAGA,K238P M268I G333D G510aS,0.0000,0.0000,0,7
TAGAACGACTTATAAA,H47Q K269P,nan,nan,0,0
TAGAACGCAAGAAGAC,I335L,0.1271,0.1271,509,560
TAGAACTAATTCAGAA,I406R F469S,0.0000,0.0000,0,8
TAGAACTTCACTTTAC,H295K,0.3409,0.3409,39,16
TAGAACTTGGCACCCG,G134R P293S,nan,nan,0,0
TAGAAGAAAAATTCCC,A425F,nan,nan,0,0
TAGAAGAAAGACGTCA,N92V,0.1798,0.1798,4147,3226
TAGAAGAATCTCTTCT,V26*,0.0000,0.0000,0,4
TAGAAGAATGCAAGGT,L102C,0.0675,0.0675,206,427
TAGAAGAATTAGCAAG,F245L G463D T485F,0.0000,0.0000,0,1
TAGAAGAGAAAAACAC,,0.0000,0.0000,0,34
TAGAAGATGAATCTTT,,0.0855,0.0855,705,1153
TAGAAGATTAGTCTAA,H18* I155T,0.0000,0.0000,0,5
TAGAAGATTTAGATTA,W127N,0.0733,0.0733,1812,3459
TAGAAGCACACTGTTG,L430V,0.1252,0.1252,539,602
TAGAAGCATTATTTTC,V36M E340A N379S,0.3560,0.3560,28,11
TAGAAGCTTAACTAGA,G225V A334D,0.0000,0.0000,0,5
TAGAAGCTTTTGGACG,N94S,0.1922,0.1922,1913,1392
TAGAAGGATGTTGTCG,F469D,0.0000,0.0000,0,14
TAGAAGGTACATATGA,,0.0974,0.0974,464,666
TAGAAGGTCTAATAAA,W343A,0.8624,0.8624,37,6
TAGAAGTAAATGCATT,N424L Q490*,0.0000,0.0000,0,1
TAGAAGTCAGTGTAAG,V5P V309A,0.3002,0.3002,88,41
TAGAAGTGATCCTTAG,,0.1355,0.1355,370,382
TAGAATAACGGCCCGA,,0.2057,0.2057,7836,5327
TAGAATAAGTTGATAT,L176R C473D,nan,nan,0,0
TAGAATAATGGACTAT,,0.2141,0.2141,542,354
TAGAATACAGGGGTCT,T370E S523E,0.4728,0.4728,71,21
TAGAATACCAAACTTA,,0.1170,0.1170,3740,4471
TAGAATACTCTGAATC,G249E I252V F469M,0.0000,0.0000,0,2
TAGAATACTTTTTATG,,0.0570,0.0570,350,858
TAGAATAGAAATACCT,D375S,0.2202,0.2202,6249,3969
TAGAATAGATCTCCAT,,0.1178,0.1178,4536,5385
TAGAATAGCACACCAA,M111R,0.1544,0.1544,53,48
TAGAATATTAATTACG,L54P V88H,nan,nan,0,0
TAGAATCGCCAACCCG,S167F Q391V,0.0000,0.0000,0,5
TAGAATCTGAGCTAAG,L61I T422I,0.3574,0.3574,69,27
TAGAATGACTTAGTAG,D231N T485D,0.0000,0.0000,0,42
TAGAATGCCCCTGCTC,,0.0533,0.0533,40,105
TAGAATGTCATAAAAA,E407Y,0.1497,0.1497,1602,1497
TAGAATGTCCTATGCC,Y98N,0.5511,0.5511,67,17
TAGAATTCTCATGAAC,,0.3362,0.3362,125,52
TAGAATTTGATGAGCG,D41V N278Q,0.1963,0.1963,622,443
TAGACAAATGCACATA,V223F Q359Y,0.0958,0.0958,452,660
TAGACAACGCAACTTA,I384P,0.0000,0.0000,0,8
TAGACAACGTAACATC,T23N,0.1209,0.1209,185,214
TAGACAACTGACTGTA,E24N,0.1289,0.1289,2111,2290
TAGACAAGTTAACCTA,L237P D241K,0.0000,0.0000,0,2
TAGACAATTATCCAGG,T208E,0.1054,0.1054,3690,4898
TAGACACATCACGAAG,N408L,0.0720,0.0720,748,1452
TAGACACCAACATTAT,Y486C,0.0127,0.0127,1,11
TAGACACGACATGCAC,H276F,0.1716,0.1716,3693,3009
TAGACACTCAAGTAGA,Y518S,0.0000,0.0000,0,11
TAGACACTCCGTTGAG,,0.1649,0.1649,92,78
TAGACAGAACGTTAAT,I29V K367N,0.0606,0.0606,85,196
TAGACAGAGACAGTCT,N33W,0.0000,0.0000,0,3
TAGACAGAGTGAGAAC,,0.1312,0.1312,468,499
TAGACAGAGTGCCGAT,G225F,0.0181,0.0181,255,1971
TAGACAGATTCACCTA,,nan,nan,0,0
TAGACAGCTTCTAAGA,R326W,0.1024,0.1024,301,411
TAGACAGGTGGTATCG,E246G,0.1540,0.1540,654,594
TAGACAGTATGGTTAA,R405N,0.0000,0.0000,0,2
TAGACATAACCCACTG,V451S,0.0605,0.0605,64,148
TAGACATCAAATAGGC,,0.0857,0.0857,38,62
TAGACATCGGACACAC,I13S,0.0000,0.0000,0,1
TAGACATCTTTCGCTC,,0.0868,0.0868,36,58
TAGACATTAGCTATAT,W127L,0.0668,0.0668,149,312
TAGACCAAGACCCCCT,L462I,0.1484,0.1484,6208,5851
TAGACCAATACCCTAC,S543T,0.2407,0.2407,475,276
TAGACCAATTGATTAT,,0.0559,0.0559,108,270
TAGACCACCTACCAAG,V261G,0.0714,0.0714,124,243
TAGACCACTGTCTTAA,S480F,0.1684,0.1684,966,802
TAGACCAGATCCCAGA,W84Q,0.4831,0.4831,38,11
TAGACCAGCTATACGA,,0.2589,0.2589,924,499
TAGACCAGCTTTGATC,G134D,0.7146,0.7146,930,182
TAGACCAGGGCATTCC,,0.0821,0.0821,307,523
TAGACCAGGGGAAATT,,0.0929,0.0929,440,662
TAGACCCCAACCTTAA,V204T,0.1863,0.1863,10237,7686
TAGACCCCGAAAACTT,S136P I217C,0.0000,0.0000,0,13
TAGACCCCTTATAGAC,D241N A364T R452C Y518H,0.0000,0.0000,0,1
TAGACCCGTGCGTCAA,K506E,0.0964,0.0964,133,193
TAGACCGCGCGCCTAC,R114H,1.0000,1.5583,78,7
TAGACCGGATTCTAAG,I339A R435K,0.3302,0.3302,85,36
TAGACCGTAATACGAG,P99F T171V,0.1598,0.1598,32,28
TAGACCGTACGCACAT,A19M,0.0785,0.0785,855,1524
TAGACCTGTATCCGAA,V5M G143I Y423M,0.0000,0.0000,0,2
TAGACCTTAATCACTT,,0.0707,0.0707,621,1228
TAGACGACTCAGTATC,R452D,0.0895,0.0895,16,25
TAGACGAGAACCCTAC,,0.1357,0.1357,1726,1779
TAGACGAGTAGAGTAT,L43M M75W C473D,nan,nan,0,0
TAGACGAGTCTAACTG,P162L,0.1221,0.1221,2910,3334
TAGACGATATTAGCAA,F79V,0.1291,0.1291,12,13
TAGACGTCTAAATCAT,N224V,0.0000,0.0000,0,91
TAGACGTTCAGTATCC,R149I D441Y,0.2467,0.2467,404,229
TAGACGTTGTTTAAAT,L515D,0.2797,0.2797,20,10
TAGACTAGTCCGCCCC,C52A,nan,nan,0,0
TAGACTATATCACAGC,G360P,0.0000,0.0000,0,1
TAGACTCCCAACAGTA,D63W L497Q,0.2026,0.2026,591,408
TAGACTCGAAAGAGTC,Q391Y,0.0000,0.0000,0,27
TAGACTCTGTGTACCA,,0.1312,0.1312,410,437
TAGAGAAGCCGAATAG,A214G,0.1325,0.1325,593,626
TAGAGACATTCCACCA,R435Y,0.6885,0.6885,64,13
TAGAGACTTATTTAGT,N464C,0.2859,0.2859,184,90
TAGAGAGCACAAATAT,N169T T370M,0.5244,0.5244,90,24
TAGAGAGCATTTCAAC,N94R,0.1388,0.1388,4700,4736
TAGAGAGCCAACACCC,,0.1472,0.1472,2716,2581
TAGAGATAACGCTACA,N92Q,0.1508,0.1508,4304,3991
TAGAGATAAGGTCAAT,Y363T,0.0000,0.0000,0,7
TAGAGATACTCGACAA,D241R,nan,nan,0,0
TAGAGATTAGACATAC,P92aF,0.0967,0.0967,956,1382
TAGAGCACCACGGTCA,K45E I517R,0.3765,0.3765,35,13
TAGAGCCCGACATAAA,L54P A528M,0.2797,0.2797,28,14
TAGAGCGCGAAACAAT,,0.1180,0.1180,1049,1243
TAGAGCGTTACAACAG,V82H D419P,0.8391,0.8391,96,16
TAGAGCTAACTCTTCG,H117Q L437A,0.1865,0.1865,20,15
TAGAGGAATTCGGAGT,I60F,0.1455,0.1455,283,272
TAGAGGATAACCTATC,T23H E78G A373P,0.0000,0.0000,0,3
TAGAGGCCCCGCGAAC,W180N,0.0000,0.0000,0,11
TAGAGGTCAGCAAAAC,T422Y,nan,nan,0,0
TAGAGTAAATGCTCAT,A39L K262Q,1.0000,1.0255,22,3
TAGAGTACCAACACTG,S146C E479Y,0.2728,0.2728,119,61
TAGAGTATCACCTATA,P198I,0.0000,0.0000,0,125
TAGAGTGCTGAGACTC,N186Q,0.1034,0.1034,179,242
TAGAGTGCTGTGTAAT,N248M,0.0328,0.0328,377,1605
TAGAGTGGGGAACAAG,V204T,0.1714,0.1714,293,239
TAGAGTTCAGATAGAC,,0.0000,0.0000,0,78
TAGAGTTTAAGCACAG,H38R V135I,0.1115,0.1115,4862,6099
TAGATAAAAACTTTGT,S167K I550G,0.2697,0.2697,1319,684
TAGATAAAATAAAATT,R321T F469L,0.0000,0.0000,0,4
TAGATAAACGAATACG,,0.2126,0.2126,833,548
TAGATAACGCAGTTTC,G396M,0.1647,0.1647,53,45
TAGATAAGCATATCTG,L418R,nan,nan,0,0
TAGATAATATTAAGAA,K262F,nan,nan,0,0
TAGATAATCGTGCTTA,S207T,0.1995,0.1995,806,565
TAGATAATTCACGCCT,S185K,0.0000,0.0000,0,9
TAGATACAGAGGCAAG,S291G,0.1596,0.1596,1008,883
TAGATACGGAGAGAGG,G333H,0.2395,0.2395,149,87
TAGATACTAAAAATAG,T28R E106Q V347M,0.0000,0.0000,0,5
TAGATACTTAGCAGTG,E494A,0.0630,0.0630,298,662
TAGATACTTTAAAATA,S311N,0.1573,0.1573,27,24
TAGATAGTTATACAAT,,0.1690,0.1690,3481,2881
TAGATATAACGTATAT,,0.1891,0.1891,967,715
TAGATATATGATTAAA,S167M,0.0955,0.0955,125,183
TAGATATCAAAGGAAG,K380N,0.0000,0.0000,0,2
TAGATATGAACAAATA,V272M,0.0627,0.0627,212,473
TAGATCAGGTACTTTC,S126I P128F N382M,0.6554,0.6554,314,67
TAGATCATGGAGCTTC,F467I,0.0000,0.0000,0,22
TAGATCGTTATGGCGC,S22Q S203N D457W,0.0000,0.0000,0,2
TAGATCGTTGATTCAA,,0.0507,0.0507,83,229
TAGATCTAAGATTAAA,N-4P,0.1472,0.1472,1208,1148
TAGATCTAGATGACGT,S311I K380N,1.0000,2.9833,64,3
TAGATCTAGTGACCTA,A242H,0.1415,0.1415,592,585
TAGATCTATAAAGTTC,G100W,0.0000,0.0000,0,13
TAGATCTGGCCGAGAG,R328bL,0.1075,0.1075,186,242
TAGATCTTAAAGTATC,R212W,0.0596,0.0596,661,1552
TAGATCTTCATGAGTT,G342I,0.0000,0.0000,0,1
TAGATGACAATCTAAG,K310R,0.0948,0.0948,1423,2100
TAGATGATCGATAAAC,N158S L497G,0.3519,0.3519,677,269
TAGATGCTAAATGATA,H440K,0.1755,0.1755,59,47
TAGATGCTATAAAGGA,E468W,0.1694,0.1694,1753,1447
TAGATGCTTGGGTAGG,E426F,0.0000,0.0000,0,2
TAGATGGGAGTTGTGA,Q211S,0.1410,0.1410,762,756
TAGATGTAATCAATGA,C277S,0.0000,0.0000,0,1
TAGATTAAACTTTAGT,,0.1129,0.1129,276,342
TAGATTAAATCCTTTA,E44M K50N N379G E493D,0.0000,0.0000,0,5
TAGATTACACTTCAAA,M388Q,0.2657,0.2657,38,20
TAGATTACCGTATCTA,N296W,nan,nan,0,0
TAGATTACTGCGCAAA,I13K,0.0000,0.0000,0,3
TAGATTCAACGTAGAG,N21R T192W,0.5166,0.5166,181,49
TAGATTCCATACGAAT,M268I I548Y,0.1610,0.1610,99,86
TAGATTCGCTGGACAA,,0.1077,0.1077,77,100
TAGATTCTGAATTAAA,S6I A459L,0.0000,0.0000,0,19
TAGATTGATTATCCTA,,0.1518,0.1518,266,245
TAGATTGTATTTTAAT,,0.2352,0.2352,750,446
TAGATTTCTAGTAAGC,E476H,0.1174,0.1174,3061,3646
TAGATTTCTCATGGAC,V152I,0.1580,0.1580,802,710
TAGCAAAAAAAATATA,G416F,1.0000,2.3307,50,3
TAGCAAAAGAAGAAGG,A218I,0.3852,0.3852,146,53
TAGCAAAATAATTATT,P128Y,0.2619,0.2619,3910,2088
TAGCAAAATAGGTTAA,P145K V285R Y512M,0.4207,0.4207,716,238
TAGCAAAATGTTACCC,M230H,0.0534,0.0534,1358,3557
TAGCAAATAACACTTA,K259C,0.1082,0.1082,164,212
TAGCAACGCATAATTA,E476* S509C,nan,nan,0,0
TAGCAATAAATTGATT,N278E Y353H,0.0000,0.0000,0,6
TAGCAATAGGCTACTA,P145R,0.4708,0.4708,37895,11256
TAGCAATATAGAAAAG,,0.0938,0.0938,1083,1614
TAGCACACAAGAATAA,,nan,nan,0,0
TAGCACAGCTGGAATG,,0.0701,0.0701,229,457
TAGCACCACAGATCTG,H130Y,0.1347,0.1347,156,162
TAGCACGGACTAGTTA,H110M,0.2447,0.2447,182,104
TAGCACTAACCTTATT,D474L,0.1324,0.1324,12696,13410
TAGCACTCTAGATGAA,A19T K280A,0.0997,0.0997,3160,4434
TAGCACTTGTCTTACC,,0.1069,0.1069,1102,1441
TAGCAGAAGTAGTTTC,S126K,0.1222,0.1222,595,681
TAGCAGAGTACCTATA,E174H,0.1459,0.1459,337,323
TAGCAGAGTTAAAAGC,S221Y,0.0000,0.0000,0,2
TAGCAGATGTACTCCT,L122C S125bI G465E,0.0000,0.0000,0,2
TAGCAGCCCATTACCG,M75R V82F,0.2549,0.2549,1562,857
TAGCAGCGCGACTTTA,D41M,0.0000,0.0000,0,1
TAGCAGGATGTCCCTA,L2*,0.0000,0.0000,0,16
TAGCAGTGATTGGGAC,Q191I,0.5784,0.5784,91,22
TAGCAGTTGTGTACGT,K262V,0.1611,0.1611,159,138
TAGCATAAATTTAAGA,Q191S V451L,0.3196,0.3196,16,7
TAGCATAACGCTAAAC,K450T,0.0000,0.0000,0,36
TAGCATACAACCATTA,N389E,0.1696,0.1696,10374,8555
TAGCATAGGGCAGAAA,E434H,0.3192,0.3192,105,46
TAGCATCGTAGAGCTT,A528V,0.1773,0.1773,502,396
TAGCATCGTAGGCCAT,G271Y,0.1023,0.1023,532,727
TAGCATCTCGGTAGGC,,0.1040,0.1040,1047,1408
TAGCATGAAAGCATAA,,0.1604,0.1604,1117,974
TAGCATGCAGTTGGGG,V-2N C97T,1.0000,1.2236,35,4
TAGCATGTAAACAAGA,E44W A317E G319V,0.0000,0.0000,0,8
TAGCATGTAAATAAAA,L96I,0.2769,0.2769,13822,6980
TAGCATTAAGTATCGT,N169T R321P T370S F469G,0.0000,0.0000,0,13
TAGCATTCGAAAAATA,K460A S543I,0.2417,0.2417,375,217
TAGCATTTTAACACAA,G345D K387E E434K,0.0000,0.0000,0,7
TAGCCAACATCTGCAG,S10D,nan,nan,0,0
TAGCCACGAATCCAAG,M388E,0.1282,0.1282,11,12
TAGCCACGTAATGCTA,N475R,0.1310,0.1310,282,301
TAGCCAGATTAAAACA,H18Y,0.1366,0.1366,379,388
TAGCCAGCTCTCAGCC,A144V D386P,0.0000,0.0000,0,4
TAGCCAGCTTTCTCTT,Y488S,0.0000,0.0000,0,7
TAGCCATCCTATTGTA,F233E R397V,0.0000,0.0000,0,4
TAGCCATCGTCATGAA,S65R,0.2303,0.2303,56,34
TAGCCATCTGTTACCG,P125I T301H,0.0000,0.0000,0,28
TAGCCATTCCGTGCCA,P128R,0.2322,0.2322,6924,4170
TAGCCATTGTTATGTT,S185G T192A Y195C K196R K216R E403T,0.0000,0.0000,0,7
TAGCCCAATTGATCAC,,0.1899,0.1899,182,134
TAGCCCAGCAATCCTT,,0.1155,0.1155,2771,3356
TAGCCCAGCACAGATT,T485Q,0.2520,0.2520,483,268
TAGCCCCGACGTATGA,,0.2679,0.2679,2228,1163
TAGCCCCGGATTGACA,H38*,0.0000,0.0000,0,5
TAGCCCCTATAGATAT,G72W A218D,0.0000,0.0000,0,8
TAGCCCGACGATCAAT,F148R,0.3436,0.3436,86,35
TAGCCCTATGATTACA,A425T C539W,0.0000,0.0000,0,4
TAGCCCTCTGTCTGCC,Y256C,0.2037,0.2037,453,311
TAGCCGAAAAACGTCA,,0.0577,0.0577,394,955
TAGCCGAAATCCGAGA,A188N T206G,0.1641,0.1641,264,225
TAGCCGAACAAGGTAA,L325M A364G,0.1575,0.1575,339,301
TAGCCGAGGAGCTAGT,Q282G,0.0000,0.0000,0,1
TAGCCGATGGTTTTGC,R328aI,0.0000,0.0000,0,3
TAGCCGCAAGTGAGCT,,0.1150,0.1150,4221,5134
TAGCCGCCACCGTGGT,Y470P,0.0000,0.0000,0,6
TAGCCGCTCCAAATAG,,0.1437,0.1437,3162,3078
TAGCCGGTGGAACTAC,F251R,0.0000,0.0000,0,4
TAGCCGTTAACAAATT,N48A,0.7831,0.7831,56,10
TAGCCTAAAATCTATA,Y488N,0.0666,0.0666,91,191
TAGCCTAAATAATACT,A521T,0.0548,0.0548,333,850
TAGCCTAATATATAAA,V510F,0.1620,0.1620,1281,1106
TAGCCTACCCCTACGC,P140H,0.3291,0.3291,433,184
TAGCCTAGCAATAACG,I80Q R321H S369Y F469R,0.0000,0.0000,0,9
TAGCCTATACTGCAAA,,0.1371,0.1371,509,519
TAGCCTCTGAGAGTAT,V204A,0.0888,0.0888,1541,2427
TAGCCTGAAGTTACCG,E31W V377W,0.0000,0.0000,0,10
TAGCCTTCTTGGTTTA,P198G,0.0000,0.0000,0,16
TAGCCTTTGTCCCAGT,F392T,0.6810,0.6810,112,23
TAGCGAAGCTATTATA,S383G,0.6992,0.6992,25,5
TAGCGAAGTAGCATTT,E432W,0.2547,0.2547,51,28
TAGCGAATAATAGACC,K269P,0.0730,0.0730,341,653
TAGCGAATATCGGTGT,N210Q,0.6153,0.6153,22,5
TAGCGAATGCCGCGTT,R404I R456W,0.3880,0.3880,172,62
TAGCGAATTTAGATTA,G360N,0.0000,0.0000,0,12
TAGCGACATCTGTACA,S126D,0.0835,0.0835,212,355
TAGCGAGGTGTCATCA,N94D A528S M538V,0.2986,0.2986,348,163
TAGCGATCTCAATCAT,S221Q,0.1246,0.1246,123,138
TAGCGATCTTATCTAA,W153Q S290Y Q545D,0.0000,0.0000,0,4
TAGCGCCCTGCATACT,F332M,1.0000,1.2343,203,23
TAGCGCCGAGCCGAAC,D348C,0.0751,0.0751,577,1075
TAGCGCGGTAGTACCC,E508P,0.5361,0.5361,115,30
TAGCGGCCCTTTCATT,,0.3030,0.3030,26,12
TAGCGTAACAGAGGCT,P254H L462P,nan,nan,0,0
TAGCGTAACCATAAAC,H38L,0.3710,0.3710,130,49
TAGCGTAAGAACTCAA,I339Q,0.0000,0.0000,0,4
TAGCGTAATATTGTAT,S22G,0.1738,0.1738,512,412
TAGCGTGACAATTATT,,0.1956,0.1956,3096,2213
TAGCGTGCTGTTAGTC,N187P,0.2743,0.2743,616,314
TAGCGTTATGATAACT,E189K E273K G319N,0.0000,0.0000,0,4
TAGCGTTATGTAAGAA,P198Y,0.0682,0.0682,6018,12336
TAGCTAACAAGTAAAA,I13M,0.1321,0.1321,1064,1126
TAGCTAACTCTCGCCT,G510aD,0.1243,0.1243,5383,6054
TAGCTAAGACGCCCCA,Y141R D449Y,0.1958,0.1958,1810,1293
TAGCTAAGGAAGCAGT,W84K,nan,nan,0,0
TAGCTACCCCAAATGT,S247M,1.0000,4.3351,31,1
TAGCTAGAAGTAAAAT,L59W C64F,nan,nan,0,0
TAGCTATCTCGACTCT,E479D,0.1371,0.1371,1954,1993
TAGCTATCTTCTCATA,,0.1038,0.1038,1857,2503
TAGCTCAAAAAAAACG,E461G,0.0000,0.0000,0,17
TAGCTCACACGCAAAG,,0.0000,0.0000,0,95
TAGCTCCTTACACACT,,0.0797,0.0797,90,158
TAGCTCGAGAGCACTG,I155K Y363V,0.0000,0.0000,0,9
TAGCTCTCCTCAATAA,I236K,0.1793,0.1793,636,496
TAGCTGGAGCTCAGGT,I115D,nan,nan,0,0
TAGCTGGAGGTATCAG,,0.1111,0.1111,699,880
TAGCTGGGTCAAAACA,F294T,nan,nan,0,0
TAGCTGTAGACATTGC,H276L,0.2880,0.2880,11011,5346
TAGCTGTAGTAGTGAG,S356N N389F,0.1572,0.1572,290,258
TAGCTGTTAACTTTAC,Y17T D419R,0.7691,0.7691,66,12
TAGCTTAAGCAGTAAT,V347L,0.1136,0.1136,2002,2464
TAGCTTACAAAGTACA,V285Q,0.2784,0.2784,874,439
TAGCTTACACGACTAA,K328G,0.2569,0.2569,1857,1011
TAGCTTACATTATAGT,T206F,0.0000,0.0000,0,3
TAGCTTACGAGAATGC,A425S,0.1070,0.1070,2344,3063
TAGCTTCAGAGACCCT,H117T,0.2400,0.2400,369,215
TAGCTTCTATTTACAA,H276E,0.2566,0.2566,1635,891
TAGCTTTAGCGAGATA,Y168R,0.2151,0.2151,40,26
TAGCTTTCACATATCT,V347Q,0.1471,0.1471,203,193
TAGCTTTGTAAACAAA,,0.1698,0.1698,715,589
TAGGAAAATCGACGTG,G396L,nan,nan,0,0
TAGGAAAGCTTCCTTT,,0.1713,0.1713,616,503
TAGGAACAAACTCTTC,K109E V429M,1.0000,1.1467,41,5
TAGGAACTTCTCCTAA,K310E F392D,0.1612,0.1612,121,105
TAGGAAGTATAAATGG,D415Q,0.1064,0.1064,808,1062
TAGGAAGTGATAGATC,K506E,0.2353,0.2353,69,41
TAGGAATAACGCATAT,,0.1383,0.1383,546,552
TAGGAATACAAAAATG,K460R,0.1544,0.1544,2686,2433
TAGGAATCCCAAGACT,V395A,0.0583,0.0583,359,861
TAGGAATGCCATCTAT,A214V,0.0997,0.0997,976,1369
TAGGAATGTAGAACCA,G225T,0.1578,0.1578,660,585
TAGGACCGGAATCCCA,K45W Q391* D419E I514A,0.5100,0.5100,62,17
TAGGACGAGCTTTAAC,A67H H244N,0.2035,0.2035,131,90
TAGGACGCAATTCACG,,0.1417,0.1417,156,154
TAGGACTATACCAAAT,M388L,0.0000,0.0000,0,19
TAGGAGAGATCTAATA,K165R,0.1553,0.1553,181,163
TAGGAGGCTCGTACAT,,0.2005,0.2005,1262,880
TAGGAGTATATGACCT,W180M,0.0000,0.0000,0,37
TAGGAGTTAAAGGACA,S22* M75V,0.0000,0.0000,0,14
TAGGATATATTAGGTT,V223M,0.0819,0.0819,1401,2392
TAGGATATGCACTCAT,M111E A242D,0.0919,0.0919,23,35
TAGGATCAAGGATGTA,,0.1802,0.1802,362,281
TAGGATGATTCAACGC,E-5V,nan,nan,0,0
TAGGATGCAATACCGT,T208W,0.0992,0.0992,1225,1727
TAGGATGTAATATTGC,W421Y,0.3222,0.3222,53,23
TAGGATTACCAACAAA,F232R,0.0000,0.0000,0,7
TAGGATTCTGTGGTAG,T28E,0.0000,0.0000,0,9
TAGGCAATGGGATAGC,E31H,0.1270,0.1270,2532,2788
TAGGCACACGATTGTA,T279P,0.0000,0.0000,0,26
TAGGCACATTATTGAA,H18L M292R Q344R,nan,nan,0,0
TAGGCACTGTTAAATG,L59F R456T,0.2944,0.2944,200,95
TAGGCAGATATTGAGC,S519G,0.0794,0.0794,96,169
TAGGCAGCGTCCAATT,M111S,0.1698,0.1698,702,578
TAGGCATAATGAAATA,V26I,0.0972,0.0972,428,616
TAGGCATGAATATTAC,G68Y,0.0000,0.0000,0,5
TAGGCCAAAGCAAGTC,E119R,0.1091,0.1091,266,341
TAGGCCAGAATGCACT,L7K,0.1002,0.1002,205,286
TAGGCCAGGACTTAGG,N475P,0.1104,0.1104,30,38
TAGGCCCCAATTATCT,K372R,0.2279,0.2279,1354,831
TAGGCCCCGTTACGAT,A144D G228H,0.0000,0.0000,0,23
TAGGCCGCCTACATTG,I87S,nan,nan,0,0
TAGGCCGTGCAGCTAT,,0.2657,0.2657,114,60
TAGGCCTACGAAGGTT,E131A,0.2543,0.2543,12216,6719
TAGGCCTTCCCTTGAG,E-5Q,0.1595,0.1595,4826,4232
TAGGCGGAGGAATAAT,E273N,0.1659,0.1659,1994,1681
TAGGCGGTACCGGCAT,,0.0981,0.0981,505,720
TAGGCTAAAAAAGAAT,G134D W234M,0.0000,0.0000,0,9
TAGGCTAATTTGGGGA,I15C,0.0888,0.0888,630,992
TAGGCTAGCGAAGACC,G100E D241H,0.0000,0.0000,0,2
TAGGCTCACACCTCCG,N20K,1.0000,1.3984,60,6
TAGGCTCCAACCTTTG,D415Y,0.0000,0.0000,0,8
TAGGCTCTTAGGTAAG,C14I,0.7808,0.7808,67,12
TAGGCTGAAAATAAAA,N248T E255* E479K,0.0000,0.0000,0,2
TAGGGAATAATACGGC,Y512D,0.1471,0.1471,407,387
TAGGGAATCCCTGATT,,0.0538,0.0538,235,611
TAGGGACATGATCAAA,Y353N,0.0000,0.0000,0,9
TAGGGCAACCGCCGAG,R149A,0.0389,0.0389,96,345
TAGGGCATAAGAAACT,R482G,0.0798,0.0798,693,1214
TAGGGCCTAAGTTACA,L122P,0.1799,0.1799,4820,3747
TAGGGCGCTAAGGATT,G68E K262aN Y351C R435K,0.0000,0.0000,0,6
TAGGGGGCTGCTATAA,F417D,0.1055,0.1055,169,224
TAGGGGGTTCAGGATA,Y98T I514H,nan,nan,0,0
TAGGGTGACCAATCGG,M292K,0.0838,0.0838,190,317
TAGGTAAAACGAACCC,I-3*,0.0000,0.0000,0,1
TAGGTAACCCTATACG,N-4C,0.1110,0.1110,653,823
TAGGTAAGATGTACCA,Y258V,0.1419,0.1419,341,336
TAGGTAATGAGAGGGC,I80Q,0.1472,0.1472,1505,1430
TAGGTACAATATAACA,I335S,0.0000,0.0000,0,1
TAGGTACCGTATGAAC,,0.1531,0.1531,104,95
TAGGTACTCCCTCTCT,S167L Y201C,0.0000,0.0000,0,8
TAGGTAGAAATAAATA,K262aF,0.8713,0.8713,81,13
TAGGTAGAGGCACTGT,,0.1144,0.1144,238,291
TAGGTAGCGGTAATAA,M531N,0.0000,0.0000,0,7
TAGGTAGCTAAGTGAT,,0.0966,0.0966,1470,2127
TAGGTATAACCGTATA,I87M,0.0643,0.0643,665,1447
TAGGTATAGTGTGACA,A528D,nan,nan,0,0
TAGGTATATATGACAC,K109Y,1.0000,1.7131,49,4
TAGGTATCTCCAAAAT,M413R,0.2098,0.2098,12,8
TAGGTCTAAATGGTTG,C64R,nan,nan,0,0
TAGGTGAAAACATGTG,M413D,nan,nan,0,0
TAGGTGTCAATCTTAG,P299K,0.1591,0.1591,786,691
TAGGTTAGTACTGGGA,G286T D457T,0.1907,0.1907,465,341
TAGGTTATAAAAATGC,G100Q,0.0000,0.0000,0,12
TAGGTTCAGCAATAAA,E44S,0.0685,0.0685,895,1828
TAGGTTCCAAAACCAC,G319I,0.0000,0.0000,0,7
TAGGTTCTGCGAATGA,L133aT,0.2584,0.2584,6139,3322
TAGGTTCTTAACAAGT,L427Q,0.5769,0.5769,33,8
TAGGTTGAAAATCAAA,N357F Y512G,nan,nan,0,0
TAGGTTGAGAGGGTAG,P99R V429A,1.0000,4.4051,63,2
TAGGTTGATCCACTCA,N296P,nan,nan,0,0
TAGGTTGCAGATATTA,N197G,0.0699,0.0699,2,4
TAGGTTGCTGGAAGTG,E468V,0.1119,0.1119,606,757
TAGTAAAAAGGTTAAT,N33K,0.1081,0.1081,774,1001
TAGTAAACATCTTCAG,G360N D366Y,0.6393,0.6393,32,7
TAGTAAATATGAAAAA,,0.1158,0.1158,724,874
TAGTAAATATTTGCAC,G134N,0.0000,0.0000,0,1
TAGTAAGGGCCCTCAG,I243C,0.0000,0.0000,0,1
TAGTAAGTCGATATGC,I502N,1.0000,1.3984,50,5
TAGTAATAAAAAGCAG,H440D,0.0000,0.0000,0,1
TAGTAATAAACAGTCC,G396F,0.1119,0.1119,8,10
TAGTAATCAATAAATG,G333K,0.2233,0.2233,214,134
TAGTAATCCCACCTCA,N458K,0.0000,0.0000,0,4
TAGTAATCCTAAACAC,D95M,0.0000,0.0000,0,3
TAGTAATGAATAATAG,K450Q,0.0876,0.0876,72,115
TAGTACAAATTATTTC,,nan,nan,0,0
TAGTACCACCCCCGAA,,0.1087,0.1087,1927,2480
TAGTACCGAAAATATA,S519C,0.1468,0.1468,42,40
TAGTACCTTTACCCAC,,0.1670,0.1670,979,820
TAGTACGTAGAGTAGG,D175W,0.2169,0.2169,535,345
TAGTACGTTTAGGCAT,,0.1428,0.1428,6302,6173
TAGTACTAATTTACAA,L2W,0.2806,0.2806,893,445
TAGTACTCGTCCAAAC,G352Q,1.0000,1.4544,52,5
TAGTACTTATTAGAAT,E131S Y486I,0.0000,0.0000,0,3
TAGTACTTTACAAACG,T37P H355A,0.6433,0.6433,46,10
TAGTAGAACCTGTAAA,,0.1835,0.1835,1114,849
TAGTAGAAGACAAACT,Y488R,0.1382,0.1382,171,173
TAGTAGACGACTCGGA,A67H,0.1614,0.1614,3641,3154
TAGTAGATACTGTTCA,D241G,0.1207,0.1207,983,1139
TAGTAGGAACATCAGG,,0.1061,0.1061,712,938
TAGTAGGACCAAAGAA,L112G,0.0000,0.0000,0,3
TAGTAGGTCGTGCAAG,V8E,1.0000,1.0170,80,11
TAGTAGTACTAGATAT,N158C,0.1771,0.1771,152,120
TAGTAGTTCCCTATTA,H38Y,0.1452,0.1452,2669,2570
TAGTAGTTGTGTGTCT,G416W,1.0000,1.0162,109,15
TAGTATAAACCCCGAA,I385M,0.1826,0.1826,423,324
TAGTATAAACTACAAA,,0.1719,0.1719,3128,2544
TAGTATAAATACGCGC,,0.2099,0.2099,4617,3076
TAGTATAAATTCTCAA,,0.2117,0.2117,9607,6346
TAGTATAACAAGGCTA,K280P E414K,0.0000,0.0000,0,8
TAGTATAACTACACGA,T46C G286N,0.0000,0.0000,0,5
TAGTATAAGCTCCATG,P99H,0.0000,0.0000,0,2
TAGTATAATGGGGAAA,G134T,0.2415,0.2415,38,22
TAGTATAGCGTGACTG,K62T Y486E,nan,nan,0,0
TAGTATCCAGAAGCAA,,0.1225,0.1225,2267,2588
TAGTATCCATGCTTAC,N210H,0.0000,0.0000,0,19
TAGTATGAGCTCAATA,H440P,nan,nan,0,0
TAGTATGATGTGAGTC,N410R,0.2307,0.2307,33,20
TAGTATGTCCGTTGAT,N94T,0.0993,0.0993,1673,2355
TAGTATTCATTTAACT,R321T T370P F469G,nan,nan,0,0
TAGTATTGGAGTTCTT,N169L R321Q F469L,0.0000,0.0000,0,2
TAGTCAAAAAAACTCA,I121P I339R,0.0000,0.0000,0,3
TAGTCAAAACCGTTAG,M75I N382R,0.1434,0.1434,1915,1867
TAGTCAAACTATTATG,N400K,0.2230,0.2230,177,111
TAGTCAAGTGAAAAGT,G49S N150K,0.0000,0.0000,0,16
TAGTCACAGTATAATA,G286P,0.0000,0.0000,0,3
TAGTCACCCGACATAT,D449R,0.1529,0.1529,842,770
TAGTCAGGTCAGCAAT,S136W,0.1915,0.1915,1072,783
TAGTCATAGATAAAGC,M431R,0.0942,0.0942,33,49
TAGTCATTAAACTAAG,F294I,0.8740,0.8740,75,12
TAGTCATTATAGGTGA,S125bD I385H,0.2904,0.2904,54,26
TAGTCATTTTCGAGAA,,0.0000,0.0000,0,3
TAGTCCATATATGCCT,C52F,0.4195,0.4195,33,11
TAGTCCCCATTGGTCT,T206M,0.0000,0.0000,0,9
TAGTCCCCTTACTACC,M431D S524N,0.0000,0.0000,0,2
TAGTCCTCACACTTAT,,0.1579,0.1579,3098,2743
TAGTCGAGACTATCAT,T28L G396Y,0.0000,0.0000,0,1
TAGTCGATAGGCAAAA,,0.1874,0.1874,5289,3946
TAGTCGGACCAGAAAC,A253L L300P,1.0000,1.6781,24,2
TAGTCGTGAAAGGTAG,,0.2067,0.2067,371,251
TAGTCTAAAATGCTGT,V-2Q,0.0660,0.0660,288,610
TAGTCTATACGACAGC,V34M W350T I548T,nan,nan,0,0
TAGTCTATGGAGAAAG,Q490M M538W,0.3059,0.3059,280,128
TAGTCTCAAGGTAAAC,D104V S311V,0.0875,0.0875,82,131
TAGTCTTAAGGGCGGT,R220K P299H,1.0000,2.6570,95,5
TAGTCTTCCACGAAAA,,0.1300,0.1300,863,928
TAGTCTTTAACGTGAA,S290A,0.1726,0.1726,7703,6242
TAGTCTTTAAGATCCT,G143S P198Q,0.2323,0.2323,3719,2239
TAGTGAAACATAGGAC,E89F,0.0712,0.0712,540,1060
TAGTGACGTCCGCATG,F233N,1.0000,4.4750,32,1
TAGTGAGAAACAGATC,T318D,nan,nan,0,0
TAGTGAGCATTACGCA,E106W R499M,1.0000,1.4963,107,10
TAGTGAGGTTGGTCAT,,0.1538,0.1538,3546,3225
TAGTGATAACTCGAAA,Y448W,0.3941,0.3941,62,22
TAGTGATTTTCACCAA,S523A,0.1985,0.1985,714,503
TAGTGCAAAGCTGGAG,I155N,0.0168,0.0168,83,690
TAGTGCACATGCCATG,I121N,0.0642,0.0642,2112,4602
TAGTGCAGGAGAAGGA,S503D,nan,nan,0,0
TAGTGCATATAATTAA,,0.1216,0.1216,1079,1241
TAGTGCATGAAGAACT,V285T,0.0904,0.0904,106,164
TAGTGCCAGGCGTGGG,I124R,0.1272,0.1272,1779,1956
TAGTGCCCCAAGACAA,A91P Y363R,0.8191,0.8191,41,7
TAGTGCTGTAGTAGGA,N20H G362C,nan,nan,0,0
TAGTGCTTTTATCATC,,0.2038,0.2038,5543,3803
TAGTGGACTATCTAAA,Y105V G249H,0.0000,0.0000,0,3
TAGTGGCAACAACCCA,T163R,0.1049,0.1049,285,380
TAGTGGCTGCCTTATG,C52F S442Q,0.0000,0.0000,0,16
TAGTGGGATACGAAGC,R81D,0.2410,0.2410,6927,4019
TAGTGGTAATTCGGTT,N129M,0.1835,0.1835,378,288
TAGTGTACTGTTTAAA,,0.1409,0.1409,135,134
TAGTGTATGGAACCAA,S65E K269Y,0.0000,0.0000,0,9
TAGTGTCATCATAATA,A526D,0.0000,0.0000,0,6
TAGTGTCTAAGCACAA,E83P F469*,0.0000,0.0000,0,2
TAGTGTCTGTCCATCC,N446F,0.0915,0.0915,597,912
TAGTGTGAAATTATAG,P145Q,0.2589,0.2589,5872,3172
TAGTGTGTCAAGTGAA,P58K,0.0000,0.0000,0,1
TAGTGTTCGTTGAAAT,,0.2021,0.2021,2661,1841
TAGTTAAAATCAAACA,L462K,0.0986,0.0986,534,757
TAGTTAAACCAATGAT,G362W,0.0000,0.0000,0,8
TAGTTAACATCTATCT,A334N F469K,1.0000,inf,47,0
TAGTTAAGCCGATACA,H183Q,0.0218,0.0218,47,302
TAGTTAAGGCCCACGA,G55Y E190* D375S,nan,nan,0,0
TAGTTAATACTATAAG,N129L,0.2797,0.2797,2418,1209
TAGTTAATCTCGTGCT,P82aT,0.0000,0.0000,0,13
TAGTTAATCTTGAAAC,V377M,0.1692,0.1692,6182,5108
TAGTTACAAAATTCAA,I155E T283R,0.5069,0.5069,29,8
TAGTTACCAACGGGGA,,0.1847,0.1847,144,109
TAGTTACTAAGAAAGA,Q391H Y423K,1.0000,2.6570,57,3
TAGTTACTCTTAGCAA,T171E H298W,0.2554,0.2554,84,46
TAGTTAGAAGTCACCA,,0.1519,0.1519,1163,1071
TAGTTAGTATACTCAT,,0.2590,0.2590,2541,1372
TAGTTATATGCGTAGA,,nan,nan,0,0
TAGTTATATTAAGAGA,I260P,0.0437,0.0437,15,48
TAGTTATGTCAAGAAA,N193V W343*,0.0000,0.0000,0,1
TAGTTATTGCATGCAG,P306K,nan,nan,0,0
TAGTTCAACTCCATGC,V88F,0.0000,0.0000,0,1
TAGTTCCAAAGAGTTC,E78Q T511I,0.1039,0.1039,635,855
TAGTTCTATATGTAAC,,0.2088,0.2088,318,213
TAGTTCTGCCTTCAAC,G504W,0.1745,0.1745,247,198
TAGTTCTGTACAAATA,N158R,0.4564,0.4564,3407,1044
TAGTTGAAACGGTCTA,D41R,0.0000,0.0000,0,3
TAGTTGAAGCAGTGAA,M346F,0.0000,0.0000,0,3
TAGTTGACAAGCAATA,M30Y P74T,0.1024,0.1024,677,925
TAGTTGAGCCTCTAAA,C281K,nan,nan,0,0
TAGTTGGGCATAAAGC,,0.1320,0.1320,3700,3921
TAGTTGTAAAAATGTT,A521N,1.0000,2.0277,29,2
TAGTTGTATAACTACA,K156P D449A,0.2277,0.2277,350,215
TAGTTTAAACATTCTT,E246R,0.5302,0.5302,91,24
TAGTTTATCACTAATT,,0.1324,0.1324,3055,3226
TAGTTTCACGCACGTA,I502H,0.4513,0.4513,71,22
TAGTTTCTGCCTACGT,P306G,0.0000,0.0000,0,1
TAGTTTGACAAGGGCA,K412L,0.3091,0.3091,126,57
TAGTTTGGCCAATTTA,R173E,0.0265,0.0265,33,174
TAGTTTGGCCACACCG,R229E,0.0000,0.0000,0,1
TAGTTTTAGTAAACTG,L7R,0.0683,0.0683,3316,6785
TAGTTTTATATAAACG,R328bA,0.2376,0.2376,5982,3521
TATAAAAAAACCACAA,L320M,0.2160,0.2160,207,134
TATAAAAAACGCGTGA,H130N,0.6176,0.6176,53,12
TATAAAAACTGAGTTA,S113F I288F F469E,nan,nan,0,0
TATAAAAAGCATTCGT,C466D,0.0000,0.0000,0,1
TATAAAACTAAACTTA,A91W,0.1176,0.1176,1648,1960
TATAAAAGCAATAACC,S311Y,0.0000,0.0000,0,20
TATAAAAGCGTGCTCC,,0.1767,0.1767,10500,8310
TATAAAATAAACTTGA,S6M,0.0735,0.0735,550,1046
TATAAAATAACTCGGT,,0.1434,0.1434,122,119
TATAAAATCCAATGAC,E479K,0.2190,0.2190,2022,1291
TATAAAATGAAAAAGA,H117T Y195P,0.0000,0.0000,0,1
TATAAAATGGTGTACT,Q371A,0.1970,0.1970,4413,3132
TATAAAATTAATTGTT,M111T H298T E426L,0.0000,0.0000,0,1
TATAAACAAACTTAAT,L497D,0.2052,0.2052,1639,1117
TATAAACACGAAACAC,E-5K N158H D159Y,0.0957,0.0957,39,57
TATAAACCACTGTTTC,,nan,nan,0,0
TATAAACCAGATATAT,V152W E508Y,0.0874,0.0874,280,448
TATAAACCATCGCAGA,A160Q,0.2016,0.2016,457,317
TATAAACCCAATGTCA,H298I,0.1056,0.1056,222,294
TATAAACCGAATATTG,G205R,0.0000,0.0000,0,2
TATAAACCTACGATCC,P128L E493Q,0.1700,0.1700,3845,3163
TATAAACCTCCTAACC,A19Q,0.1685,0.1685,3030,2515
TATAAACCTGTCACAT,V88E F469S,0.0000,0.0000,0,4
TATAAACGCCGTTAAA,S167E R321Y D366T T370Q N483S,0.0000,0.0000,0,11
TATAAACTAAATAAAG,R452L,0.0000,0.0000,0,27
TATAAACTCCAAACAA,D159N,0.3825,0.3825,413,151
TATAAACTTTCTATGA,W153S,0.0000,0.0000,0,4
TATAAAGACTAGGACA,,0.0373,0.0373,68,255
TATAAAGCACAAATAG,L497H,0.1183,0.1183,2668,3153
TATAAAGCACAATGGT,Y258W,0.0257,0.0257,27,147
TATAAAGCATGCCTGG,E403S,nan,nan,0,0
TATAAAGCCAACTCGA,G416T,0.0000,0.0000,0,8
TATAAAGGAAAACAGG,L43F E273N,nan,nan,0,0
TATAAAGGAGTTATAG,,0.1431,0.1431,532,520
TATAAAGTAGAACCCC,S523C,0.0961,0.0961,22,32
TATAAAGTATACAAGA,Q282N,nan,nan,0,0
TATAAATAACTAACTA,K411Y,0.0247,0.0247,3,17
TATAAATACCTGTGGG,G225L S503F,0.0000,0.0000,0,2
TATAAATCACCATAAT,S133N,0.1620,0.1620,3231,2789
TATAAATCATTTGTCA,L2* G55E,nan,nan,0,0
TATAAATTATGCTTCT,L209S W421Q,1.0000,inf,26,0
TATAAATTTAAAGTTG,T192S T520W A526S,0.4482,0.4482,125,39
TATAACAAAGTACAAC,S101T,0.0000,0.0000,0,13
TATAACAATATTCCAG,E106F,0.2516,0.2516,376,209
TATAACAATGACCTAC,,0.1463,0.1463,726,694
TATAACACCTAGGCCC,K9L,0.0000,0.0000,0,7
TATAACACCTCAACAA,E44W,0.1370,0.1370,48,49
TATAACAGTAAATAGA,,0.1589,0.1589,468,412
TATAACAGTAGAATTA,M388R,0.0000,0.0000,0,17
TATAACATAAGACTGT,W127V E407Q,0.1015,0.1015,1037,1429
TATAACCAGTCTAATT,L325R E358C,0.1500,0.1500,4158,3876
TATAACCCAATATAAT,C281Q,nan,nan,0,0
TATAACCCATCCCGGA,,0.1379,0.1379,142,144
TATAACCTCACCAAAT,E434N,0.0000,0.0000,0,5
TATAACCTTCGTTGTA,,0.1374,0.1374,386,393
TATAACGACATAAGCA,A91S,0.1378,0.1378,2630,2669
TATAACGATGAGAAAT,,0.1553,0.1553,10334,9304
TATAACGTACAAATCT,P74S,0.0869,0.0869,772,1243
TATAACGTGTATAGTG,,0.0000,0.0000,0,93
TATAACGTTCGGGCTA,L-1S,0.1781,0.1781,270,212
TATAACTAAAATTAAA,N103F I297F,nan,nan,0,0
TATAACTACAAATTCA,L179P R452I,0.0000,0.0000,0,3
TATAACTACCACCGAA,L122R,0.1796,0.1796,583,454
TATAACTCAGCTGAGT,G345R G542D,0.4622,0.4622,195,59
TATAACTGAAATTAAA,N103F I297F,0.9323,0.9323,20,3
TATAAGAAATGACCTG,E479M,0.2074,0.2074,1133,764
TATAAGAACAGTTGCA,E434H,0.0000,0.0000,0,6
TATAAGAACCCACAAT,E426D,0.0865,0.0865,128,207
TATAAGAAGACGCTAC,Q359T D487N,nan,nan,0,0
TATAAGAATAACTGAG,K32A D175K,0.0130,0.0130,8,86
TATAAGACATAGTCAG,E189F,0.5323,0.5323,118,31
TATAAGATAGGTGTGT,I335D,1.0000,1.4684,21,2
TATAAGATATCAAAGA,K450Q,0.1086,0.1086,195,251
TATAAGATTAAAGTAT,W127E,0.0521,0.0521,19,51
TATAAGCAAAACATAC,F148W,0.0946,0.0946,883,1305
TATAAGCAAACCGCAC,G275Y K380L,0.0000,0.0000,0,2
TATAAGCAAATGAACA,N172Y,0.1204,0.1204,329,382
TATAAGCCAACACCCT,,0.0000,0.0000,0,12
TATAAGCGATTAATAT,N483K,0.1747,0.1747,3805,3046
TATAAGTAGCCCCTCT,G49S V444M,0.1727,0.1727,1394,1129
TATAAGTCAAGAAACA,N458R,0.0000,0.0000,0,7
TATAAGTCGTATTTTG,E131M I502K,nan,nan,0,0
TATAAGTCTAGTAGCG,L213V I548L,0.1880,0.1880,1030,766
TATAAGTGAGAGGATA,I15L,0.1119,0.1119,244,305
TATAATAAACATATGG,A214F,0.0944,0.0944,1553,2301
TATAATAACATACATA,,0.1314,0.1314,2223,2366
TATAATAAGACAAGAA,,0.1782,0.1782,11543,9058
TATAATAAGGAAATTA,,0.1730,0.1730,2878,2326
TATAATACATCCGCGA,N197Y,0.1485,0.1485,3612,3402
TATAATACCGTCCTAA,S10R V444D,nan,nan,0,0
TATAATACCTACGCCG,C97I,nan,nan,0,0
TATAATAGAAGGGTTA,E403W,1.0000,3.3562,48,2
TATAATAGACGGACAA,,0.1412,0.1412,511,506
TATAATATTTATAATC,H18T Q226F,0.0000,0.0000,0,94
TATAATCAATTAACAG,V481E,0.0000,0.0000,0,1
TATAATCACCGTCCGT,K411A,0.0994,0.0994,411,578
TATAATCCCAAAATGA,V510P,0.2028,0.2028,116,80
TATAATCCCATTATTT,Q282N,nan,nan,0,0
TATAATCTAAATAAAA,H276Q,0.2170,0.2170,1041,671
TATAATCTTTCGAAGA,P299C,0.2436,0.2436,54,31
TATAATGAATAACAAA,P324W,0.1571,0.1571,692,616
TATAATGACCCTCAAA,,0.2007,0.2007,1592,1109
TATAATGACTAAAACA,T283E,nan,nan,0,0
TATAATGAGCCTGACA,D63C,0.1444,0.1444,2196,2126
TATAATGAGCTGTGCA,G337D,0.0000,0.0000,0,7
TATAATGCACGCATTC,Q371Y,0.1279,0.1279,32,35
TATAATGCGGAATAAG,,0.1255,0.1255,175,195
TATAATGGACAGACTA,,0.2168,0.2168,2606,1681
TATAATGTACGCCCAG,I115Q,0.0000,0.0000,0,1
TATAATGTAGTCTATA,N-4H,0.1282,0.1282,2452,2674
TATAATGTGAGTAGAG,R404V,0.0758,0.0758,214,395
TATAATGTGGCAAATA,,nan,nan,0,0
TATAATGTGTAAATAT,G286Q,0.0000,0.0000,0,3
TATAATTACTCCTACA,R482K,0.1638,0.1638,7506,6408
TATAATTCGAGGCTTC,R482E,0.0584,0.0584,715,1711
TATAATTTGACCAACA,C477S,0.0000,0.0000,0,4
TATAATTTTCATAGCC,A373L,0.0000,0.0000,0,5
TATAATTTTGAATCGT,,0.2106,0.2106,619,411
TATAATTTTGAATGAA,N210I,0.0816,0.0816,14,24
TATACAAATATATTAC,I15T,0.1023,0.1023,995,1360
TATACAAGTAGATTTC,T46N R405S,nan,nan,0,0
TATACAATCCTATGAG,T132C,0.1815,0.1815,5486,4228
TATACAATCTACATAA,K156Q,0.2158,0.2158,1577,1022
TATACAATTGGCGTAT,H298V,0.3570,0.3570,388,152
TATACACACCTTGTCC,L427G,0.0000,0.0000,0,1
TATACACCACGCTTTC,L122N L176M,0.1239,0.1239,2604,2938
TATACACGTAAGAGCC,,0.1474,0.1474,1772,1681
TATACACTCTACAGTC,S383G,0.0890,0.0890,14,22
TATACAGAAATGAATA,L2D N186M,nan,nan,0,0
TATACAGACACATGAC,E434Q,0.2745,0.2745,13012,6629
TATACAGAGAATAAAA,N193C N410V,0.0000,0.0000,0,2
TATACAGAGACCTAGC,Y423P,0.1645,0.1645,40,34
TATACAGCAGTCCCAA,R114C R456E C549Y,0.0850,0.0850,31,51
TATACAGCCCTGCGGA,V451W,nan,nan,0,0
TATACATGATTACTGC,E189I R452W,0.4166,0.4166,143,48
TATACATGCTGACTTA,L61H,nan,nan,0,0
TATACATGGCAAATTA,V347A,0.1782,0.1782,5982,4694
TATACATGTAAAATCA,E368* V444I,0.1958,0.1958,21,15
TATACATTCCCTGGCC,E119C,0.0735,0.0735,364,693
TATACCAAACTCCCAT,R220G,0.5962,0.5962,81,19
TATACCAATTATAGAT,E44N,0.0000,0.0000,0,1
TATACCACATCCTTCT,F417S,nan,nan,0,0
TATACCACTACCTAGT,A67T,0.1277,0.1277,42,46
TATACCATTGAATGAA,K32Q,0.1065,0.1065,1282,1684
TATACCCAAACGTACT,T219P,0.1072,0.1072,758,989
TATACCCAGTTTTATC,D449R,0.0396,0.0396,84,297
TATACCCATTCGCAGA,K32M P254R,0.0000,0.0000,0,4
TATACCCTGTACCGAA,E461H,0.0000,0.0000,0,3
TATACCGACATTATCT,E31I G362T,0.0000,0.0000,0,2
TATACCGATTATCTAT,M30Y,0.0759,0.0759,448,825
TATACCGCACACCTAC,F118K,0.1765,0.1765,313,248
TATACCGCATGTTCCC,E255F K310I,nan,nan,0,0
TATACCGTACAACTGC,M431K,1.0000,1.5942,57,5
TATACCGTCGTCTATT,S291N,0.1887,0.1887,1143,847
TATACCTACCCTCATC,R452N,0.0890,0.0890,140,220
TATACCTAGATAATCA,,0.1209,0.1209,396,458
TATACCTCAATCACAC,E89I,0.0980,0.0980,239,341
TATACCTGAACAAATC,,0.1872,0.1872,79,59
TATACCTGACTACCTC,,0.1617,0.1617,599,518
TATACCTTTAGAGAGA,G342L D386-,0.0000,0.0000,0,1
TATACGAAGCAAATTG,L2G G55K Q142K,0.2846,0.2846,230,113
TATACGACATACTGAC,I374W,0.1561,0.1561,3786,3391
TATACGACTGAACAGC,L51W,0.3941,0.3941,31,11
TATACGCAAAGTGGAT,I548C,0.2360,0.2360,351,208
TATACGCCCACAAATA,Y17Q S22N,nan,nan,0,0
TATACGGGCTGATATC,F232A,0.1846,0.1846,33,25
TATACGGTTTTTGTTG,T208R,0.1197,0.1197,268,313
TATACGTATCCATCAG,P92aK V347K,1.0000,4.6148,66,2
TATACGTCGACTCACA,H18Q,0.1062,0.1062,1689,2224
TATACGTCTAATTAGA,S480Q,0.1433,0.1433,167,163
TATACGTGATTAACTA,Y161G T378P,0.3729,0.3729,16,6
TATACGTTACTACGGT,P145Y S523E,0.0000,0.0000,0,5
TATACTAAAATCCATA,,0.0914,0.0914,931,1425
TATACTAACACTTAAC,M30* C466G,0.0000,0.0000,0,6
TATACTAATTGGTCAA,H355L,0.2201,0.2201,831,528
TATACTAGAAGAATAG,H354M,0.1135,0.1135,1172,1444
TATACTAGCATACTAA,,0.1007,0.1007,1566,2175
TATACTCCTTACGCTC,,0.1429,0.1429,5212,5099
TATACTCGTTGAAACA,,0.1429,0.1429,1724,1687
TATACTCTGCGGTGGA,K9E,0.0952,0.0952,2189,3217
TATACTTAAAAAATAA,G376C,0.1889,0.1889,154,114
TATACTTAGCCTATAA,G225Y,0.0396,0.0396,58,205
TATACTTTCTGTTTGA,T200Y,0.0000,0.0000,0,1
TATACTTTGCACGTAT,R328bT,0.0832,0.0832,640,1076
TATAGAAACACATGTT,L-1V F245I,0.1149,0.1149,1045,1272
TATAGAAAGGATGTGA,V5W,0.1412,0.1412,2549,2524
TATAGAACATTATCAC,,0.1585,0.1585,7863,6938
TATAGAAGGAGCCGTA,E434N,0.0000,0.0000,0,1
TATAGAATCCATATTC,P99C,0.0000,0.0000,0,12
TATAGACAGAACACAT,E78D Y256S K411E,0.0000,0.0000,0,8
TATAGACTACAAAAAA,A336Q,nan,nan,0,0
TATAGACTACAAAGGT,R90I,0.1842,0.1842,640,486
TATAGACTACCAGACC,A336I,0.2290,0.2290,131,80
TATAGAGCCTAAATTA,K310R,0.1200,0.1200,5729,6676
TATAGAGCTTTTTCCC,E407K,0.0000,0.0000,0,22
TATAGAGGACAATGGT,P58F A522W,0.0000,0.0000,0,5
TATAGAGTCAAGACTA,K280Q,0.0950,0.0950,220,324
TATAGATAAATCAAAA,,0.1842,0.1842,187,142
TATAGATAAGCTCAAT,N129T,0.1941,0.1941,2028,1461
TATAGATAGTCGCACC,D457G,0.0845,0.0845,563,932
TATAGATGATAGAGTA,A160W,0.1799,0.1799,970,754
TATAGATGCCAAACAA,V88I I502D,1.0000,1.3518,29,3
TATAGCACATAATTTA,G275L,0.1821,0.1821,1504,1155
TATAGCACCTATAATT,S10K,0.5916,0.5916,55,13
TATAGCACGGGATATT,,0.1224,0.1224,161,184
TATAGCATCAATGTTA,S247F K269L,1.0000,1.2586,63,7
TATAGCCTACTATGGA,L102F,0.1980,0.1980,1543,1090
TATAGCCTTAACGACG,,0.1558,0.1558,137,123
TATAGCCTTGGTGTGC,T390D V481E,0.0000,0.0000,0,3
TATAGCGATTTCATTC,,0.1533,0.1533,2507,2287
TATAGCGTATCGCCTT,E476M,0.0784,0.0784,144,257
TATAGCGTGCAAGTGG,P215C,0.1211,0.1211,174,201
TATAGCTAAATTCAAC,E-5Q,0.1629,0.1629,254,218
TATAGCTAAGGGGAGA,I252Q K460N E461Q,0.0000,0.0000,0,1
TATAGCTACCCAGTCG,,0.1137,0.1137,823,1012
TATAGCTACCTACACT,E358S,0.1773,0.1773,2137,1686
TATAGGAAGCCTGGCC,H184P,0.1277,0.1277,21,23
TATAGGACTAAAGCAT,H110Y I385H,0.0000,0.0000,0,5
TATAGGCGACATTGGA,,0.1093,0.1093,25,32
TATAGGCGGTAATACC,,0.0000,0.0000,0,13
TATAGGTACCGTCGCC,L54W N458Q,nan,nan,0,0
TATAGGTTGCGAAAGT,W84E,0.0000,0.0000,0,2
TATAGTAGCCAGGTAA,C139I G342R,0.0000,0.0000,0,3
TATAGTATCAGAAAAG,,0.1210,0.1210,2644,3056
TATAGTATTCCAGCAG,T219P,0.1361,0.1361,4301,4418
TATAGTCATAAATCTA,K125aR G275V,0.1857,0.1857,2784,2096
TATAGTCCAAATACCA,S523E,0.1502,0.1502,29,27
TATAGTCTGGTACGAA,,0.1824,0.1824,994,762
TATAGTGCCAATGTAA,G360I,0.0000,0.0000,0,1
TATAGTTAACGAAAGG,S185F H440P M538K,nan,nan,0,0
TATAGTTATACAACGC,D63S,0.2251,0.2251,103,64
TATAGTTTAGTTGGAA,,0.4002,0.4002,83,29
TATATAAAAAACTAAA,N408T,0.1186,0.1186,1944,2293
TATATAAAACGATTTA,G143Y,0.1925,0.1925,1677,1218
TATATAAAAGCAGTAG,L-1D,0.0000,0.0000,0,4
TATATAAAAGCTACGG,L194R,nan,nan,0,0
TATATAAAATGCGGTT,E494Q,0.1198,0.1198,1354,1581
TATATAAAATTAAGAC,T436P,0.0000,0.0000,0,2
TATATAAACAGTATAT,T23C R90W,0.0000,0.0000,0,4
TATATAAAGTGCTTTA,H38N N48*,nan,nan,0,0
TATATAAATAAGTTCC,K472V,0.2143,0.2143,1094,714
TATATAAATACAATAA,S291K,0.2904,0.2904,108,52
TATATAACCGACATAT,S22V,0.1396,0.1396,1054,1056
TATATAACTAGGCGGA,H183Y,0.0000,0.0000,0,18
TATATAACTGAACCTA,K498V,0.1422,0.1422,712,700
TATATAACTGCCCAAC,G504V,0.1500,0.1500,148,138
TATATAAGTATCAGCT,E414A,0.2519,0.2519,299,166
TATATAATAGCTAGGA,M388E,nan,nan,0,0
TATATAATCATTAAAC,L7H V315M,0.0912,0.0912,356,546
TATATAATCCCTGGTC,H38M,0.1147,0.1147,552,673
TATATAATCTACTTAT,,0.2989,0.2989,171,80
TATATAATGATCAACA,P239Q,0.1375,0.1375,353,359
TATATAATTATCGTAG,Y86C V152F,0.4895,0.4895,77,22
TATATAATTCTGGATG,P254K,0.0000,0.0000,0,2
TATATAATTTCTGAGC,N-4R G360R,nan,nan,0,0
TATATACAAGATGCAA,I182E,0.0157,0.0157,12,107
TATATACATCACTTAA,N169S N322T K367R T370L F469G,1.0000,4.7547,34,1
TATATACCCATGCCAG,,0.1329,0.1329,1168,1229
TATATACCCCGCAAAC,S125bF,0.0000,0.0000,0,21
TATATACGGGTTCGGC,D77E,0.1384,0.1384,1713,1731
TATATACGTTCTAGCA,V223N,0.0421,0.0421,47,156
TATATACTATTTAGAG,,0.2285,0.2285,5568,3408
TATATACTTTAAGCCA,I-3N,0.0847,0.0847,158,261
TATATAGTATTGGCTG,V347N,0.0466,0.0466,16,48
TATATATAAGGTTATC,V8I,0.1021,0.1021,284,389
TATATATAATATTACA,C52Y I60R S383R,0.2468,0.2468,150,85
TATATATACTGCGTTA,C139G V315Q,0.0000,0.0000,0,7
TATATATATGCCGACA,A144V G416N,0.0921,0.0921,183,278
TATATATTAGCCCAGG,L209C,0.0630,0.0630,222,493
TATATCAGTATATTTG,G205W D449H,1.0000,3.0766,22,1
TATATCAGTTGCACTT,,0.1117,0.1117,2252,2820
TATATCCAGAAAAGTC,S85P,0.1544,0.1544,138,125
TATATCCATGAAAACA,R328aQ F399W E432K,1.0000,3.4961,25,1
TATATCCCTACAACAG,Y308C L320R,nan,nan,0,0
TATATCCGACATACAT,V88C,0.0915,0.0915,225,344
TATATCCTGTCCACAA,L122I,0.1868,0.1868,10127,7581
TATATCGCAACGGGTT,,0.1827,0.1827,2691,2060
TATATCGCGAACAGAA,K259V,0.4746,0.4746,224,66
TATATCGGAACCGAGA,L314Y,1.0000,1.4917,32,3
TATATCTCATAATCGT,C52P,0.0000,0.0000,0,7
TATATCTCTACCCCCT,C549A,0.2560,0.2560,789,431
TATATCTCTTAGCTCT,V261R,0.1302,0.1302,665,714
TATATGAATCCGCCCT,L-1F,0.1868,0.1868,3129,2343
TATATGACTGACGACC,R405K,nan,nan,0,0
TATATGATAAGGTGAA,,0.1254,0.1254,382,426
TATATGCAACCCTAAC,,0.2156,0.2156,3504,2273
TATATGCACAGCTTCA,N379C,0.1783,0.1783,1635,1282
TATATGCAGTCTTTTC,,0.2458,0.2458,856,487
TATATGCCATTTGGCC,T370H,1.0000,inf,59,0
TATATGCTATACCGGG,G342R,0.0000,0.0000,0,8
TATATGCTGCGCACAA,E78K,0.3454,0.3454,489,198
TATATGCTGGAGTCTG,G55M G319C,0.1306,0.1306,142,152
TATATGGAATCCCAGC,V261C,0.1256,0.1256,2679,2983
TATATGGCGAACCTAC,,0.1556,0.1556,1194,1073
TATATGGGCCCTAACA,,0.1153,0.1153,5617,6810
TATATGTACCCCAGTA,N169Q T266H,nan,nan,0,0
TATATGTATACCCTCC,,0.0995,0.0995,1597,2245
TATATGTCACAATAGA,V36A E407I,0.1398,0.1398,1,1
TATATGTCCAACTATT,V56H,0.1264,0.1264,3972,4396
TATATGTCCTTGAAAA,G275S C277R A365I,0.0000,0.0000,0,1
TATATGTCTTGTTGCT,V34T,0.5594,0.5594,116,29
TATATGTGTGCAGGGC,W69N,0.0000,0.0000,0,3
TATATTACAAGAATAC,,0.0000,0.0000,0,1
TATATTACGGTAACAG,,nan,nan,0,0
TATATTATAACGGACT,E393I,0.0972,0.0972,230,331
TATATTATCTAGCGTT,,0.1642,0.1642,2604,2218
TATATTCAACCGTGAC,K506Y,0.2351,0.2351,2125,1264
TATATTCCAAAATCAC,R435Y,nan,nan,0,0
TATATTCCCCTAACGC,N169P,0.0691,0.0691,160,324
TATATTGGACATCATA,I13F T511I,0.1297,0.1297,497,536
TATATTTAGGCCAACG,A138I,0.0000,0.0000,0,60
TATATTTATAACGAAG,R452G,0.0000,0.0000,0,1
TATATTTCTCCCACTG,P162G,0.1509,0.1509,41,38
TATATTTGAATTGCAA,V505I,0.0831,0.0831,129,217
TATATTTTATAACCAT,K412F,0.1048,0.1048,221,295
TATATTTTGCAGTTCC,A91L D375K,0.2246,0.2246,53,33
TATCAAAAATCAGACA,L102H Y308N,0.0000,0.0000,0,10
TATCAAAAGAACTAGA,S247F,0.0730,0.0730,1199,2296
TATCAAAAGTAAGTTC,N357F,0.0000,0.0000,0,15
TATCAAAATCGAGTAA,C277R R321L T370R T436R,0.1144,0.1144,9,11
TATCAAAATTGCCGAT,W234L D348N,0.8810,0.8810,63,10
TATCAAACACGGTACA,E-5Y,0.1766,0.1766,2720,2154
TATCAAACAGGACAAA,T163R Y351W,0.6293,0.6293,45,10
TATCAAACATAACAAG,A242V,0.1164,0.1164,2927,3517
TATCAAAGTTCATAGA,N443D,0.0000,0.0000,0,2
TATCAAATAAAGGTAT,A218D,nan,nan,0,0
TATCAAATGTGGAAAC,E31G,0.3846,0.3846,88,32
TATCAACCTACCACAA,Q391L,0.0000,0.0000,0,3
TATCAACTCTCCCTCC,L331S,0.0000,0.0000,0,4
TATCAAGAGTACCATT,I123L,0.0386,0.0386,139,503
TATCAAGATCAGTAAT,A287Q,0.0000,0.0000,0,1
TATCAAGGTACCAATT,S383N S442C,0.0943,0.0943,29,43
TATCAAGTAAACTCGG,I123A Y351*,nan,nan,0,0
TATCAAGTTTATGTAA,N21S K328F,0.2098,0.2098,66,44
TATCAATACAAAGTGG,N312I,0.0000,0.0000,0,8
TATCAATCCTAAGCAC,L430P,1.0000,1.2236,35,4
TATCAATCTATTAGAC,E393Q,0.1145,0.1145,226,276
TATCACAAGTATAAGG,A257G,0.1360,0.1360,1430,1470
TATCACAATTCGTTCT,L331V,0.2024,0.2024,841,581
TATCACACAAGACAAT,F338I S503Y,0.5128,0.5128,11,3
TATCACACACGTACAG,K125aG,0.1389,0.1389,3645,3671
TATCACCGAAGATTAT,V272T I550P,0.0000,0.0000,0,6
TATCACGCGGACACAT,L331R G376S,0.0000,0.0000,0,2
TATCACGGGCTCTTCC,,0.1239,0.1239,1860,2099
TATCACGTTGGAAGTA,D386W,0.1295,0.1295,238,257
TATCACTAATGATGAT,S356H L515K,0.3596,0.3596,18,7
TATCACTCATCAACCC,,0.1750,0.1750,3156,2522
TATCACTCTAAGGAAA,,0.0138,0.0138,55,558
TATCACTGGGAGCAAG,V285Y,0.0534,0.0534,305,799
TATCACTTTCAAAAAG,S133K,0.2150,0.2150,1124,731
TATCACTTTTTTTTCG,,nan,nan,0,0
TATCAGAAATTCACCA,E476H,0.0881,0.0881,961,1525
TATCAGAAGGCAAACA,W153D G271S,0.3765,0.3765,35,13
TATCAGATAAGTGTAA,L122K,0.1717,0.1717,3419,2784
TATCAGCAACCCCAAC,K62M,0.1966,0.1966,1098,781
TATCAGCAAGCTACTT,A144F G510aD,0.8372,0.8372,1329,222
TATCAGCCAGATTCTA,,0.1039,0.1039,2471,3327
TATCAGCCATAACTTC,L437T,nan,nan,0,0
TATCAGCCCCGGCATG,N116A,0.0000,0.0000,0,12
TATCAGCTTCTCAAAC,L-1Y H354K,0.0877,0.0877,2678,4270
TATCAGTAACTATGAA,V151L Y353W,0.1374,0.1374,402,409
TATCAGTTCCATTATA,G303H,0.9789,0.9789,28,4
TATCATAAAGTTAGAA,,0.1378,0.1378,2655,2694
TATCATAAGCAGTTGG,,0.1622,0.1622,138,119
TATCATAATTTCGATG,N389T,0.1109,0.1109,835,1053
TATCATATTTTTTGCC,T35F G463E,nan,nan,0,0
TATCATCCGCTAATGT,,0.1376,0.1376,3404,3459
TATCATCGGAAGTAGG,,0.0971,0.0971,723,1041
TATCATCTCAAAAGTG,L176K,0.0300,0.0300,27,126
TATCATCTGTGAAATA,S383G C466D,0.0000,0.0000,0,4
TATCATGTAACCAAAG,,0.2361,0.2361,618,366
TATCATTAAATCCGGC,D104Y,0.0545,0.0545,39,100
TATCATTCAATGATTC,,0.0533,0.0533,61,160
TATCATTGAATATTAA,E327W T511R,0.0000,0.0000,0,67
TATCCAAAAGTCAACG,D241K,0.0000,0.0000,0,5
TATCCAAAAGTTAGTC,E414D,0.1394,0.1394,933,936
TATCCAAAATACACTA,G68C E493I,nan,nan,0,0
TATCCAAAGCGCAATC,N458C,nan,nan,0,0
TATCCAAAGCGCGTGA,L544R,0.0000,0.0000,0,25
TATCCAAATAAAGTAA,S270D,0.0000,0.0000,0,24
TATCCAACTAGATAAA,A257Q G352C,0.0000,0.0000,0,11
TATCCAAGCGTCCCCC,E493P,0.1826,0.1826,10376,7948
TATCCAATAGGATTTA,K109V,nan,nan,0,0
TATCCAATATTGCTCA,E501K,0.1156,0.1156,2420,2927
TATCCAATATTTTCGC,F245N,nan,nan,0,0
TATCCAATCCCGCCCT,N21F F79G,0.0000,0.0000,0,8
TATCCACCGATCGCTC,K157Y,0.0591,0.0591,60,142
TATCCAGAGAGACTTA,D241S,0.0000,0.0000,0,27
TATCCAGGCAAGACTA,F233Y,0.1992,0.1992,3710,2604
TATCCATACATCATCC,E107D W343S,nan,nan,0,0
TATCCATCACTGAGTG,K50*,nan,nan,0,0
TATCCATGTACCTAAA,A287K,nan,nan,0,0
TATCCATTTAACAATT,Q454V,0.2325,0.2325,143,86
TATCCATTTGCAGTCA,D449S W537T,0.1958,0.1958,56,40
TATCCCACATGAACCC,L409R,0.0000,0.0000,0,2
TATCCCACCAAATGAG,,0.1389,0.1389,4747,4778
TATCCCACGAAAAACC,S167N R321K F469M,0.0000,0.0000,0,4
TATCCCATACAAAACA,I548T,1.0000,2.4706,53,3
TATCCCATACAATATA,N94S N116P,0.0000,0.0000,0,5
TATCCCCCACGGGGAA,,0.1718,0.1718,720,586
TATCCCCCATATAACA,W69G,0.1936,0.1936,18,13
TATCCCGAGAGATTTA,P324T,0.0758,0.0758,501,924
TATCCCGATGAGCCAG,V82S G504R,0.1532,0.1532,23,21
TATCCCGGGAACATAT,L527D,nan,nan,0,0
TATCCCTATTTCCATA,L154A M268K,0.0000,0.0000,0,7
TATCCGATGGCTTAGA,I123Y,0.8391,0.8391,24,4
TATCCGCAAGTATAGT,,nan,nan,0,0
TATCCGCTCGTGATCA,L507A,0.3707,0.3707,1368,516
TATCCGCTGCACCTGA,S65N T192W F245S,0.0000,0.0000,0,4
TATCCGGAGTGACTAT,V34Y,nan,nan,0,0
TATCCGGAGTGTGCCG,N129Q,0.1648,0.1648,2717,2306
TATCCGGGGGTGGTGA,,0.1678,0.1678,2249,1874
TATCCGTGAATTTTAC,N48M,0.0524,0.0524,36,96
TATCCGTTGATACACA,N464F,0.0843,0.0843,144,239
TATCCTACACCTTATA,E500C,0.3263,0.3263,175,75
TATCCTGCAAGCTAGA,Y308M,nan,nan,0,0
TATCCTTGTTAATAAC,M-6Q S65F N248I,0.0000,0.0000,0,1
TATCCTTTCGAATCCA,D27T,nan,nan,0,0
TATCGAAAGTAACCAT,K9Q,0.1453,0.1453,3805,3663
TATCGAATTTTGCACA,T23F,0.0000,0.0000,0,2
TATCGACGGCAGATAA,,0.1041,0.1041,1041,1398
TATCGAGCGTAGTGCT,H47R,0.0000,0.0000,0,14
TATCGATGAGTTATGA,E44S R321S T370* F469T,0.0000,0.0000,0,5
TATCGATTACTCTTTA,P99E,0.3305,0.3305,26,11
TATCGCATCCAGCTCA,Y258T L527M,0.0000,0.0000,0,1
TATCGCCAAATATTTA,N169C L430T,nan,nan,0,0
TATCGCCGAAAGCTGT,R227Y L497F,0.0000,0.0000,0,31
TATCGCCTGATCATAT,V381N,0.0000,0.0000,0,23
TATCGCGCCAAATCGG,N433S,0.0000,0.0000,0,4
TATCGCGGTGATAAAA,R227H N446S,0.0000,0.0000,0,53
TATCGCTTGTCATAAT,L507P A532E,0.0000,0.0000,0,1
TATCGGAAAGAACAAG,E500P,0.0348,0.0348,44,177
TATCGGCCCGCTAACC,H244Q,0.0930,0.0930,457,687
TATCGGTAACTATTCA,D241P,nan,nan,0,0
TATCGGTCCCTCAGAC,I60C L437C,0.0000,0.0000,0,24
TATCGGTGTAAAAATC,A214V R321A D457V,0.0000,0.0000,0,12
TATCGTACTTACTTCC,G49D N210P,0.0000,0.0000,0,3
TATCGTCAGACCGGAA,A93N,0.1112,0.1112,1730,2176
TATCGTCCTTTCAAAG,D375E,0.1518,0.1518,968,892
TATCGTGACAACGTCA,D41S C139R L418R,0.0000,0.0000,0,1
TATCGTGACACTTACT,Q226M,0.0000,0.0000,0,64
TATCGTTAATATGAAA,S167P N278W,0.0000,0.0000,0,6
TATCGTTAGGGTACCT,K109E,0.0000,0.0000,0,5
TATCGTTTGGCGCACA,R397G,0.1842,0.1842,1413,1073
TATCGTTTTTTAACCG,E273W,0.1048,0.1048,1692,2257
TATCTAAATAAATACA,D53S,0.1842,0.1842,1068,811
TATCTAAATTTAAGAG,T46P H117N,0.0000,0.0000,0,6
TATCTAAATTTCTAGG,R496L,0.2354,0.2354,367,218
TATCTAAGCCTTATAC,,0.1311,0.1311,1960,2091
TATCTAATACTAACCA,T171Q K307R,nan,nan,0,0
TATCTACACGGGTATT,,0.1734,0.1734,4262,3437
TATCTAGAATCCTTCC,R81E,0.0979,0.0979,472,674
TATCTAGCAACTTGAT,Y512R,0.4607,0.4607,112,34
TATCTAGGAGTCCTAG,Y488W,0.1767,0.1767,115,91
TATCTAGGCACCAGAC,C14S,0.0000,0.0000,0,1
TATCTAGGCCCCATCC,N-4E I384S,0.0636,0.0636,10,22
TATCTAGGTGTCCGTA,,0.2398,0.2398,2375,1385
TATCTATACGAAAATA,M230Y,0.0000,0.0000,0,12
TATCTATATACCTAGC,R321K,0.1368,0.1368,632,646
TATCTATCGTTATGAG,L102E V381D,1.0000,2.6221,75,4
TATCTATTAGATGATC,G504S,0.1846,0.1846,4450,3371
TATCTATTATAAAGTT,T520V,0.0174,0.0174,18,145
TATCTCAAGAATAACG,,0.1678,0.1678,120,100
TATCTCCCGGAAAATG,P254D Q371S,0.0000,0.0000,0,5
TATCTCCGTACTCGAT,V377S,0.0000,0.0000,0,29
TATCTCTAACAACAGC,P58H T283P,0.0000,0.0000,0,4
TATCTCTAGAACGTAT,,0.1821,0.1821,530,407
TATCTCTAGACAAGTC,D449P,nan,nan,0,0
TATCTCTAGGTATGGG,N169M R321N,0.0000,0.0000,0,1
TATCTCTATTACACTA,N158R,0.4300,0.4300,10354,3367
TATCTCTCCACAATGT,E434F G465*,nan,nan,0,0
TATCTCTTTTTCGTAT,I42C K280I,0.0000,0.0000,0,2
TATCTGACAAGGCAAT,N-4I,nan,nan,0,0
TATCTGATACGCAGTC,E414Y,0.5231,0.5231,202,54
TATCTGATCAAGTAAA,S101R,0.1753,0.1753,247,197
TATCTGATCTATCAAG,R81K R405F,0.0000,0.0000,0,4
TATCTGATTGGAAATT,T23E Q454D,0.0000,0.0000,0,4
TATCTGCTGAATAAAC,T192P,0.0000,0.0000,0,17
TATCTGGAAAATACTG,Q490S,0.1154,0.1154,359,435
TATCTGGAAAGTACAG,S185R N193W,0.0000,0.0000,0,3
TATCTGGACACAATTA,,0.1728,0.1728,917,742
TATCTGGAGGTATCGA,,0.0754,0.0754,76,141
TATCTGGTTTGTAACA,L409E,1.0000,5.8268,125,3
TATCTGTCAGTCATGA,G181K,0.1573,0.1573,1382,1229
TATCTGTTAACCGTAA,A242G,0.1084,0.1084,176,227
TATCTGTTTTACGCCG,W421Y,0.0000,0.0000,0,15
TATCTTAAATATTTAA,,0.0000,0.0000,0,3
TATCTTAACTTATCAA,Y161* H295R H298P,nan,nan,0,0
TATCTTAATGCAACGT,,0.1236,0.1236,320,362
TATCTTACCGCCTGGC,,0.2041,0.2041,5106,3499
TATCTTATCAACGCGT,N169L K262aN,0.3445,0.3445,335,136
TATCTTATCATCACTC,M230C,0.0000,0.0000,0,125
TATCTTCCAGTTCATC,K196G Y491F,0.1498,0.1498,315,294
TATCTTCCTGAATAGC,D63T,0.5322,0.5322,137,36
TATCTTGACCGAATCA,C64F,0.0000,0.0000,0,6
TATCTTTGATCCATGC,N169E,0.1890,0.1890,1707,1263
TATCTTTGGAAGAGTG,E44N P299F D487N,0.0000,0.0000,0,3
TATCTTTGGAAGATCG,R81D,0.1959,0.1959,1010,721
TATCTTTGTTAGCAGG,V223N,0.0822,0.0822,77,131
TATCTTTTCTGATAAG,S167I R321P T370F,nan,nan,0,0
TATGAAAAAATACAAT,F79M R212T,1.0000,3.6359,78,3
TATGAAAAACACATAT,S523T,0.3335,0.3335,31,13
TATGAAAAGAACCCGT,L102Y,0.0474,0.0474,63,186
TATGAAACAAAGAAAA,Y256P,0.4129,0.4129,62,21
TATGAAACTCGAGGGT,A138V,0.0954,0.0954,146,214
TATGAAATTTGTAAAC,K262aD,0.0000,0.0000,0,4
TATGAACAACCATTTT,F399Q L437Q,0.0000,0.0000,0,2
TATGAACAACCTGGAA,V82R,0.0583,0.0583,35,84
TATGAACCAGACATCA,W69S,0.3077,0.3077,66,30
TATGAACCTAAGTAGT,D41E V151W,0.0000,0.0000,0,7
TATGAACTCTGGAAAT,N150D S265G,0.9789,0.9789,56,8
TATGAAGAAGCCTCTT,N54aI,0.1663,0.1663,1199,1008
TATGAAGATGTCGTAC,T37D Y488N,1.0000,1.6781,36,3
TATGAAGGTTATTTCA,R328bL,0.1236,0.1236,1366,1546
TATGAAGTCAATGAAC,,0.0785,0.0785,55,98
TATGAATAAGGGAAAA,P239V,0.1367,0.1367,392,401
TATGAATACACCATAC,C277Y,0.1748,0.1748,25,20
TATGAATGTTAAAAGT,V381L,0.1279,0.1279,2520,2755
TATGAATTATGGCACG,K120R V377K,1.0000,1.3349,105,11
TATGAATTTTCACAGC,V505A,0.1694,0.1694,2936,2424
TATGACAAAGTGTACT,H18K,0.0995,0.0995,252,354
TATGACAATAAAAGAT,,0.0781,0.0781,152,272
TATGACAATCCGGAGA,L59V L154R,1.0000,1.1887,34,4
TATGACATTTATTTAG,,0.1164,0.1164,1109,1332
TATGACCCTATCTTCA,H298L,nan,nan,0,0
TATGACGAGAATACGA,,0.0665,0.0665,610,1282
TATGACGAGTCTATGC,S265D,0.0000,0.0000,0,9
TATGACGTAAATCTGC,,0.1229,0.1229,4092,4656
TATGACGTAACCACTA,P489I,0.1465,0.1465,8543,8157
TATGACTACTTCTACG,G341W,0.3520,0.3520,224,89
TATGACTGCAAAACAT,A257M A495K,0.0000,0.0000,0,3
TATGACTTAACTACCT,N312D G333R,0.0000,0.0000,0,58
TATGACTTGGGTTATT,,0.1865,0.1865,44,33
TATGAGAAAAGTCGAT,T279Q,0.1228,0.1228,36,41
TATGAGAAGCTAAAAA,I406W,0.2032,0.2032,5109,3516
TATGAGACGGATGACA,K120C,0.0000,0.0000,0,11
TATGAGATATCACTGG,G55E C477M,nan,nan,0,0
TATGAGATGTTGGAAT,,0.0439,0.0439,266,848
TATGAGCCTCGACCAA,,0.1741,0.1741,239,192
TATGAGCTTCTATCCA,Y201T,0.0784,0.0784,528,942
TATGAGGTACCGAGGA,K62F,0.2137,0.2137,10212,6683
TATGAGTACAGTGACG,S290F,0.1390,0.1390,316,318
TATGAGTCGCGTTAAA,D487Y,0.0992,0.0992,100,141
TATGAGTTAAATATCT,T485Y,0.1318,0.1318,1330,1411
TATGAGTTATTCAAAA,S10N S207N,nan,nan,0,0
TATGATAAAAGATAAA,,0.1068,0.1068,817,1070
TATGATAACTTCTTGA,Q222W,0.0672,0.0672,2649,5513
TATGATAATACTACCT,R326T A364E,0.9789,0.9789,77,11
TATGATACCATCACGT,E304S,0.0000,0.0000,0,33
TATGATATATTTAATA,G181R S492I S543N,0.0000,0.0000,0,1
TATGATATGAAAGCAA,P82aS,0.3091,0.3091,546,247
TATGATCAAATAAGCT,,0.1475,0.1475,155,147
TATGATCAATCCCGAA,,0.1351,0.1351,227,235
TATGATCACATAAACA,V444P,0.0000,0.0000,0,5
TATGATCAGCACAACT,V34L S291G R321G,0.9495,0.9495,129,19
TATGATCCGAGAAACG,G271N Y488W,0.0354,0.0354,189,747
TATGATGAAACGCTAT,A3L,0.1756,0.1756,167,133
TATGATGGATGGCCCA,,0.1731,0.1731,5780,4670
TATGATGTAGACCGAC,R328bV,0.1382,0.1382,85,86
TATGATTCAAACACTG,,0.1464,0.1464,2949,2817
TATGATTCACATGTCC,T171V,0.1569,0.1569,3768,3358
TATGATTCACCCTAGT,F118H,0.1600,0.1600,1637,1431
TATGCAAAACTTTGCG,N312S,0.1134,0.1134,1044,1287
TATGCAAACTACACAT,E78N,0.0852,0.0852,39,64
TATGCAAATACTCCAT,C139Y,0.9789,0.9789,28,4
TATGCAAATTAAAAGT,,0.1949,0.1949,2258,1620
TATGCAACCCCTATAC,,0.0000,0.0000,0,5
TATGCACATCAATGAC,L527T,0.0000,0.0000,0,1
TATGCACGTCATGCCT,P145L G376S,0.5373,0.5373,8361,2176
TATGCAGAACGTACTC,Q12E S383T,0.0953,0.0953,60,88
TATGCAGATTATACAA,L-1W G342H,nan,nan,0,0
TATGCAGCTCCTTGGA,I267D,nan,nan,0,0
TATGCAGTACCCAGAA,L43I,0.0000,0.0000,0,1
TATGCATCGTGCTGAT,Y470W,0.0758,0.0758,630,1162
TATGCATTCAATTCTA,A336H,0.2797,0.2797,22,11
TATGCATTGAGGCACG,Q12H,0.1773,0.1773,1828,1442
TATGCCAAGACCACAC,S167F R321T S369N E398T,0.0000,0.0000,0,10
TATGCCACCTTAAAAC,A459K,0.0000,0.0000,0,9
TATGCCATTCGAGTAA,N169G N424K,nan,nan,0,0
TATGCCCAAACCATTG,L428P,0.0000,0.0000,0,1
TATGCCCACACTTATC,S356N H471N,nan,nan,0,0
TATGCCCAGGCTGCAT,,0.1408,0.1408,4625,4593
TATGCCCCCTAACTCT,,nan,nan,0,0
TATGCCCCCTAACTTC,,0.1711,0.1711,1138,930
TATGCCCGCTAACATT,C477T,0.0000,0.0000,0,11
TATGCCCTAATCACCA,S270N,0.2225,0.2225,35,22
TATGCCGAACCACACC,E393C,0.1036,0.1036,1728,2333
TATGCCGGAAGATCAT,L437D,nan,nan,0,0
TATGCCGGTACGATAG,E44H F232W,0.1224,0.1224,1557,1779
TATGCCGTAAGGTTGA,L437Y,nan,nan,0,0
TATGCCGTCTCACTTG,D487C,0.1007,0.1007,373,518
TATGCCTTTAATCACT,,0.1676,0.1676,3907,3259
TATGCGAAATAAGAAA,S290T,0.1429,0.1429,656,642
TATGCGCGTAAATAAC,H130W,0.1592,0.1592,5305,4660
TATGCGCTGATAAAGA,F469T,0.0000,0.0000,0,10
TATGCGTTTTCGAACG,P162H,0.1532,0.1532,1214,1108
TATGCTAATGTTCGCA,,0.0861,0.0861,24,39
TATGCTACGCTCGCAT,G396S E479T,0.0799,0.0799,948,1660
TATGCTAGCCCCCGAA,L1V D386W,0.3026,0.3026,528,244
TATGCTAGGTAGATCG,E403T,nan,nan,0,0
TATGCTAGTATATCAT,,0.1386,0.1386,557,562
TATGCTATAAGATAAT,,0.0000,0.0000,0,147
TATGCTATTGTCCAGA,T200N,nan,nan,0,0
TATGCTCATGCAGGAG,R547A,0.2139,0.2139,26,17
TATGCTCTCTAGTCCC,A3H,0.1655,0.1655,58,49
TATGGAAACAATACTA,E119F,0.1823,0.1823,1845,1415
TATGGAAAGAAAGCGG,T390E,0.0000,0.0000,0,1
TATGGAAAGCAGTTAC,S323N H440R,0.0000,0.0000,0,9
TATGGACACAGTTGAG,Y195N,nan,nan,0,0
TATGGACTAATGACAG,L61Q T378A,nan,nan,0,0
TATGGACTCGTATCAA,K45A V420T I548R,0.0000,0.0000,0,1
TATGGAGCCGACCGAT,G362K,0.0811,0.0811,206,355
TATGGATGGATCCTAC,D104M,0.1673,0.1673,408,341
TATGGCAGCTAAATCT,V152L,0.3496,0.3496,40,16
TATGGCCTCGATTAGA,K445D,0.0000,0.0000,0,1
TATGGCTAAGTTGCAT,D457A,0.0974,0.0974,62,89
TATGGGAGAATATACC,C14W R90G K472N G484D,nan,nan,0,0
TATGGGATCCCCCTTC,V88Y,0.0000,0.0000,0,18
TATGGGGTCACCGCCG,S203M,0.0595,0.0595,373,876
TATGGGTCGGCAAACT,W350M,0.2098,0.2098,465,310
TATGGTACGTCTACAA,Y274C,0.0000,0.0000,0,17
TATGGTACTGTTACAC,I155W S442T V444K,nan,nan,0,0
TATGGTCAGACAAATC,,0.1677,0.1677,1432,1194
TATGGTCTATAGACAA,,0.1812,0.1812,640,494
TATGGTTAATGATGGC,W153* F294M T370F,nan,nan,0,0
TATGGTTCACCTGATG,N94E A532D,0.0000,0.0000,0,7
TATGGTTCTAGCTAGT,,0.1794,0.1794,286,223
TATGTAACCTAATGAG,K165E E398F,1.0000,1.1187,8,1
TATGTAATCTTGACAA,T35L L462G,nan,nan,0,0
TATGTAATGACTAAAT,E246V,0.1595,0.1595,3667,3215
TATGTAATGCGTAATC,Y353E,0.0666,0.0666,10,21
TATGTAATGTCAAACA,P254S,0.0000,0.0000,0,47
TATGTACAAAACTCAG,F79N,0.6614,0.6614,175,37
TATGTACGGCATCGCC,H38W,0.1278,0.1278,277,303
TATGTACTATTCTACC,T200G,0.2089,0.2089,1631,1092
TATGTAGGATCTCAGA,R81A,0.0000,0.0000,0,11
TATGTATACAATGATT,P293Y,nan,nan,0,0
TATGTATAGTAGAATC,Y161D,0.3442,0.3442,32,13
TATGTATGACACATAT,T132S M292I N357G,0.0000,0.0000,0,7
TATGTATGTGGTCACG,D264A G319S,0.0000,0.0000,0,8
TATGTATGTTAGCCAA,P293K,0.8790,0.8790,132,21
TATGTATTACAAATTA,H47A,0.1442,0.1442,2579,2501
TATGTATTCCATATAC,V8I V444G,nan,nan,0,0
TATGTCAAAAAATATA,A495Q,0.0489,0.0489,21,60
TATGTCAAAATTTTAT,C14M S247C K460I,nan,nan,0,0
TATGTCCAAAACTATA,F118I,nan,nan,0,0
TATGTCCATCATGGAT,I339R,nan,nan,0,0
TATGTCCATTACACAC,,0.0763,0.0763,203,372
TATGTCTAAGGCCAAA,K259V,0.1251,0.1251,440,492
TATGTCTAATGACAAC,V309T,0.1369,0.1369,94,96
TATGTCTCTTAAAACC,Y256N,0.0860,0.0860,2056,3342
TATGTCTGAAATGTAC,,nan,nan,0,0
TATGTCTTATAAAGCT,N296M,0.0593,0.0593,25,59
TATGTGAACAGTAGGG,,nan,nan,0,0
TATGTGCCTTAAATTA,Y201H,0.1786,0.1786,7223,5657
TATGTGGTTAACCACC,L447F,0.0000,0.0000,0,3
TATGTGTTTGAGTCAG,N73W,nan,nan,0,0
TATGTTAACGCACCAG,M478L,0.1790,0.1790,1060,828
TATGTTAAGAAAAATG,G484A,0.1604,0.1604,234,204
TATGTTACAGCCGATG,F399L,0.0000,0.0000,0,3
TATGTTACCTAGTTTT,Y195V,nan,nan,0,0
TATGTTACGCAAGAAT,S523G,0.0000,0.0000,0,12
TATGTTACTGTCGGGG,A137W,0.0552,0.0552,403,1021
TATGTTAGATAGAGGC,I514F,0.1276,0.1276,1112,1219
TATGTTAGCCACACCG,F469N,nan,nan,0,0
TATGTTATACCCGTAG,S509- V510Q G510aV,0.2153,0.2153,1347,875
TATGTTCTTGGACAGA,,0.1486,0.1486,4620,4347
TATGTTGAAGCGTGCC,T318D,0.0000,0.0000,0,2
TATGTTTGCACATGTA,L453P,0.0000,0.0000,0,11
TATGTTTGTTACAGAT,,0.1490,0.1490,49,46
TATGTTTTATGTAGTC,A144Y,0.3031,0.3031,5121,2363
TATGTTTTGGATATGG,N20R A373N E393K,0.0000,0.0000,0,6
TATGTTTTTATCCTGT,R452F,0.0000,0.0000,0,7
TATTAAAAATACATCA,L2Q,0.0915,0.0915,104,159
TATTAAAATCAATATA,N424M,0.3263,0.3263,35,15
TATTAAACACTATAGG,F417G,0.0000,0.0000,0,4
TATTAAACCCGAAAAG,T266S,0.1173,0.1173,339,404
TATTAAACCCTATCAG,N408V,0.1535,0.1535,562,512
TATTAAAGCCGAGATC,E468A,0.0987,0.0987,151,214
TATTAAATAAGATAAA,E494A,0.0777,0.0777,5,9
TATTAAATCGACAAAT,N458R,0.1119,0.1119,20,25
TATTAAATGCCATATT,D449K Y491N,0.1034,0.1034,17,23
TATTAACAATACTACA,,0.1028,0.1028,1538,2092
TATTAACATGCTAGAT,V82E,1.0000,1.7900,64,5
TATTAACATTGCGATC,P284Y,0.2408,0.2408,31,18
TATTAACGCCATCAAT,T378P G510aQ,0.0000,0.0000,0,2
TATTAACGTCGTGAAC,,0.1705,0.1705,3244,2661
TATTAAGAAAAGTTTC,R321D T370P F469H,0.0000,0.0000,0,8
TATTAAGAAAATAAAA,S543M,0.2232,0.2232,774,485
TATTAAGATTCTGCTT,T208M S290F A394Q,0.0000,0.0000,0,25
TATTAAGCCAGCAACA,,0.1768,0.1768,1173,928
TATTAAGCGCGGTAAT,P284D,nan,nan,0,0
TATTAAGGGCGACTGT,L316W,0.0000,0.0000,0,23
TATTAATAAATTAGTT,P99R,0.0000,0.0000,0,15
TATTAATATAAAAAAA,L331E,0.6221,0.6221,129,29
TATTAATCTACGTAGC,M292A,0.0994,0.0994,958,1348
TATTAATCTGACCAAT,,0.1233,0.1233,329,373
TATTAATCTTAAACAA,A67H L176D F469L,0.0000,0.0000,0,10
TATTAATCTTAGACTA,L61E,0.3012,0.3012,56,26
TATTAATGCAACTACA,G100Y E476P,0.0000,0.0000,0,3
TATTAATGCAATACAA,Q222G,0.0732,0.0732,166,317
TATTAATGCCCGGTAT,L2M D419I,0.0000,0.0000,0,14
TATTAATGCGAAATAA,Q12* W350D,0.0000,0.0000,0,14
TATTAATTCTACCATG,T206S,0.1375,0.1375,879,894
TATTAATTGAAAAGGG,N278W,nan,nan,0,0
TATTAATTTGAAGTAC,K307Q,0.8624,0.8624,37,6
TATTACAAATTGTCCG,,0.1505,0.1505,3884,3609
TATTACAGTAACATCA,T318N Y486C,0.0000,0.0000,0,5
TATTACCAAAGTCAAA,N92L,0.1981,0.1981,4235,2989
TATTACCGGAGAGTTG,S247Y,0.0000,0.0000,0,3
TATTACCGGGCCCTTT,,0.2386,0.2386,203,119
TATTACGATACAGACT,T37I M111S,nan,nan,0,0
TATTACGATCAATGTA,D449V,0.1804,0.1804,1246,966
TATTACGATTGACTAC,S265G,0.2517,0.2517,27,15
TATTACGCGACGTTGA,S6H,0.2497,0.2497,316,177
TATTACTAATACAAAG,G333Q,0.1130,0.1130,168,208
TATTACTACGGCTGCA,,0.1962,0.1962,1176,838
TATTACTACTAAAGGA,L122N I529K,0.4157,0.4157,217,73
TATTACTATACCATAT,Y486E,0.0000,0.0000,0,3
TATTACTGTTCTGTAT,L43D E304Q,nan,nan,0,0
TATTACTTCTTCCGGA,S10I N169C N401L,0.0000,0.0000,0,1
TATTAGAAAGCAACGT,I260A,0.1587,0.1587,556,490
TATTAGAAATTACAGG,K57R D175I,nan,nan,0,0
TATTAGAACTTTGCCA,V135I,0.0660,0.0660,108,229
TATTAGAAGATCGGTA,F467E,0.0000,0.0000,0,2
TATTAGAATACGTCGG,S480A,0.1709,0.1709,154,126
TATTAGAATCTGAACG,F469A,1.0000,2.5638,55,3
TATTAGAATGGTAGTA,,0.1778,0.1778,3325,2615
TATTAGACCCTAGCCG,N150L Y488I,0.0000,0.0000,0,11
TATTAGATTACACTTT,R90C,0.0764,0.0764,106,194
TATTAGATTCCATGCT,,0.1582,0.1582,1815,1604
TATTAGCACCTCAGAG,M413P,1.0000,inf,14,0
TATTAGCACTACATTC,L1Q H298N,0.0755,0.0755,491,910
TATTAGCGGCCTCATA,L544Y,0.6248,0.6248,210,47
TATTAGGGTAGACATT,,0.2269,0.2269,451,278
TATTAGTAACGTCACT,E-5Q A522N,0.0000,0.0000,0,4
TATTAGTAACTATAGC,S85E,nan,nan,0,0
TATTAGTACAAGAATC,E493D,0.0623,0.0623,53,119
TATTAGTCCTCCGCCT,A138P,0.0000,0.0000,0,11
TATTAGTTCCTTAAAA,G333A,0.2246,0.2246,318,198
TATTATAAACCCCCCA,,0.1061,0.1061,198,261
TATTATAATGTAATAA,D11G,0.0000,0.0000,0,3
TATTATAGCTCCAACA,F251K,0.0000,0.0000,0,2
TATTATAGGCCTCTAC,M230G,0.5128,0.5128,11,3
TATTATATAGTTCAAG,,0.1181,0.1181,640,758
TATTATATGCACCACA,,0.1450,0.1450,1011,975
TATTATATGTATTAAG,L43S L428F,0.0000,0.0000,0,1
TATTATCACGTCCGAA,V8W E131I,0.0893,0.0893,23,36
TATTATCAGCAATACT,S207E,0.1448,0.1448,293,283
TATTATCCGTATATGC,T511V,0.0920,0.0920,1956,2973
TATTATCCTAGGGTTC,,0.1304,0.1304,593,636
TATTATCGCGGGTAAT,N150I,0.1711,0.1711,827,676
TATTATTACCAGAAAC,Y351V,0.7924,0.7924,102,18
TATTATTACTACCCGA,N103W A394E,nan,nan,0,0
TATTATTCAGACTAAC,I339Y,0.0000,0.0000,0,8
TATTATTTAGCACACA,,0.2053,0.2053,5011,3414
TATTCAAACCGATCCA,G55W,0.1994,0.1994,1600,1122
TATTCAAATACCAATT,H110L W127C,0.0941,0.0941,821,1220
TATTCAACCAATGCCT,E403K,0.0000,0.0000,0,5
TATTCAATCAATATGA,W127M W180C F392S,0.0000,0.0000,0,6
TATTCACAAATCGCAA,I15W,0.3321,0.3321,57,24
TATTCACAGGATGATT,M-6A,0.3059,0.3059,35,16
TATTCACTGTTGATCG,S207T,0.0738,0.0738,86,163
TATTCACTTTAGCATC,A67P,nan,nan,0,0
TATTCAGCAAAAGATA,,nan,nan,0,0
TATTCATAATCTAACT,V5Y N296K,0.0708,0.0708,83,164
TATTCATCCAAAGGGG,Q344N E501N,0.2454,0.2454,93,53
TATTCATGACTATGCG,,0.1277,0.1277,315,345
TATTCATGTACACACT,T520E,0.0000,0.0000,0,6
TATTCCAACGAAAATA,L331V,0.1815,0.1815,279,215
TATTCCACAGTATGAA,Y86L,0.0000,0.0000,0,11
TATTCCAGAAGCTGCG,N20Q,1.0000,1.7620,63,5
TATTCCCAAATATAAC,F233C,0.0338,0.0338,105,434
TATTCCCACGGCGCGG,N458K,nan,nan,0,0
TATTCCCACTGTAAAA,L213P I288T,0.0000,0.0000,0,4
TATTCCCAGGGCACCC,V-2A,0.1576,0.1576,2339,2076
TATTCCCCCCTAAAGC,V152C A253Y,0.2975,0.2975,100,47
TATTCCCCCCTTACTA,S126K,0.2662,0.2662,3242,1703
TATTCCCTATACAATA,F245W,0.1998,0.1998,9049,6333
TATTCCGCCCAATCGG,R114W,0.1122,0.1122,597,744
TATTCCGGTAATACGC,,0.1522,0.1522,1498,1376
TATTCCTCACATATTA,,0.0000,0.0000,0,27
TATTCCTTTAAGTGCG,G249V,nan,nan,0,0
TATTCGAAACACATTT,D77Y E508F,0.0000,0.0000,0,19
TATTCGAACTAAGCTG,,0.1046,0.1046,1718,2296
TATTCGAATCATGATC,G349T,nan,nan,0,0
TATTCGAGTATAGGGC,V34E H295R,0.3077,0.3077,22,10
TATTCGATGTTCAAAG,E461M,0.4122,0.4122,112,38
TATTCGATTAAATAAC,,0.2439,0.2439,1118,641
TATTCGCAACCACTAA,,0.0000,0.0000,0,78
TATTCGCGTCACCCAG,N169V F439H F469S,0.0000,0.0000,0,1
TATTCGGAATTCTCTG,N424V,0.0000,0.0000,0,4
TATTCGGAGTCCTACC,Y256S,0.1276,0.1276,874,958
TATTCGGTAGGCGGGG,S361W,0.1107,0.1107,873,1103
TATTCGTTAAGTGCTC,N21T,nan,nan,0,0
TATTCTAAACTCATTA,S167P R321L T370P F469G,0.0000,0.0000,0,1
TATTCTAAAGAGGAAC,K506E,0.1244,0.1244,4583,5151
TATTCTAAAGCTCCCC,P284T K445P,0.0000,0.0000,0,1
TATTCTACAGAGTCAC,Q12K,nan,nan,0,0
TATTCTATATAACCTA,D95N,0.3092,0.3092,2370,1072
TATTCTATCTAAACAG,D419K W537N,1.0000,inf,28,0
TATTCTCCGTCTTTAC,L51C T266P,nan,nan,0,0
TATTCTCTATACGGTA,A526H,0.0000,0.0000,0,19
TATTCTGAATGGGAAT,S203L,0.0623,0.0623,737,1654
TATTCTGGTGACACAT,Q545W,0.3402,0.3402,309,127
TATTCTTAAACCACAG,K165H,0.1281,0.1281,315,344
TATTCTTAGTTTGTAA,F332G,nan,nan,0,0
TATTCTTATCATGGAA,E340Q,nan,nan,0,0
TATTCTTATCATGTTT,M388R,0.1183,0.1183,22,26
TATTCTTGCAGTAAAG,V444G,0.0000,0.0000,0,3
TATTCTTTTTTTAAAC,L209P A253S C549K,0.0000,0.0000,0,34
TATTGAAAAACTTTTA,E-5W,0.0000,0.0000,0,4
TATTGAACACTCCCAA,S311K,nan,nan,0,0
TATTGAAGTAAAGTGC,,0.1958,0.1958,1456,1040
TATTGAATACTGTTAT,D241C,0.0000,0.0000,0,17
TATTGACACACGATAC,,0.0000,0.0000,0,7
TATTGACTCACAGATA,,0.0000,0.0000,0,50
TATTGACTCCATTATA,L402D,0.1605,0.1605,854,744
TATTGAGAAATGTACT,M346N,1.0000,1.5383,44,4
TATTGAGAAGTAAAGA,E255K,0.2096,0.2096,895,597
TATTGAGAGACACACT,R329M M431E,0.0100,0.0100,1,14
TATTGAGTGCACGGTG,M75I,0.0846,0.0846,285,471
TATTGAGTGCCAAGTA,W84P,nan,nan,0,0
TATTGAGTTAACCTGA,I550A,0.2405,0.2405,356,207
TATTGATAAGCCAATG,S10N,0.1719,0.1719,279,227
TATTGATTAAGTCACA,,0.1000,0.1000,208,291
TATTGATTGTACGACA,K196Q,0.2232,0.2232,4909,3076
TATTGATTTAAAACTA,R149Y,0.1634,0.1634,1152,986
TATTGATTTTTAAACC,R329M,0.0000,0.0000,0,4
TATTGCAAACAAAGAC,I178W,0.1355,0.1355,1065,1099
TATTGCAAAGGAAAGT,W127L,0.1461,0.1461,563,539
TATTGCAACAAATTTT,A532T,0.1655,0.1655,703,594
TATTGCAACAACTAGA,,0.0903,0.0903,250,387
TATTGCACGCAAACAT,V36L G286S,0.0000,0.0000,0,2
TATTGCATGTAAATGA,N483G,0.1513,0.1513,990,915
TATTGCCAGGTAACTA,G271L,0.1233,0.1233,769,872
TATTGCCGCCTGCCCA,A214W,0.0370,0.0370,54,204
TATTGCGATATCCGTC,,0.2608,0.2608,2333,1251
TATTGCGCAGATTAAA,L527P,0.0000,0.0000,0,1
TATTGCGCCCTAGATA,P162E L525Q,0.0000,0.0000,0,14
TATTGCTCGATGTCTT,P162A,0.1385,0.1385,213,215
TATTGCTGGTAACTAC,R397F,0.1119,0.1119,4,5
TATTGCTGTTCGACCG,A214D T485M,0.1044,0.1044,1032,1383
TATTGGAATCTTAGAC,L314G I548T,0.0000,0.0000,0,16
TATTGGAGCATATGTT,S126V,0.1931,0.1931,1185,858
TATTGGCCCTAGTAGT,N408I,0.3146,0.3146,9,4
TATTGGCTACTAAGTA,A522H,nan,nan,0,0
TATTGGGAGAGGACTT,N400K,0.1059,0.1059,499,659
TATTGGGTACCACCTA,,0.1265,0.1265,589,651
TATTGGTTAGCGTAGA,G263D K412M,0.0000,0.0000,0,4
TATTGGTTCCTCCCGT,L544N,0.0000,0.0000,0,4
TATTGTACGCCAAAGA,R114I Y470S,0.0000,0.0000,0,50
TATTGTACTTGTATTC,,0.0926,0.0926,204,308
TATTGTAGCACAGTTG,N103M,0.0872,0.0872,460,738
TATTGTATACTGACTG,G143L,0.1601,0.1601,1677,1465
TATTGTCACACTAACC,V5C S523I,0.2171,0.2171,59,38
TATTGTCAGAGGGATT,Q40G R321H T422D,0.0000,0.0000,0,5
TATTGTCGTGAACTCA,N446I,0.1428,0.1428,3953,3872
TATTGTTAACAACCCC,E398T,0.2279,0.2279,176,108
TATTGTTACGGAAATC,G330R,0.0000,0.0000,0,8
TATTGTTCAACTGACA,,0.0610,0.0610,315,722
TATTGTTGATACTACC,,0.1994,0.1994,874,613
TATTGTTTCTCTTGCT,N73D M75I,0.1643,0.1643,141,120
TATTTAAAAAGCAACG,L59W L409R,0.0000,0.0000,0,3
TATTTAAAACTTAGGC,Y86K,0.1829,0.1829,170,130
TATTTAAATTCTCGGG,F417L,0.2266,0.2266,4708,2906
TATTTAAGCACTCAAG,E403Q,0.0000,0.0000,0,25
TATTTAATAATAGATG,W69R I164T,0.0000,0.0000,0,14
TATTTAATGTAAGATA,Q371R,0.3986,0.3986,1368,480
TATTTAATTAACCCCA,,0.1389,0.1389,450,453
TATTTAATTGTTTAAT,L213R,0.1496,0.1496,4444,4155
TATTTACAACAGTCCT,L54F D159Y,0.0000,0.0000,0,10
TATTTACAATACTACT,H295N,0.0000,0.0000,0,20
TATTTACGGAGAACAG,I384V,0.0000,0.0000,0,122
TATTTACTGACTCACA,S291V,0.1075,0.1075,1946,2532
TATTTACTTAACTGAA,W537C,0.7094,0.7094,629,124
TATTTAGAATAATATA,L7T,0.1299,0.1299,2745,2954
TATTTAGAGAAATGTT,,0.1992,0.1992,406,285
TATTTAGCATCTGGCG,G225V V510A,0.0000,0.0000,0,45
TATTTAGCCCCAGCTG,F118V H298W,0.0000,0.0000,0,13
TATTTAGCGTAAACCT,W180T,0.0000,0.0000,0,1
TATTTAGTACGATGAA,S265K L497E,0.0000,0.0000,0,2
TATTTATACCAGCTTA,Y470W,0.1331,0.1331,1902,1999
TATTTATATCAATAAC,W350T A522L,nan,nan,0,0
TATTTATGTATACTTC,C281Q,0.0000,0.0000,0,14
TATTTATTCACGGCGT,A373V,0.5314,0.5314,38,10
TATTTATTTAAACAAA,,0.1763,0.1763,730,579
TATTTCAAACATAAAC,G376T,0.0000,0.0000,0,6
TATTTCATAATCATGT,Y512H,0.1144,0.1144,202,247
TATTTCCCGGAAAATA,Y274K,0.0977,0.0977,190,272
TATTTCCGAATGCTTT,K50L,0.1296,0.1296,1078,1163
TATTTCGAGTTTTAAT,,0.0811,0.0811,91,157
TATTTCGGTGGCTAAT,G286W,0.5085,0.5085,40,11
TATTTCTGTAACTGTG,N278G,0.0913,0.0913,250,383
TATTTCTTAGCTAATA,P299A,0.1221,0.1221,558,639
TATTTGAAATTCGAAG,,0.1503,0.1503,1901,1769
TATTTGATACGAACTA,,0.2066,0.2066,845,572
TATTTGATGGCCATTG,G341E A532D,nan,nan,0,0
TATTTGCCAAAACTCA,,0.0984,0.0984,294,418
TATTTGCGCTAAAGAC,L209N,0.2264,0.2264,34,21
TATTTGGAAATCACGT,R435S,0.2006,0.2006,33,23
TATTTGGAAGTGACGA,F118I,0.0000,0.0000,0,4
TATTTGTAACTTACTA,H183F Y491D,0.0000,0.0000,0,24
TATTTGTACCTGATCC,C52E,nan,nan,0,0
TATTTGTTAGCGTAGA,F332W,0.0000,0.0000,0,2
TATTTTAATTACTTAG,C14L,0.0000,0.0000,0,1
TATTTTACAGGGGAGA,Y195D L453E D457Y,nan,nan,0,0
TATTTTAGCGTACAAT,I155P,nan,nan,0,0
TATTTTATATTCGAAC,,0.1370,0.1370,48,49
TATTTTATGCTAATCA,K57W V505N,0.0000,0.0000,0,6
TATTTTCAAAAGTTGT,,0.0984,0.0984,1408,2001
TATTTTCATATGTGGC,K262aM S265I L437P,nan,nan,0,0
TATTTTCCTCCTTTGT,V5A,0.1041,0.1041,1169,1571
TATTTTGAATACTATA,F148V C549N,0.0000,0.0000,0,2
TATTTTGAATGTAACA,K157N,0.1805,0.1805,621,481
TATTTTGAGAGAACAC,G416D L437S,nan,nan,0,0
TATTTTGATAAGCTAA,I4F,0.1837,0.1837,1416,1078
TATTTTGTCGAAAGCA,S125bE,0.1528,0.1528,4118,3769
TATTTTGTTGTAAGGA,N150Q,0.1146,0.1146,3226,3936
TATTTTTCATAGCCTC,E493F,0.1153,0.1153,1287,1561
TATTTTTCCAGCATTC,A522D,0.8740,0.8740,25,4
TATTTTTTGATCACTG,D474S,0.2178,0.2178,880,565
TCAAAAAAAGCAATCC,A160K,0.2056,0.2056,247,168
TCAAAAAACGAAATTG,C549E,0.0000,0.0000,0,3
TCAAAAAACGTACTTA,,0.1989,0.1989,475,334
TCAAAAAAGAACACAC,L437M,0.1356,0.1356,1652,1704
TCAAAAAAGACCAGTA,Y168S K328G,0.0000,0.0000,0,4
TCAAAAAAGATAGCGG,R90Q *551F,0.0648,0.0648,337,727
TCAAAAAATTGAAACA,,0.1307,0.1307,1073,1148
TCAAAAAATTTCAAGG,L497C,0.0831,0.0831,675,1136
TCAAAAACACAAACTG,L544E,1.0000,1.5383,253,23
TCAAAAACAGCTGCTA,A214W,0.1328,0.1328,7436,7833
TCAAAAACGTAGGCAG,,0.0823,0.0823,1233,2094
TCAAAAACTCGCTACT,D415E,0.0301,0.0301,45,209
TCAAAAAGAACCTGGA,L112F,0.0000,0.0000,0,1
TCAAAAAGTCCTCCCG,N21C,0.0899,0.0899,18,28
TCAAAAAGTTAGTGTG,L96H,0.1230,0.1230,227,258
TCAAAAATACATCGCA,P92aI,0.1974,0.1974,168,119
TCAAAAATCGAACATC,V135T D375A,0.2079,0.2079,2956,1988
TCAAAAATTAAATCCG,,0.2941,0.2941,204,97
TCAAAAATTACAAGCT,Y363M,0.1601,0.1601,71,62
TCAAAAATTGAAATAA,I124K,0.1778,0.1778,206,162
TCAAAACAAATGTGTG,L320K,0.0000,0.0000,0,8
TCAAAACAATTAAGAC,G181A,0.1210,0.1210,1365,1577
TCAAAACGAGAATTAA,,0.1807,0.1807,982,760
TCAAAACGCGAACGCA,P293F,0.0000,0.0000,0,2
TCAAAACTCCCCATTC,C305F,0.0000,0.0000,0,11
TCAAAAGAATGGACAT,,0.1937,0.1937,4213,3041
TCAAAAGACGTTTGTC,R397M,0.2719,0.2719,315,162
TCAAAAGCCACGCCAA,K328D,nan,nan,0,0
TCAAAAGCCCAAAGTG,I202C G345C,0.0754,0.0754,124,230
TCAAAAGCTAGTATTA,K57W G352C,0.0000,0.0000,0,2
TCAAAAGGTGAATCGC,E255T,0.1524,0.1524,97,89
TCAAAATATAAAGGTA,V395C,0.1242,0.1242,1080,1216
TCAAAATGGTCTGATG,*551F,nan,nan,0,0
TCAAAATTTTGTTGCA,I260Y V395H L418R,nan,nan,0,0
TCAAACAAAGTGTGGA,C539A,0.1519,0.1519,10698,9852
TCAAACAATCAACCGC,Y86A P489G,0.1465,0.1465,44,42
TCAAACACCTCTGCCT,T163I,0.1207,0.1207,814,943
TCAAACACTTCTAAAA,G337I,0.0000,0.0000,0,3
TCAAACCAAGGAGGCC,L133aI D348E,0.1440,0.1440,35,34
TCAAACCTCTCACGGC,,0.1127,0.1127,812,1008
TCAAACTAAAATATCC,S207K,0.1881,0.1881,6147,4569
TCAAACTACAGATATT,,0.2087,0.2087,1064,713
TCAAACTCAAATTTGT,P162L F469*,0.0000,0.0000,0,12
TCAAACTGATCTGATA,I164D,0.1398,0.1398,12,12
TCAAACTGTGACCGTA,I297H W350*,0.0000,0.0000,0,2
TCAAAGACGAATTGAT,,0.1776,0.1776,3847,3029
TCAAAGAGTTTGACAT,D63I L325Q V505G,0.5827,0.5827,25,6
TCAAAGATAGACCAAA,,0.1071,0.1071,108,141
TCAAAGCAATTTCAAA,A242D D348T,0.0727,0.0727,26,50
TCAAAGCACTTCTTCC,A3W I406S,1.0000,2.6570,38,2
TCAAAGCATGCAAATT,K109D P162C,0.0000,0.0000,0,20
TCAAAGCCAACAAACG,S167V V285C G286C,0.0000,0.0000,0,1
TCAAAGCCCCGGGAAT,Q191R K307G,0.0000,0.0000,0,6
TCAAAGCCGGTAAACC,,0.0995,0.0995,422,593
TCAAAGCTTTTAGAGA,P125A Y512G,0.0846,0.0846,286,473
TCAAAGGACACTCTCA,I182S C277F G463S,0.0000,0.0000,0,1
TCAAAGGGATTTTCGA,I243G,0.0000,0.0000,0,14
TCAAAGTAACAGAGTG,,0.1667,0.1667,2578,2163
TCAAAGTAGTCATCCA,T318H,0.0000,0.0000,0,2
TCAAAGTGCATCCTCA,S442D,0.1813,0.1813,2364,1823
TCAAAGTGTTAGCCGT,P140N,0.1753,0.1753,3563,2843
TCAAAGTTGGATTCCC,P198I,0.0472,0.0472,388,1149
TCAAATAAAAACAATC,,0.1863,0.1863,549,412
TCAAATAAAGGTTTGC,T37W,0.0000,0.0000,0,6
TCAAATAAGAAAATCA,Y161M,0.3959,0.3959,368,130
TCAAATAATATTACTG,I335Q,0.0000,0.0000,0,8
TCAAATACACCTTAAA,R149E,0.0000,0.0000,0,35
TCAAATACGGCGCAAT,C76M,nan,nan,0,0
TCAAATACTGGACCAT,K50A E468K,0.0702,0.0702,145,289
TCAAATAGCACCTTAT,W343T,nan,nan,0,0
TCAAATATTCTTACGT,,0.1046,0.1046,1386,1853
TCAAATCCCGTAATCA,V429L,0.0420,0.0420,112,373
TCAAATCCGACGTAAA,,0.1827,0.1827,9950,7614
TCAAATGACCCTAAAG,C14G,0.0000,0.0000,0,11
TCAAATGATCCATTTC,S22V V223H K506N,1.0000,1.0838,31,4
TCAAATGCTACTTATA,N224C,nan,nan,0,0
TCAAATTAAACTCATC,A522R,nan,nan,0,0
TCAAATTCTCGTTCCC,H183V E434K D441N E493K K498L,nan,nan,0,0
TCAAATTTTAATTACA,Y258V,0.1659,0.1659,274,231
TCAACAAAAATGACAA,S10Y,1.0000,2.1326,61,4
TCAACAAAACGAGCTA,A373H,nan,nan,0,0
TCAACAAACAAGTGAT,P284T S369I,0.1061,0.1061,63,83
TCAACAAATTTTAACC,K450L,0.1821,0.1821,784,602
TCAACAACGTAAATGA,,0.1497,0.1497,441,412
TCAACAACGTGTCAAC,,0.1173,0.1173,1371,1634
TCAACAACTTTGTAGA,N250S,0.0769,0.0769,188,342
TCAACAAGGGCATCAG,S167T R321W S369T F469R,0.1665,0.1665,25,21
TCAACAAGTTTTCCAA,L209I,0.0000,0.0000,0,286
TCAACACAATGACCCA,S524H,nan,nan,0,0
TCAACACCATAATAAG,I15Q T200K,0.0000,0.0000,0,1
TCAACACCATTCGTTG,S65I E189Y I267C,nan,nan,0,0
TCAACACCATTTCTGT,A137K,0.0959,0.0959,1148,1674
TCAACACGAATGATAA,N187W,0.1307,0.1307,1516,1622
TCAACACGTAAAAAAA,,0.1639,0.1639,6771,5777
TCAACAGAACACAACA,T199N R452H,0.0382,0.0382,77,282
TCAACAGAACACTGAT,H110P,0.0000,0.0000,0,17
TCAACAGAACATGAGT,N186P,0.0000,0.0000,0,4
TCAACAGATCCATACC,I339P,1.0000,9.5093,68,1
TCAACAGGCAAAAATT,S85A,0.0945,0.0945,483,715
TCAACATAACTCGAAC,R328bS,0.0000,0.0000,0,17
TCAACATCTTTAATAC,P299W,0.1246,0.1246,449,504
TCAACCAAGCGAATAA,,0.3170,0.3170,34,15
TCAACCAATCATGAAG,,0.1768,0.1768,17903,14163
TCAACCAGTGACGGTC,,0.1706,0.1706,3156,2587
TCAACCATCAGAGGGA,,0.1290,0.1290,1456,1578
TCAACCATTCAATCTA,T208G,0.1693,0.1693,379,313
TCAACCCCTCAAACCC,L54Y,0.0514,0.0514,553,1506
TCAACCCTTATAGATA,,0.1842,0.1842,1068,811
TCAACCGGCTCTAATA,T422A,nan,nan,0,0
TCAACCTCAAATACAG,V481M,0.0000,0.0000,0,2
TCAACCTGTACCGCGT,,0.1136,0.1136,415,511
TCAACGACATTAAGAA,H184A,0.0000,0.0000,0,3
TCAACGAGAATGCCAT,W350Y,0.1348,0.1348,347,360
TCAACGCACACGAGCC,F469G,nan,nan,0,0
TCAACGCAGCGTGCAC,N278L,0.1004,0.1004,390,543
TCAACGCGTCTACCAA,N312F,0.1492,0.1492,779,730
TCAACGCTCAAATGAC,Y488C S503G K506R,nan,nan,0,0
TCAACGTAAAAAACCC,S125bQ,0.1603,0.1603,1349,1177
TCAACTAAAACATGTA,I502N W537H,0.2427,0.2427,59,34
TCAACTAGAATACCAG,,nan,nan,0,0
TCAACTATAGCAAGAC,A242P,0.1532,0.1532,92,84
TCAACTCAAAACGAAG,F233W,0.1516,0.1516,1552,1432
TCAACTCAACTAGATA,Y448G,0.0000,0.0000,0,7
TCAACTCCATAGCAGA,I115Y,nan,nan,0,0
TCAACTGAAATAAGAT,,0.1074,0.1074,750,977
TCAACTGATTATTAGA,L-1P Q25P S146M,0.0000,0.0000,0,3
TCAACTGTTTTAAGCC,S146G,0.0972,0.0972,429,617
TCAACTTCCATCTGTG,W84F E190A,1.0000,1.2586,27,3
TCAACTTTACCACCAT,Y17P,nan,nan,0,0
TCAACTTTCTCAAATA,W343P,1.0000,3.4961,25,1
TCAACTTTTAGCCGTA,,0.1976,0.1976,1922,1360
TCAAGAAACGATCAAG,N296P,0.0000,0.0000,0,20
TCAAGAAGACCTATTC,M230W F469W,0.0000,0.0000,0,3
TCAAGAATATAATCCG,Y201I,0.0675,0.0675,1763,3650
TCAAGAGCCTGCCGGA,D159Y,0.3043,0.3043,1778,817
TCAAGAGCGGGACACA,E479L,0.1112,0.1112,823,1035
TCAAGATAAGAATTTC,N92I,0.0646,0.0646,147,318
TCAAGATATATGTATA,M268Y,0.3196,0.3196,32,14
TCAAGATATTAAATGA,Y274L,0.1372,0.1372,51,52
TCAAGATCTCGTCTAA,A19G D27G,0.0000,0.0000,0,1
TCAAGATTTAAGAATA,S480R,0.1919,0.1919,5256,3830
TCAAGCAACATACAGT,R452F,0.1074,0.1074,53,69
TCAAGCAAGCCCCCAT,L213C,0.2175,0.2175,1985,1276
TCAAGCAATCACATTT,S290W,0.4275,0.4275,107,35
TCAAGCACCTGAAAAG,,0.0000,0.0000,0,14
TCAAGCACTTAGCGAA,N73A T199F,0.2313,0.2313,827,500
TCAAGCATAACGAAAA,,0.0000,0.0000,0,34
TCAAGCCAGAAAAATG,D449R,0.0000,0.0000,0,54
TCAAGCCATCAGCAAT,,0.1456,0.1456,402,386
TCAAGCCTATCAAAAC,,0.1929,0.1929,2571,1864
TCAAGCCTTAACACAT,,0.1575,0.1575,1952,1733
TCAAGCCTTAGTGGAC,A93V L176D,0.0000,0.0000,0,2
TCAAGCGCGTTGAATT,,0.1125,0.1125,1721,2139
TCAAGCTAACGCTGAC,,0.0839,0.0839,150,250
TCAAGCTAGCATTTTT,G263M E476Y,0.3651,0.3651,141,54
TCAAGCTTTATTCAAA,,0.1613,0.1613,1677,1454
TCAAGGCAGCATGGGA,T279S T511A,0.2276,0.2276,332,204
TCAAGGGACTATCAAC,V272I,0.2125,0.2125,7436,4894
TCAAGGGATCAATGTC,A218V E398V,0.0000,0.0000,0,2
TCAAGGGCAATATAAC,N458Y,0.0000,0.0000,0,13
TCAAGGGCAATTACGT,I339N,1.0000,3.0416,87,4
TCAAGGGTACGAAGGG,V261R,0.1289,0.1289,1238,1343
TCAAGGTTGAATAGTG,V272Y,0.1074,0.1074,589,767
TCAAGGTTGACAAGTG,,0.0427,0.0427,29,95
TCAAGTAACCCTTGTC,,0.1834,0.1834,2171,1655
TCAAGTATACCTCAAA,V223K,0.2150,0.2150,392,255
TCAAGTCACGGGACAT,,0.1319,0.1319,794,842
TCAAGTCAGTAGATAA,D457G,0.0522,0.0522,81,217
TCAAGTCCGCATATAT,N401T,0.1097,0.1097,1993,2540
TCAAGTCGAACAACTA,,0.2166,0.2166,364,235
TCAAGTCTAACTCAGA,E189K,0.3076,0.3076,1654,752
TCAAGTGATACAAAAC,R404Y,0.0000,0.0000,0,2
TCAAGTGGAATTATAA,N103I P293R,nan,nan,0,0
TCAAGTGTGCTTAGAC,N401C,0.1038,0.1038,492,663
TCAAGTTAACAGCAAA,R405S,0.3941,0.3941,31,11
TCAAGTTCGTTCCAAC,,0.1893,0.1893,4253,3142
TCAAGTTTAAAGAAAG,H47N,0.1345,0.1345,305,317
TCAAGTTTACTCATGA,Q344W,0.2568,0.2568,292,159
TCAATAAAATCCTGGT,P293T R326L,0.0000,0.0000,0,2
TCAATAAATTTCATAC,,0.1329,0.1329,266,280
TCAATAACAATACAAC,A91L,0.1198,0.1198,341,398
TCAATAACCGTGTACC,T132D,0.1722,0.1722,2776,2254
TCAATAACCTTAACAA,M75R R499W,0.1826,0.1826,2208,1691
TCAATAACGAATAACT,,0.1302,0.1302,2468,2651
TCAATAACTAACGCAA,D348S,0.1671,0.1671,888,743
TCAATAACTTTGTAGA,I123N,0.0000,0.0000,0,19
TCAATAAGGACTCTAC,G275Y,0.2247,0.2247,11324,7048
TCAATAAGGAGCTACT,S10A,0.4302,0.4302,243,79
TCAATACATACGTGCA,Q371T,0.1398,0.1398,935,935
TCAATACCTATGCCAA,,0.0000,0.0000,0,2
TCAATAGAACGCAACA,E461T,0.0000,0.0000,0,21
TCAATAGAGAACAAAA,D449C,0.0446,0.0446,286,897
TCAATAGCGACCCACA,T390I,0.2036,0.2036,1114,765
TCAATAGGGCGCACAC,,0.1055,0.1055,2071,2746
TCAATAGGTAGCTCGT,P306T,0.3496,0.3496,35,14
TCAATCATACACGAGG,E107W,0.0000,0.0000,0,2
TCAATCCGGTCCGAAA,L96C,0.1130,0.1130,497,615
TCAATCGCCTGAGAAA,M431R,0.0682,0.0682,78,160
TCAATCGGTTCAATCA,E83D,0.2318,0.2318,2955,1783
TCAATCTGAGAGGAAA,,0.2171,0.2171,1239,798
TCAATCTTACTGTACA,E107I,0.0000,0.0000,0,4
TCAATGAAAGTACATC,H440E,0.0000,0.0000,0,7
TCAATGAGCAAACGCA,L447R,0.0000,0.0000,0,3
TCAATGAGGCGACCAG,,0.1547,0.1547,3443,3112
TCAATGCCAAGTACTG,V420R,0.2851,0.2851,53,26
TCAATGGACCTCACTA,S503Q,0.4599,0.4599,148,45
TCAATGTCAATTCTAC,I-3D I252V,0.9408,0.9408,74,11
TCAATTAAACGCTTTC,V82E,0.2797,0.2797,10,5
TCAATTAAACTAAGAG,,0.1830,0.1830,2783,2127
TCAATTAAGTTGTACT,K157E E407T,0.0150,0.0150,10,93
TCAATTAATTACCTAC,E174T,0.0192,0.0192,25,182
TCAATTACATCTGAAC,,0.3117,0.3117,731,328
TCAATTACTACACGCA,L316I,0.0785,0.0785,174,310
TCAATTATGATTAGGG,F232A,0.0000,0.0000,0,1
TCAATTCAAGAACACG,N278Q F417H,nan,nan,0,0
TCAATTCATCAGTTTA,N169R,0.1207,0.1207,196,227
TCAATTCCAGCCGATT,N92K,0.1130,0.1130,1101,1362
TCAATTCTACCCGATC,G465S,0.4593,0.4593,358,109
TCAATTCTCACTACCG,M-6V N33S L213A,0.0000,0.0000,0,2
TCAATTGCACATATCG,A253F N458C,0.0000,0.0000,0,2
TCAATTGGTATCAATG,Y86I V285C,0.0000,0.0000,0,14
TCAATTTAAAGATCCA,,0.1077,0.1077,1826,2371
TCAATTTAATACAAGC,K120E G319D,0.0000,0.0000,0,6
TCAATTTCCACAAAAA,T301R A334T,1.0000,1.0838,31,4
TCAATTTGCTCATTAC,K328V,0.1603,0.1603,1496,1305
TCAATTTTTACTGGGG,N296W,0.2727,0.2727,39,20
TCACAAAACAAAACCG,M531C,0.1326,0.1326,753,794
TCACAAAATGCTCATT,T200P G510aQ,0.1160,0.1160,1336,1610
TCACAAAATTACCACT,G396Q,0.1618,0.1618,516,446
TCACAAACAACACGGT,R173F T370D F469M,0.0000,0.0000,0,13
TCACAAACAACCAAAA,,0.1980,0.1980,5136,3627
TCACAAACATTCAAAC,K259A,0.1621,0.1621,393,339
TCACAAACCGTAGCTG,S167T F469L,0.2230,0.2230,496,311
TCACAAACGGACTATT,A336Y,0.0000,0.0000,0,28
TCACAAATGACCTATA,Q142M F469P Y488A,0.0000,0.0000,0,6
TCACAAATTCAAATGC,I384S,nan,nan,0,0
TCACAACCGTCCATAC,S290H,0.0000,0.0000,0,77
TCACAACGCCAAAACT,W69I,nan,nan,0,0
TCACAACGTGGTGAAA,,0.0000,0.0000,0,67
TCACAACTAAATAAGC,Q40D,0.0000,0.0000,0,15
TCACAACTCTCAAAAT,E246* C281P K380H,0.0636,0.0636,5,11
TCACAAGATATTCAGA,K310F,0.0365,0.0365,24,92
TCACAAGCATCAACTG,V5L Q12H,0.1177,0.1177,181,215
TCACAAGGTCTTTGAA,I115R,0.0000,0.0000,0,7
TCACAAGTTTTCCATC,,0.0940,0.0940,80,119
TCACAATAGTGGGCGA,N197F,0.0667,0.0667,2770,5808
TCACAATCCAAAAGAA,N158V,0.2256,0.2256,100,62
TCACAATTCAGCGATC,N248R,0.0179,0.0179,30,235
TCACACAACCTGCGTG,V510C,0.0000,0.0000,0,4
TCACACAAGAAGTCAC,,0.1370,0.1370,1960,2000
TCACACAGATTCTTAA,A336G,0.0288,0.0288,28,136
TCACACAGTACAAAGT,N-4E K32G C76P,0.1481,0.1481,18,17
TCACACATTACTCGCA,G225S,0.1152,0.1152,2376,2884
TCACACATTGCGACAT,R229H,0.0000,0.0000,0,8
TCACACCCGTTATACC,F392D,0.1148,0.1148,247,301
TCACACGTATCATATA,P215R,0.0000,0.0000,0,15
TCACACTACTAAAGGT,R328aW E414K,1.0000,1.1187,40,5
TCACACTAGTCAAACC,N382D,0.1476,0.1476,589,558
TCACACTCATAGCCGT,G484M,0.1884,0.1884,5965,4427
TCACACTGAAAGATCA,,0.0952,0.0952,2656,3903
TCACACTGATATGACT,,0.2341,0.2341,2081,1243
TCACACTTAACAACAT,,0.2352,0.2352,639,380
TCACACTTACATTGGC,E501V,0.0835,0.0835,194,325
TCACACTTGTGATCCA,K472Q,0.0513,0.0513,29,79
TCACAGAATATTAAAA,F233K,0.0670,0.0670,102,213
TCACAGACCGGAACTA,,0.1463,0.1463,203,194
TCACAGACTGGAAATA,L314P,nan,nan,0,0
TCACAGATGTATTAGG,G319M,0.0000,0.0000,0,7
TCACAGCACGGAGCAT,G362Q,0.1642,0.1642,276,235
TCACAGGGATTTATTA,Y258N,0.8617,0.8617,228,37
TCACAGTATTACTTAG,G49V,0.5128,0.5128,154,42
TCACAGTCTGACCAAC,N193W,0.2420,0.2420,1502,868
TCACAGTTAATGACAA,E246P,0.0000,0.0000,0,5
TCACATAAAAGAAATA,R452G,0.1713,0.1713,109,89
TCACATAATATAGCAC,V36L T279D,nan,nan,0,0
TCACATACAGGAACGA,M111F,0.1087,0.1087,5414,6963
TCACATACAGTTAAAC,Y141R,0.2196,0.2196,4346,2767
TCACATACTGCACCCA,G362S E432D,nan,nan,0,0
TCACATAGGTAAACCA,C305Y,0.0000,0.0000,0,2
TCACATATCGAACTCG,D11A,0.0000,0.0000,0,51
TCACATATCGATCCCT,D419V K506R,0.1954,0.1954,116,83
TCACATCGGGAGCGGG,S167T T370E,0.0000,0.0000,0,3
TCACATCTAATCGGAG,N116P,0.0959,0.0959,424,618
TCACATCTAGATGCAC,,0.1155,0.1155,1720,2083
TCACATGATCTACCCG,V451I,0.1781,0.1781,8023,6299
TCACATGCACGCTTAG,,0.0876,0.0876,312,498
TCACATGCGCTAATTT,I87C S383F,nan,nan,0,0
TCACATGGAAATGGCT,H130R S136G,0.0000,0.0000,0,2
TCACATGTATAAACAG,Q513F,0.1897,0.1897,811,598
TCACATTCAAAATGCC,,0.1282,0.1282,1073,1170
TCACCAAAACATACGA,E-5A S323H,0.0151,0.0151,19,176
TCACCAAACTACTTTG,N-4L,0.0331,0.0331,57,241
TCACCAAATCATAGAA,N193T,0.2930,0.2930,44,21
TCACCAACTACTATGA,N92C W127* R220K M413I M431I R456Q M478I,0.0000,0.0000,0,9
TCACCAAGCCTACCGA,,0.1625,0.1625,430,370
TCACCACGGCGTAACA,A459M,0.0000,0.0000,0,23
TCACCAGAATATCCCA,Q222I,0.1105,0.1105,320,405
TCACCAGATTTTACCA,E44W,0.2940,0.2940,3025,1439
TCACCAGCAACCATTA,K216E N458D,nan,nan,0,0
TCACCAGCATCTCAAC,Q211H,0.1427,0.1427,4335,4248
TCACCAGGAATGACAC,R547F,0.1231,0.1231,22,25
TCACCATACAAATAAC,P293N,nan,nan,0,0
TCACCCAATGCCTCAT,S167T R321L T370N F469S,nan,nan,0,0
TCACCCATTGCTTATG,E340Y,nan,nan,0,0
TCACCCCAAACTTAAG,E414K,0.0000,0.0000,0,1
TCACCCCAAATCTTAG,N33W,0.5769,0.5769,33,8
TCACCCCAGATTGACG,Y86E L462R,0.0000,0.0000,0,2
TCACCCCGCAAAGCGT,R328aL G330W,0.0000,0.0000,0,8
TCACCCCGCATGGCTA,F417E,nan,nan,0,0
TCACCCCTCCCCGAAT,M478G,0.0000,0.0000,0,11
TCACCCTAACAATCAG,N-4H,0.0943,0.0943,533,790
TCACCCTTACGGAAGA,M-6H,0.2014,0.2014,36,25
TCACCCTTGAAATCGG,P125A Y351Q,0.0000,0.0000,0,31
TCACCGGAAAACGACG,P254C,0.0000,0.0000,0,7
TCACCGTCAAAACGCC,,0.0395,0.0395,129,457
TCACCTAAATCGCGCA,P299I R452H,0.0000,0.0000,0,1
TCACCTAGATACACTA,T370K,1.0000,1.2306,44,5
TCACCTCCAGGCAAAT,I406R,0.0000,0.0000,0,5
TCACCTGCAATAGTAC,,0.1651,0.1651,1373,1163
TCACCTGTAAGAGAAG,D27L,nan,nan,0,0
TCACCTGTAATGCAAT,I60P L316A,nan,nan,0,0
TCACCTTAGACTTCTA,A214T L331W,0.0000,0.0000,0,2
TCACCTTTTTGGACCA,,0.0967,0.0967,184,266
TCACGAAAAACTCAGT,E476A,0.1816,0.1816,3421,2635
TCACGAATCAACCCGC,S167I N322Y F469Y,nan,nan,0,0
TCACGACAGCATTCCG,S125bN N400V,0.0000,0.0000,0,2
TCACGACATTTTTCAT,G55H S383I,0.0000,0.0000,0,2
TCACGACCCACACCTC,R328bT,0.1479,0.1479,129,122
TCACGAGAAGTAAGTT,K62R A334V,0.0000,0.0000,0,2
TCACGAGCCTAAATCA,D231G,0.0000,0.0000,0,38
TCACGAGGGAAACAAT,W537E,0.0000,0.0000,0,27
TCACGATACGCACACG,A137K,0.0443,0.0443,75,237
TCACGCAATCCACAAC,S523L,nan,nan,0,0
TCACGCACCCCACCTA,K269N,0.1442,0.1442,1983,1923
TCACGGAAAAAGTGCC,E31K,0.1498,0.1498,2716,2535
TCACGGACTAAGGTGG,Q391A,0.5074,0.5074,381,105
TCACGGCAAAACGCAG,D77I,0.1234,0.1234,2405,2726
TCACGGCTAACTAGAA,V377Y,nan,nan,0,0
TCACGGTATTGACGAA,V285Q,0.1399,0.1399,1413,1412
TCACGTAATTATGGGG,N169F K367Q,0.0811,0.0811,29,50
TCACGTAGTAATATAA,Y470D,0.0000,0.0000,0,5
TCACGTATTGAGTTGT,,0.0787,0.0787,198,352
TCACGTCGCCCGGGTC,T279Q,0.7259,0.7259,109,21
TCACGTGATCCCGAAT,P145M,0.3240,0.3240,1133,489
TCACGTGGAAACAACA,G465Y,0.2025,0.2025,84,58
TCACGTGTCGCATGTT,H130I N322D E368A,0.0699,0.0699,3,6
TCACGTTAACAGTATA,Y256R,0.0829,0.0829,719,1213
TCACGTTCAAAATCCT,S101R,0.1956,0.1956,4501,3218
TCACGTTCGTAAGCGC,G228T V429L,nan,nan,0,0
TCACGTTGTGAAGTCG,C549L,0.1538,0.1538,143,130
TCACGTTTGGAAGATC,,0.1311,0.1311,869,927
TCACTAAACACAATGT,,0.1485,0.1485,8576,8075
TCACTACAAAGAATTT,T46S S167L C477L,nan,nan,0,0
TCACTACCAATCCTTA,F232W,0.0756,0.0756,925,1710
TCACTAGAACTCTTAA,L447C,0.0151,0.0151,18,167
TCACTAGATGTCTTAT,G416V,0.0000,0.0000,0,1
TCACTAGTATAACACA,A257I,0.0000,0.0000,0,8
TCACTATAAACACCAA,S146L,0.1131,0.1131,461,570
TCACTATGGTCGATTT,H47S,0.1427,0.1427,2155,2112
TCACTATGTTGATAAA,,0.0855,0.0855,389,636
TCACTATTCTTACAAA,,0.0773,0.0773,115,208
TCACTATTTTGTAAGC,V309H,0.0000,0.0000,0,2
TCACTCAAACGTATTC,,0.1128,0.1128,325,403
TCACTCAAGAAGTGAA,Y256E M388N,0.0000,0.0000,0,2
TCACTCATAAGCCAAG,T163Y,0.0843,0.0843,3857,6402
TCACTCGATCGTTTCA,V152D N187R,0.0000,0.0000,0,2
TCACTCGCCGTAAATA,Y201I,0.1365,0.1365,81,83
TCACTCTCAAACTTAT,E358W,0.0766,0.0766,115,210
TCACTCTCAGTTTAGG,,0.0968,0.0968,3182,4598
TCACTGAAGAATGACT,,0.2087,0.2087,3650,2446
TCACTGCTTCGTAAGG,S101K,0.0000,0.0000,0,11
TCACTGTCCACACAAT,Q282Y,nan,nan,0,0
TCACTGTGAGACAGAC,A160G,0.0000,0.0000,0,38
TCACTTACACATTCAC,E403K,0.3120,0.3120,29,13
TCACTTACTCCCAGGA,Y258R,nan,nan,0,0
TCACTTATACACACTT,H183I,0.0000,0.0000,0,8
TCACTTATGATCTTAG,G181I M531E,0.0000,0.0000,0,7
TCACTTCGGTGTCTAA,K269Y,0.1004,0.1004,277,386
TCACTTGCATGGAACG,M30G,0.0000,0.0000,0,11
TCACTTGCATTTTTTT,G396W,0.4195,0.4195,45,15
TCACTTGCCAAGATAG,N446P,0.0000,0.0000,0,11
TCACTTGCTCTTTCTA,V82S S519R,0.0000,0.0000,0,4
TCACTTGGGTCCTATT,Y488E,0.1134,0.1134,364,449
TCAGAAAAAGGGAGAA,E106H S361E,0.1223,0.1223,342,391
TCAGAAAAAGTTACAT,K196H,0.1799,0.1799,1892,1471
TCAGAAAATTCACACC,S503V,0.1659,0.1659,962,811
TCAGAAAGAACCAATC,K506T,0.0925,0.0925,1680,2541
TCAGAAAGAATGAATA,,0.0000,0.0000,0,5
TCAGAAATAATCAGTT,Q454I,0.1332,0.1332,3791,3979
TCAGAAATCTAGCCAA,P254F,0.0000,0.0000,0,10
TCAGAACAAACATGAT,M230L,0.3103,0.3103,770,347
TCAGAACAATCTCATG,K310V D415G,0.0000,0.0000,0,1
TCAGAACACTAGACAG,Q226S,0.0000,0.0000,0,15
TCAGAACATTAGACAC,A526D,0.3846,0.3846,33,12
TCAGAACGCAAGGCCC,E426Y,0.0000,0.0000,0,3
TCAGAACGCATTTCGT,P284Q,0.1250,0.1250,600,671
TCAGAACGCCCAATAA,T301W,0.1380,0.1380,453,459
TCAGAACTAAGTATTT,P74Q S356E E393F,0.7604,0.7604,174,32
TCAGAACTGTTGATAA,G275F,0.2579,0.2579,2296,1245
TCAGAAGAGCTCACTA,,0.1186,0.1186,1314,1550
TCAGAAGATTCAGCGA,E246R,0.9049,0.9049,110,17
TCAGAAGCCTTCGCTC,R404Y,0.7831,0.7831,28,5
TCAGAAGGTTAACTCT,H18N S492H,0.0763,0.0763,1050,1924
TCAGAATAAAACAGTG,S543C C549Y,0.3964,0.3964,479,169
TCAGAATCACTTCGCA,L507S,0.5641,0.5641,718,178
TCAGAATGAAGTCTTA,,0.1312,0.1312,824,878
TCAGAATGCACGAACC,E500L,0.0736,0.0736,121,230
TCAGAATTAGCACAGG,,0.7272,0.7272,26,5
TCAGAATTAGGCAGAG,E174L Y201*,0.0000,0.0000,0,3
TCAGACAACAGAACGC,D77W,0.1567,0.1567,1721,1536
TCAGACACAGTAACCT,K62G,0.2289,0.2289,761,465
TCAGACAGTTTGTCCA,S10T,0.1569,0.1569,147,131
TCAGACATGCGTTGCA,,0.1331,0.1331,2659,2793
TCAGACCCCCGTGCAA,,0.1398,0.1398,5133,5135
TCAGACCTTAGCCTGC,L7R,0.1072,0.1072,1266,1652
TCAGACTACTCTACTA,I178C Q359W,0.2705,0.2705,913,472
TCAGACTGAGACGCGG,D386N,nan,nan,0,0
TCAGACTTATGCCGCA,H298D,0.0567,0.0567,173,427
TCAGACTTTTTTCCAA,S136P,0.2479,0.2479,654,369
TCAGAGAAAAGTCCAA,V82F K157T,1.0000,1.1587,58,7
TCAGAGAAATAACGTT,,0.1269,0.1269,3476,3830
TCAGAGACATTACGAC,I-3M,0.0815,0.0815,579,994
TCAGAGAGGATACTCC,L209F,0.2237,0.2237,80,50
TCAGAGATGTAAAAAT,G303Q,0.0559,0.0559,4,10
TCAGAGCTCGCAGAAA,V152E R405W,0.0000,0.0000,0,1
TCAGAGTATAATTATG,A495E,1.0000,1.0721,23,3
TCAGAGTGACTAAAAA,E78V M413P,1.0000,1.3425,48,5
TCAGAGTTAATTATGG,H184Y F439H,0.0000,0.0000,0,9
TCAGATAAACTCAATA,A425T,0.0728,0.0728,164,315
TCAGATACAAACCACG,L51F,0.2101,0.2101,2046,1362
TCAGATATACCATTGG,,0.2285,0.2285,2511,1537
TCAGATATCTCTAAAA,Q391M,nan,nan,0,0
TCAGATATGTGTAAAA,L108G,0.0000,0.0000,0,6
TCAGATATTACTGGAA,D241L S509T,0.0000,0.0000,0,2
TCAGATCCGGCATTTG,R499D,0.1969,0.1969,252,179
TCAGATCTGACATATA,L320V,0.1255,0.1255,884,985
TCAGATGACATCAAAA,F251M,0.0831,0.0831,120,202
TCAGATGACCCTATAC,V315F,0.0599,0.0599,42,98
TCAGATGACGGAGTAA,Y274F,0.1178,0.1178,6295,7473
TCAGATGATACTTAAC,T46D,0.1855,0.1855,195,147
TCAGATGATCGGGAGA,W350K,1.0000,inf,51,0
TCAGATTAATTGACCA,G143M,0.0000,0.0000,0,8
TCAGATTATAATTAAA,T283C,0.0475,0.0475,284,836
TCAGATTCTTATACAA,I29K A214I,0.0000,0.0000,0,16
TCAGCAAATGAATGGA,D11P,nan,nan,0,0
TCAGCAAATTTAGCAA,T485D,0.1877,0.1877,298,222
TCAGCAAGCCCTGGCC,T35G T200K,0.0000,0.0000,0,1
TCAGCACCACTCCCTT,L409G,0.0000,0.0000,0,3
TCAGCACTAACACCTT,I123S L427Q,0.0000,0.0000,0,2
TCAGCAGAGCTTGAGG,C466G,0.0000,0.0000,0,7
TCAGCAGCACAGTTCG,,0.1998,0.1998,713,499
TCAGCATAAAAGGTGC,E273L,0.0000,0.0000,0,167
TCAGCATACAACCGTA,P145Q,0.2162,0.2162,402,260
TCAGCATCCGTACATC,S6* P306H T511C,0.0000,0.0000,0,5
TCAGCATGAATTATAT,D53G,0.1408,0.1408,140,139
TCAGCCAAAGAAGCCG,G484P,0.0000,0.0000,0,32
TCAGCCAACCACTTGA,S265A,0.1611,0.1611,7674,6661
TCAGCCAAGCAAACCT,V66Y Y470A,0.0000,0.0000,0,1
TCAGCCAGGAACTGAG,,0.0936,0.0936,1637,2445
TCAGCCCCATTATATA,T436Y,0.0000,0.0000,0,7
TCAGCCGCCTAGAAAC,H295L,0.1183,0.1183,22,26
TCAGCCTAACATTGTC,I178W,0.0447,0.0447,80,250
TCAGCCTCCAGACTCA,,0.1789,0.1789,17878,13974
TCAGCCTTAAAATTGC,L43V E393Y,1.0000,inf,25,0
TCAGCGCTAAATCTGG,,0.0539,0.0539,81,210
TCAGCGTGAACTATAA,Q371M,0.1264,0.1264,300,332
TCAGCTAACTTCTTCA,G342K,nan,nan,0,0
TCAGCTGACTGATCAG,N169H L455K,0.0000,0.0000,0,1
TCAGCTGAGTCATTAA,N379I,0.1372,0.1372,209,213
TCAGCTGATAAACTAC,V309L,0.0000,0.0000,0,8
TCAGGAAAACTACGTA,E479P,0.0000,0.0000,0,10
TCAGGAAATGAAACTG,S523L,0.0000,0.0000,0,1
TCAGGAAGGACCCCTT,,0.1155,0.1155,484,586
TCAGGAATAAGCAACA,F148W,0.1707,0.1707,188,154
TCAGGAATGATAATTT,H298G G333V W343K,0.0000,0.0000,0,4
TCAGGAGCCAATTTGG,N73V A521H,0.0000,0.0000,0,4
TCAGGATAGAGACCAT,N94E H295R,0.0000,0.0000,0,25
TCAGGATGATTATGGA,E78R,0.0975,0.0975,175,251
TCAGGATTGACTACCT,G263P S503G,0.0000,0.0000,0,4
TCAGGCCCTACCTTTC,,0.1814,0.1814,227,175
TCAGGGCAAAATGATA,E358K,0.1825,0.1825,1676,1284
TCAGGGCCGAAGGAAG,K412V,0.0773,0.0773,141,255
TCAGGGCCTTGGTTAC,R397C,0.1223,0.1223,188,215
TCAGGGGACATGCTGG,R229A H295G,0.0000,0.0000,0,3
TCAGGGTGTCATAGTG,E255H,0.1512,0.1512,399,369
TCAGGTACAGTATACA,R328aK,0.0927,0.0927,57,86
TCAGGTAGATTCTCCA,T46N,0.1817,0.1817,738,568
TCAGGTCCATATGTTA,,0.1146,0.1146,1726,2107
TCAGGTCTCTTATGAC,C14M,nan,nan,0,0
TCAGGTGGCCCTGAAC,G286Q A317T,1.0000,3.0066,43,2
TCAGGTGGTCTGTCGC,M531I,0.2101,0.2101,1977,1316
TCAGGTTCGACAAGAA,E479G,0.1095,0.1095,195,249
TCAGGTTGAAGTGTAG,S509M,0.1543,0.1543,2899,2627
TCAGGTTTTAATTGTT,K411A,0.0000,0.0000,0,32
TCAGTAAAGATATAGA,L43C,0.0000,0.0000,0,15
TCAGTAAATATGAGTA,M30S E426K,1.0000,inf,27,0
TCAGTAACAAAGGCTC,A218N,0.1519,0.1519,151,139
TCAGTAACACGAAAGT,S10I,nan,nan,0,0
TCAGTAATACGGCCAA,,0.1240,0.1240,2961,3338
TCAGTAATTACAACGC,,0.0913,0.0913,930,1425
TCAGTAATTTGACCCA,,0.1373,0.1373,541,551
TCAGTACAATGTGGCA,G504C,0.6203,0.6203,173,39
TCAGTAGAATTTGCGA,,0.0948,0.0948,1039,1532
TCAGTAGGATACATTT,Y486W,0.0000,0.0000,0,8
TCAGTATACCAGAATT,,0.1787,0.1787,690,540
TCAGTATACTTTATCG,,0.2326,0.2326,336,202
TCAGTATCCAAATGCC,D95M,0.2007,0.2007,1795,1251
TCAGTATGAATTCTGA,V56R T301L,0.6143,0.6143,123,28
TCAGTATGACCAAAGG,H130R S136G L428R,nan,nan,0,0
TCAGTCACAGCTCAAG,F232H L427T,0.0000,0.0000,0,4
TCAGTCACGAGATGCT,,0.0953,0.0953,227,333
TCAGTCACGCAACATG,W180C G263S,0.0000,0.0000,0,6
TCAGTCATCAGTCGAT,N483R,0.2198,0.2198,13622,8668
TCAGTCCCAAATATAC,Q454S,nan,nan,0,0
TCAGTCTAAGTGGTGT,K380S,0.0812,0.0812,18,31
TCAGTCTAGCCGAACT,L314F,0.0000,0.0000,0,10
TCAGTCTCACGGGGGG,I80R,0.1520,0.1520,175,161
TCAGTCTCACGTGTGA,L59N,0.0000,0.0000,0,148
TCAGTCTGATAATTCT,G72L,0.2085,0.2085,170,114
TCAGTGACAAGCAACA,W153R D386E,0.0000,0.0000,0,4
TCAGTGCATACTAGCA,G345R,0.1013,0.1013,950,1311
TCAGTGCCGAGAAGAA,E426C,0.4778,0.4778,82,24
TCAGTGGTGTTTATGT,V481Y,0.2397,0.2397,12,7
TCAGTGTGAGATTTGG,A257F,nan,nan,0,0
TCAGTTAACGCATCAC,L447S E501D,1.0000,1.3984,10,1
TCAGTTAAGGGCCACG,S22* E24D,1.0000,5.3140,38,1
TCAGTTAGAAAACAAG,K313R,0.1047,0.1047,1400,1870
TCAGTTCAAATATCAA,T422I,0.3835,0.3835,181,66
TCAGTTCAAGTGTTTT,N186K,0.1657,0.1657,96,81
TCAGTTCTCAGCAAAT,M478G,0.0000,0.0000,0,1
TCAGTTGAGATGACTC,N401K,0.2593,0.2593,165,89
TCAGTTGGACTACTCA,K9G,0.1287,0.1287,2850,3097
TCAGTTTCTTTGCATA,H47C K262aN,nan,nan,0,0
TCAGTTTTAAAATAGA,L51W P162N,0.0000,0.0000,0,4
TCATAAAAAAATAGTA,K196N R499F,0.1030,0.1030,2153,2923
TCATAAAACGATAGAA,R149A K328cN K460W,1.0000,1.2897,83,9
TCATAAAAGCTTGACA,E500F,0.1419,0.1419,2136,2105
TCATAAAGACCACTAC,T46R D159Q,0.2373,0.2373,3139,1850
TCATAAAGTCTTTACG,,0.1863,0.1863,5917,4442
TCATAAATAAACGCCT,Y98T,0.0000,0.0000,0,5
TCATAAATACAACAAA,V36M,0.0000,0.0000,0,1
TCATAACAAAAACATT,E358Q,0.1576,0.1576,2025,1797
TCATAACAACATTGTG,H471E,nan,nan,0,0
TCATAACGTATAAGAG,R321I T370C F469N,0.0000,0.0000,0,1
TCATAACTGCGTTACG,I80W,0.0277,0.0277,20,101
TCATAAGAAACTCTTA,L209Y I288E,0.1088,0.1088,14,18
TCATAAGAAGGTGATA,Y448I,0.0000,0.0000,0,10
TCATAAGACCACGGGC,,0.1463,0.1463,909,869
TCATAAGACTTCACAT,,0.2606,0.2606,779,418
TCATAAGCTGCAAACT,A91E,0.1741,0.1741,1617,1299
TCATAAGGGTTGGTCA,P128F,0.2124,0.2124,858,565
TCATAAGTACACCGTA,I182Y,0.0296,0.0296,59,279
TCATAATAAAAACCAT,P254Q,0.0000,0.0000,0,10
TCATAATACTAATAAC,,0.1432,0.1432,2682,2619
TCATAATATCAACTCA,,0.0905,0.0905,134,207
TCATAATCAAAAACGG,,0.1597,0.1597,3973,3480
TCATAATCAAATTGAA,V204T E508C,0.0375,0.0375,52,194
TCATACAAAAAAACAC,,0.1508,0.1508,2259,2095
TCATACAAACCAAAAA,P125W,nan,nan,0,0
TCATACAACTTAGTCA,F469L,0.1378,0.1378,3765,3822
TCATACAATTCCCTCG,S519R L544W,0.4244,0.4244,88,29
TCATACACACGTGAAT,,0.1335,0.1335,2577,2700
TCATACACAGGTATAC,F294N,0.0000,0.0000,0,10
TCATACACTTCAAATT,Y256I,0.1544,0.1544,688,623
TCATACATAACTTCTT,L427M,0.1398,0.1398,9,9
TCATACATTCATCGTG,F439L,0.1907,0.1907,1087,797
TCATACATTGGTGTAA,,0.1843,0.1843,5328,4042
TCATACCAAACGTTTC,V36L,0.0000,0.0000,0,15
TCATACCATCGACAAC,T520G,0.0402,0.0402,25,87
TCATACCGGGAATTAT,N172V D449F,0.1591,0.1591,743,653
TCATACCGGTGATTCA,A495K,0.1573,0.1573,324,288
TCATACCTAACACAAC,I335M,0.0000,0.0000,0,18
TCATACCTGTAAGATT,I260M,0.5153,0.5153,398,108
TCATACGCACACGATA,H47S K216R,0.0000,0.0000,0,9
TCATACGCTGTTAAAA,,0.1163,0.1163,1036,1246
TCATACTAATACATAA,S167Y R321H,0.3263,0.3263,28,12
TCATACTATAATAGTG,A364L,0.0000,0.0000,0,18
TCATACTGCAGACAAC,L455Y,0.0000,0.0000,0,9
TCATACTGGACGGAAA,N116H L447N,0.0000,0.0000,0,9
TCATAGAAAAATAGGG,L418N,0.1949,0.1949,3138,2251
TCATAGAACCGTAAAG,V377F,0.0000,0.0000,0,4
TCATAGACCTAGAAAG,,0.1554,0.1554,1017,915
TCATAGAGCATGACGT,R452W,0.3568,0.3568,296,116
TCATAGATCTCTCTGT,S167L,0.1107,0.1107,1881,2376
TCATAGATGCAAGATA,,0.1549,0.1549,770,695
TCATAGCCAGGCCCAC,K307W,0.4632,0.4632,53,16
TCATAGCTGGACGACA,A257L,0.0000,0.0000,0,3
TCATAGGCATCATTTT,,0.1305,0.1305,2493,2672
TCATAGGCTAAGACAT,,0.1675,0.1675,485,405
TCATAGGGTATTACAA,I13Y D457W,0.0000,0.0000,0,2
TCATAGGTAAACACAA,Q222F,0.1198,0.1198,1408,1644
TCATAGTCCTTAAAAT,F232I,0.0968,0.0968,27,39
TCATAGTGAGTGGGCC,,0.0000,0.0000,0,29
TCATAGTGCAAGCTGA,,0.2007,0.2007,752,524
TCATAGTGCGAACTAA,D159M,0.1222,0.1222,76,87
TCATATAAAATCAACT,,0.0000,0.0000,0,3
TCATATAAAGCAATCA,K450C,0.1392,0.1392,1659,1667
TCATATAAAGCGGCTA,F467D,0.0000,0.0000,0,2
TCATATAACAATCGCG,H18Y A39D L70H,0.8990,0.8990,45,7
TCATATAACTGCGGGA,N21F,0.5594,0.5594,16,4
TCATATAAGTAACACG,,0.2007,0.2007,1045,728
TCATATAGATGTGCAT,H471S,0.6293,0.6293,45,10
TCATATCACTGATCTT,D457S,0.1948,0.1948,124,89
TCATATCCATAAGACG,G100D,0.0000,0.0000,0,5
TCATATCCGATCAAGG,A214T,0.1490,0.1490,7419,6964
TCATATGAAATCACAT,L544R,1.0000,inf,34,0
TCATATGAAGTAGTCA,E479N,0.2266,0.2266,363,224
TCATATGACTACGCTT,M111I,0.1204,0.1204,701,814
TCATATGCTCCAAACT,I15C,0.0962,0.0962,833,1211
TCATATTATTGATAAT,G134P,0.1035,0.1035,91,123
TCATATTCAGTTTGAA,V152P,0.6992,0.6992,110,22
TCATATTGACCCGTTA,R404E,0.0000,0.0000,0,11
TCATATTGATGTCACA,R499L,0.1389,0.1389,2397,2414
TCATATTTAAACACCT,,0.1341,0.1341,1005,1048
TCATATTTAATTCACA,Y256M,0.1503,0.1503,559,520
TCATATTTAGTCTAGA,,0.1852,0.1852,355,268
TCATATTTTCTCTAAA,V-2G,0.1437,0.1437,259,252
TCATCAAATCTGACGA,F148M,0.1624,0.1624,5996,5163
TCATCAACAGAAAAGA,D438G,0.1586,0.1586,423,373
TCATCAACTAGTCAGT,,0.1633,0.1633,397,340
TCATCAATTTGATAGT,,0.1025,0.1025,1443,1969
TCATCACATTCACTCA,A160S L515I,0.5368,0.5368,119,31
TCATCATAACTTTAAA,R81W,0.2120,0.2120,1172,773
TCATCATATAAGGGTC,F79D,0.0000,0.0000,0,18
TCATCATTGACACCAT,T23M S323Q,0.3221,0.3221,539,234
TCATCCACTACTACGT,I202L,0.1411,0.1411,115,114
TCATCCAGGCTGTAAA,I121C S543R,0.0000,0.0000,0,26
TCATCCATACGCACGG,Y256Q,0.1544,0.1544,5198,4708
TCATCCCAGCTGACGA,W343M,0.0000,0.0000,0,2
TCATCCGAACTATAAT,M-6C L427I,0.1655,0.1655,58,49
TCATCCTCGAACAAAG,E273W C477K,0.0000,0.0000,0,14
TCATCCTGAAGTAAAA,E-5F,0.1485,0.1485,2845,2679
TCATCCTGAGAACCGA,K32S N129H,0.1720,0.1720,305,248
TCATCCTGCGAGAATA,K498D,0.1079,0.1079,314,407
TCATCCTTAGCCCCTA,Q359V,0.1240,0.1240,7870,8874
TCATCCTTTGAAAAGA,W69R,0.0000,0.0000,0,4
TCATCGAAAAATGCGC,K45Q,0.1364,0.1364,1567,1607
TCATCGAAATATAATC,I-3T,0.1226,0.1226,613,699
TCATCGGCCGAACTGT,N169G R321W F469S,nan,nan,0,0
TCATCGGGAATTAAAG,L7N,0.0414,0.0414,16,54
TCATCGTACGCCCATA,G396D,0.1938,0.1938,704,508
TCATCTACACCTAAAG,H47V Q490R,0.0000,0.0000,0,2
TCATCTACGACTACGG,Q359E,0.1732,0.1732,478,386
TCATCTAGTGACACAA,L455M,nan,nan,0,0
TCATCTAGTGACACTA,,0.0000,0.0000,0,1
TCATCTGAATCTTGTA,K9I M268S,0.0000,0.0000,0,3
TCATCTGCTTATATCT,K412T H471E,nan,nan,0,0
TCATCTGTCCATAGAG,N20R G345V,0.0000,0.0000,0,1
TCATGAAAACCAAGAA,P284L,0.0000,0.0000,0,1
TCATGAAAAGAGAAGT,,0.1622,0.1622,1959,1689
TCATGAAAGGCCATAA,E78D,0.2350,0.2350,852,507
TCATGAACATGTCGAA,P215R,nan,nan,0,0
TCATGAACCGCTTACT,E119V,0.0900,0.0900,92,143
TCATGAATGAAAAAAC,T46K,0.1540,0.1540,609,553
TCATGAATTCTACAAA,T219L,0.1492,0.1492,7111,6666
TCATGAATTGCATATT,H117Y,0.0953,0.0953,124,182
TCATGAATTTATGTGA,I529A,0.1676,0.1676,1565,1306
TCATGACAATAATGGG,R81F C473N,0.0000,0.0000,0,1
TCATGACATGCCAAAA,A3N,0.0886,0.0886,4439,7010
TCATGAGATTTTGAGA,C466V,nan,nan,0,0
TCATGAGGGTGCATAA,,0.1232,0.1232,1140,1294
TCATGATAAGTTAGCC,R326S *551W,0.1434,0.1434,358,349
TCATGATAGTCCTAAA,I517W,0.0739,0.0739,1409,2668
TCATGATATAATGCGA,,0.1891,0.1891,1504,1112
TCATGATGAGTTGACC,,0.1394,0.1394,6254,6273
TCATGATTAATATCAC,L418K,nan,nan,0,0
TCATGCAAGCGGATAG,D11Y K109A,0.1220,0.1220,445,510
TCATGCATATGACAGC,,0.1212,0.1212,3107,3585
TCATGCTATAGTATCT,E31W,0.0936,0.0936,162,242
TCATGCTCACAAGGAG,W69H G349D Y488P,0.0000,0.0000,0,5
TCATGCTCTAGGGGTT,T511V,0.4402,0.4402,192,61
TCATGCTTCACGATTC,T511Y,0.1471,0.1471,1158,1101
TCATGGACCAAGACAA,,0.1865,0.1865,84,63
TCATGGAGAAGCGCCC,N296G E476M,nan,nan,0,0
TCATGGCCGCTATATT,V420G,0.0000,0.0000,0,2
TCATGGCTTAGCTCTT,R499I,0.1166,0.1166,2244,2692
TCATGTAATCCCCTAG,G205F,0.0000,0.0000,0,7
TCATGTACTTCCATAC,C473Y,1.0000,1.0488,60,8
TCATGTATCTTTGAAG,,0.1813,0.1813,4670,3603
TCATGTATTGTCAATG,E31M K387M,0.0000,0.0000,0,11
TCATGTCAACTAAATG,K372F,0.1094,0.1094,108,138
TCATGTGACGCAAGTA,,0.0620,0.0620,47,106
TCATGTGAGTTATACG,,nan,nan,0,0
TCATGTGATGATTAAG,,0.1219,0.1219,61,70
TCATGTTGAGAAGCTA,N197T F233K,nan,nan,0,0
TCATGTTTATTGCACA,H38L,0.0509,0.0509,166,456
TCATTAAATATCCGAA,,0.0836,0.0836,58,97
TCATTAACGATTGTAC,G100P,0.0000,0.0000,0,5
TCATTAAGAAAAAGCA,A336D,0.3799,0.3799,182,67
TCATTAAGACACATCC,D175Y,0.1173,0.1173,801,955
TCATTAAGACCGTAAT,T35F,0.1313,0.1313,1133,1207
TCATTAAGATCATAAG,,0.0946,0.0946,487,720
TCATTAATAGATTATA,T206S,0.1492,0.1492,12599,11809
TCATTACAATTAAAGC,I87V,0.2077,0.2077,1215,818
TCATTACATGTGACAA,K259M,0.2362,0.2362,750,444
TCATTACCTATAGCAA,,0.1965,0.1965,1606,1143
TCATTATCCAAATATG,N475R,0.1136,0.1136,78,96
TCATTATGTAACATTT,L176R,0.0000,0.0000,0,6
TCATTATTATGAGCAA,I514A,0.0981,0.0981,362,516
TCATTCAAAATGATAC,P58I,0.0000,0.0000,0,3
TCATTCAATTTCCCAG,A93W,0.1824,0.1824,2184,1674
TCATTCAATTTGTCAC,C64K,0.0000,0.0000,0,1
TCATTCAGCAGAAGTG,,0.1282,0.1282,387,422
TCATTCCACAAACACC,L133aQ,0.3037,0.3037,11618,5349
TCATTCCAGAAATGCA,I121K,0.1283,0.1283,4466,4869
TCATTCCAGCTACAAC,L527E,nan,nan,0,0
TCATTCCTAATTGATA,T370R,nan,nan,0,0
TCATTCGAACTTAAAA,,0.0633,0.0633,72,159
TCATTCGAGAAGCTGC,,0.2063,0.2063,1266,858
TCATTCGAGAGAGAGA,,0.1133,0.1133,828,1022
TCATTCTATTCCAACT,,0.1239,0.1239,2270,2562
TCATTCTGCATCGCTA,,0.4056,0.4056,612,211
TCATTCTTAAACAGCT,E414K,0.4848,0.4848,52,15
TCATTCTTATAGACAA,I42R Q282R,0.0000,0.0000,0,7
TCATTGAATACCTAAA,E255F,0.2122,0.2122,9818,6469
TCATTGCGAGATATGT,A160I,0.3677,0.3677,163,62
TCATTGCTACATTCAA,N379E,0.2034,0.2034,1047,720
TCATTGCTACTAATTC,H295D,0.0000,0.0000,0,16
TCATTGGAAAAGCAAC,D241C,0.2415,0.2415,19,11
TCATTGTAACTAACCC,Y256I C466E,0.0000,0.0000,0,13
TCATTGTACATAAAAA,,0.1704,0.1704,1456,1195
TCATTGTCAAATCATA,A242Y,0.0000,0.0000,0,73
TCATTGTTTTCGGATC,F233Y,0.1576,0.1576,1297,1151
TCATTTAATGCGCTGT,A257T L527Q,0.5034,0.5034,90,25
TCATTTACTGGAAATC,,0.1507,0.1507,1697,1575
TCATTTATCCCGCATG,V36Y,nan,nan,0,0
TCATTTCTCCACATTA,V420Y,0.0000,0.0000,0,9
TCATTTGAACCAAAGT,S519N,0.1432,0.1432,85,83
TCATTTGACTAACACA,S167T E304S,0.1439,0.1439,913,887
TCATTTGGATGATGCA,E189P Q490H,0.2693,0.2693,258,134
TCATTTGGCAGATTCC,H471Y,0.0000,0.0000,0,8
TCATTTGTGAATAAAG,A144H,0.2364,0.2364,142,84
TCATTTTAAGAAGTAC,,nan,nan,0,0
TCATTTTACGCATCCA,M75D,0.2707,0.2707,1053,544
TCATTTTACTGCCAAC,Y17F R227I D375N,0.0911,0.0911,28,43
TCATTTTGACAATACA,N21Q,0.1827,0.1827,243,186
TCATTTTGCTTATACG,,0.1254,0.1254,1014,1131
TCATTTTTAAGAGTCC,T171A K498M,0.1720,0.1720,1589,1292
TCCAAAAAACGTATGC,A137E P324T,0.0834,0.0834,31,52
TCCAAAAATCCATTGA,F79H L325Q,0.6319,0.6319,122,27
TCCAAAACACGTACAG,A528Q,0.9789,0.9789,35,5
TCCAAAACCATTTATC,W421E,0.0000,0.0000,0,4
TCCAAAAGCTAAACTA,S113V,0.0000,0.0000,0,6
TCCAAAATCCGAAACG,R435D,0.0000,0.0000,0,130
TCCAAAATGAAATACC,H130Y G349M E468K,0.0000,0.0000,0,9
TCCAAAATGCGAGAAC,,0.1681,0.1681,309,257
TCCAAAATTATTCCAC,,0.2674,0.2674,109,57
TCCAAACAAAAAATGA,K57V,nan,nan,0,0
TCCAAACAATAGTGAC,L331C,0.9850,0.9850,324,46
TCCAAACATGAAAAAT,N408M,0.1472,0.1472,80,76
TCCAAACCGCCTGCTC,,0.1781,0.1781,1000,785
TCCAAACGCGACGAAT,N193M,0.2004,0.2004,5995,4183
TCCAAACGTAAGGAAG,,0.1133,0.1133,299,369
TCCAAACGTAATAAGT,E500Q,0.2200,0.2200,1068,679
TCCAAAGAAGTTGAAG,R229E,0.0000,0.0000,0,2
TCCAAAGAATTTGCCA,A336D,0.0825,0.0825,23,39
TCCAAAGGAAAGACTT,Q40S M531I,0.0265,0.0265,109,575
TCCAAAGGAGAAAATT,W537*,0.0000,0.0000,0,8
TCCAAATAAATTATAC,I166L V272W,0.4972,0.4972,96,27
TCCAAATAAGAAGCAA,P58D,1.0000,1.7480,25,2
TCCAAATACAGATACG,S10V,0.0000,0.0000,0,13
TCCAAATGAGGGAGCC,E119S,0.1887,0.1887,193,143
TCCAAATGCCGCCCAG,,0.0862,0.0862,45,73
TCCAAATGGAGTCGAT,T46E,0.1506,0.1506,2818,2616
TCCAAATGTAAAAGTG,A532D,nan,nan,0,0
TCCAACAAAATGGCAC,N408Y,0.1521,0.1521,2947,2710
TCCAACAATCGTAACG,,0.2236,0.2236,2949,1844
TCCAACAATGCTAGGA,V223G V381N,0.2585,0.2585,61,33
TCCAACAATGGCCGCA,G349R R499P,0.0000,0.0000,0,7
TCCAACACAAACTCCG,K9E,0.1229,0.1229,247,281
TCCAACAGGAAACTAA,H355F,0.1369,0.1369,418,427
TCCAACATTAAATAAG,H471E,0.0000,0.0000,0,4
TCCAACCAGATGTAAG,T266N,0.2175,0.2175,1358,873
TCCAACCATTGTAAAA,D487E,0.1449,0.1449,202,195
TCCAACGTAGTCATAC,I550Y,0.2813,0.2813,692,344
TCCAACTAAAATCCAA,M538N,0.0709,0.0709,604,1191
TCCAACTAACAGAAAA,Q282T,0.1408,0.1408,2057,2043
TCCAAGCAATGATTGA,I288R,nan,nan,0,0
TCCAAGCTCTACCGCC,E403K,nan,nan,0,0
TCCAAGGATTTAGACG,Y86D E479*,nan,nan,0,0
TCCAAGTCATGGGCCA,R90I,0.2978,0.2978,428,201
TCCAATAACCGTTTTA,A253V,0.2462,0.2462,2493,1416
TCCAATAACTAGAAAG,D27V,0.0000,0.0000,0,3
TCCAATAATACTACAG,,0.1632,0.1632,2977,2551
TCCAATACTCATTGTA,G416I,0.0000,0.0000,0,3
TCCAATATTAGCATAA,,0.2262,0.2262,710,439
TCCAATCAGCTATTAT,E24Y L154Q,nan,nan,0,0
TCCAATGACATAAGGC,E107M G465V,0.0000,0.0000,0,3
TCCAATGGACCTAGTC,G205C,0.0859,0.0859,204,332
TCCAATGTCACTATAT,Q344P,0.1467,0.1467,1171,1116
TCCAATTAAGAGGACT,D241R,1.0000,4.1953,30,1
TCCAATTCTAATGGCT,S265V,0.2517,0.2517,81,45
TCCAATTTATAAAGAT,A317I,0.1416,0.1416,1196,1181
TCCAATTTTAGGCTAC,K262aR,0.1407,0.1407,5216,5185
TCCACAAAACCCAGAT,G275A Q545D,0.4025,0.4025,236,82
TCCACAAAATGATTCT,V285I,0.0000,0.0000,0,9
TCCACAACCCTCGCGA,,0.1358,0.1358,5071,5221
TCCACAACGGTAGAAG,N187K,0.1242,0.1242,879,990
TCCACAAGAGCTATTA,V82F V395C,0.0000,0.0000,0,7
TCCACAAGCTTTACCA,H298V,0.0955,0.0955,314,460
TCCACAATAAGGTCCT,I302V,0.2163,0.2163,181,117
TCCACACCGCTCATAC,,0.1670,0.1670,15085,12632
TCCACACGCAGAACGA,K109A,0.0000,0.0000,0,104
TCCACACGCTGACAGT,T301A G330N Y512C,0.4370,0.4370,100,32
TCCACACTATACTGAG,,0.0588,0.0588,82,195
TCCACAGCATGGCGAG,,0.2376,0.2376,1298,764
TCCACATATCTTTAGT,D231S,0.1286,0.1286,563,612
TCCACATCTCTAATAC,Y86K,0.0000,0.0000,0,3
TCCACATTGACAATAA,E89K,0.1191,0.1191,1891,2220
TCCACCAAATCATCAA,I124K C277Y,0.0000,0.0000,0,1
TCCACCAGCGGCTTAC,L402M,0.0934,0.0934,453,678
TCCACCATTCACCCTA,M-6A,0.6060,0.6060,13,3
TCCACCCAAGTCTCAC,E44P,0.0000,0.0000,0,2
TCCACCCGCTAGCGCT,E493K,0.1021,0.1021,762,1044
TCCACCCGTACGCAAT,G228A,0.1553,0.1553,1138,1025
TCCACCTACTATATAA,L176D,0.0000,0.0000,0,8
TCCACCTTTAGACGAA,K445P,0.0000,0.0000,0,9
TCCACGGATTAAAGAC,E468K,0.0457,0.0457,177,542
TCCACGTACAAGAAAA,,0.1708,0.1708,1830,1498
TCCACGTAGACCGGTT,I260N,0.0000,0.0000,0,7
TCCACGTTAAGGTGAA,Y256S,0.1635,0.1635,373,319
TCCACTATTACTTAAC,C281G,0.0000,0.0000,0,5
TCCACTCTTAGTTTAA,H47F,0.0781,0.0781,384,688
TCCACTTAAACTTTGA,R328bI,0.1321,0.1321,428,453
TCCACTTTAACTTTTT,H355D,nan,nan,0,0
TCCAGAAACTATTATA,L43E,0.0000,0.0000,0,8
TCCAGAACCGCAAAGT,,0.1337,0.1337,1257,1315
TCCAGACTCGACTAAG,G286S,0.7272,0.7272,26,5
TCCAGACTTACATTAC,,0.1648,0.1648,1207,1024
TCCAGAGAATGACTGG,D264G,0.0883,0.0883,310,491
TCCAGAGACTTGAGTA,I42E A137T A336W,nan,nan,0,0
TCCAGAGATTCGTGTC,L61T,nan,nan,0,0
TCCAGATAGGGAGCAG,G362W,0.1223,0.1223,881,1007
TCCAGATATGACGAGG,D264Y,nan,nan,0,0
TCCAGATCCACTTAAA,A3D T318D,0.0000,0.0000,0,3
TCCAGATCGACAATCA,,0.1761,0.1761,1151,914
TCCAGATCTACTATAA,C139S,0.7882,0.7882,62,11
TCCAGATGCACTATCC,N458Y,0.0000,0.0000,0,7
TCCAGCGTCTCACCAC,D27K,0.2198,0.2198,88,56
TCCAGCTTTTGAAACC,Y363G,nan,nan,0,0
TCCAGGAATTACTACA,M413H,1.0000,inf,36,0
TCCAGGCAAAAACAGT,S356F,0.0955,0.0955,1311,1919
TCCAGGCTTATTACTC,S10I,0.0000,0.0000,0,1
TCCAGGGGTTTGCCGA,C14P T370A F469V,0.0000,0.0000,0,4
TCCAGGTAACGGGATA,K216F K372M,0.0597,0.0597,251,588
TCCAGTAAATTACACC,I4Q,0.0000,0.0000,0,34
TCCAGTCTTTGGAATG,S85Q,nan,nan,0,0
TCCAGTGACTACAGGG,,0.1022,0.1022,76,104
TCCAGTGATATGAGAC,E-5K,0.1299,0.1299,784,844
TCCATAAAAGTAAAGG,G55H,0.1106,0.1106,790,999
TCCATAACTACTAAAT,,0.1986,0.1986,5037,3546
TCCATAAGTACTGTAT,T206V,1.0000,1.4783,74,7
TCCATAATGCGATTCC,S167I F399E,1.0000,3.3562,24,1
TCCATAATTTTATCCC,P128H,0.1913,0.1913,6050,4422
TCCATACAAACTGTTA,I302W,0.0000,0.0000,0,6
TCCATACCTCGAACCA,F79Y K307N,0.0000,0.0000,0,6
TCCATACGATTAAACT,F118H,0.1871,0.1871,1298,970
TCCATACTATGCCGGC,,0.1001,0.1001,161,225
TCCATAGAGTAAGCGA,A91Q T520G,0.0000,0.0000,0,17
TCCATATAATACACTA,D11W,1.0000,5.3140,38,1
TCCATATATACCGCAA,L133aQ,0.5794,0.5794,232,56
TCCATATCAATAATTG,T46C,0.1847,0.1847,420,318
TCCATATCTAAAAAGA,V481K,0.0000,0.0000,0,4
TCCATATGCTAAAACC,V377P,0.0000,0.0000,0,1
TCCATATTAATGACTG,A91Q,0.2079,0.2079,4692,3156
TCCATCAAAGACCCCA,H183F,0.0000,0.0000,0,26
TCCATCAAGAATGGGC,N408F,0.0886,0.0886,367,579
TCCATCAATAGGTTCC,M75W K372R,0.1733,0.1733,492,397
TCCATCACCTTGAAAA,S167V N322I T370V F469V,0.0000,0.0000,0,1
TCCATCATCCCGATGT,D241I Y353W G396V,0.0000,0.0000,0,38
TCCATCCCAGGACGCT,K9A E494G,0.0553,0.0553,36,91
TCCATCCTTCGTCAGA,T35E,0.1260,0.1260,2333,2590
TCCATCGAGCACCCTG,V88M Q226M,nan,nan,0,0
TCCATCGAGCCAATCA,E403T M431I,nan,nan,0,0
TCCATCGAGTAACTAG,G225S K506N,0.1449,0.1449,1034,998
TCCATCGTTAACGAAA,Y141H N248Y,0.3962,0.3962,34,12
TCCATCGTTTAGTACT,,0.1250,0.1250,1288,1441
TCCATCTAAATAGCGA,,0.2159,0.2159,670,434
TCCATCTAGAGTTATA,L51Q,0.0000,0.0000,0,3
TCCATGAACATAATGC,Q211C,0.2070,0.2070,7376,4984
TCCATGAGTAAAACCA,R212G,0.0404,0.0404,541,1873
TCCATGAGTCAAAAAC,G330R A336S,0.0000,0.0000,0,26
TCCATGCAATCGACAG,H440A,0.0000,0.0000,0,3
TCCATGCCAAGGCAAA,F392C I514Q,0.3996,0.3996,20,7
TCCATGCCCGTTATAA,D415N D487E,0.1204,0.1204,4098,4759
TCCATGGATCTTACCA,H18R R227S,0.1427,0.1427,250,245
TCCATGGCAGCTCAGC,T266D,0.0524,0.0524,18,48
TCCATGGTACCGCACT,W127H,0.2503,0.2503,6900,3855
TCCATGTAATGTTAAG,G55Q I236T,0.1301,0.1301,1152,1238
TCCATGTACTGCTTAA,R404Y,0.5749,0.5749,37,9
TCCATTCAATTAATAT,,0.0952,0.0952,81,119
TCCATTCACGACTGTG,,0.1285,0.1285,1962,2136
TCCATTCGTATAGACT,V429L,0.1332,0.1332,239,251
TCCATTCGTTAATATC,E358Y,0.0714,0.0714,779,1526
TCCATTGTTATTTCAT,S133A,0.1237,0.1237,3480,3933
TCCATTGTTGACAAAA,L122K,0.1227,0.1227,2035,2320
TCCATTTGTCAACCCT,I87H Y448H,0.0000,0.0000,0,6
TCCATTTTACAAAACA,E304D K310R,0.1565,0.1565,723,646
TCCATTTTTACAACTG,,0.2002,0.2002,1692,1182
TCCCAAAATAATAGCT,T163V,0.1120,0.1120,217,271
TCCCAAACTATTAACG,T37W,0.0000,0.0000,0,2
TCCCAAAGTACACAAC,N150E,0.1329,0.1329,192,202
TCCCAAATAGACAGCG,,0.1835,0.1835,5880,4482
TCCCAAATTTTAGGAT,I166A,0.1531,0.1531,2257,2062
TCCCAACACATGCCGT,,0.1437,0.1437,185,180
TCCCAACACTAGACTT,L447P,nan,nan,0,0
TCCCAACATTACCAGT,T46V S146N,0.0000,0.0000,0,5
TCCCAACCACACGAAA,F251L I514P,0.0000,0.0000,0,4
TCCCAACCCCCCAATC,A39L R397I,0.0000,0.0000,0,3
TCCCAACCTGAAGACT,I502F,0.7143,0.7143,189,37
TCCCAACTTACCAAAC,,0.2146,0.2146,1085,707
TCCCAAGATTCATTCA,S85L,0.0000,0.0000,0,7
TCCCAAGTTTTGATAC,C281F C539F,0.0000,0.0000,0,8
TCCCAATACAACATCT,D487Q T511G,0.0000,0.0000,0,3
TCCCAATCGGGTCTGA,S356N L409N,0.0000,0.0000,0,2
TCCCACAATGTGGGGT,V381S,0.0000,0.0000,0,6
TCCCACAGTGAAAAGC,T318I,0.1688,0.1688,746,618
TCCCACATAAGATGAT,,0.1890,0.1890,223,165
TCCCACGTGCTCAGAA,,0.1231,0.1231,949,1078
TCCCACTACTCAAGTG,,0.0000,0.0000,0,18
TCCCACTCTTTCGATA,I121S,0.0547,0.0547,52,133
TCCCACTTGATTTCCA,F399S,0.0000,0.0000,0,8
TCCCACTTTTACAGAT,V420T,0.0481,0.0481,21,61
TCCCAGAAATGACAAC,,0.2039,0.2039,14908,10225
TCCCAGACCTAGGTTT,P145E T301N,0.0864,0.0864,1339,2168
TCCCAGACCTGTCTCA,,0.1277,0.1277,3888,4259
TCCCAGAGCATGATCA,Y512W,0.3992,0.3992,785,275
TCCCAGAGGAATGAAA,C477N,0.0000,0.0000,0,4
TCCCAGATATGCCTAC,D11L,0.0000,0.0000,0,1
TCCCAGCAAATCGCGT,G360V,nan,nan,0,0
TCCCAGCTAAATGACA,Q142I,0.2052,0.2052,3549,2419
TCCCAGTGGGATCAAA,E432V,0.0000,0.0000,0,10
TCCCAGTGTCTATCCT,D441F,0.1218,0.1218,1165,1338
TCCCAGTGTGACGCAG,I115K,0.0000,0.0000,0,14
TCCCAGTTAGGACCGG,S126A W350N,nan,nan,0,0
TCCCATAAACGGCCAA,P489M,0.1619,0.1619,2198,1899
TCCCATAATACCAAAA,K125aF,0.2128,0.2128,3332,2190
TCCCATACTATTGTCA,E393Q,0.0000,0.0000,0,30
TCCCATAGATAACCAA,L325M,0.1778,0.1778,19676,15473
TCCCATCAAAGGTGTG,,0.1034,0.1034,216,292
TCCCATCTAACCAACA,I-3S,0.1837,0.1837,1587,1208
TCCCATGCGTCCGCGG,A394D,nan,nan,0,0
TCCCATGCTGGGTATA,A373P,nan,nan,0,0
TCCCATGGTACGTGAT,K412T,0.3380,0.3380,58,24
TCCCATTAGGATTGAG,N389Y,0.1779,0.1779,379,298
TCCCATTCAACCGGCC,,0.1079,0.1079,725,940
TCCCATTCATTTGTAA,,nan,nan,0,0
TCCCATTCCAATTGAT,L122H,0.1493,0.1493,409,383
TCCCCAAAACATTGTC,,0.2175,0.2175,14,9
TCCCCAAAATTTAGAA,I166P,nan,nan,0,0
TCCCCAAATTAGGACT,,0.1419,0.1419,1481,1460
TCCCCAAGTAATCGCA,K269E,0.1266,0.1266,2616,2890
TCCCCAATAATCGCAA,Y363F,0.1668,0.1668,161,135
TCCCCAATGAAAAATT,C52W,0.0000,0.0000,0,1
TCCCCACAACCCGATT,E174N,0.1295,0.1295,453,489
TCCCCACTAAAATCAT,S126N,0.1499,0.1499,1183,1104
TCCCCACTCACAGCAA,G319F,0.0000,0.0000,0,16
TCCCCATAATAAAACG,L108F R397K,0.1764,0.1764,82,65
TCCCCATAGGATACTT,K62H,0.1484,0.1484,1127,1062
TCCCCATCAAATTAAA,M431Q,0.0000,0.0000,0,14
TCCCCATCTGGCGCCA,T200H,0.2867,0.2867,41,20
TCCCCATTCAATATTT,K9F C466T,0.0000,0.0000,0,1
TCCCCCAAACCTGATG,E-5W I4V Y86C,nan,nan,0,0
TCCCCCACGAATCTAA,P293H,1.0000,1.4584,73,7
TCCCCCATCCACGAAC,G352H,0.0000,0.0000,0,15
TCCCCCCAGCTTCGAA,I384D,0.0074,0.0074,1,19
TCCCCCCTTCCTCCAA,V444E,0.0000,0.0000,0,6
TCCCCCGATAAAACTA,Q40D L300S,0.0886,0.0886,19,30
TCCCCCGATGAGCTAA,Y168W S524N,0.0000,0.0000,0,4
TCCCCCGCACTAGCAA,V66T S540P,0.6022,0.6022,211,49
TCCCCCTACGATTAAC,I339K,1.0000,1.2719,191,21
TCCCCCTATTTCATAA,M346N M431I,1.0000,4.6614,100,3
TCCCCCTTCAGCAATA,R114S,1.0000,1.3052,56,6
TCCCCCTTCCCCTCGG,K216Q,0.0338,0.0338,59,244
TCCCCGAAATATTACT,F332N,0.0000,0.0000,0,4
TCCCCGAATACCAGAA,T206N,nan,nan,0,0
TCCCCGATCTCGACCC,H18S,0.1065,0.1065,674,885
TCCCCGCTACTTCAAT,R114C,0.1857,0.1857,85,64
TCCCCGGGTGTCAGCC,A373N,0.2139,0.2139,26,17
TCCCCTAAAAAACAAT,M111I Q142K I182W,nan,nan,0,0
TCCCCTAATATTAACT,T208L,0.1489,0.1489,246,231
TCCCCTATATTTACGT,G330E,0.0000,0.0000,0,8
TCCCCTGCGAGTAAGA,,nan,nan,0,0
TCCCCTGTACAGGGTA,V204F,0.0829,0.0829,32,54
TCCCCTTAAAATTGAC,Q222S,0.1960,0.1960,426,304
TCCCCTTACACTCCGC,D240K,0.2488,0.2488,1039,584
TCCCCTTACCAGCCTT,T390Y,nan,nan,0,0
TCCCCTTGTGCAGCTC,N278R M346N,nan,nan,0,0
TCCCCTTTCTGGCACT,Y17M,0.1406,0.1406,197,196
TCCCGAACACCAAGAT,S125bI,0.1753,0.1753,20063,16009
TCCCGAACCAAATGTT,,0.1398,0.1398,2350,2350
TCCCGAATTCCCCTTT,H244D,0.0000,0.0000,0,61
TCCCGACAAGGGTACA,L122P C277F Q344E,1.0000,2.0044,43,3
TCCCGACCTGGCTGTC,N54aK M478Q,0.6837,0.6837,44,9
TCCCGACGCGAATTCA,,0.1426,0.1426,1901,1864
TCCCGACTAAAATACT,,0.1362,0.1362,2742,2816
TCCCGACTATAAAAGT,G319E,nan,nan,0,0
TCCCGAGGATACCCAT,A138K,1.0000,1.1809,76,9
TCCCGATACACCACCG,P239I,0.1179,0.1179,1738,2061
TCCCGATCAACCTAAT,I29L G362C,0.2176,0.2176,1114,716
TCCCGATGCTAGTTGT,A253R,0.0000,0.0000,0,42
TCCCGATTAATATAAA,R90F,0.2070,0.2070,999,675
TCCCGCTACGTACATC,T279Y,0.1784,0.1784,5632,4416
TCCCGGCCAAACCATA,G271L,0.1705,0.1705,1662,1363
TCCCGGCTATTCTCTT,L43P E255K,0.0387,0.0387,39,141
TCCCGGGTAGATCCCA,G275Y,0.1770,0.1770,2171,1715
TCCCGGTTAGGGCTGT,A242I,0.1119,0.1119,2853,3566
TCCCGTAAGGTAGATT,,0.0928,0.0928,195,294
TCCCGTACTACCGGCG,P293I,0.3086,0.3086,437,198
TCCCGTGGAAGACTAG,G376P,0.6992,0.6992,10,2
TCCCGTTGGCTGTCGA,T192A,0.2153,0.2153,2573,1671
TCCCGTTTTTGAAGAT,K372G,0.0629,0.0629,205,456
TCCCTAACTCATACAC,S290K,0.0000,0.0000,0,10
TCCCTAACTGGAAGTT,K387M,0.1332,0.1332,201,211
TCCCTACAGACCATCA,L437K,nan,nan,0,0
TCCCTAGAGGTCATCG,R321D T370G F469Q,nan,nan,0,0
TCCCTAGCTTATCAGG,E131D,0.1404,0.1404,3016,3005
TCCCTAGGATTAAAGA,M530H,0.1697,0.1697,386,318
TCCCTAGTCGCAATTT,M268Y,0.2983,0.2983,32,15
TCCCTAGTCTGAAAAG,T46H T378E,0.0541,0.0541,29,75
TCCCTATCACACGGAT,G68S L314E,0.0000,0.0000,0,8
TCCCTATGGACAGGGC,A336V,0.1276,0.1276,293,321
TCCCTCAAGGTAGAGC,,0.0880,0.0880,446,709
TCCCTCCTACACGTCG,G72D W537*,0.2397,0.2397,84,49
TCCCTCCTACCCTCGT,,0.1776,0.1776,3139,2471
TCCCTCGAAGCTAAAT,A160C H355T,0.3150,0.3150,856,380
TCCCTGAAATATGGAT,T35F,0.1416,0.1416,2284,2256
TCCCTGCTAAACTAAT,K380Q,nan,nan,0,0
TCCCTGCTATCACGCC,V36K,0.0000,0.0000,0,9
TCCCTGGCTCTAACCT,N169G R321D I517E,0.0000,0.0000,0,21
TCCCTGTTAACGGCTC,I178E,0.0182,0.0182,3,23
TCCCTTAACAAATTGA,T422N,0.8391,0.8391,54,9
TCCCTTACAAAACAAA,M268C F399C,0.0000,0.0000,0,5
TCCCTTAGGTAATCGT,L70R H354S,0.0000,0.0000,0,18
TCCCTTAGTGTCTCGT,,0.1398,0.1398,3,3
TCCCTTATGACGCCAA,A93F,0.2057,0.2057,1099,747
TCCCTTCCCTGAAATA,P125E,0.1165,0.1165,4885,5864
TCCCTTGACATACGAG,C52G,0.0000,0.0000,0,6
TCCCTTGCCTAATAAA,,0.1013,0.1013,347,479
TCCCTTTGATAAACCG,S85W,0.0000,0.0000,0,19
TCCCTTTTATTGGTTC,,0.1760,0.1760,9973,7925
TCCCTTTTTCCAAGAC,,0.1545,0.1545,2245,2032
TCCGAAAAAAAAATCG,,0.1024,0.1024,265,362
TCCGAAAAAAATCGGA,F245Y,0.1489,0.1489,14303,13437
TCCGAAACACAAACAA,G68V,0.1916,0.1916,74,54
TCCGAACACTAATTAC,F294V,1.0000,1.7620,63,5
TCCGAACCTCAAGACG,G275K,1.0000,1.5849,34,3
TCCGAACTAGCAAACG,I87R T370V,0.0000,0.0000,0,10
TCCGAAGAAAAAACTG,,0.1027,0.1027,119,162
TCCGAAGTTTCTTTCC,N389S,0.1109,0.1109,238,300
TCCGAATACATTATGG,V135H,0.2503,0.2503,10278,5743
TCCGAATAGATCCCAG,V395D,0.1416,0.1416,2529,2498
TCCGAATCCTGTAATA,G49P R326S L409E,0.0000,0.0000,0,9
TCCGAATGAGCCTAGT,A317S G319V,0.5288,0.5288,121,32
TCCGAATTGGCCCACC,I121A W153* T208D,0.0000,0.0000,0,2
TCCGACAAAGTCAGAC,M230W,0.0000,0.0000,0,7
TCCGACAATCTTCCTA,Y518W,nan,nan,0,0
TCCGACACCTCTGAGC,I164P,0.0000,0.0000,0,2
TCCGACAGGAACTAAA,I260E,0.4913,0.4913,130,37
TCCGACAGTCTGCTAC,C281W,0.0000,0.0000,0,11
TCCGACATATTAAAAA,Q25S E407I,1.0000,2.0976,60,4
TCCGACTCATAAAAAA,N410R,1.0000,2.3773,17,1
TCCGAGAGCCCAAATA,K445E,0.2967,0.2967,87,41
TCCGAGGCGTGCGAAA,G16D,0.0000,0.0000,0,4
TCCGAGTAAGCTAAAT,L428Y,0.1978,0.1978,389,275
TCCGATAACTAAGGAG,G360H,1.0000,1.8704,107,8
TCCGATATGGTATAAG,L455I,0.1026,0.1026,399,544
TCCGATCAAACGACAA,Y256S,0.1222,0.1222,756,865
TCCGATCTCGGGTTTG,W350R E403V,nan,nan,0,0
TCCGATGAGCCACAAT,S323D,0.2034,0.2034,32,22
TCCGATGGTCAAAAAT,G510aA,0.1838,0.1838,322,245
TCCGATTCAGAACAAC,I514S,0.0000,0.0000,0,22
TCCGCAAAGTTGGAAC,W350G E479G,nan,nan,0,0
TCCGCACTAGAGCTCA,V505R,0.1458,0.1458,5244,5029
TCCGCATACTTTTCCT,H38G K506M,0.1387,0.1387,234,236
TCCGCATGTTATACAA,S356Y,0.1655,0.1655,1971,1665
TCCGCCAGTGAACTAT,V82K N389F,0.1091,0.1091,359,460
TCCGCCCACGGATTGG,E31F G362N,0.2991,0.2991,77,36
TCCGCCCGCAAATCAT,A19T,0.1700,0.1700,783,644
TCCGCCGTACGCTCAG,,0.0000,0.0000,0,1
TCCGCCTAGAAGAAGC,K506F,0.0806,0.0806,113,196
TCCGCCTGTTTAGGAT,S524R,0.0000,0.0000,0,3
TCCGCGTGAAACAGGA,T279D,nan,nan,0,0
TCCGCTAAACACCAAT,Y470L,0.2222,0.2222,1368,861
TCCGCTGGACACATGA,R321P T370* F469V,nan,nan,0,0
TCCGCTGTAGAGAATA,,0.1017,0.1017,16,22
TCCGCTGTGATACCAT,T283A,0.2237,0.2237,699,437
TCCGCTGTGTTGCCTG,Y470M,nan,nan,0,0
TCCGCTTAGAAGCACG,V381C,0.1213,0.1213,360,415
TCCGCTTTGCAGTAAC,Y17M S167I,0.0000,0.0000,0,38
TCCGGAAACACGCATG,R328bA,0.1369,0.1369,3322,3394
TCCGGATCAAACATGA,K156H,0.2405,0.2405,3771,2193
TCCGGATGGAGATAAT,,0.1398,0.1398,626,626
TCCGGATGTATAATAA,,0.1806,0.1806,279,216
TCCGGCATAATCGGAC,,nan,nan,0,0
TCCGGCATACGGGGCT,C477S,0.0000,0.0000,0,2
TCCGGCATCATCATTA,,0.1066,0.1066,1621,2126
TCCGGCGCTCAAAACG,P284Y V285L,0.0000,0.0000,0,30
TCCGGCTAATGAGACG,D415H,0.2983,0.2983,32,15
TCCGGCTTAAAATTAA,L154M,0.1681,0.1681,1421,1182
TCCGGGAATACCACAC,L2Q N296L,0.0000,0.0000,0,57
TCCGGGCCGCGTTTTT,Y488D,nan,nan,0,0
TCCGGGCGACTGCTTG,,0.1909,0.1909,737,540
TCCGGGGCCAACTAAC,I267H,0.2218,0.2218,92,58
TCCGGTAAACCACACA,I302Q,nan,nan,0,0
TCCGGTAATCCTAGGA,L102V G286W,0.0000,0.0000,0,4
TCCGGTCATACAAGAA,V26L,0.2924,0.2924,46,22
TCCGGTCTCTCATCAC,N408G N483F,0.1713,0.1713,1597,1304
TCCGTAACAAGGTCGT,,0.1465,0.1465,2318,2213
TCCGTAACCCTACTAC,Y105H A526R,0.1342,0.1342,24,25
TCCGTAACGTACAAAT,Q211K,0.1269,0.1269,1961,2161
TCCGTACAGTAGCACA,,0.0000,0.0000,0,52
TCCGTACGACCATATT,K45S G463A,0.1159,0.1159,276,333
TCCGTAGGTCTCCTAA,M531N,0.0000,0.0000,0,1
TCCGTAGTCTAAATGT,I302K,nan,nan,0,0
TCCGTAGTGTGGGCAC,,0.0000,0.0000,0,21
TCCGTATTCGCAAAAG,A39T N186D,0.0000,0.0000,0,8
TCCGTCATAGAACGTA,T46D,0.0989,0.0989,1705,2410
TCCGTCCACCAAAAAT,G55F L122F,0.1515,0.1515,378,349
TCCGTCCTCTAGTAAA,G341H,0.1427,0.1427,446,437
TCCGTCGGGTCTAGTA,K280I,0.0944,0.0944,2424,3590
TCCGTCGTATAAGACA,L59P E479R,0.0000,0.0000,0,2
TCCGTCTAGTATCGAC,L59N,0.0000,0.0000,0,7
TCCGTGACTTCCTCAA,T279L N401D,0.0000,0.0000,0,138
TCCGTGAGTCAGTATT,V481T,0.1566,0.1566,345,308
TCCGTGGAATATCCTG,,0.0306,0.0306,7,32
TCCGTGTTATAAAGGA,,0.1308,0.1308,785,839
TCCGTTACACAGACAT,Y168W,0.1661,0.1661,10519,8858
TCCGTTATCCATGTAT,T192P,0.4421,0.4421,98,31
TCCGTTCATAGCATTG,T436D,0.1971,0.1971,31,22
TCCGTTGAAAAACCCT,,0.1567,0.1567,428,382
TCCGTTTATGCGAGTC,S519Q,0.4434,0.4434,130,41
TCCGTTTCGAATAAGC,I202K,nan,nan,0,0
TCCGTTTGTCAAATCG,N446P,0.0000,0.0000,0,5
TCCTAAAACAAAAAGC,A138R,0.0000,0.0000,0,11
TCCTAAACAAAAAAAT,N169L D366V T370V,0.1398,0.1398,19,19
TCCTAAACCACTAACA,I15L S22F M75R,0.0000,0.0000,0,1
TCCTAAAGAAACGCGT,,0.1387,0.1387,1287,1298
TCCTAAAGAGGCCGCA,L43G K380N,0.0000,0.0000,0,5
TCCTAAAGCTACACGC,N400Q,0.1560,0.1560,29,26
TCCTAAATTATAACTC,K62R Q371G,0.1698,0.1698,634,522
TCCTAACCTTCATCAA,N-4S A365D,0.0000,0.0000,0,5
TCCTAACGAATACATA,P198Q,0.1256,0.1256,528,588
TCCTAACGGAAACAAA,T23F F469R,0.0000,0.0000,0,6
TCCTAACTCTTGGCAC,V135W,0.4205,0.4205,2174,723
TCCTAAGCTAAAATCG,S167F L300W F469S,0.0000,0.0000,0,4
TCCTAAGTCAGTAAGC,W84P,0.1767,0.1767,364,288
TCCTAAGTCCTATAAT,S323C,0.0903,0.0903,31,48
TCCTAAGTTAAATTGG,T46N,0.2307,0.2307,358,217
TCCTAATAAGACAAAT,L154N,0.0000,0.0000,0,1
TCCTAATGAATTAAGT,D27S N483Q,0.0000,0.0000,0,5
TCCTAATGCATCTCCA,V395P,0.2850,0.2850,108,53
TCCTACAAAGAGCCAT,,0.2734,0.2734,350,179
TCCTACACAGTAGTGT,N424D,0.6929,0.6929,109,22
TCCTACCCTACCTAAC,R81E R326G,0.1622,0.1622,2421,2087
TCCTACTACTGATCGG,L43N,0.0000,0.0000,0,1
TCCTACTCCACTTAAA,I-3C N443T,0.0780,0.0780,1833,3288
TCCTAGAGCGAAAAGG,A459Y,0.0000,0.0000,0,7
TCCTAGATGTGCATAT,K411T V481H,0.0000,0.0000,0,5
TCCTAGGCCCAAATCT,G360S,0.0736,0.0736,60,114
TCCTAGGGACCTAGAA,,0.1345,0.1345,3015,3134
TCCTAGGTGATACAAA,T46K,0.1366,0.1366,2167,2219
TCCTAGTTGAATAACA,G349T,0.1840,0.1840,25,19
TCCTATAACGTCCGCC,E476M,0.1033,0.1033,381,516
TCCTATACCATAACCG,G330N,0.0000,0.0000,0,1
TCCTATATATGTACCG,L409W,0.0000,0.0000,0,2
TCCTATATATTTCAAC,E434Q,0.0000,0.0000,0,12
TCCTATATTTAAGATA,I115C E501W,0.2047,0.2047,142,97
TCCTATCAAAGCAATA,N21L M292A,0.1072,0.1072,151,197
TCCTATGACAACTAAT,,0.1354,0.1354,5756,5946
TCCTATGCATGTTGCA,C64K,0.0000,0.0000,0,4
TCCTATGGGTCATCCT,,0.0863,0.0863,29,47
TCCTATGTCTCTGTCA,,0.0000,0.0000,0,1
TCCTATTAGTATGTTA,P306T G330T,1.0000,8.8101,63,1
TCCTATTCATATCACG,,0.1042,0.1042,369,495
TCCTATTGCTCGTATT,,0.1072,0.1072,936,1221
TCCTATTTTAGAATGA,E508Y,0.1633,0.1633,1821,1559
TCCTCAAAAATGTTCT,T511E,0.0410,0.0410,162,553
TCCTCAAACTCTAAAG,I260A,0.1277,0.1277,5736,6279
TCCTCACTAATGAAAG,,0.0976,0.0976,1097,1572
TCCTCAGAATTAATGA,I124E,0.0262,0.0262,48,256
TCCTCAGATATAATTT,,0.2289,0.2289,779,476
TCCTCAGCCCGTGATT,Y201T,0.0428,0.0428,53,173
TCCTCATACACTTATA,P74H,0.0596,0.0596,75,176
TCCTCATATAACGCAA,I87K,0.0000,0.0000,0,10
TCCTCATCAGTGTTCG,S543T,0.2314,0.2314,1178,712
TCCTCCAAACGAATCC,A3G P306V,0.0000,0.0000,0,1
TCCTCCGGGCCAAACC,H18C,0.0000,0.0000,0,6
TCCTCCTCATCGCCTA,A287W,0.0000,0.0000,0,3
TCCTCGAATGTTCCTA,G303W,0.0000,0.0000,0,13
TCCTCGAGAACCCTAC,K196Q,0.1793,0.1793,3587,2798
TCCTCTCCATGTCGAA,,0.0000,0.0000,0,4
TCCTCTCCATTGTATA,,0.0711,0.0711,481,946
TCCTCTCGAAGTTATC,K412P T520V,1.0000,1.5243,109,10
TCCTCTGTGAAAGTGC,A257E,0.0000,0.0000,0,7
TCCTGAATGTCCAAGT,F148G,0.0000,0.0000,0,27
TCCTGACTGATAATGA,D231C,0.1077,0.1077,547,710
TCCTGACTGGCAGTCA,,0.1081,0.1081,4392,5683
TCCTGAGGCTGTTTAG,,0.1373,0.1373,322,328
TCCTGAGTAAATAAAG,,0.1126,0.1126,3641,4520
TCCTGAGTTGACGATA,T378V,0.0466,0.0466,33,99
TCCTGATACAGCGATG,H18S I385F,0.7691,0.7691,44,8
TCCTGATCAATCATTC,N169P,0.1347,0.1347,571,593
TCCTGATTAGTCGAAT,,0.1423,0.1423,177,174
TCCTGCACAAGAAATG,D77T W343F,0.0000,0.0000,0,10
TCCTGCCAATTCTCAA,M538A,0.1515,0.1515,482,445
TCCTGCGAAACCAGAA,E255Q,0.0963,0.0963,104,151
TCCTGCGAAATCGACC,H110A,0.0756,0.0756,248,459
TCCTGCGACACCAACA,L544Y,0.5594,0.5594,352,88
TCCTGCGCAGTGCTTA,S207N,0.1840,0.1840,1126,856
TCCTGCGTCCTCGTTG,D41G,0.1219,0.1219,34,39
TCCTGGAGCAGAAAAG,D53P R452A,0.2098,0.2098,39,26
TCCTGGCCTAAAAGGG,S125bM,0.1306,0.1306,1360,1456
TCCTGGGCGTAGCCTA,,0.0924,0.0924,1124,1702
TCCTGGTCAATATAAT,Y17H K313E,0.0000,0.0000,0,21
TCCTGTACAAGGTAAT,A3N R496M,0.0626,0.0626,51,114
TCCTGTAGTATTAAAA,R173S F469*,0.0000,0.0000,0,2
TCCTGTCCACAAATAC,A39L,0.1694,0.1694,418,345
TCCTGTTATATAATCA,S10V S290Y,0.0000,0.0000,0,1
TCCTTAAAGAACCGCA,V347R,0.2332,0.2332,904,542
TCCTTAAATCATCTTA,D95M E508W,nan,nan,0,0
TCCTTAACGTAATTTC,N443V,0.0000,0.0000,0,62
TCCTTAAGTAACTACA,N33V,1.0000,5.0344,144,4
TCCTTAATACAAGAAA,H440E,1.0000,inf,18,0
TCCTTAATCCTAGACC,T520M C546I,0.1242,0.1242,231,260
TCCTTACGTGTGATCA,I15V D53G,0.0828,0.0828,103,174
TCCTTAGCGAGCCATG,N-4G,0.1591,0.1591,958,842
TCCTTATAGTTAATTC,,0.1308,0.1308,374,400
TCCTTATATTTGTTAG,L59H Q191R,0.3290,0.3290,80,34
TCCTTATCTGAGAGGT,G349M,0.0000,0.0000,0,2
TCCTTCAAACCTGAGC,L7P N443C,0.0196,0.0196,50,356
TCCTTCAACAATGATT,G319S S369I F469G,nan,nan,0,0
TCCTTCAGCCCAGGCG,T192A,0.1744,0.1744,1831,1468
TCCTTCATAAACGGAA,H355G,0.1665,0.1665,75,63
TCCTTCATAAACTAAA,Y363G A521T,0.0000,0.0000,0,15
TCCTTCGAAACAAGTA,,0.1548,0.1548,1665,1504
TCCTTCGGACTCTATA,S146V,0.0434,0.0434,246,793
TCCTTCGTATTCATAG,L70R A334P,nan,nan,0,0
TCCTTCTCTGCGACGG,P324R,0.0769,0.0769,72,131
TCCTTGGGCGACAGTA,M413V,0.2146,0.2146,1814,1182
TCCTTGTAGGTGGCCG,W84G,0.0000,0.0000,0,1
TCCTTTAACGCAGCAG,F148C,0.1276,0.1276,73,80
TCCTTTACGTATATGG,A253T Y353C,nan,nan,0,0
TCCTTTAGGTCACGGC,S85Q,0.4695,0.4695,141,42
TCCTTTCAAGGGAAGG,L96E,0.0312,0.0312,197,882
TCCTTTCAGGATTGAC,G100W,0.0000,0.0000,0,4
TCCTTTCATAAAAGCA,D95E,0.1917,0.1917,3695,2695
TCCTTTGAAACCCATC,V377S,0.0000,0.0000,0,9
TCCTTTTAAGAAATCT,G228E,0.0000,0.0000,0,1
TCCTTTTCTATAGGTT,H244M,0.0511,0.0511,260,711
TCGAAAAAGATATGAA,A253D S492T,nan,nan,0,0
TCGAAAAATATCCAGG,A39V A257C,0.0688,0.0688,253,514
TCGAAAACTAGTGATC,M530G,0.1398,0.1398,32,32
TCGAAAAGATGCTCCG,I80E,0.4026,0.4026,380,132
TCGAAAATATAGATGA,E327N D386Y,0.0728,0.0728,1063,2041
TCGAAACAAACCAAAC,P145H N158W,0.2714,0.2714,4726,2435
TCGAAACGAAACGAAA,N458K,1.0000,3.2164,46,2
TCGAAATACAAAAATG,I-3E,0.0948,0.0948,257,379
TCGAAATAGTTCCTCC,,0.0588,0.0588,82,195
TCGAACAAAAAAGCAG,E119A,0.0884,0.0884,117,185
TCGAACAACACGTTAA,N54aV S523I,0.0000,0.0000,0,6
TCGAACAATAAACCTG,F245T,0.0000,0.0000,0,6
TCGAACAGAATACTGT,,0.1934,0.1934,231,167
TCGAACAGTCCAGTAG,N48H,0.1084,0.1084,351,453
TCGAACCAATGTTGAG,A521I,0.1915,0.1915,6102,4456
TCGAACTACGATATAC,,0.1034,0.1034,377,510
TCGAACTCACTGCTAT,H47W,0.3618,0.3618,119,46
TCGAACTTGAATATGA,,0.2298,0.2298,618,376
TCGAACTTTTACTAAA,P254N,0.0000,0.0000,0,2
TCGAAGAACGTGACCG,G465Q,0.0000,0.0000,0,1
TCGAAGAGAATATCAG,S167W T370V F469T,0.0000,0.0000,0,6
TCGAAGCACAATAAGC,W350P,1.0000,1.7480,50,4
TCGAAGGAGGCTTTGA,V223F,0.1161,0.1161,796,959
TCGAAGGATTCAGAGA,N169G V510Y,0.1250,0.1250,211,236
TCGAAGGCAATTGATG,N464R,0.1788,0.1788,312,244
TCGAAGTAGGCGCTCC,G465A,0.0807,0.0807,822,1425
TCGAAGTGGACATCTG,,0.1018,0.1018,983,1351
TCGAATAAACATAGAA,A67G,0.1740,0.1740,4668,3752
TCGAATAAACATATTA,G228M,0.0000,0.0000,0,7
TCGAATATGATTTTTG,I548Q,0.0000,0.0000,0,7
TCGAATCAATAAAATT,M388W,0.0000,0.0000,0,2
TCGAATCATCACCGTC,K216L S265N Y518H,nan,nan,0,0
TCGAATCATGAAGACC,,0.1768,0.1768,2067,1635
TCGAATCTAAATAAGC,P99T N169L R321A T370L,0.0000,0.0000,0,1
TCGAATTTACAGTACC,R212E,0.0000,0.0000,0,11
TCGAATTTACGCACCT,Y308C,0.0000,0.0000,0,3
TCGACAAAGACGCAAC,,0.0975,0.0975,2596,3722
TCGACAAATACAAGAA,V272E,0.2420,0.2420,526,304
TCGACAACCATAGCAG,E31L Q211S,0.0000,0.0000,0,5
TCGACAACCGTTTTTA,,0.2072,0.2072,3215,2170
TCGACACGAAGTTATG,M346P,0.7552,0.7552,54,10
TCGACAGATCAACGCC,Q40C,0.1453,0.1453,2174,2093
TCGACAGTCGGAAAAA,L112G,0.0000,0.0000,0,11
TCGACCAAGGCTTTAT,N193G G396Q,0.1333,0.1333,471,494
TCGACCAATGCGTCAC,P92aL,0.1632,0.1632,14,12
TCGACCATTAAAGAAA,V135K,0.2718,0.2718,1866,960
TCGACCCCTACGGGTT,N116G,nan,nan,0,0
TCGACGAATTGGCGTA,Y363N K367N,0.6162,0.6162,141,32
TCGACGACGGGACCCG,L437K,0.0000,0.0000,0,4
TCGACGCCTCTCCCAA,S524F,0.0000,0.0000,0,5
TCGACGCTATACTATC,Q226T,nan,nan,0,0
TCGACGGCAAAATAAG,Y105I,0.0981,0.0981,256,365
TCGACTAAACTCGATA,G271L,0.0551,0.0551,13,33
TCGACTAACCGTCGGG,F332C,0.0000,0.0000,0,7
TCGACTATTTTGTACA,L515Y,1.0000,1.1498,148,18
TCGACTCGGTGATGAT,Y256D,1.0000,2.7969,40,2
TCGACTCTTACCGACT,,0.1419,0.1419,6273,6181
TCGACTTCGGTCCCAT,R405C,1.0000,inf,32,0
TCGACTTCGTTGAGTA,Y105M,0.1219,0.1219,1436,1648
TCGAGAAAAAATGTGT,N186V,0.0000,0.0000,0,7
TCGAGAACCTGTATCC,Y423C,0.0000,0.0000,0,5
TCGAGATACTGAATCT,,0.1721,0.1721,773,628
TCGAGATATTTTGTAA,,0.1495,0.1495,31,29
TCGAGCAAGCGAATGA,G134I Y258C Q490K,nan,nan,0,0
TCGAGCACTGAAGCAG,Q282W E461Q,nan,nan,0,0
TCGAGCCCCTGGCTGT,S65I,0.0000,0.0000,0,8
TCGAGCCTAAAACCAG,R149W T370Q,1.0000,1.7061,61,5
TCGAGCCTTAGTTGTG,G16E,0.0000,0.0000,0,15
TCGAGCGGTAAAAGAT,,0.1412,0.1412,212,210
TCGAGCTCGACATCCA,A19E,0.1234,0.1234,2157,2444
TCGAGTAACAAGAATA,Q25* W127H,nan,nan,0,0
TCGAGTCAAAGTCCCA,L-1Q,0.1085,0.1085,1778,2291
TCGAGTCGTCCACACA,S543N,0.2259,0.2259,420,260
TCGAGTCTTGTGATAC,L54K S480G,0.5803,0.5803,83,20
TCGAGTGATAAACATC,Q282E,0.0000,0.0000,0,11
TCGAGTGTTAACAGTC,V135W,0.3536,0.3536,26343,10418
TCGAGTGTTGGACACC,,0.0000,0.0000,0,70
TCGAGTTTGCATTAAC,C477L,0.0000,0.0000,0,8
TCGATAAAAAAAAAAT,N103K,nan,nan,0,0
TCGATAAAACTCATCT,,0.1589,0.1589,959,844
TCGATAAAGCAAGTTA,H471F,0.0000,0.0000,0,2
TCGATAACTTTGCAAT,V36E,0.0000,0.0000,0,4
TCGATAATACCACGAC,,0.1423,0.1423,3465,3404
TCGATAATTTACACCT,A334W,0.6087,0.6087,74,17
TCGATACTAATGCTTA,C281R,0.0000,0.0000,0,1
TCGATAGAATCGAAAT,F79R Q391N,0.5382,0.5382,127,33
TCGATAGCAGAACCAC,F148C Y470P,nan,nan,0,0
TCGATAGGTTCTGTAA,S383P,0.0000,0.0000,0,2
TCGATATCTTTGTACT,L325M,0.1313,0.1313,910,969
TCGATATTGCTATTAT,P125L,0.1820,0.1820,233,179
TCGATCAAATATAAAT,M111C M531G,0.0592,0.0592,316,747
TCGATCAGAAACTACG,,0.1423,0.1423,1175,1155
TCGATCCATCAAATGA,N158A,0.1865,0.1865,212,159
TCGATCCGTCAACGCA,H18P,0.0000,0.0000,0,14
TCGATCGCTTTTAATC,G465Q,0.0000,0.0000,0,5
TCGATCGTAGAATACT,A528G,0.1320,0.1320,218,231
TCGATCGTTCGCAACG,S167L R321Y T370P,1.0000,inf,16,0
TCGATCTAGTCAAACG,R328bW,0.1187,0.1187,1303,1535
TCGATCTTAGCTGTAC,Q371C R435K,0.4735,0.4735,193,57
TCGATCTTCTGAGGGT,,0.1660,0.1660,5385,4537
TCGATGAAACTTCGGA,V429T,0.0794,0.0794,134,236
TCGATGAAGGTCACAA,,0.1164,0.1164,941,1131
TCGATGCTCACGAGGT,E106G,0.1048,0.1048,1764,2353
TCGATGGCCAACTGAA,,0.1114,0.1114,2429,3049
TCGATTAATATCGTAA,,0.0877,0.0877,641,1022
TCGATTACCATAGAAT,L179M,0.1956,0.1956,554,396
TCGATTTATGTCTGTT,N20H,0.0000,0.0000,0,1
TCGCAAAAAACGCCCA,P58C,0.0000,0.0000,0,32
TCGCAAAAATGTGATA,,0.1282,0.1282,318,347
TCGCAAAATTTGCAGT,I124T L409V,0.1205,0.1205,2036,2363
TCGCAAACAAACAAAT,G72F,0.2413,0.2413,471,273
TCGCAAACACCAATAA,N21Q,0.1174,0.1174,230,274
TCGCAAACCTAAGAAA,N210L,0.0000,0.0000,0,34
TCGCAAAGAGTCGTTC,N379Y,nan,nan,0,0
TCGCAAAGTCTAGTGA,,0.1088,0.1088,1983,2548
TCGCAAATAAGAATTA,E78W K412P,0.0000,0.0000,0,4
TCGCAAATCCAAAGAG,S65R I164F,0.0000,0.0000,0,3
TCGCAAATTGTAACTG,C52Y T199Y,0.0000,0.0000,0,12
TCGCAAATTTTCTGGA,K125aT E434C,0.0000,0.0000,0,14
TCGCAACCCCCACATG,G504K,0.1673,0.1673,2799,2340
TCGCAACTAAGAAGGG,D41E,0.1529,0.1529,129,118
TCGCAAGTTTCAAGCG,L418Y,0.1656,0.1656,598,505
TCGCAATACCCGTTGA,,0.0980,0.0980,246,351
TCGCAATGAGAGGTCC,Y470S,0.1717,0.1717,70,57
TCGCACAAAGGATATT,K372S L402P,nan,nan,0,0
TCGCACATACAAAACT,D375I,0.2383,0.2383,3620,2124
TCGCACGAGCAATTAA,D348H,0.1374,0.1374,3215,3272
TCGCACGTCGACACTG,P162M K412T,0.0000,0.0000,0,1
TCGCACTAAAGCCATA,R456Q,0.1078,0.1078,519,673
TCGCACTGCCCCAGAT,G275R G337R,nan,nan,0,0
TCGCACTTACCATCCA,Y448I,nan,nan,0,0
TCGCAGAGTAGTTGGC,K445N,0.1826,0.1826,508,389
TCGCAGATATATAAAC,P162R,0.1490,0.1490,324,304
TCGCAGCGAATCTCGT,I339A,nan,nan,0,0
TCGCAGGAAATCGTTA,P58N,0.0000,0.0000,0,17
TCGCAGTATGCAACGT,C539F,0.1434,0.1434,121,118
TCGCATATGGCATAGC,D53H,0.0000,0.0000,0,61
TCGCATCATATATCCA,F245I,0.1870,0.1870,619,463
TCGCATCTCTAAAAAT,N289V,0.1693,0.1693,4606,3805
TCGCATGAAACACATT,,0.2054,0.2054,2172,1479
TCGCATTTTACACCAC,,0.1202,0.1202,2544,2960
TCGCCAAAATAAAAAA,D386H,0.0932,0.0932,3186,4778
TCGCCAAATGGCCCGA,K310F,0.2174,0.2174,213,137
TCGCCACAAAACCATG,R229C,nan,nan,0,0
TCGCCCAAGTGCCTGC,,0.1795,0.1795,7964,6204
TCGCCCAATCGCAGAT,K506Q,0.2174,0.2174,2220,1428
TCGCCCCATGATCCCC,A91M,0.0956,0.0956,1332,1949
TCGCCCCTTGTGAATT,L447M,0.1234,0.1234,1809,2050
TCGCCCGTAATGCTAG,C473Q,0.0000,0.0000,0,2
TCGCCCTGACTATGAG,F338Y,nan,nan,0,0
TCGCCCTGGTTGGGCT,E190-,0.4895,0.4895,28,8
TCGCCGACAAAGTTCA,G55E P58T,0.0000,0.0000,0,3
TCGCCGAGACATAACA,F332Q,0.0000,0.0000,0,10
TCGCCGAGGAGCGATC,E174W Y351S,0.2493,0.2493,41,23
TCGCCGATATTCTATA,G330D,0.0000,0.0000,0,1
TCGCCGCATTACCATA,P284F,0.0834,0.0834,34,57
TCGCCGGATAAAGTCC,S85F,0.1398,0.1398,48,48
TCGCCGGCTGTGAGAA,L453D,0.0000,0.0000,0,4
TCGCCGTTTAAGTATA,I517R,nan,nan,0,0
TCGCCTCCTCATGAGT,S323N K498Y,0.0000,0.0000,0,2
TCGCCTCTCTGCTGAG,E340C,0.8297,0.8297,89,15
TCGCCTTATTAATACT,V8P,0.0000,0.0000,0,2
TCGCCTTTTATATACA,D419K G533V,nan,nan,0,0
TCGCGAGTGACCTGGG,K328cM,0.1237,0.1237,23,26
TCGCGCAATCTAAAGG,R114L,0.1685,0.1685,153,127
TCGCGGCCTTTCCTAC,N33E,0.1034,0.1034,321,434
TCGCGTATTACGGAAG,Q454K,0.1175,0.1175,1776,2114
TCGCGTCTTCACCAAT,K9Q,0.1235,0.1235,356,403
TCGCGTCTTTTCCCCT,,0.0668,0.0668,162,339
TCGCGTGCTATGTCCT,N73Q N446H,0.2237,0.2237,8,5
TCGCTAAAAAATATAT,A19S D457H,0.0000,0.0000,0,35
TCGCTAAATTGCACAC,D419G L527K,0.0000,0.0000,0,1
TCGCTAACCAATACCC,L515T,0.0000,0.0000,0,65
TCGCTAACTTTGAGGA,,0.1671,0.1671,1614,1351
TCGCTAATAATCAAAA,L133aE,0.1646,0.1646,5632,4785
TCGCTACAGTCAGAAT,A528W,0.0000,0.0000,0,3
TCGCTAGAGTCGATTA,G504S,0.0969,0.0969,149,215
TCGCTATAAGAATCAA,H110Y,0.1228,0.1228,331,377
TCGCTATCAAAACATT,,nan,nan,0,0
TCGCTCAACTAAACGC,,0.3176,0.3176,109,48
TCGCTCACATACTTTC,E434Y,0.0000,0.0000,0,8
TCGCTCCTTCTCCCCC,,0.1267,0.1267,1302,1437
TCGCTCGCAAGACACA,L194V,0.0773,0.0773,915,1656
TCGCTCGCAAGCACCA,E83W,0.0729,0.0729,506,970
TCGCTCGCCACTCTTC,A394N,0.0000,0.0000,0,25
TCGCTCTACCGTTAAA,,0.1849,0.1849,661,500
TCGCTGAATTTCTGTA,A522Y,0.0000,0.0000,0,8
TCGCTTAAATACTAAC,N443C,0.1301,0.1301,775,833
TCGCTTAGAGTTTAGC,A336Q V451T,0.0000,0.0000,0,18
TCGCTTCAGCAATAGT,M292V,0.0825,0.0825,409,693
TCGCTTGTCACTGTTC,,0.0479,0.0479,87,254
TCGGAAATTGGTTGTA,V-2T Y201P,0.0000,0.0000,0,4
TCGGAACGCGGGGCAT,I267F,0.1109,0.1109,760,958
TCGGAAGAATACTATG,,0.2180,0.2180,2766,1774
TCGGAAGAGAAACTTC,I123M,0.1518,0.1518,649,598
TCGGAATAACACAAAT,,0.1791,0.1791,6650,5192
TCGGAATATCACATTC,K125aP R496F,0.0540,0.0540,175,453
TCGGAATTTTTCGTAC,,0.1159,0.1159,208,251
TCGGACAGATATTCCT,,0.1194,0.1194,41,48
TCGGACCATGGGAAGA,V88P,0.0000,0.0000,0,8
TCGGACGACGGGGCAC,A3F,0.1027,0.1027,4300,5856
TCGGACTTATTACTTG,P140H V309M,0.2476,0.2476,733,414
TCGGAGAACGGGTTGC,G416Q,0.1393,0.1393,275,276
TCGGAGAATCAAATTC,N129Y,0.2530,0.2530,2710,1498
TCGGAGCTTCCAATAA,C549Y,0.2052,0.2052,1231,839
TCGGAGTAGCCATGCT,G68D W234R,nan,nan,0,0
TCGGAGTGAGATATTA,V204W,0.0883,0.0883,84,133
TCGGATAGACTTCATA,,0.1880,0.1880,1733,1289
TCGGATCCAAGCTATA,,0.1717,0.1717,491,400
TCGGATCGAATTATGA,I42Q V395E,0.0000,0.0000,0,2
TCGGATGAAAGGATAT,G72P D415L,0.0000,0.0000,0,2
TCGGATTCACATCCAA,Y491H G510aD,0.1325,0.1325,854,901
TCGGCAAACACCCAGA,L409Q,0.0000,0.0000,0,9
TCGGCACGATCTAATT,N20T I514S,0.4739,0.4739,61,18
TCGGCAGGAACAATCC,E174Y,0.1863,0.1863,3812,2861
TCGGCATAAGGACCCG,A188I K412N,0.0848,0.0848,20,33
TCGGCATCGCCCTTGG,N278G,0.0947,0.0947,2621,3872
TCGGCCAAAGACCAGA,,0.2072,0.2072,3308,2233
TCGGCCAATCGCCGAC,L133aR,0.2989,0.2989,1323,619
TCGGCCTTCATACTGT,S509R,0.1280,0.1280,356,389
TCGGCGAGCATATATT,D175K,0.1821,0.1821,56,43
TCGGCTACAGTGTATT,A522T,0.1722,0.1722,3019,2452
TCGGCTACCCTATATG,A93Y,0.2858,0.2858,94,46
TCGGCTCACGGTACAC,L418K,0.0000,0.0000,0,1
TCGGCTTAGATCTTAT,R499V,0.1617,0.1617,636,550
TCGGGAAAACCAGGAA,L176C,0.0989,0.0989,326,461
TCGGGAACCAATGTTG,V223Y,0.3687,0.3687,58,22
TCGGGACAATGACAAG,,0.1353,0.1353,1014,1048
TCGGGCAATTGCATAA,G510aL,0.2213,0.2213,739,467
TCGGGCAGACATAATC,N172Y,0.0350,0.0350,1,4
TCGGGCAGGCATAATC,N172Y,0.1456,0.1456,5000,4802
TCGGGCTCACCTAGGA,K156N I384K,0.0000,0.0000,0,1
TCGGGGACACTCATAA,Y86T,nan,nan,0,0
TCGGGGAGGAACTATC,,0.1042,0.1042,6828,9165
TCGGGGCCACCCGACC,E44*,0.0000,0.0000,0,9
TCGGTAAAATGGACGT,,0.1585,0.1585,1277,1127
TCGGTAAATTTAAACA,Y258R,0.0000,0.0000,0,7
TCGGTAAGTAAAAAAT,V66L,0.0862,0.0862,326,529
TCGGTAAGTAATCCCA,M531L,0.1745,0.1745,5710,4576
TCGGTACAAACATGAC,L325N,0.2106,0.2106,595,395
TCGGTACCAAACGATC,R220K,nan,nan,0,0
TCGGTAGATAGAGTTA,K498P,0.3263,0.3263,42,18
TCGGTATAACCACATT,G143F,0.1900,0.1900,5267,3876
TCGGTATGTGATGAAA,Q513C,0.1626,0.1626,286,246
TCGGTATTATGTACAA,K120A,0.1713,0.1713,1783,1456
TCGGTCCATGGAGCTG,D11R T35K,0.0000,0.0000,0,6
TCGGTCGTAGTTGACC,,0.0000,0.0000,0,50
TCGGTCTTAGGCGATA,,0.0609,0.0609,370,849
TCGGTGCAAAAACTGA,,nan,nan,0,0
TCGGTGCACGCTTACC,Q25Y,0.1296,0.1296,959,1035
TCGGTGCTATACTCCC,T208S,0.0992,0.0992,44,62
TCGGTGCTCGTACAGG,F338R,0.8391,0.8391,30,5
TCGGTTAACTGACATT,Y86H V261N,0.1990,0.1990,74,52
TCGGTTACAATGTATG,E31I,0.0000,0.0000,0,4
TCGGTTACATTTGCTA,,0.0828,0.0828,407,687
TCGGTTTGGAAGTTTA,K262aP,0.1617,0.1617,7090,6130
TCGGTTTGTATTGGCA,V88M E304T,0.3097,0.3097,31,14
TCGTAAAATAAATGAG,M538P,0.1666,0.1666,286,240
TCGTAAACAAAAAGAC,L497F L536R,nan,nan,0,0
TCGTAAACAACCAGGT,,0.2671,0.2671,1064,557
TCGTAAAGAACCAATT,L43P,0.0000,0.0000,0,25
TCGTAACAGAACTGTA,F417S,0.0000,0.0000,0,23
TCGTAACCACGTACTC,,0.5174,0.5174,111,30
TCGTAAGGTTGGCTCA,,0.1321,0.1321,409,433
TCGTAATAAATTAACA,G396V,0.1172,0.1172,549,655
TCGTAATCAGTCCCCT,E190M,0.0603,0.0603,94,218
TCGTAATCCCAAAGAA,G360D V420F,0.0000,0.0000,0,6
TCGTAATGACCTCGTA,V347K I384C,0.0000,0.0000,0,3
TCGTAATTGTAACCTG,P306Y,0.0000,0.0000,0,15
TCGTAATTTAAATAAA,,0.1235,0.1235,733,830
TCGTACAGCCTAAAGC,G263S,0.0899,0.0899,27,42
TCGTACATTTCACTCG,G143V M431I,nan,nan,0,0
TCGTACCAACAGCCTA,V347M,0.1782,0.1782,2971,2331
TCGTACCTCATTTCTA,,0.0000,0.0000,0,18
TCGTACGTGCCGGATC,S167Q T370V,0.3160,0.3160,174,77
TCGTACTAAATAATTG,,0.1598,0.1598,4400,3850
TCGTACTATTTAACAA,R114P,nan,nan,0,0
TCGTAGTCTAGCAAGA,K380R F469E,0.0000,0.0000,0,9
TCGTATCGAAGCAAAA,N169L,nan,nan,0,0
TCGTATGAGCGCGGCA,T378A D386A K387R,0.1088,0.1088,14,18
TCGTATGAGTTTGGAA,C64G,0.0000,0.0000,0,14
TCGTATTAAAAAACAC,,0.1154,0.1154,1961,2377
TCGTCAAAACAGAAGC,N92M,0.1466,0.1466,562,536
TCGTCAAACATTGAAC,F338N,0.0000,0.0000,0,2
TCGTCACAGCCCATCA,L71N,0.0000,0.0000,0,11
TCGTCAGATCATTACA,E31Q T520P,0.0000,0.0000,0,7
TCGTCATAAGCACACT,,0.1012,0.1012,615,850
TCGTCCACCTATAAAC,Y161M,0.0000,0.0000,0,14
TCGTCCAGTAAAATCA,H38I A495K,0.1224,0.1224,14,16
TCGTCCGCGGATATGA,A19W,0.0000,0.0000,0,12
TCGTCCTAGGAAGGCA,G319L,nan,nan,0,0
TCGTCGCAAGAAGGCA,L497V,0.2243,0.2243,1402,874
TCGTCGCGAAGCTCAG,,0.1428,0.1428,1275,1249
TCGTCGTGAATTAATA,A91V T208M,0.1746,0.1746,5119,4100
TCGTCTATATATATCA,I182C,0.0957,0.0957,3680,5377
TCGTCTCATCTCGCCG,N94D,0.1779,0.1779,3626,2851
TCGTCTGTAAATGACC,S22Q W153H,nan,nan,0,0
TCGTCTTATAAGGGAG,,0.0721,0.0721,235,456
TCGTCTTATCTGTAAC,L507W,0.1833,0.1833,1106,844
TCGTCTTGATGATCTC,G72Q,0.1377,0.1377,1577,1601
TCGTCTTGATGGCATT,V66M A521P,0.0000,0.0000,0,5
TCGTCTTTCATAAAAA,W84Y Y488S,0.0825,0.0825,69,117
TCGTCTTTTGATTTAC,R496H,0.1294,0.1294,1099,1188
TCGTGAACCTTAAACA,G342Q N475Q,0.2797,0.2797,12,6
TCGTGAATGTGAACAA,A242R,0.2212,0.2212,329,208
TCGTGACTCTAAATCG,V505F,0.1939,0.1939,857,618
TCGTGATCCCACACAA,K310Q,0.1768,0.1768,1364,1079
TCGTGATCCTCCTGTG,R496E,0.0218,0.0218,35,225
TCGTGATCGAAATTTA,A257N,0.0000,0.0000,0,6
TCGTGCAAACGAGTAA,N150G,nan,nan,0,0
TCGTGCATAAAACTAT,T23P I166G,0.0000,0.0000,0,10
TCGTGCCCTTGAACGC,K57R Y308L,0.3671,0.3671,42,16
TCGTGGCCCCCCAAGC,,0.1316,0.1316,2276,2418
TCGTGTTCTAACCACG,W127C,0.0629,0.0629,81,180
TCGTGTTTCCCAAATC,S503F,0.0984,0.0984,676,961
TCGTTAAATCACCCAG,D474Q,0.0995,0.0995,1037,1457
TCGTTAAATTTTACTT,V444N,0.0000,0.0000,0,2
TCGTTAAGTACACTTT,,nan,nan,0,0
TCGTTAATTTGATATA,L102I E403Y,nan,nan,0,0
TCGTTACCGAACGTGG,I4E,nan,nan,0,0
TCGTTCACCGGAGAGC,,0.1462,0.1462,507,485
TCGTTCACTACCTTGT,C97L P324N,nan,nan,0,0
TCGTTCATCCGAGTTA,G303N,0.0000,0.0000,0,1
TCGTTCCGCGTGGATA,R499T,0.0599,0.0599,378,882
TCGTTCGAAAACACTA,A425C,0.2797,0.2797,26,13
TCGTTCGAAGTTTTTA,L213T,0.1531,0.1531,81,74
TCGTTGCCAATTAAGT,N401T,0.2607,0.2607,8908,4778
TCGTTGTAACGAACAT,G345F,0.1244,0.1244,242,272
TCGTTGTACAAGAAGA,A137H,nan,nan,0,0
TCGTTTCTTCCATGAC,I550W,0.1316,0.1316,128,136
TCGTTTGAGTTATACC,F118H,0.0872,0.0872,2624,4208
TCTAAAAAAGATAAAA,V395F,0.1804,0.1804,1325,1027
TCTAAAAACAAAAAAA,N172F A253T R329E,nan,nan,0,0
TCTAAAAACTCACCCT,,0.1083,0.1083,1117,1442
TCTAAAAAGACGAGTG,S519N,0.1497,0.1497,121,113
TCTAAAAAGGAATATA,,0.1337,0.1337,1598,1672
TCTAAAAATTAACCCA,P284A,0.1253,0.1253,824,920
TCTAAAAATTATGCCA,S383P,0.0000,0.0000,0,2
TCTAAAACTGAGGACA,M-6Q N248I,0.0058,0.0058,1,24
TCTAAAACTTCAAATA,,0.1962,0.1962,1034,737
TCTAAAAGTTAAAAAT,L427T,0.1119,0.1119,4,5
TCTAAAATACAAATAA,V-2F C97* T192F S290L,0.0000,0.0000,0,10
TCTAAAATCAGTTGTA,D240T T370I,nan,nan,0,0
TCTAAAATCGTAAAAT,K62A,0.2010,0.2010,3669,2553
TCTAAAATTATCACTG,,0.1721,0.1721,848,689
TCTAAACAATTGCCAG,I385T,0.0703,0.0703,963,1915
TCTAAACATTAATAAG,D487Q,0.1308,0.1308,1712,1830
TCTAAACGAAAGAAAG,L61T F469L,0.4195,0.4195,30,10
TCTAAACTATTTAAAA,,0.1813,0.1813,6359,4906
TCTAAACTGATTACTA,S323P D419N,0.1303,0.1303,368,395
TCTAAAGAAAAACTTG,,0.1057,0.1057,1530,2024
TCTAAAGGGTGCACCA,E476W,0.4416,0.4416,120,38
TCTAAAGTTCAAGACG,G330T,0.8606,0.8606,80,13
TCTAAATAATTAAACA,Y105P,0.1012,0.1012,165,228
TCTAAATATTTTGCTT,N424A,0.0000,0.0000,0,30
TCTAAATCCAAAGTAC,Q391D,0.3377,0.3377,355,147
TCTAAATTACTACACT,,0.1734,0.1734,966,779
TCTAAATTCTAAAGTA,T520D,0.0000,0.0000,0,2
TCTAACAAACGCCAAC,H440R I514S,0.0000,0.0000,0,7
TCTAACACTGTTTGCT,,0.1831,0.1831,3621,2766
TCTAACAGTACTTGAA,K269R K313G,0.0372,0.0372,21,79
TCTAACATGATTAACT,,0.1892,0.1892,69,51
TCTAACCCTCCTAATA,L61H,0.2517,0.2517,27,15
TCTAACCCTGTACTAC,,0.0000,0.0000,0,3
TCTAACCGCATGACAA,Y86P,0.0000,0.0000,0,5
TCTAACCGCATTGACT,P145L,0.4626,0.4626,18543,5606
TCTAACGCAGAAGATA,E493T E500*,nan,nan,0,0
TCTAACGCATCAAAGA,T485Y,0.0933,0.0933,1331,1994
TCTAACGGCGGCAGGA,F467M,0.0922,0.0922,250,379
TCTAACGGGTCCACTC,,0.1495,0.1495,709,663
TCTAACTACCTGGTTA,P125L,0.2688,0.2688,321,167
TCTAACTATAGAACAG,Y518F,0.1235,0.1235,136,154
TCTAACTATATAACCA,G68C I115W,0.2797,0.2797,18,9
TCTAACTCACGTACCC,,0.1464,0.1464,1435,1371
TCTAACTCTCGGAGTC,A144I,0.1258,0.1258,906,1007
TCTAACTGAAGAATAT,G337V P489Y,0.0000,0.0000,0,1
TCTAACTTAGGATACA,A144N,0.1703,0.1703,1954,1605
TCTAAGAAAGGAAATT,V444I E461Y,0.0000,0.0000,0,1
TCTAAGAAAGTTGATA,P82aA,0.2978,0.2978,362,170
TCTAAGGATAAAATCA,F251L V510T,0.1014,0.1014,1626,2242
TCTAATAAACCCACGC,G504S,0.1588,0.1588,209,184
TCTAATAAGCTCTATC,F417G,0.0000,0.0000,0,4
TCTAATAAGTTGTGTG,Y512W,0.1337,0.1337,433,453
TCTAATAATTAGTAAC,,0.1274,0.1274,534,586
TCTAATACAAACATGA,Y448P,0.0000,0.0000,0,2
TCTAATACACTGAAAC,R114S I178E,nan,nan,0,0
TCTAATACTCCGTCAT,Y98T,0.3486,0.3486,167,67
TCTAATAGAATAACTA,V377I,0.1602,0.1602,63,55
TCTAATAGTACACAGA,G376V,0.7303,0.7303,47,9
TCTAATAGTAGACGTC,,0.0000,0.0000,0,6
TCTAATATACATTTCA,I42N,nan,nan,0,0
TCTAATATTGGAACAT,V272M T422G,nan,nan,0,0
TCTAATCAAATATAAA,I302S,0.0000,0.0000,0,11
TCTAATCGAGAGGCCG,G72Q,0.0791,0.0791,294,520
TCTAATCTCAGGGACT,W350D,1.0000,1.5849,136,12
TCTAATCTGACCGGTT,S6Q,0.2106,0.2106,262,174
TCTAATCTTTCACTAA,,0.1485,0.1485,741,698
TCTAATGATGATTCAA,F147I,0.0000,0.0000,0,4
TCTAATGCCGCTCAAT,N210G,0.0000,0.0000,0,2
TCTAATGGACATCAAA,,0.1809,0.1809,2643,2043
TCTAATTATTACAGAT,,0.1646,0.1646,566,481
TCTAATTGTGCCAATA,H47Q,0.1555,0.1555,109,98
TCTAATTTACACGTCT,,0.2875,0.2875,74,36
TCTAATTTGTTTAAGA,P284K,0.0979,0.0979,98,140
TCTACAAAAAGTGCAG,A39P,0.0000,0.0000,0,10
TCTACAAAGTCGCGCA,D441G,0.1679,0.1679,862,718
TCTACAACAAATATAA,L325G V451T,0.1866,0.1866,7935,5947
TCTACAACGTTCTTAG,K262P,nan,nan,0,0
TCTACAAGAGATGCAT,Q391C,0.0000,0.0000,0,9
TCTACAAGGCTCGATA,D95P S356D,nan,nan,0,0
TCTACAATCTAAACTA,,0.1196,0.1196,438,512
TCTACACAGTACACAA,,0.1487,0.1487,3128,2941
TCTACACATTACCAAT,C549H,0.0829,0.0829,1073,1810
TCTACACCTTTATAAA,,0.0093,0.0093,6,90
TCTACACGCATTGATA,,0.0926,0.0926,145,219
TCTACACTAGCTTCGA,L316H,0.0000,0.0000,0,3
TCTACAGAATACAAAT,F417V Y486P,0.0000,0.0000,0,5
TCTACAGGGTTCAAAC,I182Y,0.2274,0.2274,618,380
TCTACAGTCGCTGAAT,,0.1082,0.1082,493,637
TCTACATGAATTCTTT,R149F,0.1927,0.1927,4679,3396
TCTACATGCTATATCT,D41E,0.1259,0.1259,906,1006
TCTACATTATGTTCTT,,0.1846,0.1846,4174,3162
TCTACCAGGTACAAAT,D231C M531Y,0.0653,0.0653,49,105
TCTACCATCTTATGAA,E468C,0.0778,0.0778,59,106
TCTACCATTGTCGAAC,L428S,0.2198,0.2198,55,35
TCTACCCAGCAAGCAC,A373D Y488M,nan,nan,0,0
TCTACCCTTAAAATAA,H244E,0.0858,0.0858,65,106
TCTACCCTTTCTGTGC,P162R,0.2839,0.2839,20658,10176
TCTACCGCGAACTTTT,G225R,0.1104,0.1104,432,547
TCTACCGGCGCGTTCC,S167Y T199S,0.2389,0.2389,422,247
TCTACCTAAATTCCAT,P215L,0.0000,0.0000,0,11
TCTACCTAGGTTAAAC,L177Q S503M,0.0000,0.0000,0,8
TCTACGCATACAACGA,D348H,0.2485,0.2485,382,215
TCTACGGGCACACAAA,R173V,0.3820,0.3820,112,41
TCTACGTGGGGAACCT,N21R,0.2363,0.2363,49,29
TCTACTAATAAATTAT,G100S L437F G463V,0.0000,0.0000,0,2
TCTACTATCAAATCTA,I335Y,nan,nan,0,0
TCTACTCCAGGCTGTG,R81V,0.1844,0.1844,936,710
TCTACTCGACCCCATT,,0.1584,0.1584,657,580
TCTACTGAATGCAGTA,I252N,0.0000,0.0000,0,4
TCTACTGATACATAAA,Y256K,0.1202,0.1202,625,727
TCTACTGCCGGGAACC,,0.1189,0.1189,4554,5354
TCTACTGGATGTCTAC,K280H,0.1055,0.1055,577,765
TCTACTTGAACACACA,,nan,nan,0,0
TCTACTTTGAGAGAGC,,0.1814,0.1814,900,694
TCTACTTTGCATATAG,R397Q,0.1909,0.1909,4597,3368
TCTAGAACGAAACAGA,,0.1339,0.1339,1301,1359
TCTAGAACTAATGAAG,K165N A532Y,0.0000,0.0000,0,5
TCTAGAATTTCTATTT,N424K,1.0000,1.5383,33,3
TCTAGACGAAACCCCT,Q211M,0.1716,0.1716,11513,9380
TCTAGAGCAATCGGAT,L96G,0.0020,0.0020,2,138
TCTAGATACCTGCGGA,P99L D487K,0.0000,0.0000,0,2
TCTAGATATATAAATA,N33D R435D G542D,0.0000,0.0000,0,3
TCTAGATCCCCTCTAA,D419V,0.0709,0.0709,111,219
TCTAGATCTAACTAGT,N-4M,0.0997,0.0997,4420,6199
TCTAGCATAGCACTGA,P239A,0.1293,0.1293,2223,2404
TCTAGCGATATTTTGA,Y351L D438G,1.0000,1.0488,60,8
TCTAGCTAGACTCGTT,G49I,0.0000,0.0000,0,1
TCTAGGAAACAAATGT,K196A,0.1164,0.1164,114,137
TCTAGGGATACTTGAT,N33S,0.0000,0.0000,0,6
TCTAGGGGGTTTTCGA,D53V,nan,nan,0,0
TCTAGTAAAGGTAGAA,V381D,0.0000,0.0000,0,3
TCTAGTATTCTTTTGC,L176R K460F,1.0000,1.2353,53,6
TCTAGTCTTACCGCTT,,0.0987,0.0987,317,449
TCTAGTGAAAAACCCA,E398T,0.1009,0.1009,272,377
TCTAGTTAGCAACGAC,L176Y,0.1694,0.1694,109,90
TCTAGTTGATCTGGGG,V88A K460G,0.2635,0.2635,620,329
TCTAGTTTCATACCAA,,0.1498,0.1498,8537,7967
TCTATAAAAATGCAAC,I-3E Q344* L402P,nan,nan,0,0
TCTATAACCGAGAATC,G319C W343A,nan,nan,0,0
TCTATAACTTGTCAAT,Q371G,0.1357,0.1357,594,612
TCTATAAGGTCCGTTC,M531H,0.0737,0.0737,768,1457
TCTATAAGTAAGGCAC,G352D A364T E403T I517K,0.3108,0.3108,80,36
TCTATAAGTTTGGATC,,0.0000,0.0000,0,3
TCTATAATCAAACAAA,,0.1297,0.1297,753,812
TCTATACCACCGACAT,D375V M531I,0.1458,0.1458,2007,1925
TCTATACCCTAACCTC,H183F K269Q,1.0000,1.5593,223,20
TCTATACGCAGACTCC,A214Q,0.1289,0.1289,188,204
TCTATACGTAACCGAC,V152W D348R,0.0000,0.0000,0,8
TCTATACGTGATAACA,T199D,0.2296,0.2296,757,461
TCTATAGATAGTAAAG,W127R D438G,0.0000,0.0000,0,5
TCTATAGCCTTTGCCT,D348V,0.3496,0.3496,85,34
TCTATAGGCAGAGGCG,Q371E,0.0748,0.0748,377,705
TCTATAGTCACATTAT,C76T,0.1086,0.1086,323,416
TCTATATAAAATCCAC,E340H,0.1531,0.1531,81,74
TCTATATCTGAGCAGA,M292E,0.0615,0.0615,113,257
TCTATATGAAACTTAA,Q142H,0.1522,0.1522,493,453
TCTATATTGTCCAATA,Y274L E414K,nan,nan,0,0
TCTATCAATTAAGGAC,I529*,0.0000,0.0000,0,8
TCTATCACTACTTACG,L71F,0.1538,0.1538,1889,1718
TCTATCCAAAGTTGAA,,0.1444,0.1444,1766,1710
TCTATCCCTCAACACT,D11S Y308R,0.0000,0.0000,0,30
TCTATCCTGAAAGGAA,,0.1287,0.1287,946,1028
TCTATCGATTTTTACT,L314G,0.0000,0.0000,0,7
TCTATCTCATAAGACG,T511G,0.1893,0.1893,157,116
TCTATCTCCGCAACAT,,0.1476,0.1476,532,504
TCTATGAAGTTCCAAA,L527D,0.4895,0.4895,21,6
TCTATGACCAAACATA,P140D,0.1383,0.1383,12652,12794
TCTATGATATATAGTA,I124H,0.1355,0.1355,283,292
TCTATGATCAGAGGCT,A365Q,0.0000,0.0000,0,11
TCTATGCAGACTTGAA,I243L,0.1406,0.1406,940,935
TCTATGGAAACAAGCT,A3R,0.0000,0.0000,0,11
TCTATGGGCACCCAAA,,0.1957,0.1957,7770,5552
TCTATGTGTTCGAAGT,Y256D,0.7017,0.7017,286,57
TCTATGTTTATGTCCG,,0.1488,0.1488,813,764
TCTATTACAGAACTGC,F399H,1.0000,4.0555,29,1
TCTATTACTGATCCTA,Y141M,0.1802,0.1802,210,163
TCTATTATCTAATGAT,I385Q,0.1085,0.1085,581,749
TCTATTCCATCGAGGA,,0.0000,0.0000,0,141
TCTATTCCTATTACAA,S167R,0.1485,0.1485,564,531
TCTATTTAAGAGCAAT,R114K E393W,1.0000,inf,23,0
TCTATTTTAAGAACGG,H18C,0.1049,0.1049,3,4
TCTCAAAAAATTTAAT,,nan,nan,0,0
TCTCAAAACAACATCG,G225I,0.0000,0.0000,0,6
TCTCAAAACTAGATAG,,0.0936,0.0936,1178,1760
TCTCAAAATTATCGCA,G319F,1.0000,2.1676,31,2
TCTCAAACAAGGAAAT,I502Q,0.2797,0.2797,8,4
TCTCAAACCGTCACCA,I406F,0.1244,0.1244,355,399
TCTCAAAGCATGATCA,,0.1194,0.1194,1290,1511
TCTCAAAGCCCACGTC,,0.1263,0.1263,3354,3715
TCTCAAAGCGATCTGT,V36N K313S,0.2715,0.2715,33,17
TCTCAACAGTTATTTT,Q25V,0.1480,0.1480,2525,2386
TCTCAACGTAATTATA,,0.1047,0.1047,542,724
TCTCAAGAGAAGTACA,,0.0986,0.0986,98,139
TCTCAAGAGCCCGCCT,Q490K,0.1034,0.1034,406,549
TCTCAAGAGCCTACCT,T46K,0.1647,0.1647,730,620
TCTCAAGCCAATGAGA,T370L,nan,nan,0,0
TCTCAAGCCGAGAAGA,H18Y G72C,0.2797,0.2797,28,14
TCTCAAGGTTCCTTAA,L96R,0.1816,0.1816,1384,1066
TCTCAATCCACAGTAT,K57S,0.2018,0.2018,101,70
TCTCACATAAACATAC,T208C,0.0463,0.0463,103,311
TCTCACATAGCAAAAG,,0.1754,0.1754,3680,2934
TCTCACATGTCCGCAT,T485V,0.2339,0.2339,184,110
TCTCACCAATTCCGTG,S85V,0.0000,0.0000,0,8
TCTCACCATGTATCTC,L437C,0.0000,0.0000,0,2
TCTCACCTTAGAGTAT,K328H,0.1368,0.1368,1951,1994
TCTCACGAGTCCACTT,T208G,0.0575,0.0575,37,90
TCTCAGAACAGATTTG,S126C,0.2080,0.2080,1077,724
TCTCAGAATTGCTGAA,V315F,0.3433,0.3433,81,33
TCTCAGACAGCAAACT,N210Q,0.5594,0.5594,156,39
TCTCAGACATATTGTT,N382L,0.1304,0.1304,69,74
TCTCAGCCCGGGGCCC,L7M V56A,0.1611,0.1611,1491,1294
TCTCAGCGAATGGTTG,E479I,0.1005,0.1005,1403,1953
TCTCAGGTCGCCCCCC,R212P,nan,nan,0,0
TCTCAGGTGCTACCAG,,0.1649,0.1649,290,246
TCTCATAACTTAGCCA,K328F,0.1861,0.1861,3651,2743
TCTCATACAAGTGACT,I123H,0.0000,0.0000,0,5
TCTCATACATAACAGA,S361Q,0.1612,0.1612,2222,1928
TCTCATAGGCCAGGCC,T279L,0.2537,0.2537,205,113
TCTCATATACACAAAA,H110F,1.0000,1.1887,17,2
TCTCATATCGAACCTA,S65G L331G,0.4817,0.4817,31,9
TCTCATATTCAAAATT,Y448F K472V,0.0000,0.0000,0,4
TCTCATGTTTAGCTCA,,0.1739,0.1739,3229,2597
TCTCATTAATTGAAGG,,0.1170,0.1170,92,110
TCTCATTACGACAAAG,E83L,0.1874,0.1874,1494,1115
TCTCCAAGCGAACAAG,A365Q,1.0000,1.7014,73,6
TCTCCAATTCAAGGCC,,0.2400,0.2400,218,127
TCTCCACACATTAGAT,,0.1388,0.1388,2333,2351
TCTCCACCTGACAAAA,R81E,0.1769,0.1769,62,49
TCTCCACTTGATAGCC,T37D L427Q,nan,nan,0,0
TCTCCCCAGCAATCGA,,0.1169,0.1169,371,444
TCTCCCCGACCCATAT,N172L D487N,0.1566,0.1566,784,700
TCTCCCCTTACGAGGC,R452Y T520G,1.0000,3.3562,48,2
TCTCCCGGTGCTACAA,Y17W,0.1841,0.1841,262,199
TCTCCCGGTGGAGCGT,K120T,0.1363,0.1363,4215,4323
TCTCCCTGGCGATATT,L418N A425S,0.0000,0.0000,0,43
TCTCCGAAAGCCCTCA,F469G,nan,nan,0,0
TCTCCGAGATCCGTCA,E493G,0.0894,0.0894,39,61
TCTCCGAGGAAAGGAT,N-4W K262aG,1.0000,1.3285,19,2
TCTCCGATCAAGATGG,C97E,1.0000,1.9578,14,1
TCTCCGATTTAATGGG,,0.1857,0.1857,1870,1408
TCTCCGCCATATATTA,N464F,0.1297,0.1297,115,124
TCTCCGCTGTGTCGGT,A3P,0.0407,0.0407,366,1259
TCTCCTACACAAAGGT,F79V,0.6797,0.6797,209,43
TCTCCTACCTCAGAGT,,0.1410,0.1410,6032,5983
TCTCCTCAACATGACC,A334T S480K,0.3172,0.3172,347,153
TCTCCTCCGAAAATAA,E131S E340W,nan,nan,0,0
TCTCCTCTAAAAAAAT,,0.1969,0.1969,7078,5028
TCTCCTGCCCAAACAG,T46N T301N,0.1064,0.1064,803,1055
TCTCGAACTCGTTGAC,E131* Y258C,0.0000,0.0000,0,15
TCTCGACATCTTTACA,G416N F439E,1.0000,inf,12,0
TCTCGAGCGCTTTAGC,M230I,0.2132,0.2132,2108,1383
TCTCGCAGGCAGCAGG,,0.1503,0.1503,259,241
TCTCGCAGGTGTATTT,P293C,1.0000,2.0277,29,2
TCTCGCAGTACATAGT,S247A,0.0962,0.0962,812,1180
TCTCGCAGTTTGCGAT,I13D,nan,nan,0,0
TCTCGCCACGCCTCAT,D27Y,0.0280,0.0280,1,5
TCTCGCGACACACTAC,C76V,0.0000,0.0000,0,3
TCTCGCGTGAAGGAAC,W537Y,0.1366,0.1366,169,173
TCTCGGACAAAAGCTT,S113R L314D,0.0000,0.0000,0,10
TCTCGGACGGATATAT,P125W,0.0000,0.0000,0,23
TCTCGGTCTCAAAAAG,I384D,0.0000,0.0000,0,6
TCTCGTCAAAAGGCGA,N187P,0.1966,0.1966,876,623
TCTCGTTGAAATATAA,A39T G360C,0.5394,0.5394,27,7
TCTCTAACATACTCGA,C64Q A67S H183N S291Q,0.0000,0.0000,0,3
TCTCTACAAGCGCACC,H298L,0.0000,0.0000,0,10
TCTCTAGAGTGCTCGA,,0.1016,0.1016,6790,9343
TCTCTAGCCAGATAAG,T206S,0.1423,0.1423,398,391
TCTCTATTAATAGAAT,R397P,0.0499,0.0499,50,140
TCTCTATTGTCAGAGA,G205E P489A,0.0000,0.0000,0,11
TCTCTCAAAAGAAAGA,S10N,0.1339,0.1339,224,234
TCTCTCAATATATGTA,T378S,0.1829,0.1829,2870,2194
TCTCTCACTGTTCATA,C281P,0.1308,0.1308,29,31
TCTCTCAGAATATACT,,0.1026,0.1026,684,932
TCTCTCATAGAAGACT,,0.1379,0.1379,1448,1468
TCTCTCATTATAGTGT,I374D,0.0000,0.0000,0,5
TCTCTCGTGCGATCAG,,0.1221,0.1221,4302,4929
TCTCTCTTTATCACGA,N94R E304H,0.1372,0.1372,1902,1939
TCTCTGAAGTCCACCA,L54Y,0.0236,0.0236,145,858
TCTCTGAAGTTGTACT,V510D,0.0416,0.0416,11,37
TCTCTGCACATAGATA,P254N,1.0000,1.1887,17,2
TCTCTGTACCTGCCAG,V223Q E407D,0.0000,0.0000,0,75
TCTCTGTCGTAAATCA,N-4W A532G,0.1131,0.1131,1393,1722
TCTCTTAATATCCCAG,,0.2689,0.2689,273,142
TCTCTTAATTTAAAAC,I252R,nan,nan,0,0
TCTCTTACCAAGATTA,V152G,0.0790,0.0790,375,664
TCTCTTAGATTTCTAT,,0.2733,0.2733,1077,551
TCTCTTCGGAAACCAG,T46Y M292Y,0.1465,0.1465,1954,1865
TCTGAAAAACTCCATA,L177P,nan,nan,0,0
TCTGAAAAAGTATTAC,I13F,0.0701,0.0701,164,327
TCTGAAAAGCCAAGAA,E426M,nan,nan,0,0
TCTGAAAATTACGCTG,G330L,0.4755,0.4755,51,15
TCTGAAACTTGTTGAA,G510aF,0.0919,0.0919,708,1077
TCTGAAAGCATATATT,,0.2620,0.2620,163,87
TCTGAACGCAAGCCAT,R452H,0.0377,0.0377,17,63
TCTGAACTAAATTCTT,D231E,0.0000,0.0000,0,274
TCTGAATTTAACCGCA,D159K A528C,0.4704,0.4704,148,44
TCTGACAAAAAACGTC,L418H,0.0512,0.0512,26,71
TCTGACAAAAGAATTT,S167T N322K T370F F469V,0.0000,0.0000,0,11
TCTGACAAACCTATGC,I243P K387N,0.0000,0.0000,0,8
TCTGACAAGGTATCGT,W234T Y488Q,0.0000,0.0000,0,11
TCTGACAGCAGAGATC,S133G S167K S369Y F469S,0.0000,0.0000,0,12
TCTGACCAACGAAGTG,L536R,0.0000,0.0000,0,15
TCTGACCAATGAAGCG,S356Q,0.2674,0.2674,109,57
TCTGACCGCTGAGAAA,,0.0727,0.0727,26,50
TCTGACCTAATGACGC,M292N M538G,0.2051,0.2051,66,45
TCTGACCTTCATTAAA,I374C,0.0000,0.0000,0,4
TCTGACGCATAAGCCC,I514Q,0.0000,0.0000,0,20
TCTGAGAAACTCCTTA,I288P,0.0000,0.0000,0,2
TCTGAGATTAAGAAAT,G72C S323D,0.0932,0.0932,230,345
TCTGAGCCAATAAGAA,Q40G,0.0409,0.0409,12,41
TCTGAGTTATAGTGCC,S6R,0.1206,0.1206,1254,1454
TCTGAGTTTATCTAAG,C477W,nan,nan,0,0
TCTGATATGAATCATG,R328aN E340G,0.8779,0.8779,113,18
TCTGATATGTCGGCCT,L96F,0.0297,0.0297,120,565
TCTGATCGGGATTCGA,S101R,0.1084,0.1084,1687,2177
TCTGATGACAGAGACT,F392Q,1.0000,1.0988,55,7
TCTGATGGAATGACAA,D419Q,0.1134,0.1134,635,783
TCTGATTCATTCAAAA,P82aK,0.1313,0.1313,170,181
TCTGATTTAATCCGAT,P198L,0.0898,0.0898,106,165
TCTGCAAAACGAGCAA,A242S,0.1285,0.1285,1865,2029
TCTGCAAATAACCTGC,F147V,0.0000,0.0000,0,17
TCTGCAAGTGCACCAT,C539K,0.2420,0.2420,360,208
TCTGCAGATTTGCAGT,N224C,0.0000,0.0000,0,23
TCTGCCAAAAAAGCCC,M30*,1.0000,1.1987,60,7
TCTGCCAATATCACTC,T511N,0.0733,0.0733,33,63
TCTGCCCAACTATTCG,M30V S523R,0.4195,0.4195,30,10
TCTGCCCATTACTCTG,N187W,0.0403,0.0403,280,971
TCTGCCGCGTAGACTA,S167T F233W,0.1196,0.1196,2567,3001
TCTGCCGCTTAAGTCA,E255V,0.2061,0.2061,510,346
TCTGCCTGTGCGCCGA,Q142G,0.1428,0.1428,585,573
TCTGCCTTTAGATGAC,N54aP,0.2026,0.2026,71,49
TCTGCGCCACGAGGAT,H47K,0.3962,0.3962,34,12
TCTGCTAAAGGAGTAT,T436M,0.0000,0.0000,0,11
TCTGCTACATACAGAA,L51I,0.1321,0.1321,549,581
TCTGCTAGCAATAAAA,E393T,0.0883,0.0883,286,453
TCTGCTATCCAATAGA,S247T,0.0932,0.0932,16,24
TCTGCTCATTAAACTA,S207I,0.1506,0.1506,1777,1650
TCTGCTCGTACAATTA,P306N,0.0000,0.0000,0,3
TCTGCTGCGCGGATCC,,0.0000,0.0000,0,3
TCTGCTGCTTGAGTAT,,0.0421,0.0421,25,83
TCTGGAAAACGAGGAG,V381D,0.0000,0.0000,0,3
TCTGGAACACATGCAT,T35Y,0.1326,0.1326,2580,2721
TCTGGAACATATACTT,K372S A495Q,1.0000,1.6315,35,3
TCTGGAATTCACGCAA,N150C,0.1191,0.1191,763,896
TCTGGACATTGTAACC,E174H,0.1718,0.1718,6483,5277
TCTGGACCCGAATTTC,G484T,0.1435,0.1435,589,574
TCTGGAGGACTAAAAT,E107K L402D,1.0000,inf,1,0
TCTGGAGGACTGAAAT,L402D,0.0866,0.0866,166,268
TCTGGAGTAGAAATCC,R404K,0.2148,0.2148,341,222
TCTGGATTCTATGAAT,N21H,0.1320,0.1320,203,215
TCTGGCAATATTGAGA,E89T R482W,0.0127,0.0127,2,22
TCTGGCGTGTTTGAGT,F79G,0.0000,0.0000,0,13
TCTGGCTCATAATTTG,D240Y A495N,0.0519,0.0519,92,248
TCTGGGAAACGATAAC,,0.1278,0.1278,2400,2626
TCTGGGCGTATCTAAT,W180Q,0.0000,0.0000,0,1
TCTGGGTGCGCTGTGT,E255Y,0.0921,0.0921,592,899
TCTGGTAAGTTTATGC,N20P,nan,nan,0,0
TCTGGTAATATACTCA,,0.1449,0.1449,2525,2437
TCTGGTACTTCCATGG,A364F,0.1148,0.1148,1516,1846
TCTGGTGCATATCATT,L402H,0.1681,0.1681,119,99
TCTGTACAAGGCGCCA,D419H,0.2296,0.2296,87,53
TCTGTACTATCTGTCC,N464F,0.1459,0.1459,96,92
TCTGTATTAGTTCGGG,F148Y,0.1682,0.1682,2128,1769
TCTGTATTATGTGTGG,,0.0539,0.0539,62,161
TCTGTATTGATTGGTG,H183F,0.7591,0.7591,38,7
TCTGTCAATGGAGTAT,,0.2186,0.2186,4779,3057
TCTGTCAATTACCACT,V420H,1.0000,1.6781,72,6
TCTGTCCATTGTAGGT,K313R,0.1228,0.1228,2321,2643
TCTGTCCCGCAACTTA,T23W,1.0000,1.9578,56,4
TCTGTCCGAGAGGAGC,L108W F232S A532T,nan,nan,0,0
TCTGTCGATATCGGAC,,0.1546,0.1546,701,634
TCTGTCGGGAATACCA,L455E,1.0000,1.4111,111,11
TCTGTCTCCCTCCAAA,S167Y F469L,0.1632,0.1632,91,78
TCTGTCTGCTAATAGC,L409I,0.0655,0.0655,125,267
TCTGTCTTTTAATAGT,T511V,0.3231,0.3231,402,174
TCTGTGAGATATCTCC,,0.1074,0.1074,523,681
TCTGTGAGTTACACCC,I385D,0.0000,0.0000,0,5
TCTGTGCAATAAACAC,M75T,0.1644,0.1644,7608,6471
TCTGTTAAAAAAAAAG,,0.0919,0.0919,92,140
TCTGTTATGAATCCCA,C277K K498R,0.0000,0.0000,0,4
TCTGTTCAAAATAACT,N21G N73E D375F,0.0000,0.0000,0,3
TCTGTTTAGTATTCAT,N116W,0.0000,0.0000,0,3
TCTTAAAAAGGCTTTT,C76H A521V,nan,nan,0,0
TCTTAAAAGAAAAAGA,L133aN,0.3833,0.3833,2308,842
TCTTAAAAGCATACGA,N73D,0.2374,0.2374,416,245
TCTTAAAGGACTAAAA,V347D,0.4506,0.4506,290,90
TCTTAAAGTACCCACA,R149N F469T,nan,nan,0,0
TCTTAAATCTCCAACT,V82C,0.1385,0.1385,213,215
TCTTAACACCTCATCA,,0.0996,0.0996,131,184
TCTTAACACTTTATAG,I15K Q222W,nan,nan,0,0
TCTTAACCCCAACGCG,M-6S,nan,nan,0,0
TCTTAACTATAATATT,K411C,0.0750,0.0750,59,110
TCTTAAGAAGATTAAA,W84C,0.4595,0.4595,69,21
TCTTAAGCATATAAAA,E479C,0.1671,0.1671,251,210
TCTTAAGCCTAACCTG,,0.2810,0.2810,211,105
TCTTAATACGTCGTAT,R173M,0.1389,0.1389,2390,2407
TCTTACACTTAATTAG,H183S R482C,0.4661,0.4661,30,9
TCTTACATCCAACACC,A334Q,0.7192,0.7192,36,7
TCTTACCATGAAGTTT,,0.0000,0.0000,0,10
TCTTACCTATTAATTT,G16E,0.0000,0.0000,0,5
TCTTACGATATCTGTG,I252D,nan,nan,0,0
TCTTACTCCGTATTAA,A257P,0.3305,0.3305,26,11
TCTTACTTAGTCCGAG,N169L G228V D348N,0.9439,0.9439,27,4
TCTTACTTTAGACTTA,G49D E340G,0.3636,0.3636,91,35
TCTTAGAAGAAGTATT,C52K T318K,nan,nan,0,0
TCTTAGAATAGCGATC,I115Y,nan,nan,0,0
TCTTAGAGGATGACCT,T390K,0.1199,0.1199,30,35
TCTTAGCAACTATCGA,E31D,0.0775,0.0775,362,653
TCTTAGCACACGGCAG,T283R,0.0000,0.0000,0,15
TCTTAGCCAAAAAAGT,M111Q S519G,0.0000,0.0000,0,10
TCTTAGTAAATCATTT,I514G,0.3928,0.3928,191,68
TCTTAGTAATACCCGA,,0.1111,0.1111,9481,11931
TCTTAGTGGCTTAAAA,Y17D,0.0000,0.0000,0,3
TCTTAGTGTTTGCATT,Q25L,0.1596,0.1596,1060,929
TCTTAGTTAGAAACTG,E340Q,0.4518,0.4518,42,13
TCTTAGTTCCACCCCA,,0.0000,0.0000,0,10
TCTTATAACATTGGCC,M413C,0.0000,0.0000,0,52
TCTTATACTAAAGTGT,S85P G504S,0.0730,0.0730,24,46
TCTTATCGACCAGTAC,S509Y,0.0850,0.0850,48,79
TCTTATCTGCCAAATG,S6I,0.1026,0.1026,683,931
TCTTATCTTTTTCTGG,D95N I339S,0.0000,0.0000,0,1
TCTTATGGTCTCATGT,D375G,0.1797,0.1797,4407,3429
TCTTATTAAACAGAAT,T28E P162V,0.0000,0.0000,0,9
TCTTATTAATGTTTAC,A242Q,0.0000,0.0000,0,15
TCTTATTATGGTCCCC,E340N,0.1457,0.1457,25,24
TCTTATTCTTTTCATT,V261D,0.1128,0.1128,1956,2425
TCTTCAAACAGAATAT,,0.1850,0.1850,2183,1650
TCTTCAAAGAACGCGA,R321N N408K F469A,0.0000,0.0000,0,4
TCTTCAAATTTATGCG,G72D P284W,nan,nan,0,0
TCTTCAAGCAGTCTTT,H183N,nan,nan,0,0
TCTTCACAACAACATC,S146R,0.3696,0.3696,37,14
TCTTCACCTGTGCATG,S383M,0.1532,0.1532,2860,2611
TCTTCATTGTATGTTT,E461Q,0.0040,0.0040,3,106
TCTTCCACTCACTGTG,L71M L320M,0.2251,0.2251,10951,6803
TCTTCCCGACGATAGT,S136M,0.0000,0.0000,0,23
TCTTCCGCTCCGACGC,E31N E106W,0.0000,0.0000,0,5
TCTTCCTGACCCGTTT,,0.1473,0.1473,3119,2961
TCTTCGAAACACTCAA,,0.1200,0.1200,3746,4364
TCTTCGAATTCAAAAC,K9C V505K,0.1521,0.1521,830,763
TCTTCGCTAATTTCAA,P293I S356G,0.0000,0.0000,0,1
TCTTCGGAAAAAAAAG,D231N,0.0932,0.0932,74,111
TCTTCGGAAATAATAT,I4M,0.1260,0.1260,1004,1114
TCTTCGTCAGACTGGG,D241I,0.0000,0.0000,0,1
TCTTCTACAATAAGGC,D386K,0.0648,0.0648,82,177
TCTTCTGCCGCAATGT,V152Y,0.1189,0.1189,261,307
TCTTCTTAACAAATAA,,0.1454,0.1454,210,202
TCTTCTTTGCAGCAAT,,0.1580,0.1580,1621,1435
TCTTGAAAAACGTGCA,,0.1817,0.1817,2371,1825
TCTTGAAACCCCAGCG,,0.2118,0.2118,106,70
TCTTGAAAGTCAGAGT,V88I Y168M,0.0525,0.0525,750,1996
TCTTGAGAGATTGTAG,A394V,0.0000,0.0000,0,2
TCTTGAGTTTTACATA,,nan,nan,0,0
TCTTGATACGTCCAGA,A3C,0.1305,0.1305,476,510
TCTTGATCGTTCCGCT,,0.1527,0.1527,332,304
TCTTGATTCTGATATC,V34E N541D,0.0000,0.0000,0,2
TCTTGCAAGGATCACG,,0.1305,0.1305,1218,1305
TCTTGCAATTTTAAGT,Y201S,0.0481,0.0481,21,61
TCTTGCACGTGATAAA,A160S,0.6208,0.6208,182,41
TCTTGCATAACGGTGA,,0.1196,0.1196,1017,1189
TCTTGCATAGTAGGAT,F233L A425K,0.0000,0.0000,0,1
TCTTGCCTTCCCTTTA,G68A E304C,0.0000,0.0000,0,1
TCTTGCGAGAACCCAC,,0.1005,0.1005,539,750
TCTTGGCAGCTAACAA,V315A,0.3911,0.3911,165,59
TCTTGGCCCCCAGAGA,S133R,0.2064,0.2064,3404,2306
TCTTGGCGATGAGCTG,,0.0551,0.0551,132,335
TCTTGGCGTAATTATC,G134E,0.0000,0.0000,0,32
TCTTGTCTAGAGAAAA,,0.1250,0.1250,757,847
TCTTGTGTCCTGGAGT,C477F,0.4595,0.4595,23,7
TCTTTAAATCTAACTG,I15W,0.2020,0.2020,13,9
TCTTTAAATGATCTGG,T199I D487N,0.1491,0.1491,518,486
TCTTTAACGATACCCC,,0.2980,0.2980,13713,6436
TCTTTAACTACTACCC,T163N,0.2058,0.2058,284,193
TCTTTAAGGGATCGAC,T219S,0.0053,0.0053,9,237
TCTTTACATCATAAAA,L527F,0.0942,0.0942,200,297
TCTTTACCACAACAAA,N197I S383K,0.6153,0.6153,110,25
TCTTTACCAGGGAATA,N158I,0.3680,0.3680,9798,3723
TCTTTACCCTTTGCCA,Q282R,0.0000,0.0000,0,1
TCTTTAGAAACAAAGA,N54aE,0.0778,0.0778,510,917
TCTTTAGACGTGCATA,N73P R328bK,0.0000,0.0000,0,3
TCTTTAGCGGGTAAAC,I339C,0.2921,0.2921,188,90
TCTTTATAACAAACTA,T279L,0.0791,0.0791,245,433
TCTTTATAAGTAATTG,,0.1409,0.1409,3165,3142
TCTTTATCCGGCCGGG,A93D,0.1452,0.1452,1486,1431
TCTTTATGACATTTTA,C14T M538Y,0.0000,0.0000,0,2
TCTTTATGATAATAAT,,0.0988,0.0988,231,327
TCTTTATTGTGACTAC,Y141K,0.1331,0.1331,59,62
TCTTTCACGTATATAT,I182D,0.0000,0.0000,0,6
TCTTTCCAAGTTTCTA,T206N,0.0000,0.0000,0,4
TCTTTCCACTGCTAAA,N197R,0.1537,0.1537,465,423
TCTTTCCTGCTAAACT,W127A,0.0238,0.0238,58,341
TCTTTCTCAGAAAAAC,N73F M388L A528S,0.0000,0.0000,0,4
TCTTTCTCCCACAGAG,L402F,0.0744,0.0744,83,156
TCTTTCTCCTCGAGCT,,0.1388,0.1388,2106,2122
TCTTTCTCGTAAGATA,N103R P239R,0.0738,0.0738,170,322
TCTTTCTCTGATAGGT,,0.0850,0.0850,332,546
TCTTTCTTACCAATAC,S167W N322S,0.3335,0.3335,62,26
TCTTTGCAGTTATGTT,C64Q,0.0000,0.0000,0,16
TCTTTGCCAAGAACGC,G349Y,nan,nan,0,0
TCTTTGCTGAGAGTGG,T511E,0.0000,0.0000,0,48
TCTTTGCTTCATATCG,A522T,0.0643,0.0643,833,1813
TCTTTGTGGGATGGTG,W350G F469G,0.0000,0.0000,0,2
TCTTTTAGGCTGTGAT,K387A,0.1547,0.1547,1765,1595
TCTTTTCATGAATATT,,0.2621,0.2621,403,215
TCTTTTGAGAACGTCC,,0.0734,0.0734,345,657
TCTTTTTACGTCTAAG,D95C L515K,0.0000,0.0000,0,2
TCTTTTTCCCCTTGTA,A521K,nan,nan,0,0
TGAAAAAAATAAAGCT,I385N,0.0000,0.0000,0,20
TGAAAAAAGAAACTGG,S125bW,0.2262,0.2262,867,536
TGAAAAAAGGGTAATG,S167T V309L,0.0000,0.0000,0,7
TGAAAAAATTTATCTC,E-5T P293S,0.2107,0.2107,235,156
TGAAAAACAAGCGTAG,,0.1765,0.1765,1768,1401
TGAAAAACAATAGTCA,,0.1598,0.1598,2059,1802
TGAAAAACTTAAATCG,,0.0000,0.0000,0,53
TGAAAAAGAAGAGATA,K109N,0.0000,0.0000,0,3
TGAAAAAGAAGAGTCT,E78M,0.0000,0.0000,0,46
TGAAAAAGGAACTCAG,E31* N150V,0.0000,0.0000,0,3
TGAAAAAGGTGATTCC,F469D,0.0000,0.0000,0,5
TGAAAAATACATGGCA,L300H E479M,0.0965,0.0965,147,213
TGAAAAATTATCAAAA,G465T,0.0000,0.0000,0,3
TGAAAACAAGGACGTA,I335G,0.0000,0.0000,0,3
TGAAAACAGCACGCCG,H355N,0.0000,0.0000,0,3
TGAAAACAGTTTGAGA,,0.1761,0.1761,4657,3698
TGAAAACATGAACCGA,T390H,0.0000,0.0000,0,40
TGAAAACCACGGAAAT,T378N,0.0385,0.0385,65,236
TGAAAACTCTGCCGTT,K280Q,0.0775,0.0775,190,343
TGAAAAGAATCTCAGC,,0.1295,0.1295,50,54
TGAAAAGCAGAAAAAA,N92V,0.0619,0.0619,192,434
TGAAAAGTAGTGTGAA,,0.1096,0.1096,337,430
TGAAAATAAATAAACA,,0.1185,0.1185,1555,1835
TGAAAATAAGTTAAGG,V223D,1.0000,3.5310,101,4
TGAAAATACCATGTAA,G225R,0.0763,0.0763,602,1104
TGAAAATGAACCCTAC,N21G,0.0840,0.0840,340,566
TGAAAATGGCTATATA,K445A,0.0094,0.0094,12,179
TGAAAATGGGACCGTA,I155F,0.0000,0.0000,0,3
TGAAAATTGGGCATGA,G352R,0.1180,0.1180,27,32
TGAAAATTGTGAGGCC,,0.1289,0.1289,774,840
TGAAAATTTTGCAAAA,E-5V L325A,0.1244,0.1244,1769,1989
TGAAACAATAAACTGA,K9N,0.1058,0.1058,4039,5340
TGAAACAATATCTAAT,E31Y,0.2144,0.2144,279,182
TGAAACAGATAGAATA,V82T W350D,1.0000,1.7247,37,3
TGAAACAGATTGCTCA,H354I,0.5912,0.5912,93,22
TGAAACATCCAGAATG,K9I,0.0000,0.0000,0,19
TGAAACATGGAGATGA,I385H,0.8235,0.8235,53,9
TGAAACCACCTATCTT,T28I,0.4817,0.4817,31,9
TGAAACCACTTAAAAG,W153L L154K A364T,0.0000,0.0000,0,17
TGAAACCAGTACCCTT,,0.1118,0.1118,203,254
TGAAACCATAATAACC,,0.1133,0.1133,555,685
TGAAACCCTGCGATAG,I29W K498A,0.5516,0.5516,142,36
TGAAACCGACTAATCT,L194T,0.0437,0.0437,128,410
TGAAACCGATGATCCG,V315C,0.3729,0.3729,16,6
TGAAACCGTCCAAAGC,M530T,0.1763,0.1763,1092,866
TGAAACCTAAGATGAT,L7R P254L,0.2144,0.2144,23,15
TGAAACCTACTGACGA,A394N,0.0000,0.0000,0,18
TGAAACCTCACAAAGA,D63W,0.2736,0.2736,360,184
TGAAACGCGCTCAACG,R328bM,0.1831,0.1831,593,453
TGAAACGGTACGATGA,T219F M431I,0.0000,0.0000,0,8
TGAAACGTAGCGAGGT,V5T,0.0893,0.0893,369,578
TGAAACGTGATCATCA,D11C,0.0000,0.0000,0,6
TGAAACTCAAACGACC,,0.0880,0.0880,178,283
TGAAACTGCAAAATAG,Y353D V444M,0.0000,0.0000,0,22
TGAAAGACAAAATCTA,,0.1396,0.1396,8481,8497
TGAAAGACCAAGGCAT,,0.1785,0.1785,4169,3266
TGAAAGATGACTACAC,G286C,0.0000,0.0000,0,2
TGAAAGATTAACATTA,E131W,0.4498,0.4498,1473,458
TGAAAGCAAGTATTCA,A336T E494W,0.2038,0.2038,672,461
TGAAAGCGTCGTTGCT,L418R,0.0000,0.0000,0,1
TGAAAGGAAAAGGTGA,E78T,0.1977,0.1977,789,558
TGAAAGGCTTTAACTA,N169Y D438Y,0.0043,0.0043,2,65
TGAAAGTATAAGAGCG,,0.1493,0.1493,1535,1438
TGAAAGTGCTGATTCA,I124F,0.2110,0.2110,1405,931
TGAAAGTTTCCTAATG,E44Y K307V,0.2109,0.2109,89,59
TGAAATAAAAAGATGA,T301N T318N,0.0000,0.0000,0,11
TGAAATAAAATTCAGC,M-6H,0.0000,0.0000,0,14
TGAAATAAATATAATA,P239M,0.1322,0.1322,156,165
TGAAATACCCATACTC,,0.2352,0.2352,1401,833
TGAAATACGCGTACAA,E501M,0.1946,0.1946,1017,731
TGAAATAGCCCGATGG,E246K,0.2078,0.2078,104,70
TGAAATAGTGTAACTA,S136N A336G,0.0000,0.0000,0,9
TGAAATATCAAACGCA,S361Y,0.1690,0.1690,296,245
TGAAATATGAAAGACA,,0.0817,0.0817,1042,1784
TGAAATATTGGTCCAG,,0.2062,0.2062,435,295
TGAAATCAGTAGTGAA,P92aF F469C,0.0000,0.0000,0,5
TGAAATCCTGACGGAT,A336R,1.0000,3.0766,22,1
TGAAATCGACAAAGGC,N193C K412S,nan,nan,0,0
TGAAATTTAGACTGTG,H18D A365E,nan,nan,0,0
TGAAATTTTCTAGTCG,,0.0903,0.0903,530,821
TGAACAAAATGAAGGA,P162W,1.0000,inf,22,0
TGAACAAACCATCATA,Y195T,nan,nan,0,0
TGAACACAAAAATCCT,L209C,0.1011,0.1011,541,748
TGAACACACCGGTCGC,,0.1936,0.1936,6902,4986
TGAACACACTACCAGA,Y423N,0.0000,0.0000,0,4
TGAACACTGCATAATA,S65M V223R,0.0000,0.0000,0,5
TGAACACTTTAGTTCT,L43K P239C N458M,0.0000,0.0000,0,2
TGAACAGCCAACATCC,,nan,nan,0,0
TGAACAGGTTATTCTA,N-4H,0.1206,0.1206,677,785
TGAACATCAAATATGC,R321Q T370S F469K,0.2704,0.2704,58,30
TGAACATCGAACACAG,N458A,0.1180,0.1180,379,449
TGAACATTCGATACTA,F148I,0.0000,0.0000,0,4
TGAACCAAACGACCTT,E479P,0.3004,0.3004,58,27
TGAACCAGGGAACTAA,G465Q,0.0000,0.0000,0,32
TGAACCATGGAGAACG,N322A T370* F469W,0.0000,0.0000,0,8
TGAACCCCCAACCTGA,,0.1629,0.1629,643,552
TGAACCGCAAAACCTA,,0.1066,0.1066,151,198
TGAACCGCAAAACCTG,P239K,0.0000,0.0000,0,1
TGAACCTACCCAACAT,G337P,nan,nan,0,0
TGAACCTAGTGCAGTT,,0.0000,0.0000,0,2
TGAACCTGCAAACCAT,C549W,0.0931,0.0931,243,365
TGAACCTTAATACTCG,S22G P198W N483E,0.0000,0.0000,0,3
TGAACCTTAGACTTAG,,0.1038,0.1038,400,539
TGAACGAGCAACTTTT,H130Y M230K,0.0000,0.0000,0,1
TGAACGAGTCATATAT,L112I,0.1443,0.1443,6440,6242
TGAACGCACATATCAC,H18M,0.1105,0.1105,611,773
TGAACGCTCAAGTCAG,,0.1419,0.1419,1618,1594
TGAACTAAATAGATAA,N158E V223K,0.5198,0.5198,3100,834
TGAACTAATATAACAT,K313C,0.1239,0.1239,527,595
TGAACTAATTTACGCT,A188H,0.0867,0.0867,773,1247
TGAACTGATAGATTAA,,0.1266,0.1266,2353,2599
TGAACTGATCTCAATG,G510aM,0.1870,0.1870,2467,1845
TGAACTTCATTTTAAA,D63G,0.1808,0.1808,3618,2798
TGAACTTCCCTGCCCC,N129I,0.2054,0.2054,981,668
TGAACTTCGTCCTCAT,,0.1176,0.1176,212,252
TGAACTTCTACGATGA,K259C,0.0000,0.0000,0,35
TGAAGAAAAATGCAGG,L71P G484R,0.0000,0.0000,0,22
TGAAGAAACGCATCGC,,0.1884,0.1884,287,213
TGAAGACGAGCATCCC,,0.1319,0.1319,66,70
TGAAGACTTCATACTT,Y353P,nan,nan,0,0
TGAAGACTTTCGCTAC,E358H,0.1015,0.1015,667,919
TGAAGAGAAGATACGC,A144R,0.0776,0.0776,121,218
TGAAGATCCATCTTTC,Q359Y,0.1057,0.1057,430,569
TGAAGATCGCTGTCCC,Q545*,0.2712,0.2712,225,116
TGAAGATCTAATTGAT,I80C,0.1890,0.1890,638,472
TGAAGATGACATAAAC,,0.1604,0.1604,522,455
TGAAGATTAAGTAGGT,L325T Y518L,0.0000,0.0000,0,15
TGAAGCAAAAAGAACA,K196H,0.1291,0.1291,909,985
TGAAGCAATGACTACT,K62G,0.0508,0.0508,65,179
TGAAGCCCAATGATTA,I178N,0.0000,0.0000,0,5
TGAAGCCGAAAAAGAC,E131K I182S G205R M230I E255K M413I M431I R456Q R482Q R499Q C539L,nan,nan,0,0
TGAAGCGAAAAAGTAC,P215C,0.1665,0.1665,175,147
TGAAGCTAATCACTAC,A364C,0.1530,0.1530,371,339
TGAAGCTCTTTCACAT,I302L,0.0957,0.0957,937,1369
TGAAGCTGATTACTAG,P99M,0.0000,0.0000,0,6
TGAAGCTTGATACTGG,D241A,0.1267,0.1267,29,32
TGAAGGAAATATAGTC,V56W E461M,0.0000,0.0000,0,4
TGAAGGCCATTCCAAT,K411E,0.1315,0.1315,377,401
TGAAGGGGACCCCAAC,K62A,0.0940,0.0940,975,1451
TGAAGGTAGCTCAAAA,L427K,1.0000,2.5638,55,3
TGAAGTAAGCCTTAAG,S6A,0.1737,0.1737,6073,4888
TGAAGTCCCGTACAAA,F332N,1.0000,1.3460,154,16
TGAAGTCTATTAAGGG,N357E,1.0000,1.2386,62,7
TGAAGTGTAATAACAA,N150M M538I,0.4562,0.4562,261,80
TGAATAAAAATGGGGG,E327K,0.0815,0.0815,2404,4123
TGAATAAAACGATGGC,N169S,0.2987,0.2987,361,169
TGAATAAACAGATACT,N187Q W421T,0.0000,0.0000,0,1
TGAATAAACATAAACA,,0.1802,0.1802,15195,11795
TGAATAAACGAATCTA,S167M R321A,nan,nan,0,0
TGAATAAAGCATCCTC,Y168G,nan,nan,0,0
TGAATAAATTTTATCG,A218E,0.0000,0.0000,0,2
TGAATAACAAGAAAAA,P145M,0.0000,0.0000,0,5
TGAATAACACACTCAC,G263V,0.0000,0.0000,0,6
TGAATAACCTGCCGAC,G205Q F232L,0.0000,0.0000,0,155
TGAATAAGTATCTATA,H354C,0.2666,0.2666,3146,1650
TGAATACAACATCCCA,A188G,0.1119,0.1119,2343,2928
TGAATACCATAGTGGA,,0.1279,0.1279,3237,3540
TGAATACCTGTCGAAA,,0.2081,0.2081,6403,4303
TGAATACTAAAATATA,N73D Y161N S480F,0.0000,0.0000,0,3
TGAATACTTAATAAGA,R482D,0.1071,0.1071,471,615
TGAATACTTCCTAAAG,V-2D E476C,0.1243,0.1243,32,36
TGAATAGATGTACCAG,V82P,0.1756,0.1756,1175,936
TGAATAGGAGTATTTT,D27M G484E,0.7412,0.7412,53,10
TGAATAGGCACGACCA,M-6I W421G,0.0000,0.0000,0,10
TGAATAGTAAATCGTA,A334T,1.0000,1.0139,87,12
TGAATAGTCGTGCAAC,,0.1272,0.1272,835,918
TGAATATAGCAATAAT,G376W,nan,nan,0,0
TGAATATCAATTGTGT,L-1Q I178K K310A,0.0000,0.0000,0,8
TGAATATCAGTTATCT,,0.1085,0.1085,1029,1326
TGAATATCCTTAATCA,K262aN,0.0990,0.0990,339,479
TGAATATCGATTGGAG,N-4Q,0.1552,0.1552,222,200
TGAATATGACGCTATG,S167* L177T R321E,0.0000,0.0000,0,2
TGAATATGCCCGTATA,A253S,0.1180,0.1180,227,269
TGAATATTCATGGAGG,D415W,0.4860,0.4860,285,82
TGAATCAACGAGAGAG,A138S E493H,0.0547,0.0547,455,1163
TGAATCAGTGATAAAG,L154C L300C,nan,nan,0,0
TGAATCCAAACGGACA,S519D,nan,nan,0,0
TGAATCCCATGAAAAT,T171L,0.2083,0.2083,2005,1346
TGAATCCGCTATTCCA,V135K,0.2886,0.2886,2181,1057
TGAATCGAAGTACTTC,A287F,0.0000,0.0000,0,4
TGAATCGATTCTTAAC,N20H T422M,0.0000,0.0000,0,11
TGAATCTAAATTGTGG,L507M,0.0971,0.0971,1180,1700
TGAATCTACACTGGTG,R149D,0.0000,0.0000,0,79
TGAATCTACCGTGCTT,P215L,0.0000,0.0000,0,4
TGAATGAAAACCAATT,D77G,0.0000,0.0000,0,25
TGAATGAACACATCTC,D240V,0.1349,0.1349,5642,5850
TGAATGACCGCCATGA,Y86E,0.4584,0.4584,59,18
TGAATGCATAAACCAC,L320V,0.0983,0.0983,564,802
TGAATGCATTTATGTC,,0.2169,0.2169,76,49
TGAATGCGTTACCGAG,,0.0866,0.0866,1019,1646
TGAATGCTGAGCCGAA,,0.0624,0.0624,785,1759
TGAATGGCAGCATGGC,K62W,0.1291,0.1291,2285,2476
TGAATGGGCAAACGTG,L71I,0.1557,0.1557,1646,1478
TGAATGTCACTAACCT,T485R,1.0000,1.7247,37,3
TGAATGTCTCCTTTTA,A242V H440R,0.0000,0.0000,0,20
TGAATGTGTGCATTGC,V451C L527R,0.1259,0.1259,63,70
TGAATGTTATTTAGTA,K262aQ,0.0759,0.0759,300,553
TGAATGTTTCACTCCC,N475F,0.0000,0.0000,0,6
TGAATTAAGAGTAAGC,P293E,0.0911,0.0911,198,304
TGAATTACAAAATGTG,T485Q,0.0665,0.0665,592,1244
TGAATTACGAAACTTC,,0.1294,0.1294,497,537
TGAATTACGACCAACT,Y258E,0.2872,0.2872,191,93
TGAATTATCGAATATT,G416Y I517Y,nan,nan,0,0
TGAATTATGGTATTTA,R114H,0.0000,0.0000,0,3
TGAATTCAATCTTCAC,N401W,0.2245,0.2245,6729,4191
TGAATTGAACACTTTA,D348Q,0.1310,0.1310,533,569
TGAATTGTTAGAGCTG,L507S,0.1808,0.1808,225,174
TGAATTTAACGCTCGT,K125aG S492R,0.1457,0.1457,2143,2057
TGAATTTAAGCCAAAT,N187W D348W,nan,nan,0,0
TGAATTTACATCAATA,E255S,0.0853,0.0853,285,467
TGAATTTAGGTAACTT,N169S F392H,nan,nan,0,0
TGAATTTCCACATTCC,N278T,0.1222,0.1222,118,135
TGAATTTCCTAAACCT,,0.1128,0.1128,1525,1891
TGAATTTGAGGTCCAT,D63K,0.2654,0.2654,4937,2601
TGAATTTTACTAGCCA,L112Q Y470V,0.0000,0.0000,0,6
TGAATTTTTTGATATG,D438C E494Y,0.0730,0.0730,59,113
TGACAAAAAAATAAGG,E327H,0.1449,0.1449,1704,1645
TGACAAAAACTGGTGG,R404T,0.2081,0.2081,433,291
TGACAAAAAGAAATCA,V-2M D41Y,0.3040,0.3040,50,23
TGACAAAAATTCCGAC,R114K,0.1267,0.1267,58,64
TGACAAAACAGGCCGC,N92D P306H,0.7342,0.7342,21,4
TGACAAACAAAAACAG,,0.1137,0.1137,1221,1502
TGACAAACCTCCCAAT,S22K E24D,0.0887,0.0887,26,41
TGACAAAGTTATGGAA,Y308T,nan,nan,0,0
TGACAAATCAAGTCCC,D449S,0.1531,0.1531,935,854
TGACAAATCTAAGATT,S167H D419Y N443L,0.0000,0.0000,0,3
TGACAAATGAATAACA,G68N,0.2131,0.2131,32,21
TGACAACAAAGTTGTA,M-6V,0.0000,0.0000,0,7
TGACAACATAAGTTAG,G205A G341L,nan,nan,0,0
TGACAACATCCAGGCG,,0.1205,0.1205,249,289
TGACAACCACGTTGGT,A253Y,0.2319,0.2319,2028,1223
TGACAACGCCTACTAA,V223Y D474I,0.0000,0.0000,0,2
TGACAACTTCCCCCGT,V34C V309H,0.7924,0.7924,34,6
TGACAAGACTAGAGTG,D241R N312S,0.0000,0.0000,0,29
TGACAAGGCTAAAAAA,Q391N,0.1770,0.1770,11316,8939
TGACAAGTTGAAACAA,C52Q,0.0000,0.0000,0,5
TGACAATCGATTCTAA,T23Y N458I,0.0000,0.0000,0,1
TGACAATTATAATACA,V-2Y,0.1852,0.1852,5234,3953
TGACAATTTGGTGGCT,G360H,nan,nan,0,0
TGACACAACATCCCGG,I115E V315I,0.1926,0.1926,208,151
TGACACAAGTTAAAAC,H117K,0.1429,0.1429,4544,4447
TGACACACTGGAAGCA,L544Q,0.1398,0.1398,25,25
TGACACATGTAACCTT,W350F,0.0569,0.0569,307,754
TGACACATTCGTCGCA,A144G,0.1971,0.1971,1064,755
TGACACCTAAAACACC,L133aD,0.2597,0.2597,4539,2444
TGACACCTGTCCTTTT,,nan,nan,0,0
TGACACGAGTCATTGA,,0.1247,0.1247,33,37
TGACACGCCGCACACG,,0.1361,0.1361,758,779
TGACACTCAGGGTGAA,,0.0895,0.0895,292,456
TGACACTTAACAAACG,,0.1570,0.1570,6549,5835
TGACAGAGCTAATTTA,V34D,0.5955,0.5955,132,31
TGACAGATATATACAC,C277N,0.0000,0.0000,0,3
TGACAGATGCTGTTAA,Q226R F392D E461V,0.0000,0.0000,0,12
TGACAGCAATAGACAT,R227C,0.0245,0.0245,287,1641
TGACAGCCAAAACTCC,N48A,0.1254,0.1254,78,87
TGACAGCCTAGTTCCC,,0.1154,0.1154,745,903
TGACAGCGAAACTACC,I297H,0.0000,0.0000,0,2
TGACAGCGCCGGCCAG,A373D,0.0000,0.0000,0,4
TGACAGCTGATTTTCA,P128H R404W,0.9439,0.9439,27,4
TGACAGTAAAAGCTAT,R328aV,1.0000,1.8879,54,4
TGACAGTAAGATGGGC,L316H,0.0000,0.0000,0,8
TGACAGTCGAGATAAA,S185I,0.0919,0.0919,71,108
TGACATAAAATTAGTA,V135S T422N,0.4125,0.4125,118,40
TGACATAAAGAACGGG,,0.0802,0.0802,879,1533
TGACATAATGACTAAA,,0.0945,0.0945,821,1215
TGACATAATTCCTTTG,K262H,0.0901,0.0901,78,121
TGACATACATATAAGA,A459F F469S,0.0000,0.0000,0,2
TGACATACCTTAAAGT,S136T E327W H440G,nan,nan,0,0
TGACATACTCTTTCGT,D386N L497P,0.0893,0.0893,23,36
TGACATAGTACCAAAA,K310V,0.0000,0.0000,0,9
TGACATATGAGGAACG,F251M,0.0868,0.0868,1115,1797
TGACATGACAATAGAA,P324T Q359L A528S,0.2040,0.2040,248,170
TGACATGAGGGACATC,S323H,0.1346,0.1346,3005,3122
TGACATGCTCCTGATC,L61C L409W,0.0000,0.0000,0,5
TGACATGGAGCGCACC,N210D M538I,0.2797,0.2797,32,16
TGACATGGCACTTCCT,E174*,0.0000,0.0000,0,7
TGACATGTATGGCACA,,0.0000,0.0000,0,49
TGACATTATTCCAAAC,S167I,0.1876,0.1876,2792,2081
TGACATTGTTTTTTTT,W343Y,nan,nan,0,0
TGACCAAAAGCCCACT,L43K,0.0000,0.0000,0,1
TGACCACGAATCGCCC,,0.0871,0.0871,506,812
TGACCACGCCACCACC,E119F,0.1019,0.1019,363,498
TGACCAGCTTAAGGAA,L194S,0.1710,0.1710,159,130
TGACCAGTCATTACAT,R326C V481A,0.0000,0.0000,0,8
TGACCATCCCGAAGGT,,0.1171,0.1171,768,917
TGACCATGATACCAAA,S167N R321E T370R F469H,0.0000,0.0000,0,4
TGACCATTCTAAGGCG,,0.1489,0.1489,4332,4069
TGACCCAATGAAAATA,N210C,0.0513,0.0513,77,210
TGACCCAGTATTTTAT,Q191G L525P,1.0000,1.1787,59,7
TGACCCATTCATTCTA,G205W D419P,nan,nan,0,0
TGACCCCACAAGAAAC,F148R L507W,0.4475,0.4475,32,10
TGACCCGACAGACCAC,,0.1733,0.1733,968,781
TGACCCGATAAAGCAT,,0.1776,0.1776,550,433
TGACCCTAAATGTAGT,L133aN,0.3127,0.3127,360,161
TGACCCTCTGCCAGGT,L2D C14R,nan,nan,0,0
TGACCCTTAAATGTGT,G341M S383P,0.0000,0.0000,0,10
TGACCCTTAGGAGAAA,N408L,0.1137,0.1137,1415,1741
TGACCGATGTGGATAC,Y351S,0.0000,0.0000,0,1
TGACCGCAACCCAAGA,S270L,0.0000,0.0000,0,3
TGACCGCTCGCACGGT,C76Q V272C,nan,nan,0,0
TGACCGGTCGCAATAG,Y141H,0.1983,0.1983,5412,3817
TGACCGGTGAATATTA,L176I E494F,0.2970,0.2970,960,452
TGACCGTAGGCAGTAC,K216E,0.0932,0.0932,26,39
TGACCGTCAAACGGAA,,0.0781,0.0781,723,1294
TGACCGTCAGGCATTC,K9P,0.4595,0.4595,23,7
TGACCTAAAAACGGAG,K32P,0.0916,0.0916,1272,1942
TGACCTAAAAATATCA,Y486H,0.0000,0.0000,0,9
TGACCTATCACTGTTT,S311T,0.1188,0.1188,383,451
TGACCTCACGGGTGAC,,0.0445,0.0445,127,399
TGACCTCTCTTCGGAG,H355G M530W,0.1175,0.1175,21,25
TGACCTGCTGTACGTA,R220N,nan,nan,0,0
TGACCTTAGATAGTAG,I182L,0.1444,0.1444,565,547
TGACCTTGGTAAGTGA,T200G,0.1227,0.1227,849,968
TGACGAAAATTTATTG,D419Q,0.0993,0.0993,274,386
TGACGAATCTAGATGC,,0.1254,0.1254,173,193
TGACGACAAGGCCGTC,H130R,0.1748,0.1748,30,24
TGACGACTTCTAGAAA,,0.0918,0.0918,776,1182
TGACGAGATCTTCCGA,M292R,0.0000,0.0000,0,88
TGACGATAAATTTACG,G49D Y105M,0.0000,0.0000,0,20
TGACGATCTTTTGCAT,N446H,0.0640,0.0640,925,2020
TGACGCATACACGGCG,K45L,0.1956,0.1956,449,321
TGACGCATATGAGAAC,D41R M111I,0.0000,0.0000,0,43
TGACGCCGGGAGGACG,,0.0983,0.0983,983,1398
TGACGCCTAAGCTACA,,0.1170,0.1170,1415,1691
TGACGCGCCAATGCAG,Y17C,0.0598,0.0598,53,124
TGACGGATTAGTAACA,R435E,0.0498,0.0498,104,292
TGACGGCGGCTGAAAC,,0.1305,0.1305,644,690
TGACGGCGTCAAGCGA,S311Q,1.0000,1.0628,38,5
TGACGGTAGAAATGTG,D41G,0.1972,0.1972,3189,2262
TGACGTAAATGGACTT,N296W,nan,nan,0,0
TGACGTACCTTCATAC,N20C R220N,0.0000,0.0000,0,1
TGACGTAGTAACCTCT,F118M A365G,1.0000,3.1465,45,2
TGACGTCTAACTATAG,D63H,0.1414,0.1414,531,525
TGACGTGAACTTCCAC,K45M,0.1418,0.1418,5823,5742
TGACGTGACGTGCTTA,G349Q,0.0000,0.0000,0,12
TGACGTTAAGCCAAGT,E83C,1.0000,1.3984,70,7
TGACGTTTTAACTTAT,,0.1880,0.1880,3496,2600
TGACTAAAAAACCCTC,,0.0568,0.0568,26,64
TGACTAAAAAAGAGGA,S125bN P128A,0.0772,0.0772,787,1425
TGACTAAAAATACTAA,E508I,0.2002,0.2002,209,146
TGACTAAAAGTGAACT,H276L,0.2558,0.2558,1564,855
TGACTAAATGCGTAAG,K216F,0.0494,0.0494,506,1432
TGACTAAGACAGACAC,A495T,0.1465,0.1465,1196,1142
TGACTAAGGAAAATTC,S10A,0.1085,0.1085,1486,1915
TGACTAATCAACGTCA,N322R,0.3077,0.3077,22,10
TGACTACCTAGAATTT,,0.1419,0.1419,2178,2146
TGACTACGAATTCGGA,N48D G352W,nan,nan,0,0
TGACTACTACAATAGA,A317D,0.0000,0.0000,0,8
TGACTACTATAAAACC,A67T,nan,nan,0,0
TGACTAGAATCAATCC,N278W,0.2170,0.2170,2314,1491
TGACTAGATGCGCCCT,L418K,0.3422,0.3422,93,38
TGACTAGCCTTAGCAT,H355E,0.0000,0.0000,0,45
TGACTAGGAAGAGCCT,,0.1747,0.1747,1620,1297
TGACTAGGCGATATAA,N250M,nan,nan,0,0
TGACTATAGTCACTCT,E89G D386W,0.7960,0.7960,74,13
TGACTATGCCTACCTT,N103R,0.0964,0.0964,295,428
TGACTATGGGTAACGA,A365M,nan,nan,0,0
TGACTATTAATAAGAG,M388I A394S,0.0909,0.0909,13,20
TGACTATTACTCACCA,S146G T370F,0.9906,0.9906,85,12
TGACTCACAATGGCCA,N210A A459T,0.0000,0.0000,0,2
TGACTCACTGCCGGGC,F148V Y470N,0.0000,0.0000,0,22
TGACTCAGCCGACTTG,L316Y,0.0000,0.0000,0,15
TGACTCATGAAGCATA,L96E I502R,0.0000,0.0000,0,8
TGACTCCAAATACCAC,R397C,0.1225,0.1225,1371,1565
TGACTCCCATGTAAAA,F338N D419E,0.8670,0.8670,62,10
TGACTCCCGCATTGCC,Q142Y E273H,0.2701,0.2701,452,234
TGACTCCGTGTTCGTG,R328aF,0.0000,0.0000,0,3
TGACTCCTAATTCACG,K196N G271D,0.0946,0.0946,614,908
TGACTCGATTCCGGAG,T279Q,0.0683,0.0683,85,174
TGACTCTTGAAGACGC,A425V,0.0000,0.0000,0,47
TGACTGAACACCCAGT,L437E,0.0000,0.0000,0,11
TGACTGACCAACTACA,R114K,0.0511,0.0511,23,63
TGACTGAGCCATTTCC,,0.1917,0.1917,1875,1368
TGACTGATCGAATTCC,G345L,0.0784,0.0784,180,321
TGACTGATTATGACAG,L102Q,0.0000,0.0000,0,7
TGACTGCCAAATAAAA,A287N,0.0000,0.0000,0,2
TGACTGGATCGATAGG,,0.1258,0.1258,3864,4294
TGACTGTTACGTTGGC,Y518G,0.4736,0.4736,149,44
TGACTTAAATACCTCA,M346I,0.0501,0.0501,53,148
TGACTTACAAGAAAGA,R547G,0.1968,0.1968,363,258
TGACTTACAAGTACAT,S290W,0.0925,0.0925,88,133
TGACTTACGAACAGGA,L54H,0.0000,0.0000,0,9
TGACTTACTCTTAAAC,A218M,0.1524,0.1524,1716,1575
TGACTTACTGACTACT,M30P,nan,nan,0,0
TGACTTACTGCCCAAG,H38L K45N,0.3211,0.3211,62,27
TGACTTCAAGCAACCA,C305D Y518P,0.0000,0.0000,0,7
TGACTTGATTTTATCG,K307R,0.2180,0.2180,279,179
TGACTTGCGAAGAAAA,N169Y,0.1768,0.1768,11086,8767
TGACTTGTATAGTACC,,0.0917,0.0917,490,747
TGACTTTCTGGATCAC,T283R,nan,nan,0,0
TGACTTTGCTCTGGCC,P324C,0.6233,0.6233,156,35
TGACTTTTAAATTATT,A67E,0.1105,0.1105,8111,10263
TGACTTTTTCTCCACG,Y518H,1.0000,inf,26,0
TGACTTTTTGAGTGTT,Y518R,0.2098,0.2098,36,24
TGAGAAAAAACTCTAG,,0.1477,0.1477,1523,1442
TGAGAAAAATGCAAAA,E107I,nan,nan,0,0
TGAGAAAACTCCATCT,,0.1855,0.1855,3423,2580
TGAGAAAATTCAGGGA,G55F,nan,nan,0,0
TGAGAAAATTGAATTG,Y98L,0.3066,0.3066,114,52
TGAGAAACATTAATAA,F251R,nan,nan,0,0
TGAGAAATTCCACAAC,L447A,0.0000,0.0000,0,3
TGAGAACAGCATATCA,V8N L325P,nan,nan,0,0
TGAGAACCTCCTAAAA,H47R,0.0000,0.0000,0,4
TGAGAACTGCAACTCA,A3K N401V,0.0000,0.0000,0,4
TGAGAAGCATAACTCA,C546Y,nan,nan,0,0
TGAGAAGGACAAATAG,V56P I384P,0.0000,0.0000,0,8
TGAGAAGGCCATAATC,P125Y F439L,1.0000,1.5662,56,5
TGAGAAGTACGGACCT,,0.0343,0.0343,25,102
TGAGAAGTGCAGTCAG,V204Y S524F,0.0719,0.0719,18,35
TGAGAAGTTAATGCCC,S207L,0.0482,0.0482,30,87
TGAGAAGTTGACCATA,S383F,0.1304,0.1304,661,709
TGAGAATAACATAAGA,S146W,0.1241,0.1241,5685,6405
TGAGAATCACTACACT,E-5N,0.1726,0.1726,6265,5075
TGAGAATGATTTATAC,N389T,0.1865,0.1865,2021,1515
TGAGAATGCGCTTCCG,Y518K,0.0000,0.0000,0,3
TGAGAATTTATCGTTG,L209W,nan,nan,0,0
TGAGACATAATGCATG,A336T K412D,0.8740,0.8740,25,4
TGAGACCATACCATAG,Q371I,0.1510,0.1510,27,25
TGAGACCGATATGGTA,I182E,0.0000,0.0000,0,1
TGAGACTAATTGCACA,S167R T370D F469V,0.0000,0.0000,0,1
TGAGACTATTGCAAAT,V315K,0.0000,0.0000,0,17
TGAGACTTATATCAAT,,nan,nan,0,0
TGAGAGAAACATGACA,,0.1081,0.1081,211,273
TGAGAGAAATTCAGAA,Y105D,0.0000,0.0000,0,8
TGAGAGAACTATAAAA,,0.0995,0.0995,1653,2323
TGAGAGAATAAAATAA,S523Y,0.0000,0.0000,0,10
TGAGAGAATCCAGCTT,D441S,0.1330,0.1330,352,370
TGAGAGAGTATGAATA,C97A L102P,0.5085,0.5085,40,11
TGAGAGAGTCTGTAAA,S265D,nan,nan,0,0
TGAGAGCAACAGAAAA,E-5C,0.1459,0.1459,1440,1380
TGAGAGCCAAAGCAGT,M388K,0.0000,0.0000,0,6
TGAGAGCCTGTAATTA,T200V,0.1558,0.1558,5270,4731
TGAGAGCGATTTGATT,D175G,0.2558,0.2558,664,363
TGAGAGCGCTTTTCAC,A394G,0.0435,0.0435,202,650
TGAGAGGCCACCCACT,L430Y,1.0000,4.0030,229,8
TGAGAGTCCCGATTCA,V272N,0.1109,0.1109,211,266
TGAGAGTGTGGCCACG,,0.0469,0.0469,50,149
TGAGATAAAATAAAAT,S356K,0.0755,0.0755,1041,1929
TGAGATAAATCAATTG,V-2Y K380L,0.0480,0.0480,94,274
TGAGATAACGCGTACA,L177D,nan,nan,0,0
TGAGATACCAACATTA,I529Y,0.1099,0.1099,272,346
TGAGATCAGCGTAAGA,C477L,0.0000,0.0000,0,1
TGAGATCTATTAACGA,K445A,0.0577,0.0577,146,354
TGAGATGATAGGACCC,,0.1607,0.1607,355,309
TGAGATGATTTCAAGA,,0.2323,0.2323,960,578
TGAGATGCAGCAACAA,D348K E476* E508Y,nan,nan,0,0
TGAGATGCAGTAACAA,D348K E476* E508Y,0.2044,0.2044,19,13
TGAGATTCAATGTGTA,G504M,0.0387,0.0387,26,94
TGAGCAAAACAGCTGA,,0.0952,0.0952,1266,1860
TGAGCAACTACTGTCC,N446T,0.2276,0.2276,2523,1550
TGAGCAAGAACCTGAC,,0.0423,0.0423,138,456
TGAGCAATATTGATCT,,0.1184,0.1184,3919,4629
TGAGCACAATTGTCCA,S167T R321E,nan,nan,0,0
TGAGCACATCAAACAT,E119G,0.1082,0.1082,1261,1630
TGAGCACCATATTAGT,S509H,0.1546,0.1546,576,521
TGAGCACGGGATTATA,,0.0755,0.0755,257,476
TGAGCAGTGGCAACTA,H183W W343*,0.0000,0.0000,0,13
TGAGCATTTAGACGAT,D11V L176Y,0.0000,0.0000,0,10
TGAGCCAATCGGCACA,V444Q,nan,nan,0,0
TGAGCCAGTCCTAAAG,,0.2248,0.2248,82,51
TGAGCCATGGATTCAG,I202T A532R,0.0000,0.0000,0,9
TGAGCCCAAATTTAAA,F294P,0.4450,0.4450,70,22
TGAGCCCAGCTTGAGA,I339H,0.0000,0.0000,0,22
TGAGCCCCTATACGAT,S265L,0.0000,0.0000,0,2
TGAGCCTGGAGACTAT,H298P,0.0000,0.0000,0,4
TGAGCGATAAGTTGCG,K372P,0.0000,0.0000,0,14
TGAGCGCTTCAGCCTA,C76S,0.0000,0.0000,0,10
TGAGCTAATGGCATTA,V481M,0.3962,0.3962,17,6
TGAGCTATTTAACCAC,K328cF,0.4994,0.4994,25,7
TGAGCTCTAACTTCAG,Q282A,0.2272,0.2272,13,8
TGAGCTCTGCTACCTA,,0.0000,0.0000,0,5
TGAGCTGTATCCGATG,L314H,0.3583,0.3583,82,32
TGAGCTTCTAATCATG,,0.1133,0.1133,1027,1268
TGAGCTTGAATTTTAA,G249I,nan,nan,0,0
TGAGCTTGCGGACAAC,L154C,0.0000,0.0000,0,7
TGAGCTTGTAATTATA,Q25W,0.1523,0.1523,355,326
TGAGGAAAATAAACCG,H355G,0.0000,0.0000,0,9
TGAGGAAATTGGACGC,I335Y,0.2032,0.2032,93,64
TGAGGACACGTGGTCC,Y363G,0.0000,0.0000,0,16
TGAGGACCCCGTTCGA,,0.1281,0.1281,840,917
TGAGGATCACAAATTT,G504V,0.1396,0.1396,4796,4805
TGAGGCCACGTATACC,G484L,0.0308,0.0308,26,118
TGAGGCGAAACGTAAG,G416K,0.3335,0.3335,31,13
TGAGGCGAGTAACCAT,,0.0000,0.0000,0,1
TGAGGGAATACCTTAT,S167R N322C K367Q T370A,0.0000,0.0000,0,6
TGAGGGAGTAAAGCAC,R452K,0.0000,0.0000,0,9
TGAGGGATCCCACAAG,A3V I217N,0.2900,0.2900,56,27
TGAGGGCCCAAGTAAG,Y363W A365G,0.0000,0.0000,0,9
TGAGGGCGGACCGGCT,V381M,0.0788,0.0788,488,866
TGAGGGTGCGCAACTA,C305F,0.2983,0.2983,32,15
TGAGGGTGCGTGTAAC,M75H,0.1380,0.1380,441,447
TGAGGTGACCTCCTAG,E476S,0.1266,0.1266,4915,5428
TGAGGTTGCATACTAA,F251I,0.1490,0.1490,1173,1101
TGAGTAAAGTTTGACT,Q545F,0.0078,0.0078,2,36
TGAGTAATCATGTACG,V88S,0.0579,0.0579,462,1115
TGAGTACGAGTCAGAT,K32T,0.2089,0.2089,469,314
TGAGTAGAAATCCGTT,,0.0858,0.0858,249,406
TGAGTAGGTCACTATA,L112V,0.2245,0.2245,1527,951
TGAGTAGTAACCAACC,,0.1752,0.1752,243,194
TGAGTAGTTTCTCATG,D441H,0.1818,0.1818,412,317
TGAGTATCATTAAACA,K506N,0.1873,0.1873,3673,2742
TGAGTATGCTGAAGAA,,0.3496,0.3496,65,26
TGAGTATTAATGACCG,R404P,0.0000,0.0000,0,4
TGAGTCAAAGGACCGT,K262N,0.0993,0.0993,522,735
TGAGTCACATAATAAT,N116Q,0.1049,0.1049,21,28
TGAGTCACATATACAA,G271I,0.1328,0.1328,512,539
TGAGTCAGAAGAAGAG,F79Q N408S,0.5438,0.5438,35,9
TGAGTCTACCTAGTAC,E403M,nan,nan,0,0
TGAGTGAACCGCTTCG,M531D,0.4475,0.4475,48,15
TGAGTGAGGACTTTAG,,0.1504,0.1504,4429,4118
TGAGTGATCTGAACAG,,0.0000,0.0000,0,2
TGAGTGCACGGCCCCT,,0.1107,0.1107,350,442
TGAGTGTAAGGACCCA,S480C,0.1939,0.1939,2409,1737
TGAGTGTACACCAGTC,N408M,0.0000,0.0000,0,87
TGAGTGTATATCCAAC,A257T S492L,0.0000,0.0000,0,10
TGAGTTAGGCAACGAC,,0.1063,0.1063,529,696
TGAGTTCACCGCAGTA,K262F,0.0000,0.0000,0,3
TGAGTTCCACTACGGG,C281A,nan,nan,0,0
TGAGTTCTAGAGTGAG,Q222A N389V,0.0000,0.0000,0,69
TGAGTTGGAGGGTCGT,M538I,0.4224,0.4224,296,98
TGAGTTGTAACACGCG,,0.1364,0.1364,4886,5010
TGAGTTGTCTTAAATA,R149C,0.0646,0.0646,141,305
TGAGTTTAGGAATGTC,I178G,0.0000,0.0000,0,18
TGAGTTTTAAAACAAA,,0.0999,0.0999,248,347
TGAGTTTTGATGGAAA,N169S R321M K506A,0.3560,0.3560,28,11
TGATAAAAGGTTAAGG,F392P,0.0023,0.0023,1,61
TGATAAAATGATCCAA,W180Q,0.0000,0.0000,0,4
TGATAAAATGCAATTC,V34R,0.3862,0.3862,116,42
TGATAAACATTCCCAC,W153E E304V,0.0000,0.0000,0,1
TGATAAACTTAATTGC,S503I,0.0986,0.0986,1782,2527
TGATAAAGAACAATGG,F399S,0.0000,0.0000,0,1
TGATAAAGAGACGTAA,A160V K387N M431I,0.1465,0.1465,22,21
TGATAAAGATCGCATT,D231K,0.0813,0.0813,1055,1815
TGATAAAGCGAAACTA,G286F,0.0000,0.0000,0,4
TGATAAATCTCTAGAT,,0.0000,0.0000,0,3
TGATAAATGAAACCTA,D487E,0.1577,0.1577,1155,1024
TGATAACAATATTCAT,G181F M431I C477R,0.0000,0.0000,0,12
TGATAACGGGATAACG,K280V,0.1106,0.1106,1018,1287
TGATAAGACAGTAGGG,N401Y,0.1781,0.1781,601,472
TGATAAGCGAAAAAGA,D474C,0.0752,0.0752,991,1844
TGATAATATTCTAGTC,R90H G510aM,0.1266,0.1266,211,233
TGATAATGAGTATAAC,M388S,0.0000,0.0000,0,10
TGATAATGATGTAGTC,L2Y,0.0751,0.0751,1222,2275
TGATAATGCCCGTGAA,S85M,1.0000,2.0976,30,2
TGATACAAACCTTTAC,K196R T520L,0.2719,0.2719,35,18
TGATACAAACGCTAAT,,0.1775,0.1775,7579,5970
TGATACATAATGAGTG,I29S,0.1205,0.1205,218,253
TGATACCAAGAAACAA,A257H,0.0000,0.0000,0,10
TGATACGGCCTGACAA,L462R,0.1071,0.1071,870,1136
TGATACTAATAGTGCC,M538C,0.6249,0.6249,143,32
TGATACTACGCTACTC,K310D,0.1739,0.1739,138,111
TGATACTTCTAGACAA,L177A,nan,nan,0,0
TGATAGAATCTCTAAT,,0.0000,0.0000,0,10
TGATAGACTCACTAAG,S361R,0.1894,0.1894,6634,4897
TGATAGCAGTAACCCC,N322T S369A F469D,0.0000,0.0000,0,1
TGATAGCATTCCATAG,R220K,0.0000,0.0000,0,12
TGATAGCCCTACAAGT,P284W,0.0000,0.0000,0,2
TGATAGCTTGAAGGCC,L1M S136E E393T,0.0000,0.0000,0,227
TGATAGGACTGAGACA,G205K,nan,nan,0,0
TGATAGGTCCTGGCAT,N187D,0.0793,0.0793,2527,4457
TGATAGTAAATCAAAC,,0.0000,0.0000,0,49
TGATAGTACAGAGTAC,F467Y,0.0675,0.0675,423,876
TGATAGTGTAGATTGG,,0.1141,0.1141,907,1112
TGATAGTTATAACCTT,N169A N322G,0.1565,0.1565,197,176
TGATAGTTGCAGAGTA,I-3V E174Q E407K,0.0000,0.0000,0,5
TGATATACTTCATAGT,,0.1062,0.1062,2670,3516
TGATATATAATTTTGT,R173Q,0.1518,0.1518,812,748
TGATATATCCATTGGG,T46I E393D,0.1109,0.1109,218,275
TGATATCAGCTACCAG,C305R,nan,nan,0,0
TGATATCATGGAACAG,K45T L300H,0.1325,0.1325,830,876
TGATATCTCATGAGCA,K216E,0.0000,0.0000,0,4
TGATATGAACATATTT,,0.1017,0.1017,24,33
TGATATGTATTGCTAC,,0.1904,0.1904,3327,2444
TGATATGTCCTCAGGT,I123M,0.1281,0.1281,457,499
TGATATTTACCCCGGA,A3Y,0.2370,0.2370,1800,1062
TGATATTTCCTTAACA,,0.1349,0.1349,7320,7586
TGATATTTGCAAATTA,N475D,0.1642,0.1642,1348,1148
TGATATTTTGTGTCCT,F417N,0.1798,0.1798,9,7
TGATCAAAAAAAAAAT,N312H,nan,nan,0,0
TGATCAAACTGACCCG,,0.0000,0.0000,0,25
TGATCAAGATAGCATG,E246I,0.0557,0.0557,59,148
TGATCACAAAAAAAAC,E174K N210L F469S,nan,nan,0,0
TGATCACATTGGTGGT,E119H,0.1208,0.1208,2553,2955
TGATCACCTACAACGT,G72N,0.1495,0.1495,7513,7026
TGATCAGAGTAAAGAA,S22I F392E,1.0000,1.0139,29,4
TGATCATACGAAGACG,C473K,nan,nan,0,0
TGATCATAGAAAGCGT,,0.2150,0.2150,1379,897
TGATCATATACAGGCG,,0.1585,0.1585,952,840
TGATCATGATAGCCTA,,0.1112,0.1112,772,971
TGATCATGCTGAAACC,K269E S509N,0.0000,0.0000,0,51
TGATCCAAAAAATGAA,,0.0192,0.0192,7,51
TGATCCAAGCTTAGCG,G416F,0.0000,0.0000,0,2
TGATCCAAGTCATAAC,E-5I E403L,nan,nan,0,0
TGATCCACCAGCTAAG,G345T,0.4466,0.4466,99,31
TGATCCACGCATTTGG,,0.1259,0.1259,4548,5053
TGATCCACTAAAGTGT,D375L,0.3599,0.3599,489,190
TGATCCAGGGTTGTGT,L7T T200Y I529A,0.1842,0.1842,54,41
TGATCCATAAATTCAT,S207D,0.1097,0.1097,5988,7631
TGATCCATCCTTTCCT,,0.1640,0.1640,238,203
TGATCCCTAAAACGCG,G362L,0.1654,0.1654,149,126
TGATCCGCATCACGAG,A144Q,0.1145,0.1145,939,1147
TGATCCGCCGCATTCG,E468K,0.1134,0.1134,244,301
TGATCCTATAATGGAT,Q12V,0.1212,0.1212,1709,1972
TGATCGATCACTGCAA,E89Q,0.0976,0.0976,1207,1729
TGATCGGATCAGGCCA,C277R,nan,nan,0,0
TGATCGTACAATACAT,,0.1710,0.1710,2777,2271
TGATCGTTGAAGACGT,S167M,0.1053,0.1053,1985,2635
TGATCTACCATACGGA,E398H,0.0000,0.0000,0,3
TGATCTATCCCTATGC,V223L G228T,0.0000,0.0000,0,18
TGATCTATCCGTTCGA,F439N,0.0000,0.0000,0,11
TGATCTCCAACAGAAA,,0.1112,0.1112,279,351
TGATCTGAAACGAGTT,H295D,0.0000,0.0000,0,19
TGATCTGCTCCTTCAC,E407N,0.0861,0.0861,714,1160
TGATCTGTCGGAAAAC,G263K,0.1179,0.1179,571,677
TGATCTTAGGATGATG,H38P,1.0000,4.8945,35,1
TGATCTTATTACACGG,S126V E131* C477E,nan,nan,0,0
TGATCTTTGAACCGAA,T28V,0.5943,0.5943,17,4
TGATGAACCTGATAAC,L-1W,0.1515,0.1515,4244,3918
TGATGACACCATTACA,F332Y,0.0000,0.0000,0,1
TGATGACGCATATCCG,L108S A214I,nan,nan,0,0
TGATGACTGTCCCGAT,D175E,0.0000,0.0000,0,17
TGATGAGGAGAATAAA,Y486I,0.0000,0.0000,0,6
TGATGAGTGGATACTA,Y488L,0.1010,0.1010,567,785
TGATGATAACATGATA,S167* D366G T370F,0.0000,0.0000,0,1
TGATGATACCAAAAAA,E403K,0.4195,0.4195,18,6
TGATGATACCACAGAG,T378S,0.0680,0.0680,71,146
TGATGATACCGTGAGA,Y98T K460D,0.5594,0.5594,136,34
TGATGATACTTGAACG,D11F,0.2922,0.2922,117,56
TGATGATAGTGCATTC,,0.6166,0.6166,97,22
TGATGATCACCTCTCG,,0.3086,0.3086,128,58
TGATGATCCAAAAATT,,0.0771,0.0771,657,1191
TGATGATCTTTTGCAT,,0.0000,0.0000,0,3
TGATGCAGAAGGGCCC,L2D,0.0000,0.0000,0,3
TGATGCAGCATACCAT,V8M T301E G463Q,0.0000,0.0000,0,2
TGATGCATGGACATTA,M292V,0.0653,0.0653,2154,4615
TGATGCCCAACGAGCA,G352V,0.1757,0.1757,940,748
TGATGCCCCAGAAACA,A317T S383M,0.0000,0.0000,0,57
TGATGCCGCGCTATTC,W421E,0.0000,0.0000,0,3
TGATGCCTACGAGAAT,E501S,0.1542,0.1542,279,253
TGATGCGAACTATAAA,G337Y,0.0000,0.0000,0,13
TGATGCTCACTCAGTA,M538P,0.1567,0.1567,408,364
TGATGGCATTTGTATC,G143W,0.2182,0.2182,1571,1007
TGATGGCCAATTCTCG,,0.2280,0.2280,3106,1905
TGATGGGCAATACTAA,,0.1978,0.1978,58,41
TGATGGGCACATAACC,S265C,0.1720,0.1720,706,574
TGATGGTAGAAGCCAA,K109M G134Q,0.0000,0.0000,0,1
TGATGTAACCATAGGT,H440P,1.0000,2.8435,61,3
TGATGTAATAGACAAT,G319L D441M,nan,nan,0,0
TGATGTATTCTCAAGC,A522T,0.0942,0.0942,458,680
TGATGTCACTATCAGA,,0.1529,0.1529,1101,1007
TGATGTCTTTTGGGAA,G333V,0.0243,0.0243,51,293
TGATGTGCCGTAAGTC,C139R,0.3085,0.3085,214,97
TGATGTTAAAACCCTA,G510aN,0.1343,0.1343,2230,2322
TGATTAAAACATAGGT,,nan,nan,0,0
TGATTAAAACGTTTAA,L209A,0.0859,0.0859,1014,1651
TGATTAAAGACGCGCA,,0.2380,0.2380,80,47
TGATTACATCTAAATT,F79I D375Q,1.0000,2.6570,19,1
TGATTACATGGTTGGG,H295T,0.1054,0.1054,894,1186
TGATTACATGTCGAAC,I385W,nan,nan,0,0
TGATTAGCTGGATTAA,K9G,0.0839,0.0839,126,210
TGATTATAACCCTCAC,A93T L108P,0.4577,0.4577,36,11
TGATTATAATAAAACG,R173P N400T,0.0900,0.0900,831,1291
TGATTATCAAGCATAT,K125aN,0.1730,0.1730,615,497
TGATTCACTTGAATTT,E327H S361W,0.1306,0.1306,2128,2279
TGATTCCGACTAGGAC,K269C,0.1163,0.1163,2741,3297
TGATTCCTATCAGGAC,P82aC N483L,0.0720,0.0720,106,206
TGATTCTTGCTAATCG,,0.1544,0.1544,1387,1256
TGATTGAAGTCCCGGC,N312F,0.1712,0.1712,7684,6278
TGATTGACTAAATCAT,K125aN,0.1669,0.1669,1155,968
TGATTGATAACCTCAA,L427S,nan,nan,0,0
TGATTGATAGAGTGTA,A528S,0.1031,0.1031,1826,2477
TGATTGCATATCCCGA,,0.0909,0.0909,347,534
TGATTGGAAAAAACAA,,0.1346,0.1346,4273,4440
TGATTGTAGCGAGGGC,I166P,nan,nan,0,0
TGATTGTCTCGGACTG,D241G T279H,0.0000,0.0000,0,21
TGATTGTTAGTGCTAG,L133aT,0.1865,0.1865,144,108
TGATTTACCCCCCCAA,Y488H,0.1202,0.1202,330,384
TGATTTAGAAAAACTA,S492M,0.3983,0.3983,319,112
TGATTTAGGTAAATAA,V481S,nan,nan,0,0
TGATTTATAAATGGAA,T219P,0.0880,0.0880,34,54
TGATTTCCTGCACATC,T266N,0.1750,0.1750,3610,2884
TGATTTGAATATTCGA,D11G,0.7831,0.7831,56,10
TGATTTGACTGAGAGG,K307C,0.1824,0.1824,120,92
TGATTTGCCTTCATAC,E476R,0.0905,0.0905,207,320
TGATTTGCTACCACTA,,0.0565,0.0565,86,213
TGATTTGGCAACATGA,,0.1361,0.1361,902,927
TGATTTGGTATCTAGC,L314F,nan,nan,0,0
TGATTTTAACCGACAG,A160R,0.1674,0.1674,674,563
TGATTTTACCAATAGC,L447T,0.2185,0.2185,75,48
TGATTTTCGAACTAGG,V510P,0.1272,0.1272,4032,4434
TGATTTTGTACTTGCT,C76K I502W,0.0000,0.0000,0,4
TGCAAAAAAAAATAGC,,0.1200,0.1200,1218,1419
TGCAAAAAATCACACA,I335H,0.0000,0.0000,0,11
TGCAAAAACCACACAC,Q454G,0.1398,0.1398,258,258
TGCAAAAACGTAGAAT,,0.0000,0.0000,0,56
TGCAAAAGTGGGTAAA,C549Y,0.1194,0.1194,1533,1795
TGCAAAAGTTTAAACA,N224D R328bQ D375N E432K,nan,nan,0,0
TGCAAAATTTGGACAC,E393Q,0.0565,0.0565,214,530
TGCAAACAATTGCTAC,N150Q P293L,1.0000,2.3773,34,2
TGCAAACCCGCAATCA,F147K,0.0000,0.0000,0,3
TGCAAAGAAACTATAA,G360L,1.0000,5.4539,39,1
TGCAAAGAACCAACCA,K372H,0.1779,0.1779,2678,2105
TGCAAAGCCAGTAACA,K328cQ,1.0000,1.3031,205,22
TGCAAAGCGTGTCCAG,C477F,0.0000,0.0000,0,8
TGCAAAGTGCGATGCC,G271F Q371V,0.3236,0.3236,199,86
TGCAAATAATCTAAAG,S167A N289Q,0.1512,0.1512,1738,1607
TGCAAATACTTAGACG,I42E,1.0000,1.2761,73,8
TGCAAATTAGGCACGC,S290V,0.2597,0.2597,52,28
TGCAAATTCAATCTCT,E273K,0.0371,0.0371,13,49
TGCAAATTCTTTAAAA,E-5N,0.2058,0.2058,927,630
TGCAACAAAGTTCCAG,,0.1517,0.1517,3062,2822
TGCAACAGTAATACTG,,0.1724,0.1724,1108,899
TGCAACATACACTACA,S167L N322D T370S,0.0000,0.0000,0,7
TGCAACATATTAAAGA,A67M *551Q,0.0717,0.0717,60,117
TGCAACCAACGATCAT,S369A F469R,0.0000,0.0000,0,1
TGCAACCTCTGTAGTT,A526F,0.0000,0.0000,0,38
TGCAACTACAGATCCA,,0.1458,0.1458,1099,1054
TGCAACTACCTTTACG,N446A,0.0000,0.0000,0,52
TGCAACTGTCTTAACA,A3W,0.1909,0.1909,3536,2590
TGCAAGAACACTGGTA,A138T,0.0378,0.0378,56,207
TGCAAGAGGAAATCTC,,0.1156,0.1156,854,1033
TGCAAGCAAATACCCG,,0.1389,0.1389,573,577
TGCAAGCAAGATACGT,S185F,0.0000,0.0000,0,13
TGCAAGCATTACTTAG,D386I N475G,0.0000,0.0000,0,26
TGCAAGCGAATAAACC,F469I R482W,1.0000,2.0277,58,4
TGCAAGCTCATCCCGA,Y141*,nan,nan,0,0
TGCAAGCTTCGATTAA,,0.1597,0.1597,2792,2445
TGCAAGGACCGGCCTG,W421Y,0.3146,0.3146,27,12
TGCAATAAAGTCTATA,E44N,0.0000,0.0000,0,10
TGCAATAATAACGTTC,M268F T370N F469S,0.0000,0.0000,0,4
TGCAATAGCCCCACCC,,0.1845,0.1845,8629,6542
TGCAATATAACACAAT,G333H,0.1900,0.1900,1099,809
TGCAATCACAAAATAA,I514E,0.0000,0.0000,0,19
TGCAATCCGCCACGGA,,0.1351,0.1351,459,475
TGCAATCGGACTATAT,S492G,0.1410,0.1410,3832,3800
TGCAATCTATTACTTA,S167D N193K R321G F469V,0.0000,0.0000,0,2
TGCAATGAAACGCCCC,K50A,0.1237,0.1237,4565,5162
TGCAATGATGTTGAAA,R456I,0.1413,0.1413,294,291
TGCAATGCTTAACAAA,G465D,0.0000,0.0000,0,5
TGCAATGTAGTCGAGT,,0.1423,0.1423,687,675
TGCAATTACTGTACAC,L43I,0.0000,0.0000,0,4
TGCAATTTTCCGATTA,,0.1343,0.1343,892,929
TGCAATTTTTACACTG,G134Q,1.0000,2.4333,174,10
TGCACAAAAACTTCAC,T436I,1.0000,1.2909,120,13
TGCACAATCAATTGAT,D231W N458Y,nan,nan,0,0
TGCACAATGGCGCGAA,K445M,0.1596,0.1596,815,714
TGCACAATTTATCCAT,N158C A336D G533D,nan,nan,0,0
TGCACACAACCCTTTA,E340S,0.3063,0.3063,138,63
TGCACACCCTATAAGT,,0.1038,0.1038,1433,1931
TGCACACCGTGGTTGG,S290H,0.1232,0.1232,3207,3641
TGCACACCTATATATC,A160L,0.3211,0.3211,62,27
TGCACACGAAAACATA,I155K,0.1595,0.1595,187,164
TGCACAGAAAACGTCA,I267V,0.1630,0.1630,2170,1862
TGCACAGAACGCCCAA,M413I,0.1453,0.1453,1008,970
TGCACAGTAGGGGTGG,,0.1481,0.1481,8886,8392
TGCACATAATGAAGCG,V56F G337E,0.1632,0.1632,28,24
TGCACATCCGCTAAAA,S207E,0.1295,0.1295,17178,18550
TGCACATCCTACAGTA,I178A,0.1434,0.1434,40,39
TGCACATTAAATTGCA,D41G,0.0843,0.0843,414,687
TGCACATTTTTTAAGC,N54aE,0.2237,0.2237,2967,1855
TGCACCAATCCGTTCT,,0.2235,0.2235,879,550
TGCACCATAACAGGTC,H471M,0.0233,0.0233,1,6
TGCACCCATATATAAG,A91H,0.2014,0.2014,3134,2176
TGCACCGAACACAATT,R173K,0.2216,0.2216,1296,818
TGCACCTCTGAGGCTA,,0.1547,0.1547,3919,3542
TGCACCTTGGTCATGT,D441T,0.1538,0.1538,561,510
TGCACGAATAGATACT,T235R,0.5803,0.5803,83,20
TGCACGCTGAAAGATA,K196Y,0.1858,0.1858,6663,5015
TGCACGGATACGGAAA,E255D,0.0324,0.0324,25,108
TGCACGTAGACTCCCG,N94P,0.2680,0.2680,46,24
TGCACGTATGCAATCT,N186S,0.0340,0.0340,77,317
TGCACTAGCCGTGAAA,,0.1252,0.1252,888,992
TGCACTATACAAACAA,K259Q I384Y,0.0735,0.0735,52,99
TGCACTATGAGTCGTA,G16P,0.0000,0.0000,0,1
TGCAGAACAAATCAAA,P92aC,0.1039,0.1039,266,358
TGCAGAACCCCGGTCA,E107K M111Y,nan,nan,0,0
TGCAGAACGTCACTGT,S126G L447E,0.0000,0.0000,0,3
TGCAGAATATCATTTG,S167R,0.1211,0.1211,529,611
TGCAGACCCTTGACCA,H184A S523A,0.0000,0.0000,0,10
TGCAGACTTAAAAGGG,S126D,0.1318,0.1318,521,553
TGCAGAGAAGACCCAT,,0.0922,0.0922,1391,2110
TGCAGAGGGACGAAAG,I335G,nan,nan,0,0
TGCAGATATTTTTTAC,Q391V,0.3496,0.3496,30,12
TGCAGGAACATCCCAA,I178P,0.0000,0.0000,0,33
TGCAGGCACGAAACAA,L430P,nan,nan,0,0
TGCAGGTGACTGGTGT,A160D K506P,0.0640,0.0640,119,260
TGCAGTAAGCCGACAA,,0.0629,0.0629,116,258
TGCAGTAGTTATGGAA,,0.1790,0.1790,4065,3175
TGCAGTCATCAAAATA,E119L,0.0000,0.0000,0,127
TGCAGTTTCAAACGCG,V481N,nan,nan,0,0
TGCAGTTTTATATCAA,M-6C,0.0000,0.0000,0,20
TGCATAAAGAACCCCC,E340W F469G,0.0000,0.0000,0,2
TGCATAAATACGCAGA,K120R G303H,0.3916,0.3916,28,10
TGCATAAATTTAGAGA,V510E,0.1292,0.1292,716,775
TGCATAAGAACATCAC,G465I,0.0000,0.0000,0,7
TGCATAATCGTACGAG,W84P,0.0000,0.0000,0,5
TGCATAATTACTTGGG,K269Q,0.1498,0.1498,135,126
TGCATACCAAAGAGTA,E31W,0.0000,0.0000,0,2
TGCATACGAACGTCGC,N483P,0.0000,0.0000,0,26
TGCATAGAACCATACT,I302Y,nan,nan,0,0
TGCATATACGAGACTG,L154V,0.1614,0.1614,899,779
TGCATATGAAAGGTAG,T163E,0.0190,0.0190,37,272
TGCATATTCCAATTAT,,0.1474,0.1474,2422,2298
TGCATATTGCATACTG,H355I,0.2108,0.2108,104,69
TGCATATTTTAAACAT,,0.1474,0.1474,371,352
TGCATCAACTTCTCGT,R81Y,0.2194,0.2194,12586,8024
TGCATCAAGTCCTGGA,K57E T390E T520H,1.0000,4.6148,66,2
TGCATCATATTATACT,,0.1543,0.1543,2323,2106
TGCATCTATAAGCCCT,,0.2559,0.2559,6025,3292
TGCATCTTTCGGTATG,L462W,0.1510,0.1510,1797,1664
TGCATGCATACTCGAG,A242G,0.1181,0.1181,136,161
TGCATGCGCATCATAA,,0.1316,0.1316,1172,1245
TGCATGGACTCTTCCA,S524H,0.0000,0.0000,0,10
TGCATGGCTCCGGATT,Q391R,0.1080,0.1080,2188,2832
TGCATTAAGTTAATAA,H183V,1.0000,inf,29,0
TGCATTAATGCCGATC,F245H,0.2689,0.2689,25,13
TGCATTACAAAGGTTC,T370Y E500Y,1.0000,inf,33,0
TGCATTAGATACAGCA,M111Q N379M,1.0000,1.1403,106,13
TGCATTCAATCGACGA,R90I,0.0643,0.0643,161,350
TGCATTCTCCGAAACC,,0.1854,0.1854,578,436
TGCATTCTCTTAACTG,L176I,0.1527,0.1527,2282,2090
TGCATTGGTAATATTC,,0.1502,0.1502,1027,956
TGCATTGTCACCCGGT,D27N Q282N,nan,nan,0,0
TGCATTTATGAAATCC,,0.0350,0.0350,31,124
TGCCAAAAACTCATCA,,0.1661,0.1661,1415,1191
TGCCAAACAAATCAAT,,0.2633,0.2633,531,282
TGCCAAAGTGAACACA,Q40W K372H,0.1725,0.1725,2990,2424
TGCCAAATCCATAAAA,,0.0530,0.0530,22,58
TGCCAACCTGAGGGCC,,0.0472,0.0472,27,80
TGCCAACTTGTTTTAG,,0.1868,0.1868,5186,3882
TGCCAAGAACATGGGG,D264A D457F,0.3007,0.3007,43,20
TGCCAAGCTTATCCTA,A39F,0.2078,0.2078,1125,757
TGCCAATCTCAAGATT,Q12I E426L,0.0000,0.0000,0,1
TGCCAATTTCTAGTAT,T436R,0.0000,0.0000,0,15
TGCCACAAAGAAAAAG,L213Q,0.0763,0.0763,1080,1980
TGCCACACCGATCCTA,H244W,0.0772,0.0772,570,1033
TGCCACATATGCGTTA,,0.0000,0.0000,0,6
TGCCACCCTACCATGA,Y201W G504D,0.0000,0.0000,0,42
TGCCACGGTGGTAAAC,A3L Y98L,0.0000,0.0000,0,22
TGCCACTGTCCTGAAA,K165C,0.1007,0.1007,1179,1637
TGCCAGAAATAACAGA,K328cM,0.0000,0.0000,0,3
TGCCAGCCCGTCCAAT,S442K,0.5069,0.5069,29,8
TGCCAGCCGGTTGCAG,,0.1312,0.1312,9970,10629
TGCCAGCTGCATAACG,I164V A334V,0.2523,0.2523,83,46
TGCCAGTCTAAACTGA,V204S,0.0915,0.0915,891,1362
TGCCAGTGGGCTGTAA,W127Y,0.2087,0.2087,3403,2280
TGCCATAATCCCTCGG,Q226G,0.3941,0.3941,31,11
TGCCATCTACGAAATG,K450F,0.2750,0.2750,59,30
TGCCATCTCCATCCAG,,0.1394,0.1394,6912,6933
TGCCATGATCAGCTAT,A253H,0.0000,0.0000,0,10
TGCCCAATATAACCTT,H355E,0.1729,0.1729,209,169
TGCCCAGCATTAAATT,,0.5194,0.5194,26,7
TGCCCAGTTAATAAGA,M413V,0.1106,0.1106,1368,1730
TGCCCATAAAAAATAA,V481K,0.0000,0.0000,0,7
TGCCCATCCAATACTA,V-2L D77R Q222D,0.0562,0.0562,687,1709
TGCCCATCGCACAAAT,S290G,nan,nan,0,0
TGCCCATGACAATCAT,D241P,nan,nan,0,0
TGCCCATTAAGAAGAT,C97I,nan,nan,0,0
TGCCCATTCACATATA,K506Q,0.2062,0.2062,13719,9304
TGCCCCAGACCCTTAT,S291N,0.1693,0.1693,811,670
TGCCCCAGTACCGATT,Y141H,0.1672,0.1672,2467,2063
TGCCCCCATAGCGACC,Q25W R114F M431I,0.0000,0.0000,0,2
TGCCCCCATTGTTCGA,T132I M531I,0.2155,0.2155,635,412
TGCCCCCCCTGCAAGA,D104K L409I,1.0000,1.2027,86,10
TGCCCCTGGCATTCCA,S167I,0.7831,0.7831,84,15
TGCCCCTTATGGGCAC,T266S,0.0568,0.0568,97,239
TGCCCGCACGCGGTAC,L179H,0.1153,0.1153,1717,2083
TGCCCGCTTTAATTTA,V315R,0.1999,0.1999,2861,2001
TGCCCGTTCATTACAT,I217T,0.0477,0.0477,30,88
TGCCCTACAGTTGACT,S311R I406D,0.0000,0.0000,0,3
TGCCCTATAGAAGGAT,V315Q,0.0917,0.0917,438,668
TGCCCTATATGTCTAA,I15G,nan,nan,0,0
TGCCCTATCTCACCAC,C277N,0.5221,0.5221,56,15
TGCCCTCCCCTAGAGC,,0.1580,0.1580,679,601
TGCCCTCGGCAAGGAA,R81G,0.0654,0.0654,935,1998
TGCCCTGCAGGGCATG,N20G V481Y,nan,nan,0,0
TGCCCTTAGAGCCCTC,Y308*,0.0000,0.0000,0,2
TGCCCTTTAATAACCC,Q142W V309L,0.2360,0.2360,27,16
TGCCGAAGCCCACGGT,K280E,0.0605,0.0605,476,1100
TGCCGAATAATTAGAA,F467Q,0.0000,0.0000,0,21
TGCCGAATCGGAGAGT,L71K,nan,nan,0,0
TGCCGAATTGACGAAC,L-1P R114Y R326D,0.8740,0.8740,25,4
TGCCGACTGTTCTATT,P162L R321P T370V F469D,0.4370,0.4370,25,8
TGCCGATACAGATAAC,H130Q N169S,0.1318,0.1318,1198,1271
TGCCGATATCGCATCG,A317T,0.0000,0.0000,0,57
TGCCGATCAGTGAGGG,,0.0479,0.0479,135,394
TGCCGATCATAGCTGG,,0.0849,0.0849,267,440
TGCCGATGGATAGTAC,S492M,0.1703,0.1703,95,78
TGCCGCACACTTAGCT,I302H,0.0000,0.0000,0,2
TGCCGCATTGCGTAAC,C539D,0.3059,0.3059,35,16
TGCCGCTCCATAACAA,V204N,0.0000,0.0000,0,1
TGCCGGAAAACACAGT,C52E,0.0000,0.0000,0,5
TGCCGGAATCATCCCC,A3L,0.2043,0.2043,716,490
TGCCGGACTTGCCGGT,E426Q,0.0923,0.0923,851,1289
TGCCGGCATTCACTAC,N424V,0.6153,0.6153,22,5
TGCCGGCGGACCCACA,N172K G271C,0.0720,0.0720,102,198
TGCCGGGTTAATATAT,,0.1625,0.1625,1218,1048
TGCCGTCCAATGGGCA,P99M,0.9509,0.9509,34,5
TGCCGTCGAACGCGCT,Q211D,0.1548,0.1548,890,804
TGCCGTGAAGGCAACA,R81Y,0.2309,0.2309,175,106
TGCCTAAATCTGTACC,N169T R321P,1.0000,inf,21,0
TGCCTAATAAACGAAC,D449N,0.1603,0.1603,1448,1263
TGCCTACCGTAACCAA,,0.1347,0.1347,3478,3610
TGCCTACTTACGACTG,,0.1761,0.1761,2107,1673
TGCCTAGCATGCTACA,W180I,nan,nan,0,0
TGCCTAGCTTTATGAA,T200K,0.0000,0.0000,0,1
TGCCTAGTAAAGTTAC,E131T T283Q,nan,nan,0,0
TGCCTATGTCAAATGC,,0.0977,0.0977,2913,4171
TGCCTCCGACACAGTA,N172D,0.1404,0.1404,5513,5490
TGCCTCGGAAAGAAGT,N401T,0.1742,0.1742,10547,8468
TGCCTCTCGTACCGCC,N103T M530C,0.3408,0.3408,3027,1242
TGCCTGACCACTTCGT,,0.1466,0.1466,827,789
TGCCTGAGTGGTATTT,F232C,0.0000,0.0000,0,12
TGCCTGATCCAATAAA,L209Y M531Y,0.2442,0.2442,117,67
TGCCTGCAACTGAGGT,,0.1030,0.1030,3089,4195
TGCCTGGGTGTGCTTC,S356P,0.0000,0.0000,0,6
TGCCTTACCAGCGCTC,S207G,0.1151,0.1151,637,774
TGCCTTAGGCGTCTAG,L43F,nan,nan,0,0
TGCCTTATTTACATAA,Y308V,0.4322,0.4322,68,22
TGCCTTCACATTACAA,K9W A425V,0.2319,0.2319,68,41
TGCCTTTACTAATCTT,S203K H471C,0.0000,0.0000,0,2
TGCCTTTTAATAGGAG,T192W G396L,0.0000,0.0000,0,3
TGCGAAAAGTGAGTAA,A144K I260L,nan,nan,0,0
TGCGAAACTAGAACAA,N224P,0.0000,0.0000,0,12
TGCGAACCAGATTCCT,L133aN,0.4421,0.4421,28793,9107
TGCGAAGAATAACGAG,N248V,0.0000,0.0000,0,163
TGCGAATATCGTATAC,I202H,0.0000,0.0000,0,9
TGCGAATCTCGTAGTC,V66Y,0.0000,0.0000,0,78
TGCGAATGAACCGATT,Y258S R328bH,0.0000,0.0000,0,5
TGCGAATTAACCCGTA,S524H,nan,nan,0,0
TGCGAATTCGTTTTGA,S113T A144K,1.0000,1.7341,62,5
TGCGACAGTGGTGAGA,F338H,0.0000,0.0000,0,14
TGCGACATAATTTAAT,T206F G533C,nan,nan,0,0
TGCGACATCATAATGC,W421S,0.6526,0.6526,42,9
TGCGACCCTGACTACG,Y470L,0.2185,0.2185,9521,6093
TGCGACCGAAAACAGG,T378Y,0.2406,0.2406,874,508
TGCGACTCCTGAGAAG,M530G,0.0000,0.0000,0,6
TGCGACTGTTCCCCTC,,0.1732,0.1732,415,335
TGCGAGAAAGTAATCG,I178N,0.1661,0.1661,19,16
TGCGAGAAGATTGTTC,E174D,0.1837,0.1837,897,683
TGCGAGCACCATAGAA,L430D,0.0000,0.0000,0,1
TGCGAGCGAAATACCC,,0.1803,0.1803,3372,2616
TGCGAGTTGATTAAAA,N357D G362V,0.0000,0.0000,0,9
TGCGATACCCTTGGCG,I80C,0.1735,0.1735,547,441
TGCGATCACACGCCAT,Y17S,0.2408,0.2408,31,18
TGCGATTCAGGATAGA,N169P R321P F469D,0.0000,0.0000,0,8
TGCGATTCCGACAGGT,K450P,1.0000,2.5172,36,2
TGCGCAAACTCCGCCA,Y168T I385R,0.0000,0.0000,0,28
TGCGCACTCACAAATG,K9Y,0.1572,0.1572,508,452
TGCGCACTCCCCTGCA,N408L,0.0985,0.0985,281,399
TGCGCAGGATCAGGCC,N357L,nan,nan,0,0
TGCGCATAAAGATCAA,T318N,0.0000,0.0000,0,1
TGCGCATCGCCTTCCT,W234E,0.0000,0.0000,0,2
TGCGCATGCCGGACGT,I514K,0.0980,0.0980,68,97
TGCGCCATTCGGAAGG,,0.1639,0.1639,1821,1554
TGCGCCCCTTATCTGC,S311E,0.0000,0.0000,0,28
TGCGCCGATGCGCCCT,E508F,0.2018,0.2018,4924,3412
TGCGCGATTGATTATA,M413P,nan,nan,0,0
TGCGCGCAATGTAATT,V8A K262aA M530C,0.6170,0.6170,525,119
TGCGCGCGAACATAAC,,0.1343,0.1343,267,278
TGCGCGTACGAATGGT,,0.1012,0.1012,1115,1541
TGCGCGTCTACCGTAA,E476R,0.2439,0.2439,1303,747
TGCGCTAAAACTGATC,I15L,0.1063,0.1063,38,50
TGCGCTAAGTGTTAAC,T206N,0.1204,0.1204,62,72
TGCGCTACAAGCGGTA,N94E,0.2128,0.2128,280,184
TGCGCTGACATCTAAG,,0.1283,0.1283,1389,1514
TGCGCTTGGTACCATT,,0.0000,0.0000,0,31
TGCGGAACCCTTACAA,,0.1396,0.1396,6765,6776
TGCGGAATCAATCTCA,E31H A425T,0.0826,0.0826,274,464
TGCGGACATGGCTGGG,L453E,0.0000,0.0000,0,15
TGCGGAGTGTTTATAC,T46D,0.1735,0.1735,1103,889
TGCGGATCTACCTTAG,I374F,0.1557,0.1557,2690,2416
TGCGGCACACCTCGTA,W153C,nan,nan,0,0
TGCGGGGAGTTAACAC,L418N,0.1297,0.1297,244,263
TGCGGGTTCAACCCAT,V34R S167P N401G,0.0000,0.0000,0,10
TGCGGTAAAAAAGAAT,C277Y,0.0000,0.0000,0,10
TGCGGTATGATGAGGC,L447M E468N,0.1146,0.1146,1161,1417
TGCGGTTAACCTTACC,,0.1139,0.1139,1731,2125
TGCGGTTGAATTAAAG,G465Y,0.1494,0.1494,377,353
TGCGGTTTCGGTATAT,,0.2012,0.2012,1295,900
TGCGTAACGAAACAAT,Y470E,0.1982,0.1982,146,103
TGCGTAATTTACCAGA,A91W,0.1763,0.1763,4251,3372
TGCGTCCGCTTGATAA,Y470V,0.0935,0.0935,892,1334
TGCGTCGACGGTTCCA,,0.0423,0.0423,13,43
TGCGTCTGCGAGGGGC,D487H,0.0937,0.0937,1318,1967
TGCGTGATACACTTTC,A532P,0.1028,0.1028,100,136
TGCGTGCACATTGAAT,Y168D,0.0000,0.0000,0,14
TGCGTGCACCTTGACT,D95H F469I,0.0363,0.0363,35,135
TGCGTGGCTAAGTGAA,S125bQ,0.1421,0.1421,193,190
TGCGTTACAAACGCCA,G330C,0.0000,0.0000,0,3
TGCGTTACAAGAACCG,M-6S,0.0000,0.0000,0,7
TGCTAAAAAAAACATA,G49L,0.0734,0.0734,157,299
TGCTAAAACCGGATAT,,0.1141,0.1141,470,576
TGCTAAAAGACAGCGT,E494K,0.1692,0.1692,2315,1913
TGCTAAAATTTCCATG,I374N,0.2005,0.2005,367,256
TGCTAAACACACAAAC,,0.0922,0.0922,58,88
TGCTAAAGCACCAAAT,P299D,0.1444,0.1444,283,274
TGCTAAAGTTAGCTGG,,0.0000,0.0000,0,27
TGCTAAATAATAGGTC,I121D N475A,0.6955,0.6955,189,38
TGCTAAATTTGCGTGA,N186F,0.0000,0.0000,0,44
TGCTAACGTAGAATGC,,0.0000,0.0000,0,3
TGCTAACTATTCAAAA,K328E,0.0460,0.0460,25,76
TGCTAAGAGATAAAAT,L2F,0.0786,0.0786,59,105
TGCTAAGTGGGTTACA,N389T,0.0886,0.0886,1124,1775
TGCTAATAATCTTCCG,,0.1453,0.1453,376,362
TGCTAATCTTAATCCT,P198T A459C,0.2284,0.2284,49,30
TGCTAATCTTGGTAGG,K328A,0.1250,0.1250,935,1046
TGCTACACAACCGCAG,,0.1712,0.1712,16172,13208
TGCTACAGAGACTCTA,S291E,0.1480,0.1480,2883,2724
TGCTACATGTACTCTT,I166A,0.1285,0.1285,3994,4347
TGCTACATTCTAAAAG,K62S L154P N458L,0.0000,0.0000,0,5
TGCTACCCACCAGAAA,,0.0935,0.0935,1697,2537
TGCTACCCCATTGCCA,G337R,0.4778,0.4778,41,12
TGCTACGCATTAACTA,,0.1224,0.1224,1252,1431
TGCTACTGGACGTTGT,A188F S519A,0.1754,0.1754,3946,3146
TGCTAGACAATCCCAG,Y491D V505M,0.3996,0.3996,80,28
TGCTAGAGAACATGCT,I384N,0.0000,0.0000,0,1
TGCTAGATATAATCAT,F469G,0.0000,0.0000,0,1
TGCTAGGTTTGGTTCA,L209P,0.0000,0.0000,0,6
TGCTATAGATAGCCAT,L402E,0.1502,0.1502,852,793
TGCTATATCGCATAAA,,0.0000,0.0000,0,59
TGCTATCCGAAACCCT,C64P,0.0000,0.0000,0,7
TGCTATGATTTGAGGG,,0.1403,0.1403,4777,4760
TGCTATGCGTATTACA,H244F,0.0975,0.0975,1026,1471
TGCTATGGTCACTCTA,K328cI,0.5174,0.5174,37,10
TGCTATTACGAGGAGT,A39V,0.1481,0.1481,469,443
TGCTATTACTCGGACG,A373Y,nan,nan,0,0
TGCTATTTAGCTTCCC,R326A,0.1004,0.1004,1280,1783
TGCTCAATACGTGGCC,S383C,0.1665,0.1665,912,766
TGCTCAATGTTTCAAA,I297R,nan,nan,0,0
TGCTCACAATTAGCAT,Y512M,0.1671,0.1671,1656,1386
TGCTCAGTGTCACTCC,I529D,0.0000,0.0000,0,4
TGCTCATTCGTGTATA,F147T C466P,0.0000,0.0000,0,1
TGCTCCACGAATACAC,P128K H244T I502S S516R,nan,nan,0,0
TGCTCCCATCTAGCAC,N92D,0.0000,0.0000,0,1
TGCTCCGCGACGTAGC,,0.1304,0.1304,5974,6407
TGCTCGACATCTTCGA,S207E,0.1552,0.1552,3233,2914
TGCTCGCTCTGAGGCG,,0.1134,0.1134,756,932
TGCTCGGGTTCGAACA,N446K,0.0176,0.0176,19,151
TGCTCGGTTATTAAAC,F467C,0.0000,0.0000,0,2
TGCTCTATCCTTTCGA,V34I,0.2049,0.2049,1459,996
TGCTCTCAAAATATTA,E414L,0.3152,0.3152,151,67
TGCTCTCATAAAGAAA,T370N,nan,nan,0,0
TGCTCTTAATCTGTGA,L325W,0.1436,0.1436,649,632
TGCTCTTATCACCACA,,0.1167,0.1167,1921,2302
TGCTCTTCCTATATAA,I384Q,0.0000,0.0000,0,4
TGCTCTTTAGAACAAC,N92D,0.1589,0.1589,17782,15647
TGCTGAACCATAAAAG,I385R,0.1446,0.1446,1268,1226
TGCTGAATGAAAAAAT,S480W,0.0000,0.0000,0,4
TGCTGACAAAACCACG,E358K N401H,0.0976,0.0976,360,516
TGCTGAGACTACACAA,S369P T390N,0.0000,0.0000,0,7
TGCTGATAAATATTTA,M531G,0.1478,0.1478,1201,1136
TGCTGATAGTAACTGC,I517K,0.2797,0.2797,26,13
TGCTGCAAAGCAAGTG,E476* R482Y,0.0000,0.0000,0,2
TGCTGCAAATACTTTG,D11I,0.0000,0.0000,0,11
TGCTGCAATTGCCGGA,S270H,0.6060,0.6060,104,24
TGCTGCAGTACCAAGG,P215Y,0.0000,0.0000,0,6
TGCTGCATCAAACACT,,0.1386,0.1386,2471,2494
TGCTGCCAAGATGCTC,,0.1299,0.1299,1400,1507
TGCTGCCATTCGAGAG,R482I,0.3574,0.3574,69,27
TGCTGCCTTAGGCACG,,0.1256,0.1256,106,118
TGCTGCGAAACTGCGT,,0.1427,0.1427,2472,2423
TGCTGCGATGCAGCAC,S519N,0.1069,0.1069,545,713
TGCTGCGCCGCAAGAG,V444R,0.0000,0.0000,0,2
TGCTGGACTAAGTTAA,C14*,nan,nan,0,0
TGCTGGAGAACAAAGC,E190C,0.2762,0.2762,79,40
TGCTGTAGATTACGTA,C52P N186L,0.0000,0.0000,0,1
TGCTGTGAACAACTTT,G271L,0.0918,0.0918,719,1095
TGCTTAACACATTCGT,G352Q,0.0000,0.0000,0,6
TGCTTACCCCCAAACT,Q12I,0.1824,0.1824,30,23
TGCTTACTAAAAGGAT,,0.0000,0.0000,0,16
TGCTTATACACCCCCA,V152W H295D,0.2464,0.2464,37,21
TGCTTATATCCAAGCT,T28G,1.0000,3.2164,46,2
TGCTTATGACAACTAA,R220H,0.0000,0.0000,0,24
TGCTTATTCCGAGGAG,,0.0000,0.0000,0,1
TGCTTCGCACAATTGG,,0.1246,0.1246,886,994
TGCTTGATGTCATGTC,,0.1093,0.1093,8597,11003
TGCTTGGCATCCTAAA,D104H,0.1468,0.1468,1792,1707
TGCTTTCAATGTGGCG,S523P,0.0000,0.0000,0,4
TGCTTTCGTAATCTCG,D175Y E432K S442N,0.0914,0.0914,449,687
TGCTTTCTCCCGAAAC,D264I,nan,nan,0,0
TGCTTTTCCAGAAAAA,F467S,0.0000,0.0000,0,6
TGCTTTTTGTAGAGGT,E340C,0.3814,0.3814,60,22
TGGAAAATAAAAGTAA,L453S,0.2272,0.2272,104,64
TGGAAAATACTCTGTC,Q191G,0.8002,0.8002,103,18
TGGAAACGGAACACAA,I121D,0.0993,0.0993,680,958
TGGAAAGAAAAGCTCG,,0.0919,0.0919,787,1198
TGGAAAGTCTGCACAC,,0.0000,0.0000,0,64
TGGAAATTCCGAAAAA,A67E G181A,0.0000,0.0000,0,1
TGGAACACAGTATATG,,0.0884,0.0884,110,174
TGGAACATCCTACATA,M30W,0.1942,0.1942,50,36
TGGAACCCCTTCACAC,,0.1496,0.1496,6323,5911
TGGAACTTCAAGCCAT,,0.0962,0.0962,298,433
TGGAAGAAAAACATAT,I302R,nan,nan,0,0
TGGAAGAATGTATTAA,,0.0780,0.0780,845,1515
TGGAAGAGAATAGCCG,Q222M,0.1154,0.1154,1434,1737
TGGAAGATTCCGGAGT,F399W,0.1009,0.1009,233,323
TGGAAGCATTAACCTG,,0.0948,0.0948,181,267
TGGAAGGACGTGACCG,A39T K450Q,nan,nan,0,0
TGGAAGTACAATGTGA,,0.3909,0.3909,246,88
TGGAATAAAGAATACA,S167K R321K T370H F469V,nan,nan,0,0
TGGAATAAGATTAAGA,,0.0993,0.0993,375,528
TGGAATACTCAGGACT,G510aC,0.2735,0.2735,176,90
TGGAATAGTACGTTAA,E78H H110N I385V,0.0709,0.0709,291,574
TGGAATATAAATTCAG,,0.1876,0.1876,797,594
TGGAATCCTTTTACAG,K372G,0.1198,0.1198,1123,1311
TGGAATCTATGATATC,D386S,0.1818,0.1818,117,90
TGGAATGACTGATTAA,W421P,0.0000,0.0000,0,10
TGGAATGTAACTACCA,L331P,0.3729,0.3729,56,21
TGGAATTATAGCTGTT,,0.1256,0.1256,690,768
TGGAATTCTTCGTAGA,,0.1692,0.1692,13685,11311
TGGAATTTACTCACAG,H184G,0.1243,0.1243,24,27
TGGACAAAGAACCTAG,E174F,0.1783,0.1783,7065,5542
TGGACAAGTTACGGAT,W180Y K450R,0.1176,0.1176,1450,1724
TGGACAATATACGAGA,N92Q K506R,0.1142,0.1142,387,474
TGGACAATTACGGCTT,,0.2581,0.2581,3064,1660
TGGACAATTTATTTAT,A522D,0.0000,0.0000,0,17
TGGACACAAACGTTCC,N169S K328cM,0.1546,0.1546,21,19
TGGACACAGTTTCAAA,P198E,0.0662,0.0662,3131,6612
TGGACACCAGCTTGCA,T219G N464P,1.0000,1.1032,142,18
TGGACACCGGCGAGCG,A425L,0.0000,0.0000,0,3
TGGACAGAATTCGATA,C52A L437P,nan,nan,0,0
TGGACCAAACTATATA,Y17R,0.0000,0.0000,0,16
TGGACCACGACGAAAG,,nan,nan,0,0
TGGACCAGGAAGTCTC,,0.2898,0.2898,373,180
TGGACCATACGTTTTT,V56R T279A G416D,0.0000,0.0000,0,6
TGGACCATAGCCGTTG,H295M,0.1130,0.1130,762,943
TGGACCGTTTCCCAGA,H38K,0.1087,0.1087,1697,2183
TGGACGAGACCACTCG,H276A,0.2483,0.2483,2660,1498
TGGACGCGGTTCAGTA,K472Y,0.1450,0.1450,962,928
TGGACGTCTCCGTGCG,L-1I,0.1488,0.1488,835,785
TGGACTCAAACTGATT,V381F,nan,nan,0,0
TGGACTGGCGACTTTG,C539W,0.1769,0.1769,105,83
TGGAGAAACAAATATA,E89K S356C,0.1158,0.1158,183,221
TGGAGAAAGCAGCTAT,W84K,0.0000,0.0000,0,1
TGGAGAACAAAGCACC,A394V,0.1267,0.1267,29,32
TGGAGAACAAGATCCC,I302Y,1.0000,1.4450,62,6
TGGAGAATTTTAATTT,L96Q,0.1849,0.1849,2345,1774
TGGAGAGAATAGTTGC,K165Q,0.1274,0.1274,5461,5994
TGGAGATAGTATCTAG,N197Q E493G,0.1661,0.1661,733,617
TGGAGATATAATTAAA,,0.1771,0.1771,1260,995
TGGAGATCCCAATAAA,K310W,0.0000,0.0000,0,14
TGGAGCAATCCAAGGT,T208M E414T,0.1149,0.1149,1260,1534
TGGAGCCATCTGGTTT,N250R,0.0000,0.0000,0,9
TGGAGCCCAAAGGAAG,C281E,nan,nan,0,0
TGGAGCCGAAAAGGAC,V82S C539L,0.1177,0.1177,2642,3139
TGGAGCCTTAATTCTA,G376E,0.0000,0.0000,0,2
TGGAGCGGTATTAGGA,,0.1302,0.1302,1184,1272
TGGAGCGTATAACACC,N-4E,0.0000,0.0000,0,45
TGGAGCTTTTAATCTA,K367L,0.1537,0.1537,2017,1835
TGGAGGAGAATATGTA,N169P T370G F469G,0.0000,0.0000,0,14
TGGAGGCCCTAGAGAA,W153N,0.0000,0.0000,0,8
TGGAGGTGCGGCATCT,,0.0000,0.0000,0,16
TGGAGGTGTGATTGTA,Q282C,0.0000,0.0000,0,12
TGGAGTATCACTCTAT,H110N,0.1780,0.1780,140,110
TGGAGTATTACCACCC,I243M,0.0454,0.0454,393,1211
TGGAGTATTTGAGCCC,P284V N424Y,0.1835,0.1835,21,16
TGGAGTCATAAGAACC,L314F,nan,nan,0,0
TGGAGTCTATGATGGT,G271H A373K,nan,nan,0,0
TGGAGTCTGGGATAAA,,0.1480,0.1480,2017,1906
TGGAGTGACATCCGAA,,0.1268,0.1268,545,601
TGGAGTGCTGTATAAC,Y491M,0.0733,0.0733,175,334
TGGAGTTCAACAATAA,Y201R,0.1258,0.1258,806,896
TGGATAAACTAACCTC,N248T,0.1432,0.1432,804,785
TGGATAAAGCTTATCA,Y86C,nan,nan,0,0
TGGATAATGAAACAAC,I42N M75I Y274T,0.2517,0.2517,45,25
TGGATACAAATGCTAC,V82Y K157N,0.0992,0.0992,329,464
TGGATACAAGGGCATT,G484Y,0.1634,0.1634,8393,7183
TGGATACCGGACCCAT,,0.0943,0.0943,399,592
TGGATACTGTGACATA,,0.1582,0.1582,13122,11597
TGGATAGACTTATAAC,,0.1330,0.1330,155,163
TGGATAGATCAAATAC,V420D,0.0000,0.0000,0,18
TGGATAGGTAAATCTA,G275H,0.1619,0.1619,989,854
TGGATATAGAATAGAT,E106P D231N,0.1165,0.1165,40,48
TGGATATGTTCTATGG,,0.1017,0.1017,1132,1557
TGGATCAAGTACACTC,,0.0758,0.0758,58,107
TGGATCATCAGAGAAC,,0.1116,0.1116,166,208
TGGATCCCGTCCATCG,S503R,0.1619,0.1619,418,361
TGGATGACACTTTTGT,,0.1246,0.1246,784,880
TGGATGAGACGAATTT,N158R,0.5066,0.5066,4651,1284
TGGATGAGAGAATGCT,,0.1236,0.1236,10156,11492
TGGATGGATGGCAAAG,K216H M346I,0.0223,0.0223,36,226
TGGATGTGCATCATCC,E246W,0.0974,0.0974,636,913
TGGATTAACTAACGAG,Q222F,0.2019,0.2019,1035,717
TGGATTACCCGCTAAA,K259F K328cT,0.8175,0.8175,76,13
TGGATTCCTCATAAAA,,0.1703,0.1703,4928,4046
TGGATTTCAAGCATAA,,0.0846,0.0846,228,377
TGGATTTTGCAACCGA,G303K,0.0000,0.0000,0,23
TGGCAAAATGAATATC,G49W,0.1787,0.1787,2767,2165
TGGCAAATAAATTGAT,A137F Q391G,0.1226,0.1226,107,122
TGGCAAATCTGAAGCG,C14* M75I,0.0000,0.0000,0,6
TGGCAACATAATCTTG,L70V,0.1149,0.1149,60,73
TGGCAACTTCAATATA,A242E,0.0505,0.0505,69,191
TGGCAAGACACCTGAC,,0.0000,0.0000,0,2
TGGCAAGTGCTTCGAC,K380G,0.0000,0.0000,0,1
TGGCAATATACCAATA,S167P N322S T370F S523A,0.2517,0.2517,18,10
TGGCAATTTCTATACC,,0.1113,0.1113,9219,11579
TGGCACAACCGGATAA,K450R,0.1853,0.1853,652,492
TGGCACCGTAAACGAC,,0.1609,0.1609,6632,5765
TGGCACCTGAAATAAA,A3D F439A,0.0000,0.0000,0,15
TGGCACGATAAAACCT,L409N,0.0000,0.0000,0,1
TGGCACGCGGATTTCA,E358K,0.1552,0.1552,1022,921
TGGCACGGTTCCCTCA,N-4D R326A,0.1968,0.1968,829,589
TGGCAGAGTGGACCAG,W69A,0.2047,0.2047,1828,1249
TGGCAGATAAAAAACT,G181S,nan,nan,0,0
TGGCATAACACTAACG,Y258E,1.0000,9.9988,143,2
TGGCATAATAGTAGTG,P293V,0.0998,0.0998,346,485
TGGCATAGAAAACCAC,A257D,nan,nan,0,0
TGGCATAGCCTTAAAT,A526T,0.0811,0.0811,1914,3301
TGGCATCGCAAAGACG,P254D,0.0000,0.0000,0,9
TGGCATCGGAGTCGAT,,0.0855,0.0855,1025,1677
TGGCATTAAGTATAAC,I374G,0.9944,0.9944,64,9
TGGCCAACACAATAAG,V56S,0.1045,0.1045,130,174
TGGCCAACGTGCAGAA,K328cT,0.0000,0.0000,0,80
TGGCCAATCGCACCCA,P92aM,0.0000,0.0000,0,11
TGGCCACTGATTACTT,E31K M75V E476T,0.0000,0.0000,0,70
TGGCCAGACTAGTGAA,,0.1248,0.1248,3233,3622
TGGCCAGTCCTCAGCA,T390E,0.0323,0.0323,3,13
TGGCCCACCAAACTAT,,0.2131,0.2131,4432,2908
TGGCCCTAATTCTCAA,H471W,nan,nan,0,0
TGGCCCTGCCTCCGCT,N172G,0.0927,0.0927,2408,3632
TGGCCGAGGAAATAAT,L54A G225S,0.0000,0.0000,0,1
TGGCCGCCATCTAGAA,V66E,nan,nan,0,0
TGGCCGTGCCTCTCAG,M268L,0.0000,0.0000,0,17
TGGCCTAACTAAAGTA,I217H A459R,0.0000,0.0000,0,13
TGGCCTATCAACCACA,F245V,0.0143,0.0143,39,381
TGGCCTTAATATTGAA,A253L,0.1267,0.1267,145,160
TGGCCTTGTAGCCGAA,H110V L447M,0.0849,0.0849,17,28
TGGCGAGAAATCATAA,G181I,0.0000,0.0000,0,1
TGGCGAGAAGTCTAAA,V223S E407K,1.0000,1.9578,28,2
TGGCGATCCAAAAATG,N278V,0.1897,0.1897,1694,1249
TGGCGATGGAACTCAG,V135P,0.1865,0.1865,48,36
TGGCGCAATGTCACAG,C52D,0.1914,0.1914,26,19
TGGCGCCAGACGGGTG,K262Y,0.1203,0.1203,43,50
TGGCGCGCCCCGTATC,R496T,0.0509,0.0509,92,253
TGGCGTTGAATCCACC,T279M,0.1625,0.1625,208,179
TGGCGTTTAACTGTTA,D95I A522T,0.3877,0.3877,122,44
TGGCTAACAATTTGAA,M531S,0.0716,0.0716,713,1393
TGGCTACCATAAATTA,,0.1777,0.1777,765,602
TGGCTAGAAGGCCTGT,L61M L427T,0.0940,0.0940,238,354
TGGCTAGACACACAAA,N382Y,0.1968,0.1968,190,135
TGGCTAGGATGAATGT,Y308P,0.0000,0.0000,0,1
TGGCTCAGAGAGACCG,V8H,1.0000,2.1909,94,6
TGGCTCAGATTATCAG,H298Y,0.1191,0.1191,2356,2766
TGGCTCCGCTAACATG,,0.2116,0.2116,1481,979
TGGCTCGCCGTTTACC,N21D T520E,nan,nan,0,0
TGGCTCGTATACAACG,T378N,0.0295,0.0295,42,199
TGGCTCGTTAGCCGTT,,0.2637,0.2637,445,236
TGGCTCTAAAAACCTG,L43M,0.1862,0.1862,253,190
TGGCTCTCTCTGAACT,,nan,nan,0,0
TGGCTGAAGGCGTCAA,Q142V V395M,0.1759,0.1759,5734,4558
TGGCTTCGCGTTAATT,W84C T192G,nan,nan,0,0
TGGCTTGAATACACCA,D41G S442N,0.3037,0.3037,202,93
TGGCTTTACAATAGGG,,0.0676,0.0676,59,122
TGGCTTTACTAGACAA,,0.0823,0.0823,133,226
TGGCTTTCTATTTGGG,,0.2600,0.2600,251,135
TGGCTTTGTATCGCAT,M388C,0.1911,0.1911,373,273
TGGGAAAAAGCAATCA,A373W,1.0000,2.9367,63,3
TGGGAAAATACCCTCA,L325P,0.1298,0.1298,489,527
TGGGAAACATAACCTG,A526C,0.0977,0.0977,1599,2289
TGGGAACCAACACACA,F245M,0.1244,0.1244,548,616
TGGGACAATATTAAGA,Q211R,0.0669,0.0669,915,1913
TGGGACACAAACACTG,G341T,0.1391,0.1391,379,381
TGGGACGAACTAAATA,,0.0740,0.0740,326,616
TGGGAGGAGTGCGAAA,H47G N250R,0.0000,0.0000,0,2
TGGGAGTCCTCTCATA,D386A,0.0466,0.0466,32,96
TGGGAGTTCCTTACGT,F469S,0.0000,0.0000,0,3
TGGGATAAAAAGAATG,,0.1412,0.1412,1894,1876
TGGGATAAATACCACA,T163R S442N,0.0000,0.0000,0,42
TGGGATCCCCCAACCC,P128R M431I,0.2854,0.2854,151,74
TGGGATCCCCTAGGGT,L409C,0.9889,0.9889,297,42
TGGGCAGTGCTGAGTT,I124T,0.1460,0.1460,1109,1062
TGGGCATCAGCTAGCA,L316T C546T,nan,nan,0,0
TGGGCATCATTATTAC,Q211G,0.1302,0.1302,365,392
TGGGCATTTTGTCTAA,M75D,0.1365,0.1365,411,421
TGGGCCACGTTTAAAA,A91Y G504V,0.2288,0.2288,18,11
TGGGCGCATTTAAAGC,,0.0000,0.0000,0,94
TGGGCGTACCCGCGTT,G342K,0.0000,0.0000,0,5
TGGGCGTTGCCTAAAT,L176F V204M C466F,0.0000,0.0000,0,4
TGGGCTAATATGCATT,N312K N379E,0.0000,0.0000,0,19
TGGGCTGTTAGCCCTA,K157R A257Q,nan,nan,0,0
TGGGGAAAGGACCTTG,E407N,0.0880,0.0880,1319,2097
TGGGGAATTCCGAAGC,E24L,0.1420,0.1420,840,827
TGGGGACTCATAGTAA,I406F,0.1082,0.1082,1121,1449
TGGGGGCTAAGAGAGT,Y201V E479T,0.0659,0.0659,235,499
TGGGGGGTGATCTAGA,,0.1487,0.1487,1800,1693
TGGGGTACTAAACTTT,R90I R229F,0.0370,0.0370,27,102
TGGGGTATTAGAAACA,N92Q,0.0607,0.0607,23,53
TGGGTAAACAATTCAC,E407V,0.2392,0.2392,142,83
TGGGTAACAAAAACAC,N475L,0.0788,0.0788,124,220
TGGGTAACTTAGAGTG,G72T,0.1384,0.1384,1160,1172
TGGGTACAAAGTCAAC,D77H,0.1131,0.1131,224,277
TGGGTAGACCTGATTG,G16D,1.0000,inf,63,0
TGGGTAGCGCTCACGT,,0.1346,0.1346,1587,1649
TGGGTATCATGCACCA,,0.1736,0.1736,7362,5931
TGGGTATCCCCTAAAT,I502N,0.7310,0.7310,115,22
TGGGTCAATACTACAA,S167Q L507D,0.3763,0.3763,444,165
TGGGTCCCGATCAATG,V377R,0.0000,0.0000,0,1
TGGGTCTTAGCATAAC,E508W L534P,0.0821,0.0821,81,138
TGGGTGAAAAAAGAGT,,0.0000,0.0000,0,3
TGGGTGAACTGTACGC,S101F,0.1619,0.1619,3574,3088
TGGGTGAGACAATTGC,S167P S369V F469E,0.0000,0.0000,0,26
TGGGTGCAAATCAAAA,,0.0630,0.0630,151,335
TGGGTGTCTCATGTCC,A495I,0.2023,0.2023,755,522
TGGGTTTCTAACCACC,,0.1223,0.1223,1030,1178
TGGTAAAGGCGAGTTC,,0.0000,0.0000,0,2
TGGTAAAGGTTTAGTA,Y141K G319F,0.0000,0.0000,0,6
TGGTAACATAATTAAC,K45D,0.1215,0.1215,3847,4426
TGGTAACTAGCAGCGC,P299R,0.0705,0.0705,61,121
TGGTAAGCACAGTCAA,V8W,0.0848,0.0848,20,33
TGGTAATAAATCGTAT,D77H,0.1126,0.1126,384,477
TGGTAATGACGGACCC,Y448Q,0.0000,0.0000,0,5
TGGTAATTGGAGAGTG,K109A Y488E,0.0458,0.0458,160,489
TGGTACAAGGACAAGA,V36A D159N,0.0000,0.0000,0,3
TGGTACAATAGTATAC,S247I,0.0000,0.0000,0,9
TGGTACATCCGAGTCA,T301G,0.0899,0.0899,54,84
TGGTACCACATAGACA,D441G,0.1393,0.1393,994,998
TGGTACGTCCAGAGAG,M268K,0.0000,0.0000,0,5
TGGTACTATACTAAAA,P299N,0.3706,0.3706,265,100
TGGTAGGTAGTAAACA,G49K,0.1615,0.1615,4632,4011
TGGTATAAAGCCATAA,L515A,0.1768,0.1768,67,53
TGGTATAATCTTACCC,,0.0908,0.0908,978,1507
TGGTATACTCAAACGA,,0.2709,0.2709,184,95
TGGTATCACATCCGTA,R90A S290Q,0.0000,0.0000,0,4
TGGTATCAGAATAAAT,C473T,0.0000,0.0000,0,4
TGGTATTAACAAAATA,,0.0888,0.0888,249,392
TGGTATTACGATAAGC,N158P Y274E,nan,nan,0,0
TGGTATTATGAGAAAA,H276E I529V,0.1691,0.1691,1434,1186
TGGTATTCAACCCCGC,E434K,0.3513,0.3513,103,41
TGGTATTCCTTAGCAT,Q191E K262aY,0.0000,0.0000,0,4
TGGTCAAACCATTGTG,G68F,0.0000,0.0000,0,4
TGGTCAAAGGCTTTGC,A144I,0.1974,0.1974,223,158
TGGTCAACACTCTGTT,W153L,0.0000,0.0000,0,2
TGGTCATAGGAGCAAA,,0.0993,0.0993,2054,2894
TGGTCATGTGTTATAG,L-1A Y491S,0.0000,0.0000,0,1
TGGTCATTCAGCGGTT,R321I T370D F469S,0.0000,0.0000,0,6
TGGTCCACAACAACAC,H38T,0.1540,0.1540,3182,2889
TGGTCCATAAACTATT,,0.1686,0.1686,1936,1606
TGGTCCATGTAACAGA,C281M,0.0000,0.0000,0,20
TGGTCCCTAGATATGG,V8I W234N F469G,0.0000,0.0000,0,1
TGGTCCCTTAAGCCTT,S185L,0.2489,0.2489,89,50
TGGTCCGAAAAAATAA,P58E,nan,nan,0,0
TGGTCGAGATAACTCG,D53N,0.3687,0.3687,29,11
TGGTCGCTATAAGCCA,L54W,0.1566,0.1566,56,50
TGGTCGGTCATAGCCG,T283N,nan,nan,0,0
TGGTCTAACAACTCGT,K262D,0.5113,0.5113,117,32
TGGTCTCAATTGAATT,P299D M530R,nan,nan,0,0
TGGTCTGGAAATTACA,V451R,0.0000,0.0000,0,23
TGGTCTGTAAGATAAA,,nan,nan,0,0
TGGTGAAACCTCAAAA,A317C,0.1033,0.1033,517,700
TGGTGAAATATGCGTA,N443E,0.0000,0.0000,0,3
TGGTGAATCCGTAAGG,R220H,0.0000,0.0000,0,5
TGGTGAGAATAGGAAA,,0.0636,0.0636,15,33
TGGTGAGACTAGGTCT,C549M,0.0736,0.0736,20,38
TGGTGAGGGGGCATGA,K120E,0.0000,0.0000,0,38
TGGTGAGTCAAATCGC,W69L G416V,0.3356,0.3356,24,10
TGGTGCAAATACATAA,Y98P,nan,nan,0,0
TGGTGCATACTTTAGA,I4H K498I,0.0583,0.0583,25,60
TGGTGCCCATGTATGA,P145K,0.5505,0.5505,433,110
TGGTGGATTCAGGACC,N73K,1.0000,inf,20,0
TGGTGGTTAACCTATA,,0.0000,0.0000,0,7
TGGTGTACCTGCTAAT,P125L,0.0000,0.0000,0,7
TGGTGTATAGGGCTAA,K156M,0.0454,0.0454,276,851
TGGTGTTCATGTGATG,N278T,0.1812,0.1812,2016,1556
TGGTTAAATATCGATT,S167L,0.1282,0.1282,2028,2213
TGGTTACCGCAAGCAT,D449Q,0.2447,0.2447,91,52
TGGTTACCTAAACCGA,,0.1599,0.1599,1181,1033
TGGTTACTCACTATAT,I502V,0.1750,0.1750,1992,1592
TGGTTACTCGCTAGGT,S290M,0.0932,0.0932,92,138
TGGTTAGAATCAGGAA,L1M,0.1335,0.1335,4657,4877
TGGTTATAGGTAAAGG,K9F E461L,0.0000,0.0000,0,2
TGGTTCCACCAAACGA,M268T,nan,nan,0,0
TGGTTCCGTCCATAAG,I15Q F245D,0.0000,0.0000,0,4
TGGTTCGGAAAGCCAT,E501A,0.1799,0.1799,2813,2187
TGGTTCTCAAAAGATA,L177V,0.1762,0.1762,3018,2395
TGGTTGATTCTCCCAT,G416F,0.0000,0.0000,0,1
TGGTTTAGCTTGTAAG,M292W,0.0000,0.0000,0,5
TGGTTTCAATTACCAG,N210L W421*,nan,nan,0,0
TGGTTTCACTCATTAC,G465S,1.0000,2.4123,69,4
TGGTTTCGGTTATCTG,T318F A522N,0.0000,0.0000,0,14
TGGTTTGAACGAACCA,A242P,0.0000,0.0000,0,130
TGTAAAAAAGGTACTT,E107* S136V,nan,nan,0,0
TGTAAAAAATAGACAC,G49H S291L,0.1282,0.1282,33,36
TGTAAAAACAACTTGT,P293G,0.1812,0.1812,57,44
TGTAAAAATGATCCAA,R452T,0.0000,0.0000,0,4
TGTAAAACTTCCCACC,E83*,0.0000,0.0000,0,9
TGTAAAAGAGTTAAAA,G510aS,0.0921,0.0921,3494,5303
TGTAAAAGTAATAACC,Y201E,0.0355,0.0355,87,343
TGTAAAATGTCAGTCT,Q545D,0.0942,0.0942,64,95
TGTAAAATTACCAAGA,V26G,0.0000,0.0000,0,11
TGTAAAATTGCATGAA,I339C,nan,nan,0,0
TGTAAACAACCAAATC,L237P L462V,0.0000,0.0000,0,20
TGTAAACACATAAAAC,S480E,0.2324,0.2324,1793,1079
TGTAAACACCTTTGTT,,0.1978,0.1978,860,608
TGTAAACATTCTCCAA,M-6I G228W,0.0000,0.0000,0,20
TGTAAACCTAGACTCC,Y168W,0.1713,0.1713,490,400
TGTAAAGACCCCATCA,N-4H R90V,0.1075,0.1075,2372,3086
TGTAAAGAGAACGCGC,V505M,0.1176,0.1176,153,182
TGTAAAGCGCTAAGTG,G504C,nan,nan,0,0
TGTAAAGGTATGAAAA,A93S D449G,0.2445,0.2445,1598,914
TGTAAAGTATGAGGGT,G134V,0.0000,0.0000,0,3
TGTAAAGTGAGAATAA,Y105R,0.2027,0.2027,703,485
TGTAAATCACTGTCAT,G100P,0.0000,0.0000,0,22
TGTAAATCTAGTGGTT,A137D G286K,0.0000,0.0000,0,1
TGTAAATGAAACCCAG,S10N,0.1312,0.1312,1999,2131
TGTAAATGACGTTAAG,A495D,0.6293,0.6293,63,14
TGTAAATGGAATGCAG,V285D,0.1196,0.1196,1250,1462
TGTAACAAGACTCACA,C97I,0.0000,0.0000,0,44
TGTAACACCCACCAAA,N169P R321Q E368H F469L,1.0000,inf,33,0
TGTAACATTATTATCT,K262aC,0.1163,0.1163,750,902
TGTAACCAAGATGACT,,0.1497,0.1497,1729,1615
TGTAACCTAAGGCGCC,G225R H440T L447M,0.1632,0.1632,28,24
TGTAACTACATTGGCG,G271L,0.1793,0.1793,4823,3761
TGTAACTAGATGGCTA,G337E,0.0000,0.0000,0,2
TGTAAGAAAGACGTGT,Q454P,nan,nan,0,0
TGTAAGACTTATATGT,Q282I,0.4661,0.4661,30,9
TGTAAGAGTAAAAAAA,,0.1227,0.1227,559,637
TGTAAGCTGTTTAACT,L112V I115Q K372N,0.0000,0.0000,0,55
TGTAAGGATAACACCA,,0.1962,0.1962,12367,8813
TGTAAGTTCCACATAA,L59Q,0.1350,0.1350,169,175
TGTAATAAAAACACAC,K50V F469L,0.0729,0.0729,171,328
TGTAATAATAGCCACT,,0.1164,0.1164,7909,9500
TGTAATAATCATACAA,P239Y,0.1448,0.1448,59,57
TGTAATATTTACGAGG,L213E,0.1019,0.1019,59,81
TGTAATCATTATAAAA,,0.1214,0.1214,598,689
TGTAATCTACAATGCA,Q222S,0.1493,0.1493,1103,1033
TGTAATCTGCCAGTAA,E31Q,0.1128,0.1128,1428,1771
TGTAATTATATCTCGA,R212N,0.0949,0.0949,444,654
TGTAATTCAGCACATC,S524F,0.0000,0.0000,0,4
TGTAATTCATGCAAAA,R227D,0.0405,0.0405,20,69
TGTAATTGTTCCACTA,E31S I164R,0.0000,0.0000,0,10
TGTACAACAACACACG,,0.1191,0.1191,4284,5029
TGTACAACCTGGAAAT,N443Q,0.1356,0.1356,322,332
TGTACAAGAACATCTT,F399V,0.0000,0.0000,0,12
TGTACAATCGATACAC,A253L,0.0577,0.0577,148,359
TGTACACACAGATACC,E78W I517V,0.2259,0.2259,365,226
TGTACACGCGGACAGA,Y17G,0.0000,0.0000,0,2
TGTACAGACATAGTTG,,0.1500,0.1500,207,193
TGTACAGCCCACCTAT,N20S H355C,0.1278,0.1278,582,637
TGTACAGGAGAAACTA,H184E R482W Q513S,0.4831,0.4831,38,11
TGTACATGTCGAATTA,E24T,0.1964,0.1964,368,262
TGTACATGTGAGAAGC,D487I,0.0816,0.0816,21,36
TGTACCAATAATCCCT,A528Q,nan,nan,0,0
TGTACCAATTAGATCC,F233K,0.0597,0.0597,728,1706
TGTACCACAACCCGAA,I502W,1.0000,1.1654,150,18
TGTACCAGATTTATTT,L2P F469*,nan,nan,0,0
TGTACCAGTGTTTTAT,K412S,1.0000,3.3562,24,1
TGTACCCCACCCCAAT,N172F G362W,0.0831,0.0831,123,207
TGTACCCCTATTATAA,,0.1807,0.1807,2335,1807
TGTACCGACGACCAAT,H18Y T37I,0.4149,0.4149,89,30
TGTACCGCGAATATCC,V36R,0.0000,0.0000,0,5
TGTACCTACAAAGAAG,G225E,0.0000,0.0000,0,37
TGTACCTCACCGCACG,T235S E500V,0.1742,0.1742,5058,4060
TGTACCTTGAAGTCTT,G275P,nan,nan,0,0
TGTACGAGAATTATTA,,0.0000,0.0000,0,14
TGTACGGATTGTGCAT,E340F L428R,nan,nan,0,0
TGTACGTTAGAAATTA,H276S,0.2716,0.2716,3716,1913
TGTACTACAATCACTT,M230V M413I,0.2427,0.2427,5077,2925
TGTACTACTAGCTTAA,,0.1414,0.1414,185,183
TGTACTCAACATTCAT,R321D S369A V451A,0.0000,0.0000,0,5
TGTACTCGCAATGAGA,,0.1584,0.1584,530,468
TGTACTCTGAAAATAC,Y518F,0.1323,0.1323,317,335
TGTACTGTTCAATAAG,A317E,0.0000,0.0000,0,5
TGTACTGTTGATGGCA,A137W,0.0954,0.0954,3070,4502
TGTACTTCGGCGTATC,,0.2179,0.2179,67,43
TGTAGAAATTGGTCCC,A257R,0.0000,0.0000,0,2
TGTAGAACAAAGCTTA,L209M A336T,nan,nan,0,0
TGTAGAAGTAAATTTT,A287W,0.4074,0.4074,67,23
TGTAGACAAACAAGCT,L59P,nan,nan,0,0
TGTAGACAGTCGTACA,A528T,0.1571,0.1571,109,97
TGTAGACATATAGCTT,,0.1495,0.1495,1127,1054
TGTAGACCCTCTAAGA,Y141H,0.0986,0.0986,153,217
TGTAGACGTAAATAAC,,0.1387,0.1387,3171,3197
TGTAGAGCTGTGGATC,,0.1584,0.1584,1230,1086
TGTAGATGAAACATTA,N150W,0.1191,0.1191,328,385
TGTAGATGCTCCTTCA,C281S,0.0000,0.0000,0,1
TGTAGCAACTAACCTC,C477R,0.0000,0.0000,0,1
TGTAGCAACTAGATTA,I297H,0.0000,0.0000,0,6
TGTAGCCAGCGCGATT,S203G,0.1593,0.1593,172,151
TGTAGCCCGAGAATGA,Y141S I335L,0.1120,0.1120,173,216
TGTAGCTGTAGACAAA,,0.1077,0.1077,94,122
TGTAGCTGTTATGACA,P293D,0.0000,0.0000,0,10
TGTAGTATCAGCAACG,Q12N,0.1677,0.1677,2722,2270
TGTAGTATTTAGACAG,,0.1278,0.1278,277,303
TGTAGTGTATATCGGA,K387S,0.2269,0.2269,1679,1035
TGTAGTTAACTTTTCC,,0.0611,0.0611,474,1085
TGTAGTTAATTACCTA,G225E,0.0000,0.0000,0,12
TGTAGTTGACTTTCTT,G228H,0.0000,0.0000,0,5
TGTATAAATACGTTAC,A287F,0.1931,0.1931,29,21
TGTATAAGAGTAAAAG,N73D,0.1045,0.1045,74,99
TGTATAAGCATTATAC,N248A,0.0343,0.0343,252,1026
TGTATAAGTAATGGCA,F79G,0.5170,0.5170,122,33
TGTATAATATATGGAA,L7M R149F L455I,0.0000,0.0000,0,11
TGTATAATCAATTGGC,F147P,0.0000,0.0000,0,5
TGTATACGCCGCAGCT,E432K S524W,0.0000,0.0000,0,10
TGTATACGGACTCTGG,D438C,0.1688,0.1688,35,29
TGTATACGTTGGAGAA,V82D,0.1421,0.1421,887,873
TGTATAGGAAGGAATC,,0.0750,0.0750,315,587
TGTATAGTTACGGGCA,K238P,0.0000,0.0000,0,31
TGTATATAAAAAACAA,M75K,0.2372,0.2372,2227,1313
TGTATATCCGCTCCTA,,0.2384,0.2384,2136,1253
TGTATATGTATGTAAA,,0.1519,0.1519,2310,2127
TGTATCCACACAATAG,,0.1717,0.1717,2980,2427
TGTATCCCAATTCAGT,I13D W350F T370W F469P,0.0000,0.0000,0,2
TGTATCCTAAATAAAG,D11R K498V,0.0000,0.0000,0,1
TGTATCGCAAAGAATG,C546Y,0.0000,0.0000,0,18
TGTATCTACGAAAAAA,S167L L209P N322V T370S F469V,nan,nan,0,0
TGTATCTTAGCCAAGA,P162Q,0.0994,0.0994,351,494
TGTATGAAAACCATTG,N433K,0.5873,0.5873,42,10
TGTATGACTCTACTAT,V151G,0.0577,0.0577,706,1711
TGTATGAGACCTTGTT,G504M,0.1684,0.1684,2257,1874
TGTATGAGAGCCGTTA,V66E,0.0000,0.0000,0,2
TGTATGATTCTGAGTG,L427V S509G,0.0000,0.0000,0,43
TGTATGCCGAATAAGT,R496F,0.2289,0.2289,2074,1267
TGTATTAAAAACCAGT,E500V,0.1093,0.1093,68,87
TGTATTAAACTCAAAA,H47N,0.1127,0.1127,133,165
TGTATTAAATACTTGG,,0.0000,0.0000,0,29
TGTATTAATCTAATCG,L430C E461F C466F,0.0000,0.0000,0,2
TGTATTAGCCCGTAGA,R149K,0.1739,0.1739,506,407
TGTATTCCGCTTCTTC,,0.1513,0.1513,4069,3762
TGTATTTAGAAAGTTC,,0.1860,0.1860,3620,2722
TGTCAAAAAAGAACGT,,0.1486,0.1486,2572,2421
TGTCAAAATTAAAAAA,H276A,0.2849,0.2849,381,187
TGTCAAAGACTAGGCG,Q282K,nan,nan,0,0
TGTCAAATAAAAAGGT,E327H,0.1318,0.1318,782,830
TGTCAACATACGCCAA,R499C,1.0000,1.0139,29,4
TGTCAACCACACGCGT,V8* N116S H184I,nan,nan,0,0
TGTCAACCTTATCTCA,S369C,0.1305,0.1305,1966,2106
TGTCAAGAAACGGACC,K387Q,0.1075,0.1075,256,333
TGTCAAGCGATCTACA,T199S I548M,0.1848,0.1848,37,28
TGTCAAGCTAGTACCG,,0.1391,0.1391,193,194
TGTCAAGTGATGCATT,D438M,0.0341,0.0341,21,86
TGTCAATAAAGGTCGA,R90T,0.1542,0.1542,547,496
TGTCAATAGCGAATTA,T511A,0.2109,0.2109,95,63
TGTCAATCAGATTGAT,N169P R321T K367Q,0.0000,0.0000,0,1
TGTCAATCCTGGTGCA,N433K,nan,nan,0,0
TGTCAATCTTGGTTGA,F467M,0.1226,0.1226,356,406
TGTCAATGAACACAGT,N48S,0.2010,0.2010,253,176
TGTCACATAAACAATA,,0.1277,0.1277,169,185
TGTCACATAAAGTTTT,,0.2077,0.2077,557,375
TGTCACATTTATAATC,D175E,0.0805,0.0805,468,813
TGTCACCGTGACGAAC,K412V,0.2341,0.2341,159,95
TGTCACCTAAGAATTA,E24F,0.0992,0.0992,227,320
TGTCACCTCATTTCAT,S503D,0.1598,0.1598,967,846
TGTCACGTCGGGTCGC,Q191M,0.2689,0.2689,25,13
TGTCACGTTACTCGAA,E24N,0.1286,0.1286,1014,1103
TGTCACTAAACGTACC,K262aP,0.1175,0.1175,710,845
TGTCACTTAAGTCGAT,H117Q S480M,0.2622,0.2622,75,40
TGTCACTTGTGAAGAG,,0.1374,0.1374,558,568
TGTCAGAAAGATCCAG,M230K,nan,nan,0,0
TGTCAGAACCTAGAAA,,0.0799,0.0799,8,14
TGTCAGACGATGTCTA,K506T,0.1141,0.1141,633,776
TGTCAGCACTAAGTAG,N-4T,0.0849,0.0849,518,853
TGTCAGCCCTGACTTG,R328bG,0.2613,0.2613,484,259
TGTCAGCCGGATCAAT,I87V,0.1489,0.1489,1228,1153
TGTCAGGAGATCCTAG,V429S,0.0000,0.0000,0,1
TGTCAGGCTTTACAGT,H184G,0.1919,0.1919,59,43
TGTCAGGGATACCTCT,H130T,0.4264,0.4264,2558,839
TGTCAGTTGTTATATT,K412A,0.2160,0.2160,349,226
TGTCAGTTTGGACCCG,E119T S125bI,0.1237,0.1237,1384,1565
TGTCATAAGGGTAAAA,I182T,0.1075,0.1075,456,593
TGTCATATCGTGGTCA,C139G,0.2402,0.2402,292,170
TGTCATCAATTTGCAC,A495V,0.1594,0.1594,302,265
TGTCATCGATGCCCAA,,0.0000,0.0000,0,7
TGTCATGAAGATAGCG,G504D,0.0838,0.0838,478,798
TGTCATGAAGGGCAAC,I385V,0.1925,0.1925,1454,1056
TGTCATGACTAAGCGG,E508N,0.1483,0.1483,698,658
TGTCATGCTGTGAGCA,I502M,nan,nan,0,0
TGTCCAAATATTGCGA,,0.1093,0.1093,601,769
TGTCCAACTAAGTATT,D375Y,0.1191,0.1191,791,929
TGTCCAATTTTATAAT,P306S,0.2947,0.2947,59,28
TGTCCACCCTGAGAGC,,0.1698,0.1698,419,345
TGTCCACCTATATACA,F469P,nan,nan,0,0
TGTCCAGTGCTACTAG,S265L,nan,nan,0,0
TGTCCATAGTGTAACA,C14H,0.0000,0.0000,0,1
TGTCCATCCTTTGGAT,D348N,0.1824,0.1824,5004,3836
TGTCCATGACTATTAT,,0.1520,0.1520,313,288
TGTCCCAACTTCATTT,E327A,0.1772,0.1772,921,727
TGTCCCCAACAAAATT,G333F,0.1453,0.1453,827,796
TGTCCCCACTGCCTTC,G342K,0.7924,0.7924,17,3
TGTCCCGACCCCACGA,L133aY S311G,0.0000,0.0000,0,23
TGTCCCGACGATAGTC,,0.1091,0.1091,1117,1432
TGTCCGATACCGAAGA,N158H,0.1803,0.1803,339,263
TGTCCGGTGAATAACA,S10L A91S,0.1865,0.1865,28,21
TGTCCGTCAGACAGGG,K445I,0.0000,0.0000,0,74
TGTCCTAAAAAATCAG,S167T F332S F469S,0.0000,0.0000,0,14
TGTCCTATTTAGTAAC,I384F,nan,nan,0,0
TGTCCTCAAAAACTAG,G330D,1.0000,7.1320,51,1
TGTCCTCACCATTCGC,,0.2327,0.2327,1426,857
TGTCCTTAACACAAAA,N158L,0.3388,0.3388,848,350
TGTCCTTGGTAAGGGA,F417Q,0.0000,0.0000,0,8
TGTCGAATTAACTCAG,L507C,0.0000,0.0000,0,14
TGTCGACCGAACCGTT,A336C,0.2961,0.2961,36,17
TGTCGATACTGTTAAA,,0.0496,0.0496,78,220
TGTCGATAGTCCGCCT,*551H,0.4032,0.4032,470,163
TGTCGATCAGAAACGA,N410T,0.0000,0.0000,0,4
TGTCGATCCTAAGTCC,G55W,0.1231,0.1231,184,209
TGTCGCAAGTAATAAG,F467T,0.0000,0.0000,0,2
TGTCGGACTCATACCT,V8E V444E,0.0000,0.0000,0,4
TGTCGGGCAAACCTAC,I178N,0.0000,0.0000,0,6
TGTCGGTCCCCAGTAT,N197T K313N,0.0870,0.0870,910,1463
TGTCGGTGCTCGAAGG,H130W,0.0815,0.0815,808,1387
TGTCGTAAGAGGCGCC,G143F E340R,nan,nan,0,0
TGTCGTAGATCAGTAG,I529D,0.0000,0.0000,0,2
TGTCGTCAGAACTCTT,H295Q,0.1366,0.1366,2074,2123
TGTCGTGCCCAAAAAG,R321K D375N F469W,0.0000,0.0000,0,4
TGTCGTTCATAAATCG,G68L,0.0000,0.0000,0,12
TGTCTAAACTACCCCT,I514V,0.0878,0.0878,150,239
TGTCTAAAGAGCAAAA,G360V S361F,0.0000,0.0000,0,3
TGTCTAAGCCAAGGAA,E327G,0.1842,0.1842,3845,2919
TGTCTAATTTGACATA,I80F,0.3386,0.3386,339,140
TGTCTACAAGCAATAT,K328cS,0.3276,0.3276,82,35
TGTCTACACGGATATC,,0.0000,0.0000,0,80
TGTCTAGACCATACGT,,0.1058,0.1058,767,1014
TGTCTAGCGCACAAAC,S442D,0.1870,0.1870,1384,1035
TGTCTATGCCTAGTAT,E414T,0.2600,0.2600,119,64
TGTCTATTCAGGAAAA,D441L,0.1585,0.1585,17,15
TGTCTCATCCGACAGG,V395L,0.1248,0.1248,1169,1310
TGTCTCCTAAAGACTG,L462P I517Q,nan,nan,0,0
TGTCTCGAAACCGAAA,L430P,nan,nan,0,0
TGTCTGCACGGCCAAT,,0.1606,0.1606,672,585
TGTCTGCCTGTCTCAT,A160Y,0.1893,0.1893,827,611
TGTCTGCGCGAAATGT,N-4V A253T,0.1015,0.1015,2112,2909
TGTCTGCTACTACAAA,E106G,0.1200,0.1200,985,1148
TGTCTTAAAAATAGAA,S291N,0.1559,0.1559,864,775
TGTCTTAACAGTTGGC,,0.1577,0.1577,1779,1578
TGTCTTATAGTTTCAA,K165W M230I G249R G337R M431I G465R M478I R499Q W537*,0.0000,0.0000,0,4
TGTCTTATATAGACCA,K32R N48S K50E N94D S383K H440R N446S Y448C S503G N541G,nan,nan,0,0
TGTCTTATGGTTTCAA,K165W,0.0974,0.0974,3566,5119
TGTCTTCATGCAAAAC,G349P,0.0000,0.0000,0,5
TGTCTTCCGTCTTGAA,C139D M346Y,0.0000,0.0000,0,7
TGTCTTGAAGAGAAAT,N357L,0.0747,0.0747,163,305
TGTCTTTAAGCGCTAG,E340M,0.2627,0.2627,124,66
TGTCTTTTCGTAGAAA,K498F,0.1449,0.1449,3378,3259
TGTGAAAATCTTAAGT,R114G,1.0000,1.2586,36,4
TGTGAAACACCCTGAG,F294W,0.1883,0.1883,35,26
TGTGAAACATACGAAA,K262aN A287W,0.0000,0.0000,0,5
TGTGAAACATCACTGA,C14A A495L,1.0000,1.1887,68,8
TGTGAAACCGAAAATG,Y258M I517L,0.1594,0.1594,1890,1658
TGTGAAAGTAAATATT,F399I,1.0000,3.0766,22,1
TGTGAACAAATACGGA,,0.1462,0.1462,2057,1968
TGTGAACAGCTTTAAG,N464M,0.0741,0.0741,1092,2060
TGTGAACCTAACCCTG,,0.1120,0.1120,129,161
TGTGAACGCCGTAACT,K9N A144M,0.0981,0.0981,956,1363
TGTGAACGTAATCCGT,K269S,0.1566,0.1566,28,25
TGTGAACGTGGGGCTG,C305I,0.0000,0.0000,0,5
TGTGAAGCAAAATCAA,T219D,0.0000,0.0000,0,498
TGTGAATAACAACATT,Y258R,0.1740,0.1740,51,41
TGTGAATAATACTTGT,,0.1528,0.1528,4968,4546
TGTGAATCCTTCCGTA,R321D F469T,0.0000,0.0000,0,1
TGTGAATCTTTGACGA,L455Y,0.5092,0.5092,142,39
TGTGAATTTTCGAGCA,,0.1071,0.1071,1330,1737
TGTGACAACTGCTGAA,N278I,0.1098,0.1098,106,135
TGTGACCCGATCAAAA,,0.1065,0.1065,297,390
TGTGACGTTCAGAATA,,nan,nan,0,0
TGTGACTATAACGAAC,D27S,1.0000,2.9367,21,1
TGTGACTCTCGCATGA,S167W R321P D366S F469V,0.0000,0.0000,0,6
TGTGAGAACCCATGAA,I517H,nan,nan,0,0
TGTGAGGCAACATGCA,P198M,0.0341,0.0341,203,833
TGTGAGGCACAATCGA,N48R K450R,0.0000,0.0000,0,9
TGTGAGTCCACAAACC,N73K K109V E119* K380Q,0.0000,0.0000,0,6
TGTGAGTGCCTAAATA,S361P,0.0000,0.0000,0,19
TGTGAGTTAAATGCTC,W421*,0.0000,0.0000,0,2
TGTGATAAAAACTAAC,R404L,nan,nan,0,0
TGTGATAAACACGTTT,T206E E426A,0.0000,0.0000,0,8
TGTGATACACCATCCC,K120E,0.2196,0.2196,1749,1114
TGTGATAGAGAAGACA,,0.1776,0.1776,6205,4886
TGTGATCAAATCCATA,I374N,0.0929,0.0929,196,295
TGTGATCTAACAGTTC,Y86H D441M,0.0000,0.0000,0,4
TGTGATCTGAAACTTA,L213M G330S F392N,0.0000,0.0000,0,6
TGTGCAACATTTCAAT,G228D N401R,0.0000,0.0000,0,18
TGTGCAAGCAGGGAGA,D441N,0.2651,0.2651,1456,768
TGTGCATAATTAATAG,K445L,0.0000,0.0000,0,3
TGTGCATCGCTAGAAT,L402P,0.0000,0.0000,0,2
TGTGCATCTTTTATAA,M530K,0.0000,0.0000,0,15
TGTGCATTCAGATACT,,0.1538,0.1538,506,460
TGTGCCACACAGAGCT,N210A,0.0000,0.0000,0,6
TGTGCCGAACCTAGAA,,0.1592,0.1592,1871,1643
TGTGCCGTACAAAGTT,D415A,0.0261,0.0261,105,563
TGTGCCTCCGAATTGG,,0.1385,0.1385,1392,1405
TGTGCGACAAATAAGA,I406Y,0.1798,0.1798,126,98
TGTGCGCCTACAATAA,K472M,0.1457,0.1457,3117,2992
TGTGCGCTATTGCAAA,M388Q,0.0000,0.0000,0,24
TGTGCGGAAGGCCTAT,S291W,0.0801,0.0801,71,124
TGTGCGGATCTCAGGA,I335H A459D,0.0000,0.0000,0,9
TGTGCGGCTAAGCCAA,P82aT,0.6254,0.6254,635,142
TGTGCTAAACTAAAAT,C281H,nan,nan,0,0
TGTGCTGCAAAACGAA,I178E N382G,nan,nan,0,0
TGTGGAACACTATGCA,S383P R499D,0.0000,0.0000,0,1
TGTGGACGCAAACCTC,,0.1666,0.1666,3498,2937
TGTGGACTTCACGATA,Q40L,0.0000,0.0000,0,55
TGTGGAGTACTAGGGT,,0.1347,0.1347,158,164
TGTGGCGCAATAACCG,L427A E432K,0.0000,0.0000,0,3
TGTGGCGGCATGTATA,N382L,0.1394,0.1394,2171,2178
TGTGGTAATTACATGC,,0.0800,0.0800,349,610
TGTGGTCTAATTGAAG,E31N,0.1940,0.1940,512,369
TGTGGTCTCCATAAAG,,0.1463,0.1463,1087,1039
TGTGGTGACCCACGCC,H184F,1.0000,1.2186,61,7
TGTGTAACCCATCATT,K32N,0.1162,0.1162,349,420
TGTGTAGTTTAGCCAC,S203R,0.0000,0.0000,0,11
TGTGTATAAGCCTAAT,Y17K E407K F469I,nan,nan,0,0
TGTGTATAGTATATAC,N21Q,0.0000,0.0000,0,9
TGTGTCAGACCATAAA,Y201R R229M,nan,nan,0,0
TGTGTCCTAAAGCTTA,,0.1753,0.1753,3146,2509
TGTGTCCTAGTCTATT,L428M,0.1695,0.1695,1722,1421
TGTGTCCTATTAAGAG,Q211T,0.0497,0.0497,472,1327
TGTGTCGCACTTAATG,N289C T378I L453P,nan,nan,0,0
TGTGTCGTAACCTGAA,F233K F469L Y486*,0.8391,0.8391,54,9
TGTGTCGTCGGTAAAA,E461C,0.3761,0.3761,78,29
TGTGTGAATTCATCGA,N20*,0.0000,0.0000,0,3
TGTGTGACTCAACAAT,,0.1249,0.1249,175,196
TGTGTGATCGGGGTAT,T35D,0.1398,0.1398,1,1
TGTGTGGATATTGAGA,L61C,0.0000,0.0000,0,6
TGTGTGGTCGATAGTA,,0.3192,0.3192,331,145
TGTGTGTCAAAACCTA,P198S,0.0646,0.0646,1288,2789
TGTGTGTTTTGAAGTA,E-5V A91S,0.2409,0.2409,143,83
TGTGTTAGTGAGTTGG,P99D,0.6013,0.6013,43,10
TGTGTTCAATCTACGA,Y201R,0.0775,0.0775,428,772
TGTGTTGATCTGCGAT,G49F,0.1053,0.1053,800,1062
TGTGTTTCTACCTGAG,,0.4129,0.4129,62,21
TGTGTTTCTGAAAAAT,I-3E Q211H D438N,0.0391,0.0391,94,336
TGTGTTTGAGATACTA,,0.1443,0.1443,225,218
TGTTAAAACGGTATAT,,0.0000,0.0000,0,13
TGTTAAACATTGTGAA,H110R R220H D240N,nan,nan,0,0
TGTTAAACCCCTTGAA,V285M V444S,0.0000,0.0000,0,2
TGTTAAACTTTCCAGA,,0.0925,0.0925,203,307
TGTTAAAGAAAATGAC,K157P,0.0742,0.0742,26,49
TGTTAAAGACACTATT,R329V,0.1892,0.1892,23,17
TGTTAAAGCGTCTAAA,,0.1209,0.1209,675,781
TGTTAAATAACAACGA,N400K,nan,nan,0,0
TGTTAAATACGTATTA,N172I,0.0719,0.0719,724,1409
TGTTAAATGCTATATC,N248W,0.0000,0.0000,0,10
TGTTAACCATACCACT,A459I,0.1023,0.1023,117,160
TGTTAACTAATTTATC,,0.0000,0.0000,0,1
TGTTAAGCCAATAAAA,Y98R,nan,nan,0,0
TGTTACAAATATACGG,Q25E E89I,0.0946,0.0946,211,312
TGTTACAATTAATACC,Y488M,0.0931,0.0931,869,1306
TGTTACATACAGAAGA,G275N,0.3496,0.3496,160,64
TGTTACATACTATAAG,V451C,0.1330,0.1330,464,488
TGTTACATCCGAATAC,D95V D175N E358L,0.1271,0.1271,20,22
TGTTACCGAAGTATAG,R452L,0.3164,0.3164,319,141
TGTTACCGGCCGTTTA,M-6G D457N,0.0000,0.0000,0,5
TGTTACGAAAGAGCCT,L544I,0.2211,0.2211,2946,1863
TGTTACGAATCACCGT,W537Q,0.0000,0.0000,0,8
TGTTACGGTTATAGCG,I302Y,nan,nan,0,0
TGTTAGAAAAATGTAC,L71N A144S,0.0000,0.0000,0,2
TGTTAGACCGACTATT,A521H,nan,nan,0,0
TGTTAGATAAATCCCC,A459D,0.0000,0.0000,0,13
TGTTAGTGTCTATTAT,S10G T235V,0.1485,0.1485,1514,1426
TGTTAGTGTTAAGGAT,N278D,0.1914,0.1914,2191,1601
TGTTATAAAATACCAC,,0.1588,0.1588,201,177
TGTTATAACATAAAAT,T132W,0.1379,0.1379,509,516
TGTTATAATGTGTAAA,,0.1939,0.1939,10012,7221
TGTTATACTATAAAAA,V377W,1.0000,1.4684,21,2
TGTTATAGAGGATCAT,A528T,0.1477,0.1477,2774,2627
TGTTATATAAGTCCAA,V204C R456W,1.0000,1.3476,106,11
TGTTATCTGGCGCGAA,N248C,0.0929,0.0929,182,274
TGTTATTCACAAGTCG,E44G,0.1145,0.1145,122,149
TGTTATTGATTAGCAG,L402Q,0.1487,0.1487,1897,1784
TGTTATTTTGTAAAGA,G376Q,0.0884,0.0884,261,413
TGTTCAATATATCGAA,S85W,0.0000,0.0000,0,7
TGTTCACAGAAGAGCC,I550V,0.1281,0.1281,1794,1958
TGTTCACATATGTAAA,A93N N169R F469R,0.0000,0.0000,0,8
TGTTCACTTACGGTTA,R227S,0.0297,0.0297,157,738
TGTTCACTTGTTTGCC,N210M I374P,0.3689,0.3689,153,58
TGTTCAGAATTTTACT,,0.0000,0.0000,0,3
TGTTCATAACAAAAGA,,0.0454,0.0454,24,74
TGTTCATAATACAACA,P254F,0.0000,0.0000,0,26
TGTTCATACACCCAAC,Y195D L409N,nan,nan,0,0
TGTTCCCAGAATGTAA,L179G,0.0000,0.0000,0,5
TGTTCCCATATGAGCG,S361E C466Y,0.0000,0.0000,0,2
TGTTCCCGTTAGGAAC,H276S G510aD,0.1155,0.1155,38,46
TGTTCCGCGGACAAAT,A137E,0.0374,0.0374,74,277
TGTTCCTAATACCAAT,S207L,0.0654,0.0654,908,1941
TGTTCCTCCGCAAATT,E508F,0.2823,0.2823,1286,637
TGTTCGAATTTAAATG,,0.0000,0.0000,0,3
TGTTCGAGGCTGTCTT,,0.1879,0.1879,493,367
TGTTCTAAATGACAAA,R114K,0.1059,0.1059,156,206
TGTTCTAATCCAATAT,F338I,0.4999,0.4999,479,134
TGTTCTACTCTACGCC,Q282K,0.0000,0.0000,0,18
TGTTCTGCCGAGAAGA,N250K,0.0000,0.0000,0,4
TGTTCTTTGCTCTTTA,,0.1498,0.1498,4646,4336
TGTTGAAGTATCCTTG,Q359R,0.4131,0.4131,257,87
TGTTGAATAAATGTTC,,0.1780,0.1780,1060,833
TGTTGAATGTCCTTTA,,0.0000,0.0000,0,12
TGTTGACAACAACCAT,V66F V309H,1.0000,4.2652,122,4
TGTTGACCGGTCAAGC,M30Q,1.0000,3.0766,22,1
TGTTGAGTGGTAGAGG,,0.1512,0.1512,3613,3341
TGTTGAGTTGGTGAAT,S480M,0.1431,0.1431,1171,1144
TGTTGCACAGAATGGC,N296H,0.0602,0.0602,145,337
TGTTGCCAATTGGGTT,N94W T436I,nan,nan,0,0
TGTTGCCATAAGAAAC,S207G,nan,nan,0,0
TGTTGCTTAGAGACCC,,0.1583,0.1583,1250,1104
TGTTGGCCTAAAGTTA,N224G,0.1907,0.1907,424,311
TGTTGGTCGGAGCACA,G362M,0.1656,0.1656,618,522
TGTTGTAAAAAATAAA,G342P,0.0000,0.0000,0,7
TGTTGTAAACCGTATA,Y258W,0.5594,0.5594,16,4
TGTTGTACAAACCACT,R329S,1.0000,4.7547,102,3
TGTTGTATTCCGGCAG,E44I V223L,nan,nan,0,0
TGTTGTGGCGTGGACA,W421N,0.0000,0.0000,0,3
TGTTGTGTCTACTAAC,,0.0000,0.0000,0,9
TGTTTAAAGAATTTTA,,0.0608,0.0608,97,223
TGTTTAACGCCAGACT,K411C,0.1203,0.1203,37,43
TGTTTAATCGATCGGA,W127F K310N,0.0000,0.0000,0,89
TGTTTACCATTAGATT,T208W,0.1623,0.1623,2406,2073
TGTTTACGTTCATGTA,G342L,0.0000,0.0000,0,3
TGTTTATCCAATACTA,S167Y S369A F469L,0.1549,0.1549,402,363
TGTTTATCCATACCTA,,0.1798,0.1798,1043,811
TGTTTATGAACCTTTT,H471Q,0.7167,0.7167,41,8
TGTTTATGACGCTTCG,N210M M478E,0.0000,0.0000,0,7
TGTTTATTTTGTCAAA,A19R,0.0794,0.0794,482,849
TGTTTCCTAACCGGAA,G319D L418C,0.0000,0.0000,0,1
TGTTTCGAAAGTTTTA,D11E,0.0000,0.0000,0,7
TGTTTCGACCACCGCA,T511H,0.0897,0.0897,374,583
TGTTTCGCACTCAATA,A160M,0.1577,0.1577,442,392
TGTTTCGCCCCTTCCA,,0.1549,0.1549,10752,9707
TGTTTCGCTCTTTGGG,E393F N541D,0.0000,0.0000,0,1
TGTTTCGGGGAGGCGT,K259H,0.2382,0.2382,431,253
TGTTTCTAGACTCCCA,N169R R321V D366S T370F F469I,0.0000,0.0000,0,1
TGTTTCTAGTCAGAAT,,0.1048,0.1048,1709,2281
TGTTTGATAATCCTCA,V223P,0.0000,0.0000,0,25
TGTTTGCTGAACGACA,,0.1422,0.1422,1248,1227
TGTTTGCTGTACAACA,,nan,nan,0,0
TGTTTGCTTATCGTCG,L325S R499D,0.1017,0.1017,309,425
TGTTTGGCGAACAAGT,N187D,0.0633,0.0633,464,1025
TGTTTTAACATAATGT,L51R,0.3051,0.3051,24,11
TGTTTTACTACAACGA,Q344L,0.1516,0.1516,1113,1027
TGTTTTACTCAGCCGA,A521V,0.1436,0.1436,2034,1981
TGTTTTACTTTTGTCC,S503E,0.1600,0.1600,2081,1819
TGTTTTGAACGCTCAC,M30F,0.8313,0.8313,107,18
TGTTTTGATAGAACAT,K32R,1.0000,1.0069,72,10
TGTTTTTTACAAAACC,D438G,0.1026,0.1026,728,992
TTAAAAAAAAAAACGA,H47P E273H E426H,nan,nan,0,0
TTAAAAAAAAGGCAGA,K460N C549Q,0.0000,0.0000,0,7
TTAAAAAAACAAGTGA,L-1E,0.0000,0.0000,0,26
TTAAAAAAAGAATTAA,L237P V309G,0.0000,0.0000,0,1
TTAAAAAAAGGAGATG,Y161M,0.1540,0.1540,87,79
TTAAAAAACTAAGGCG,,0.2026,0.2026,155,107
TTAAAAAACTCTACGA,R321V T370Y,0.0000,0.0000,0,5
TTAAAAAACTTTGTCT,H18Q,0.1749,0.1749,1067,853
TTAAAAAATATATTGA,Y105T,0.0000,0.0000,0,2
TTAAAAACAAAGCCAT,N401G,0.1606,0.1606,278,242
TTAAAAACCTCGATGC,M530R,0.1849,0.1849,78,59
TTAAAAACGCGAGCGC,Y256T,0.1557,0.1557,618,555
TTAAAAACGTGAACAA,H47G,0.0000,0.0000,0,16
TTAAAAACTATATAGC,,0.1615,0.1615,17599,15242
TTAAAAACTCACAATA,,0.3933,0.3933,45,16
TTAAAAAGGGAAACCT,G342D,nan,nan,0,0
TTAAAAAGTAACCCAT,F294V,0.0000,0.0000,0,21
TTAAAAAGTTTTACTA,G360A,0.0000,0.0000,0,1
TTAAAAATATGAAAGT,K125aP L453H,0.1099,0.1099,1638,2085
TTAAAAATCGATTACT,A336V,0.2353,0.2353,244,145
TTAAAAATTCGAGACC,N73H,0.1409,0.1409,1072,1064
TTAAAACAAAAACAAA,,0.1191,0.1191,126,148
TTAAAACAATAAATCT,I243W,0.0000,0.0000,0,34
TTAAAACAGGCAACTA,A137F,0.0326,0.0326,254,1090
TTAAAACAGTCACCAT,P92aF,0.2411,0.2411,988,573
TTAAAACCAAAAGAGT,P489T,0.1011,0.1011,1593,2203
TTAAAACCTGCGAAAT,F232Y,0.0958,0.0958,1403,2049
TTAAAACGAAACATAT,M111Y,0.0633,0.0633,613,1354
TTAAAACGCATGCCAG,,0.0974,0.0974,55,79
TTAAAACTAGGAGGGC,E476I,0.2037,0.2037,7573,5199
TTAAAACTCAAAAGTG,,0.1584,0.1584,605,534
TTAAAAGATACTCCAA,R90W I217W,0.0571,0.0571,236,578
TTAAAAGATTCCACAC,N158K E494M,0.3393,0.3393,11325,4668
TTAAAAGCAGATATGA,S6A C477L,0.3373,0.3373,41,17
TTAAAAGCGCAAGAGA,R456V,0.2300,0.2300,1888,1148
TTAAAAGGGAAACTAT,G333D Y488S,1.0000,1.2275,395,45
TTAAAAGTTCCTTTTA,N401T,0.0974,0.0974,1826,2621
TTAAAATACAGTATAT,L102Y H298E,0.0000,0.0000,0,5
TTAAAATACATAAATT,L70G,0.0000,0.0000,0,6
TTAAAATACCGAACTA,S323F,0.1569,0.1569,709,632
TTAAAATAGCACATAT,,0.1157,0.1157,139,168
TTAAAATATTAGATCT,S126V,0.1035,0.1035,2536,3426
TTAAAATCCGACCCAA,,0.1060,0.1060,1166,1539
TTAAAATCTAGCAGGT,G504R,0.0130,0.0130,14,151
TTAAAATGATAAGAAC,,0.1470,0.1470,696,662
TTAAAATGATGAGAGT,F392M,0.2253,0.2253,1152,715
TTAAAATGCGAATGTA,N410V,0.3305,0.3305,52,22
TTAAAATGTTTACAGC,G362W,0.0949,0.0949,205,302
TTAAAATTAACTCCGC,D27M,0.0000,0.0000,0,3
TTAAAATTGAAAAATC,N278T,0.2293,0.2293,2589,1579
TTAAACACCTACAGAT,K269H,0.1180,0.1180,676,801
TTAAACAGACAATAGC,G143I,0.1347,0.1347,576,598
TTAAACAGAGGCTACC,G303A,0.0000,0.0000,0,4
TTAAACAGCCATACTC,T422R,0.4239,0.4239,97,32
TTAAACAGTATTTCCC,,0.0000,0.0000,0,98
TTAAACATAGGGTGGC,,0.0954,0.0954,1936,2837
TTAAACATCGTATTAA,E403M,0.0000,0.0000,0,3
TTAAACCAAAATCGAG,I87V Q191K,0.0000,0.0000,0,8
TTAAACCACCCTATTT,,0.1491,0.1491,759,712
TTAAACCGACGGGCTG,N475H E500T,0.1501,0.1501,808,753
TTAAACCGTGTAATAA,W537Y,0.2163,0.2163,495,320
TTAAACCTTGATGTGG,Q513T,0.0978,0.0978,349,499
TTAAACGAACGAACGG,K125aY,0.1957,0.1957,1458,1042
TTAAACGAACGTTCCC,P74T,0.0765,0.0765,158,289
TTAAACGAGGAACACC,S480V,0.0000,0.0000,0,7
TTAAACGATCGCGCCA,L527W,0.0000,0.0000,0,6
TTAAACGATTTAATGA,S167N T370C,0.0699,0.0699,40,80
TTAAACGGAACGGGGC,,0.1056,0.1056,314,416
TTAAACTATAGGTATG,N150V,0.3217,0.3217,375,163
TTAAACTCAGGCTTGG,N408L,0.1020,0.1020,487,668
TTAAACTCGACGTAAA,I15L M478I,0.0000,0.0000,0,2
TTAAACTCTGCGTCCT,D366V F469T,0.3380,0.3380,29,12
TTAAACTGACCAGCGT,A425S,0.1108,0.1108,252,318
TTAAACTGTAAAATAC,A365G,0.3587,0.3587,118,46
TTAAAGAACCTGGGTT,E-5F,0.1071,0.1071,886,1157
TTAAAGAATGCACTTT,R220F G342T,0.0000,0.0000,0,1
TTAAAGAATTGGACAC,V510R,0.2212,0.2212,892,564
TTAAAGACAGGGGTTT,G337N,0.4195,0.4195,48,16
TTAAAGACATCACATT,V285F,0.1879,0.1879,3190,2374
TTAAAGAGGAAGACAA,I202P,0.1445,0.1445,31,30
TTAAAGAGGACAAAAA,Y353W,0.0987,0.0987,442,626
TTAAAGATATCAGAAA,S146A N401T,0.0316,0.0316,21,93
TTAAAGATCACGCACA,G303Y,0.0000,0.0000,0,11
TTAAAGATCCACACTT,D53H,0.1030,0.1030,154,209
TTAAAGATGAAAATGA,D474Q,0.1575,0.1575,348,309
TTAAAGCAAAATAAAA,N186G L462P,0.0000,0.0000,0,21
TTAAAGCATCTTTAGA,,0.1346,0.1346,720,748
TTAAAGCATTTATAAA,A287T,0.0000,0.0000,0,6
TTAAAGCCAGCCTAAT,N54aW,0.1101,0.1101,1788,2270
TTAAAGCCAGGATGAA,E432W,0.4475,0.4475,32,10
TTAAAGCCCACTATTG,A334V,0.3690,0.3690,591,224
TTAAAGCTAAAAATAG,L43G K472F,0.0000,0.0000,0,14
TTAAAGCTCAACTGCT,F232P I529W,0.0000,0.0000,0,11
TTAAAGCTGGAAAGGC,G49L,nan,nan,0,0
TTAAAGGACGCGAAGC,,0.1547,0.1547,1133,1024
TTAAAGGCGTTAACAA,Q344M,0.0798,0.0798,162,284
TTAAAGGCTAACGAAA,P125C,0.0000,0.0000,0,3
TTAAAGGGTGTGGTCG,,0.2648,0.2648,5475,2891
TTAAAGGTGCAAATGT,V481Q,0.0000,0.0000,0,28
TTAAAGTAATATTAGA,I385P,nan,nan,0,0
TTAAAGTCAGACAAAT,,0.1794,0.1794,6356,4955
TTAAAGTCCTCCAAAT,Q371A,0.1407,0.1407,1860,1849
TTAAAGTTCCAAGCCA,L61R E468K,0.4265,0.4265,61,20
TTAAAGTTGATTCCAT,L544I,0.1358,0.1358,435,448
TTAAATAAAAAGAGAA,,0.1242,0.1242,167,188
TTAAATAAAAGTAACA,,0.2008,0.2008,1720,1198
TTAAATAAACCTTAAA,,0.2349,0.2349,9794,5830
TTAAATAAAGAGCTGG,R499Q E501*,0.6293,0.6293,27,6
TTAAATAAGATATGAG,P125K,0.1393,0.1393,722,725
TTAAATAATCAATTAC,,0.1413,0.1413,753,745
TTAAATAATCCCATAT,H354F K472P,0.0000,0.0000,0,157
TTAAATACCTCAAGAT,R114N,0.6869,0.6869,167,34
TTAAATATAAACTGAG,,0.1075,0.1075,239,311
TTAAATATATCGTTAT,G504P,0.2560,0.2560,238,130
TTAAATATATTGGGTA,G319I,0.0000,0.0000,0,7
TTAAATATGCACCAAT,I182Y,0.0000,0.0000,0,66
TTAAATATGTGGTTAA,E131Y R321N T370S,0.0000,0.0000,0,19
TTAAATATTATTCATA,R404N,0.0000,0.0000,0,25
TTAAATATTTATCTAC,,0.1962,0.1962,745,531
TTAAATCAAAACAAAC,,0.2406,0.2406,4114,2391
TTAAATCAACCAGACC,N20P L54Y N169R K328cV,0.0000,0.0000,0,8
TTAAATCCCCGCCAAT,A521K,0.0000,0.0000,0,15
TTAAATCCGATATTTT,I-3L,0.1233,0.1233,2151,2439
TTAAATCCTAATAACA,V420A,nan,nan,0,0
TTAAATCCTACATAAA,A526I,0.0000,0.0000,0,36
TTAAATCTACCATATA,S126W,0.1905,0.1905,1436,1054
TTAAATCTCTCCTTTA,,0.1094,0.1094,165,211
TTAAATGATCGACTAA,A39W K372R,0.1322,0.1322,1273,1347
TTAAATGGCATCAAGA,N158H,0.2308,0.2308,2803,1698
TTAAATGGGCGCATTC,T318V,0.1579,0.1579,955,846
TTAAATGTAAGAAAAC,T23I,0.0000,0.0000,0,10
TTAAATGTCTTTCACC,D41W,0.2820,0.2820,841,417
TTAAATGTTTAATCAA,Y141H,0.2121,0.2121,590,389
TTAAATTAAACCGGAA,N424L,1.0000,1.7043,195,16
TTAAATTAACAAAACA,K387Q,0.1119,0.1119,52,65
TTAAATTAACAGGAAC,R321K E368A F469A,nan,nan,0,0
TTAAATTAATGAATGA,V309R,nan,nan,0,0
TTAAATTACTCAATTC,W127A,0.0855,0.0855,1004,1642
TTAAATTATAAATTTA,,0.1507,0.1507,695,645
TTAAATTCAGACCAAC,N379T,0.1236,0.1236,6115,6919
TTAAATTGACAAAGAA,,0.4328,0.4328,65,21
TTAAATTGATGATGAG,M531H,0.0000,0.0000,0,5
TTAAATTGTGAAGACT,S133R,0.2994,0.2994,17986,8402
TTAAATTTAACAAGTT,S6N W343C,0.0000,0.0000,0,4
TTAAATTTAATTCGAG,L2Q A526- L527- A528- I529- M530- M531-,nan,nan,0,0
TTAACAACCATCTAAA,H295S R496N,nan,nan,0,0
TTAACAACCGTCCTTA,E189D E327R,0.2984,0.2984,1814,850
TTAACAACTACTAAAG,Y363H,0.0000,0.0000,0,5
TTAACAACTTAGAACA,,0.0780,0.0780,1243,2229
TTAACAAGGACGACAG,,nan,nan,0,0
TTAACACAAACCCGTT,I517P,nan,nan,0,0
TTAACACAATATATAG,W350L D386I,0.2098,0.2098,57,38
TTAACACAATTCTCCC,,0.1319,0.1319,1736,1840
TTAACACATATACGCC,K262T,0.4052,0.4052,226,78
TTAACACCAGAAGATG,,0.1179,0.1179,418,496
TTAACACCAGCTTTAT,D241G R328bK,0.1748,0.1748,65,52
TTAACACGATTCAATG,A144Y T436V,0.0000,0.0000,0,2
TTAACACGCATTTATA,L2S Q454M,0.0700,0.0700,700,1399
TTAACACTAAGTCAGA,,0.1649,0.1649,810,687
TTAACACTATGGCCCG,,0.2119,0.2119,1200,792
TTAACAGAAGTAAATT,S167A K367S M431I F469C,0.0000,0.0000,0,9
TTAACAGATTGAGTTG,,0.1792,0.1792,1684,1314
TTAACAGGTAATTTAA,T23H S167D T370L,1.0000,1.3145,47,5
TTAACAGTTCATAAAA,M268Q,0.0000,0.0000,0,2
TTAACATATCCATACC,P162W,0.2662,0.2662,59,31
TTAACATATTACTAAT,N48*,0.0000,0.0000,0,10
TTAACCAAAAGAGTAG,T422A,nan,nan,0,0
TTAACCAACCCAATAA,M538E,nan,nan,0,0
TTAACCAATAACGGGC,F392A,0.0932,0.0932,36,54
TTAACCACAGCCGATT,S133R,0.2725,0.2725,2827,1451
TTAACCACTAATATTA,N116K I384L,0.2836,0.2836,144,71
TTAACCAGTAAACCGG,C14F,0.0000,0.0000,0,9
TTAACCATACGCGAAA,T378N,0.2346,0.2346,614,366
TTAACCATGACATCGT,L71N,0.0000,0.0000,0,3
TTAACCCACCCCCGCA,,0.1080,0.1080,1476,1911
TTAACCCACTACGATA,R456C,0.0974,0.0974,450,646
TTAACCCCCAAAACAC,H18G L112M,0.0955,0.0955,983,1439
TTAACCGAGTGCGCAG,F79G G271C,0.0653,0.0653,7,15
TTAACCGCTAATCCAA,N193T,0.2325,0.2325,783,471
TTAACCGGAACCACTC,,0.1204,0.1204,2437,2831
TTAACCGGAACGAAAA,E493Q,0.0561,0.0561,87,217
TTAACCGGGAACTTAA,,0.1170,0.1170,933,1115
TTAACCGGTAAATATA,S524N,0.0000,0.0000,0,7
TTAACCGTGAATACAT,E493P,0.1068,0.1068,2197,2876
TTAACCTAACACAAAT,L71G,nan,nan,0,0
TTAACCTACTCACTGA,A67H N458Q,0.5657,0.5657,178,44
TTAACCTAGAGGGAAG,D95K,0.1596,0.1596,3176,2782
TTAACCTATTACTCAC,A39V E461K,0.2610,0.2610,28,15
TTAACCTGCTGCTTAT,V5W L7R E24K,0.0000,0.0000,0,1
TTAACGAAATTAACCC,R456P S480F,nan,nan,0,0
TTAACGAAGCCATACC,L418E,0.1345,0.1345,733,762
TTAACGAAGTGTTCTA,K62F,0.1367,0.1367,650,665
TTAACGAATTTTTCAT,,0.1866,0.1866,2952,2212
TTAACGCCCGACAAAG,S290P T378E,0.0000,0.0000,0,2
TTAACGGCACCCAAAT,L455T,0.1136,0.1136,39,48
TTAACGGTCGTCTGTA,V36E,nan,nan,0,0
TTAACGGTGACCCGAT,W421E,0.0000,0.0000,0,7
TTAACGTAATCATCAT,I288W F469E,0.0000,0.0000,0,12
TTAACGTCAAACCATC,,0.1574,0.1574,3984,3540
TTAACGTCTACACAAT,S167V F469S,0.0000,0.0000,0,10
TTAACTACCGTTCAGG,M75G A522E,1.0000,1.1187,24,3
TTAACTAGACTACTTT,,0.1306,0.1306,887,950
TTAACTATGATATTAT,Q191R,0.0000,0.0000,0,6
TTAACTCAAACGCAAT,K328cM,0.6221,0.6221,258,58
TTAACTCAAATCTTAA,S136N,0.2344,0.2344,171,102
TTAACTCGTACACACC,D231M,0.1116,0.1116,1076,1348
TTAACTCTTCTAATCT,L59Q,0.0000,0.0000,0,58
TTAACTGCGCCAGACC,E131G,0.2119,0.2119,1150,759
TTAACTGCTTATAACC,E255M L430K A526V,0.0000,0.0000,0,6
TTAAGAAAATAATAAT,N224I,0.0000,0.0000,0,2
TTAAGAAAATAGGTCT,K216M,0.0945,0.0945,618,915
TTAAGAAACAGAGATG,V26M N410A,nan,nan,0,0
TTAAGAAATCCTGAAA,V223E,0.7691,0.7691,44,8
TTAAGAAATCCTGAAT,Y470D,0.0000,0.0000,0,46
TTAAGAACAACACTTT,,0.1676,0.1676,11284,9418
TTAAGAAGAATAGATA,E190A,0.0722,0.0722,203,393
TTAAGAAGTTTATAAA,A522P,0.0000,0.0000,0,1
TTAAGAATAATAGTAC,,0.1408,0.1408,1529,1519
TTAAGAATCTGGGCAC,E468T,0.1628,0.1628,5726,4919
TTAAGACACTAAAAAC,L-1D L515C,0.0000,0.0000,0,1
TTAAGACGAAATAATT,S133I,0.0949,0.0949,854,1259
TTAAGACGCCCTAAGC,,0.0799,0.0799,120,210
TTAAGACGGTTAGTAA,S146N G337R,0.0000,0.0000,0,7
TTAAGACTTTTGCGCG,T390I,0.1476,0.1476,1326,1256
TTAAGAGATAAATTCA,Y351L,0.0000,0.0000,0,7
TTAAGAGATACACAAA,V5Y I155V,0.1803,0.1803,481,373
TTAAGAGCAGCGATTC,E432L,0.8111,0.8111,116,20
TTAAGAGCCAACATGA,,0.1212,0.1212,869,1003
TTAAGAGTAGCCCCGA,E83S,0.0000,0.0000,0,15
TTAAGAGTCTCTGTAA,E190N,0.0444,0.0444,34,107
TTAAGATACGCAAAAT,T370V F469G,1.0000,1.2186,61,7
TTAAGATAGTTCCTCA,D53E,0.0864,0.0864,42,68
TTAAGATATTTGATAA,K372A N400D,nan,nan,0,0
TTAAGATCAGAAGTAC,N169L,0.3160,0.3160,904,400
TTAAGATCTATCTAGA,E508V,0.0000,0.0000,0,1
TTAAGATTGAATACAC,E493T,0.2288,0.2288,481,294
TTAAGCAAGCCCAAAT,A138M,0.0000,0.0000,0,4
TTAAGCAAGGGGGCAG,T301M,0.1269,0.1269,2873,3167
TTAAGCACGCAAGAAT,Q490L,0.1909,0.1909,2699,1977
TTAAGCACTGGAGTAG,S167I N248P,0.0000,0.0000,0,28
TTAAGCAGCATGACAA,E107N,0.1883,0.1883,35,26
TTAAGCAGGTCCTATC,,0.0821,0.0821,1384,2357
TTAAGCATTTCACCAC,,0.0275,0.0275,83,422
TTAAGCCCCTGTGCGT,I335D,0.0000,0.0000,0,7
TTAAGCCTAATAATCT,K45H,0.0981,0.0981,134,191
TTAAGCGAAGCCTATT,E107A,0.0000,0.0000,0,13
TTAAGCGACGAATCTC,Y353P,0.0000,0.0000,0,3
TTAAGCGACTAACCAA,,0.1039,0.1039,1279,1722
TTAAGCGGCTCCCATG,N54aQ,0.1318,0.1318,312,331
TTAAGCTATACAGTAT,R329T,0.9323,0.9323,40,6
TTAAGCTATGAGCATT,K57G,0.2889,0.2889,16866,8163
TTAAGCTGATCCAAAC,,0.2194,0.2194,9095,5796
TTAAGCTGCCTCGATA,,0.1055,0.1055,221,293
TTAAGCTTAAAGAAAT,D375M,0.2615,0.2615,230,123
TTAAGGAAACTGAGTA,A144I,0.1538,0.1538,3605,3278
TTAAGGATAGCTAATA,R405E,1.0000,inf,45,0
TTAAGGCACCCCCAAC,L437A,0.0000,0.0000,0,23
TTAAGGCCGGAGAGAT,Q282D C549S,0.0000,0.0000,0,8
TTAAGGCGACGAACCA,P58H,0.0000,0.0000,0,11
TTAAGGCGTGTACCGT,S167T N322R K367G T370G,0.0000,0.0000,0,6
TTAAGGGATAACCTTG,V152W D240N M431I,0.0000,0.0000,0,8
TTAAGGGTCGTAGTGA,D441H,0.1080,0.1080,329,426
TTAAGGTAGCTTGAAG,D27R,0.2904,0.2904,27,13
TTAAGGTGTATGAAAT,E479Q,0.1032,0.1032,540,732
TTAAGTAACAAAGTAC,R212D,0.0919,0.0919,23,35
TTAAGTACAGATTTAA,Y448I,0.1801,0.1801,85,66
TTAAGTACCGTGGCCA,W350E,nan,nan,0,0
TTAAGTAGATGTACAG,,0.1748,0.1748,6332,5066
TTAAGTAGTGTCGTAC,N186Q I502L,0.0739,0.0739,28,53
TTAAGTATAAAACAAG,R227V,0.0289,0.0289,24,116
TTAAGTCTATCCAAAC,D241H,0.5158,0.5158,402,109
TTAAGTGACAAAGGCG,P74Q,0.0910,0.0910,41,63
TTAAGTGCCAATCAAC,N169W T370D F469Y,0.0000,0.0000,0,2
TTAAGTGCGCCCGCGT,W234* K472C,0.0000,0.0000,0,4
TTAAGTGGGTGAAAAC,,0.1756,0.1756,2096,1669
TTAAGTTTCCTAGAAA,S167P R321A T370K,0.0000,0.0000,0,8
TTAAGTTTTCGTCCAG,K62P L331D,1.0000,1.4983,150,14
TTAATAACATACCCAT,S247T,0.1876,0.1876,2046,1525
TTAATAAGATGTCAAC,,0.1540,0.1540,1044,948
TTAATAATACATTGAA,K125aD,0.1556,0.1556,5368,4823
TTAATAATACGTAGTA,M413P W421L,1.0000,1.7713,38,3
TTAATAATTGGTACAC,N169A R321D D366P T370N F469T,0.0000,0.0000,0,4
TTAATACATCAGGGCG,P162W,0.1721,0.1721,32,26
TTAATACCTTAAATCA,N187G,0.0072,0.0072,18,352
TTAATACGTTAATAAA,G362F,0.0292,0.0292,19,91
TTAATACTGACTTATA,,0.0453,0.0453,162,500
TTAATAGAAAATTCAC,S221K,nan,nan,0,0
TTAATAGGCTGAACTA,S65K M531I,0.8009,0.8009,63,11
TTAATAGGTGTATAAA,G341S,0.0000,0.0000,0,6
TTAATAGTAAGCCAAT,G330D,0.6174,0.6174,234,53
TTAATAGTCAAAATAC,S6V N312E,0.0842,0.0842,698,1159
TTAATAGTCTCATTTC,E494R,0.1393,0.1393,1948,1955
TTAATAGTTCTAATAT,T283F,1.0000,inf,26,0
TTAATATAACGGCACA,,0.1842,0.1842,8524,6470
TTAATATAGCGGTATC,,0.3496,0.3496,30,12
TTAATATATTCTCCAG,A364G,0.1133,0.1133,358,442
TTAATATCCAAACATA,,0.0000,0.0000,0,52
TTAATATCGAAAGAAG,I155A M538L,0.2680,0.2680,69,36
TTAATATCTGTCTCTT,D375F,0.1821,0.1821,168,129
TTAATATGAGGCAATG,S167K T370E,nan,nan,0,0
TTAATATGCCGTCGAA,W350D,0.0000,0.0000,0,2
TTAATATGGTCGGGAT,,0.1530,0.1530,1345,1229
TTAATATTAAAGTTCA,V135R S290-,0.0000,0.0000,0,10
TTAATATTACTAAGCT,C52Q N169V R321S D366Y S369G,0.0000,0.0000,0,15
TTAATATTTTAATAAC,,0.1689,0.1689,1134,939
TTAATCAACTAATTGC,S221D,nan,nan,0,0
TTAATCAATACGCCGA,V8K A532Q,1.0000,1.2027,43,5
TTAATCACCAACTTTG,S133E L497V,0.0819,0.0819,5357,9143
TTAATCATATCTCCAA,M111R,0.0000,0.0000,0,21
TTAATCATTATAGACT,Q191F,0.0000,0.0000,0,9
TTAATCCCATAGATAG,,0.0463,0.0463,49,148
TTAATCCGACTTGTAT,E131G H298L,nan,nan,0,0
TTAATCCGTTAAATCA,F251P,0.0000,0.0000,0,7
TTAATCCTGGACGTTC,T219M,0.2350,0.2350,457,272
TTAATCGATTCTGCAC,I13L,0.1468,0.1468,1908,1817
TTAATCGCGACCAATA,N248T E501K,0.0872,0.0872,159,255
TTAATCTAGAAGAAAG,R149L S369N,0.0899,0.0899,389,605
TTAATCTATGACAGTT,A91M,0.1770,0.1770,591,467
TTAATCTCCTAGCAGT,N248V G286S,0.0000,0.0000,0,8
TTAATCTCCTCCTCAA,Y448M,0.0000,0.0000,0,15
TTAATCTGCGAAAGTC,A67N L176C,nan,nan,0,0
TTAATGAATTATAGCT,,0.1334,0.1334,925,970
TTAATGACAGTTGCCA,D95F E479W,0.0000,0.0000,0,3
TTAATGCACATATAAT,V381A,0.0000,0.0000,0,32
TTAATGCGTGTTTGTC,C277R,nan,nan,0,0
TTAATGCTAAGCTTCG,,0.2119,0.2119,5074,3348
TTAATGCTATACAATT,E131P,nan,nan,0,0
TTAATGGAAAGACTAA,K32P S167L,0.2205,0.2205,1255,796
TTAATGGATTATACGC,,0.1616,0.1616,2308,1997
TTAATGGCAGTTAATA,N103E R212N,0.1132,0.1132,997,1232
TTAATGTAAGACGTCC,D415Q,0.1073,0.1073,1037,1352
TTAATTAAAATTGGAT,,0.1847,0.1847,1920,1454
TTAATTATCTAAATCC,F417P,0.0000,0.0000,0,8
TTAATTCAAGTTCATG,N224P,0.0000,0.0000,0,1
TTAATTCAGAGGGTCC,N296H,0.1049,0.1049,126,168
TTAATTCATCTATCCG,R321F T370G F469S,nan,nan,0,0
TTAATTCATTGATATA,,0.1466,0.1466,1397,1333
TTAATTCCAAGAAGAG,,0.1187,0.1187,2083,2454
TTAATTCCCTACCGGA,V8P S125bI K387N N458W,nan,nan,0,0
TTAATTCGCACCAAAA,N158V I384E,0.0000,0.0000,0,18
TTAATTCTGACAGCCA,,0.1996,0.1996,384,269
TTAATTGACTCCTCAC,N250Q,0.0000,0.0000,0,3
TTAATTGAGCGCACCT,E398N,0.0482,0.0482,72,209
TTAATTGCCGAATAAT,,0.2018,0.2018,381,264
TTAATTGTACACACTG,N458A,0.0473,0.0473,305,901
TTAATTTATGTTGCGG,E119M,0.1528,0.1528,911,834
TTACAAAAGATCCTCC,P293L I517F A521V,0.0000,0.0000,0,2
TTACAAACCGAGCGCA,C281D,0.0000,0.0000,0,4
TTACAAAGACACTAAA,S10F,0.0000,0.0000,0,1
TTACAAAGGAGACAAC,K411R,0.1195,0.1195,1529,1789
TTACAAAGTAAGCTTA,L51Y E479Y,0.0000,0.0000,0,3
TTACAAATGATCTAAG,L96S N250S C539A,0.0000,0.0000,0,2
TTACAAATGTTTTAAA,I60E,0.2241,0.2241,15753,9829
TTACAAATTTAACAGT,E31V,0.0708,0.0708,517,1021
TTACAACAGTACATCA,M538H,0.1014,0.1014,58,80
TTACAACCAGTGCTAT,S6Q L462V,0.1321,0.1321,153,162
TTACAACCCCTCCGGG,H110T,0.1026,0.1026,44,60
TTACAACGATCTAGCA,S361T,0.1345,0.1345,2394,2489
TTACAAGAAATCACTC,A138M,0.1274,0.1274,143,157
TTACAAGAATTTCACA,K32H T422Y,1.0000,2.1676,31,2
TTACAAGAGTCGAAAC,Y86G,nan,nan,0,0
TTACAAGCGTAGGCCC,N408V,0.0971,0.0971,275,396
TTACAAGCTAAGCACT,N224D,0.0000,0.0000,0,56
TTACAAGTTGAATATT,I384N,0.0000,0.0000,0,5
TTACAATAATTCTTTA,S509L,0.1298,0.1298,400,431
TTACAATCAACGACTT,D104R,0.1156,0.1156,372,450
TTACAATCAGGTCGTT,T370A F469R,0.0000,0.0000,0,2
TTACAATCCTAAAATC,A19I,0.0402,0.0402,25,87
TTACAATCGTAGTATG,G342M,0.4545,0.4545,13,4
TTACAATCTCAAACAC,R114L,1.0000,inf,46,0
TTACAATCTTGTCCCC,,0.1950,0.1950,3902,2798
TTACAATGCTAAAAAA,Q545*,0.4331,0.4331,223,72
TTACACAAATGTTGCG,C277N,0.0000,0.0000,0,15
TTACACACAGTAAAAC,S291R,0.0000,0.0000,0,13
TTACACACCCCACTGT,,0.1478,0.1478,1073,1015
TTACACACCGATCATC,G286V Y470S,nan,nan,0,0
TTACACACGGTTTGCA,G330H,0.0000,0.0000,0,43
TTACACATGAGTTCCG,L61M I288Q,nan,nan,0,0
TTACACATTATAAGTT,M478D,0.0000,0.0000,0,41
TTACACCAATAGCATT,N169R S369G,0.2944,0.2944,1139,541
TTACACCACTAGAATC,,0.1289,0.1289,4508,4892
TTACACCCACAAATTT,,0.0000,0.0000,0,4
TTACACCTATTATGAG,N187W E432K,0.0000,0.0000,0,1
TTACACGGAGGTTGTA,,0.2079,0.2079,226,152
TTACACGTGAACACGT,K269G,0.1268,0.1268,1998,2203
TTACACTAACGGTTAC,W180Y,0.2420,0.2420,1672,966
TTACACTACCCAACCA,R456W,0.1476,0.1476,3462,3279
TTACACTACTAATACC,L177E,0.0000,0.0000,0,2
TTACACTCAGAAATCC,G396P,0.1702,0.1702,56,46
TTACACTTACAATAAA,P239H,0.0486,0.0486,49,141
TTACAGAAAATTAGAC,Y518M A522S,nan,nan,0,0
TTACAGAGGGAACTAG,H110Y,0.1158,0.1158,82,99
TTACAGCAAGGGTTTT,M531*,0.0000,0.0000,0,11
TTACAGCGTCGTATGT,H110T,0.0951,0.0951,83,122
TTACAGGGGACCGCAA,S270A,0.1294,0.1294,2637,2850
TTACAGTAAGCAAATC,T208K,0.1840,0.1840,458,348
TTACAGTAGGAAGCAA,N289L,0.1844,0.1844,8437,6400
TTACAGTGCCAAAGCT,,0.0759,0.0759,126,232
TTACATAATACCATCA,W350D,1.0000,2.9647,106,5
TTACATAATAGTTAAA,N193K E340S,nan,nan,0,0
TTACATAGTTTCCAGA,Y448N,0.0000,0.0000,0,6
TTACATCACACCAGGA,D264I,nan,nan,0,0
TTACATGAATCTTCGA,R482Y,0.1033,0.1033,260,352
TTACATGATTATGTAG,S323W,0.1906,0.1906,124,91
TTACATGTATACAAGT,E304I,0.1936,0.1936,6097,4405
TTACATTATAGAAATA,,0.2130,0.2130,1607,1055
TTACATTGAAAACTCA,C139T,nan,nan,0,0
TTACATTGGTAAATTT,T206E,0.0000,0.0000,0,25
TTACCAAAAATGAGGC,,0.0000,0.0000,0,2
TTACCAAATCTGATAA,F469S,nan,nan,0,0
TTACCAACCGTTACAT,K280N,0.1771,0.1771,2523,1992
TTACCAACTGAGTGAC,T199P,0.0172,0.0172,203,1648
TTACCAAGGAGGGCAA,D375S,0.1759,0.1759,8615,6848
TTACCACAATACACCG,G345V,0.9439,0.9439,27,4
TTACCACCATCATCAA,E432K,0.0000,0.0000,0,3
TTACCACTTGGCTCAG,Q454L,0.1212,0.1212,2418,2791
TTACCAGATATGCATG,C76V I80N,0.2279,0.2279,44,27
TTACCAGCTATAGGAG,,0.1625,0.1625,4033,3470
TTACCAGGATAAAATC,N193S,0.1190,0.1190,577,678
TTACCAGGCAAAATCA,A336T L427N,0.0000,0.0000,0,1
TTACCAGTACAAATCC,K460N Y512K,nan,nan,0,0
TTACCATATATAACAC,,0.1555,0.1555,922,829
TTACCATATCCAATTT,N197G E508P,0.0945,0.0945,77,114
TTACCATTGACTATAA,F469I,nan,nan,0,0
TTACCATTGGCTATAA,F469I,0.0000,0.0000,0,10
TTACCCAAATGTTAAT,I339K,0.4068,0.4068,64,22
TTACCCAAGCAAGTCC,,0.2529,0.2529,1485,821
TTACCCACTGATTCGA,S136F,0.0000,0.0000,0,2
TTACCCAGCCCTAGAC,A526F,0.0000,0.0000,0,23
TTACCCATGCTACTAC,S383L,0.0000,0.0000,0,7
TTACCCATTATCCCAG,Y491I,0.0000,0.0000,0,2
TTACCCCAAATGAGAC,R321T T370K,0.0000,0.0000,0,4
TTACCCCTCACCAATA,,0.1281,0.1281,501,547
TTACCCCTTACGATGG,P58W,0.5943,0.5943,34,8
TTACCCGATACAAGTA,V420A,0.9190,0.9190,46,7
TTACCCGCCAACCATA,A365N,0.0000,0.0000,0,13
TTACCCTAATCCGGGA,,0.1699,0.1699,3651,3005
TTACCGAAGTGACCTG,G362Q,0.2578,0.2578,94,51
TTACCGACTTTAAGTG,S509C,0.1254,0.1254,643,717
TTACCGAGCAAGGACC,T390D,0.0870,0.0870,56,90
TTACCGATAACACAGA,N33F F469G,0.2168,0.2168,31,20
TTACCGCGACATCTAT,L179T,0.2507,0.2507,1013,565
TTACCGCGGCAGCGTT,,0.1963,0.1963,845,602
TTACCGCTACGTCGTA,L300S,0.8111,0.8111,29,5
TTACCGCTATCTAATT,,0.2148,0.2148,1395,908
TTACCGGATAACCTAA,,0.1757,0.1757,1078,858
TTACCGGGTCTGAGTA,C64V,0.0000,0.0000,0,16
TTACCGGTGCATCATC,T283N,nan,nan,0,0
TTACCGTCCAAAAAAT,,nan,nan,0,0
TTACCTACCGTGACAC,,0.0000,0.0000,0,15
TTACCTCCGCCCAAGG,,0.1370,0.1370,475,485
TTACCTGAATGAAAAT,,0.1737,0.1737,1682,1354
TTACCTGATCAACGAA,I-3P G360S,0.1159,0.1159,1453,1753
TTACCTGATTCAGTCC,K412S C539G,0.0000,0.0000,0,1
TTACCTGGTAGTTTAG,Y105D S203I,0.1425,0.1425,54,53
TTACCTGTCCATCAAT,N210L Q545S,0.0000,0.0000,0,2
TTACCTTAAAAACTAC,M-6I I385M,nan,nan,0,0
TTACCTTATAGTACGA,Y448V,nan,nan,0,0
TTACCTTCATCGTCAG,P239W P306G,0.0000,0.0000,0,43
TTACCTTTAAATTTAT,,0.1845,0.1845,277,210
TTACCTTTGGATTGCA,M388Y,1.0000,1.9019,68,5
TTACCTTTTTATGTAG,S167P R321P D366Y F469K,0.3765,0.3765,35,13
TTACGAAAAAAAATTC,,0.0688,0.0688,93,189
TTACGAAAACGCCTAA,R547I C549Y,0.0000,0.0000,0,82
TTACGAAATAGAAGAA,A67D,0.0673,0.0673,1246,2590
TTACGAACATTGAAGT,D348V,0.0397,0.0397,23,81
TTACGAAGGAATACAC,H298G,0.1211,0.1211,594,686
TTACGAATAATCTAAC,P299V,0.5394,0.5394,108,28
TTACGAATACCCTGTA,I385N,0.1357,0.1357,33,34
TTACGAATCGCTCTCG,K262aP,0.1632,0.1632,7,6
TTACGAATGACGTTAG,V26K,0.0000,0.0000,0,17
TTACGAGAAAACTAGA,A365L,0.3208,0.3208,78,34
TTACGAGGAAGTCCTA,I550R,0.0000,0.0000,0,1
TTACGAGGGATCTGGC,E-5F N169P,0.0958,0.0958,633,924
TTACGAGTCATTCCAA,,0.6193,0.6193,31,7
TTACGCCTCAACGAAG,Q226G,0.0000,0.0000,0,9
TTACGCCTGATTGTTA,Y161R,1.0000,inf,1,0
TTACGCGAAAGCCGAA,L154C,0.2151,0.2151,40,26
TTACGCGCCTCAAACA,L462Y,0.0884,0.0884,153,242
TTACGCGGCGATGACC,G360D,0.0000,0.0000,0,7
TTACGCGTACCCAGAA,,0.1219,0.1219,1049,1203
TTACGCGTCCTCTACA,V204Q,0.0000,0.0000,0,3
TTACGCTAGCTAAGAT,N382H,0.1908,0.1908,176,129
TTACGCTAGGCAGATA,Y353P,0.0000,0.0000,0,5
TTACGCTTAAGCACAG,F338H,0.0000,0.0000,0,4
TTACGGACTTTTATTC,L70- L71- G72- N73- P74- M75- C76- D77- E78- N172L,0.0000,0.0000,0,30
TTACGGATAACTGTAA,M431I,0.1398,0.1398,43,43
TTACGGCTAACGAATG,S6A D240Y,0.1898,0.1898,4537,3342
TTACGTACACATAAAA,A3D V261E,0.0000,0.0000,0,3
TTACGTACGTATGAAT,,0.1484,0.1484,1787,1684
TTACGTAGCAATATAA,E78S,0.0964,0.0964,202,293
TTACGTATAAATATAA,F332R,0.0000,0.0000,0,4
TTACGTCCCATAATAT,,0.1557,0.1557,1456,1308
TTACTAAAAGACATAT,K157N G510aM,0.2715,0.2715,759,391
TTACTAAACGACCTAG,V420Y,0.4195,0.4195,27,9
TTACTAAATGATTAAA,N21D,0.1168,0.1168,507,607
TTACTAACCTATTCGA,R499W,0.1217,0.1217,857,985
TTACTAAGCAGGTTAT,E340T,0.0000,0.0000,0,7
TTACTAAGTCCTTACT,E273H,0.2244,0.2244,589,367
TTACTACCTTATAGTA,L133aP,0.1865,0.1865,36,27
TTACTACGACTAGAGC,Y448I,0.1284,0.1284,56,61
TTACTACTGTAGAGAA,P293M,0.0000,0.0000,0,2
TTACTACTTAAGAAGA,A253W,0.0000,0.0000,0,1
TTACTAGAAAAACAGG,S523E,1.0000,1.6502,59,5
TTACTATGAGTTATCA,Y448M,0.0886,0.0886,38,60
TTACTATTACATGATA,,nan,nan,0,0
TTACTATTAGACTCAC,P306I,0.0000,0.0000,0,7
TTACTATTCACAGCCA,Y308T,nan,nan,0,0
TTACTCAAAAGTAAAA,S6Q W180D,0.0000,0.0000,0,18
TTACTCAAACCAGAAG,Y98E,0.0000,0.0000,0,2
TTACTCAAAGTCCTTA,F439G,0.8321,0.8321,119,20
TTACTCAACCGCCGGA,L96D R496K,0.0000,0.0000,0,8
TTACTCAATCAGGACC,S22W K472V,0.0000,0.0000,0,8
TTACTCAATCGTACAA,H471G,0.2331,0.2331,95,57
TTACTCCCCAATCATA,L507H,0.0178,0.0178,15,118
TTACTCCCCATACATA,V451I,0.1428,0.1428,715,700
TTACTCCCGAACGCGA,,nan,nan,0,0
TTACTCCCTCCCCGTG,I4P,0.0000,0.0000,0,1
TTACTCCTACAAACAG,R229I,nan,nan,0,0
TTACTCGAATGTGAAT,N443V,0.0000,0.0000,0,41
TTACTCGCTAACCCCC,E78W,0.0499,0.0499,55,154
TTACTCGGAATACTCG,S6L N410Y,0.0000,0.0000,0,6
TTACTCTATTTAATCA,P254K,0.0000,0.0000,0,2
TTACTCTCATGCGATA,E432R,0.0000,0.0000,0,2
TTACTGAGAGCAAATT,G337L,0.4626,0.4626,43,13
TTACTGCACGCGACAA,Q142I F232G,nan,nan,0,0
TTACTGGAACACTAAG,D159M,0.1065,0.1065,1677,2202
TTACTGTACGCTTCTA,S22G M478N,0.3380,0.3380,29,12
TTACTGTCAATCGAAA,N458Q,0.1753,0.1753,247,197
TTACTGTTCAAACTAC,G376R,0.1523,0.1523,817,750
TTACTTAATGCCAGTG,N458E,0.0000,0.0000,0,4
TTACTTCAACACAAAA,K9F V395F,0.0613,0.0613,128,292
TTACTTCCACATAGTC,Q211L,0.1028,0.1028,25,34
TTACTTCTCTGAGTAC,D41F,0.0000,0.0000,0,32
TTACTTCTTAGAAATG,V381S,0.0000,0.0000,0,3
TTACTTGCGAATGATA,L43N M230Y,0.0000,0.0000,0,4
TTACTTGTAAAATGCA,E494F,0.2262,0.2262,393,243
TTACTTTATAGTAAGC,K109C,0.0938,0.0938,116,173
TTACTTTCCGCTGTGT,,0.1551,0.1551,2691,2427
TTACTTTTTTCTTTAA,N21I,0.2360,0.2360,27,16
TTAGAAAAAATGAGAC,,0.1855,0.1855,2607,1965
TTAGAAAAATACCTGA,,0.1175,0.1175,1507,1794
TTAGAAAAGCATTATA,P254W,0.0000,0.0000,0,1
TTAGAAACAACGATCG,,0.1329,0.1329,1077,1133
TTAGAAACACACGGAT,M388D,0.9789,0.9789,91,13
TTAGAAACATACACAT,,0.1530,0.1530,2025,1851
TTAGAAACATCGTAAC,,0.0718,0.0718,112,218
TTAGAAATCCGTGACA,G271S,0.0800,0.0800,219,383
TTAGAAATGAATAAAT,N21R,0.2456,0.2456,144,82
TTAGAAATTGATATTG,E31K,0.2578,0.2578,470,255
TTAGAACAACATAGGG,G396N,0.0694,0.0694,68,137
TTAGAACACTCAGAAT,N116M,0.0456,0.0456,234,717
TTAGAACATAGGGTTT,Y105V,0.1426,0.1426,2999,2940
TTAGAACCATACAAAA,,0.1468,0.1468,63,60
TTAGAACTATTTCTCA,V309I,0.1442,0.1442,2166,2101
TTAGAACTTCAAATGA,G16M,0.0000,0.0000,0,8
TTAGAAGAAAAGCGGG,G228C S383V,0.0000,0.0000,0,1
TTAGAAGCTTTGCCAA,N169V N322D T370P L515V,nan,nan,0,0
TTAGAAGTACACATAT,I121N L300P E476D *551W,0.0000,0.0000,0,5
TTAGAAGTCTTTCAAA,,0.1392,0.1392,225,226
TTAGAATACCCAGCAA,G333M,0.0810,0.0810,77,133
TTAGAATCAGGTTCAC,,0.1571,0.1571,2345,2087
TTAGAATCCTAGAGCC,A394Q,nan,nan,0,0
TTAGAATGCTCCCAAA,N33S P125T,0.1020,0.1020,2098,2876
TTAGAATTACATGACT,T520F,0.0261,0.0261,11,59
TTAGACAACAAAGTAT,T37Y E493D,0.0000,0.0000,0,1
TTAGACAACCCTAATC,V204H,0.2175,0.2175,28,18
TTAGACAAGCAAATGG,E78F,0.1556,0.1556,1612,1449
TTAGACAGAGACCTGA,E493P,0.0132,0.0132,14,148
TTAGACCAGTCAAGTA,K50T,0.0000,0.0000,0,4
TTAGACCCAATAATAA,N475F,0.0000,0.0000,0,17
TTAGACGACAGTGCTG,K372T,0.1550,0.1550,919,829
TTAGACGCAAAAATGA,N250A,0.1568,0.1568,379,338
TTAGACTAAAGGTTTC,G275T,0.1894,0.1894,1907,1408
TTAGACTATAAAGCTT,I155T W421A,1.0000,2.2375,48,3
TTAGACTCATGATAAC,E398Y,0.0000,0.0000,0,2
TTAGACTCTAAATACT,I115D,0.0000,0.0000,0,2
TTAGACTGAAAGTTTA,,0.1667,0.1667,6037,5063
TTAGAGAACAGAGCGC,,0.0685,0.0685,168,343
TTAGAGATCTGGGACG,,0.1093,0.1093,362,463
TTAGAGGAGTAGGTTG,I60N Q222P,0.1919,0.1919,1713,1248
TTAGAGGCACATCCAG,N446S,0.2016,0.2016,493,342
TTAGAGGGCCAAAAGG,E501D,0.0856,0.0856,1333,2177
TTAGAGTGGAAATGAC,S290I,0.0987,0.0987,853,1208
TTAGATAACAGGAAAG,,0.0000,0.0000,0,14
TTAGATAGCAAACTCG,C52D,0.0058,0.0058,1,24
TTAGATCAAACTACAA,,0.1712,0.1712,464,379
TTAGATGAAACTGAGA,H276K,0.1999,0.1999,4558,3189
TTAGCAAGAAAATCTA,S207P,1.0000,1.3145,47,5
TTAGCACAGAACCAAA,L96N,0.1640,0.1640,1120,955
TTAGCACCTTAAAGGC,R404H,0.2539,0.2539,69,38
TTAGCATAACATAACA,C97T,0.0000,0.0000,0,6
TTAGCATAATACAAGT,I121Q H184G,nan,nan,0,0
TTAGCATACCTCGTGA,G49D D449H,0.3396,0.3396,51,21
TTAGCATATACCTATG,N278Q,0.0000,0.0000,0,37
TTAGCATATTCAAATG,P324G E468A,0.1635,0.1635,629,538
TTAGCATCTGAATACA,S65K,0.0000,0.0000,0,6
TTAGCATCTGCTTAGG,E89H,0.1986,0.1986,507,357
TTAGCCAACAGCAAAT,,1.0000,1.0313,59,8
TTAGCCATCCCGTGTC,V8T R321A T370I,0.5794,0.5794,58,14
TTAGCCCACTCAACGC,Q25Y,0.1011,0.1011,1645,2276
TTAGCCCTCCCAATCA,L7R,0.0335,0.0335,104,434
TTAGCCGTACACTGCC,G16F,0.0000,0.0000,0,3
TTAGCCTATCTCAATA,I155C,0.1208,0.1208,2036,2356
TTAGCCTGACACCTCT,I288L,0.1858,0.1858,93,70
TTAGCCTGCTGCTTAT,V5W L7R,0.0700,0.0700,932,1862
TTAGCGACAAACCAAA,,0.1565,0.1565,2495,2230
TTAGCGACATGTAAAA,,0.1274,0.1274,195,214
TTAGCGAGCAAGGACT,N21L E304R,0.1289,0.1289,331,359
TTAGCGAGTTAGTAAT,L209R,0.0000,0.0000,0,7
TTAGCGCACTACACGG,F338C,nan,nan,0,0
TTAGCGCCCGTCGATG,S311M M431N,1.0000,1.1712,134,16
TTAGCGTATTAACCTC,K310M D415T,nan,nan,0,0
TTAGCGTCGTAAAATA,F467C,nan,nan,0,0
TTAGCTAAAGACCTAT,Q282N,nan,nan,0,0
TTAGCTAACATTCAAA,N296K,0.0629,0.0629,112,249
TTAGCTAGAATGTGCA,S136I,0.1780,0.1780,28,22
TTAGCTCCGACTTGCA,C139G,0.1189,0.1189,17,20
TTAGCTCTTGGTGAAA,N187D,0.0601,0.0601,643,1495
TTAGGAAAAACCACAT,P74C I217W,0.6215,0.6215,40,9
TTAGGAAACCACACGA,,0.0639,0.0639,117,256
TTAGGAAGTATCGCTA,T200V,0.1587,0.1587,9668,8520
TTAGGAAGTGTTAGAT,E432K L544N,0.0000,0.0000,0,1
TTAGGACCAAGTAACT,S22K,0.0000,0.0000,0,56
TTAGGACTGGCCCCCT,E-5C G286F,nan,nan,0,0
TTAGGAGTATTGGCCC,D95M,0.1056,0.1056,848,1123
TTAGGATAAGCCTCTA,M431A,0.1773,0.1773,355,280
TTAGGATCAGTTTAAA,E414A,0.0292,0.0292,47,225
TTAGGATCCTCATATA,T370K,0.0000,0.0000,0,1
TTAGGATTCCGATCCC,R435E,0.0000,0.0000,0,9
TTAGGCATAAACCTAG,,0.1145,0.1145,1901,2322
TTAGGCATTACAGAAA,W127G I548W,0.0000,0.0000,0,7
TTAGGCGTTAGGCAAA,C76N Q454L,0.0000,0.0000,0,1
TTAGGCTATCGATCAA,,0.1656,0.1656,2266,1914
TTAGGGACCAGAAAAC,A138G,nan,nan,0,0
TTAGGGAGCCGATAAT,S85L T370P H471N,0.0000,0.0000,0,1
TTAGGGATATTAGGGA,Y161R,0.0000,0.0000,0,2
TTAGGGATGAATGAAA,,0.1796,0.1796,8989,7001
TTAGGGGCACACGATA,G263N F469C,0.0000,0.0000,0,4
TTAGGTAAAACATCCC,,0.0000,0.0000,0,78
TTAGGTAACTTTCATG,E83P N169D H184W Y486M,0.0000,0.0000,0,21
TTAGGTAATAGATCGA,T163Q,0.0000,0.0000,0,31
TTAGGTATAACAATGC,P162G,0.1705,0.1705,835,685
TTAGGTATCCAAGAAC,S167T S265N R321M T370K,nan,nan,0,0
TTAGGTATTGACCATA,L1R L437H,0.1076,0.1076,10,13
TTAGGTATTTCCAGCT,L1W,0.1038,0.1038,576,776
TTAGGTCATACATACG,A253V,0.1401,0.1401,1849,1846
TTAGGTCCCTCTGAAG,S503G S509I,0.0499,0.0499,221,619
TTAGGTCTCCAATACA,,0.1345,0.1345,4012,4170
TTAGGTGAGTACCCAA,S221F I384G,0.0000,0.0000,0,9
TTAGGTTATACTAAGG,S167V R321P,0.0000,0.0000,0,1
TTAGGTTTAGATAAAT,G143C H355V,0.1992,0.1992,47,33
TTAGGTTTGCTACAAC,K125aS,0.0602,0.0602,31,72
TTAGTAAAGTTAAACA,A495W R496I,0.0000,0.0000,0,3
TTAGTAACCATATGAG,S323H,0.1308,0.1308,900,962
TTAGTACAACAAAGAA,D95P Q191E,0.0000,0.0000,0,27
TTAGTACAATTTAGTT,A160P G228D,0.0000,0.0000,0,1
TTAGTACCCAAGACTA,R173N,0.1566,0.1566,421,376
TTAGTACGTAACCTGG,L176H,0.0000,0.0000,0,27
TTAGTACTATGATGTA,K125aC G337V,0.9439,0.9439,27,4
TTAGTATCGTGATGAA,R326L,0.1398,0.1398,240,240
TTAGTCAAAAATGACC,A137Q R321I T370L Y512K,0.0000,0.0000,0,30
TTAGTCCCCTACGTAA,I384Q E508R,0.2161,0.2161,17,11
TTAGTCGAAATCCCAA,R114E,0.1141,0.1141,102,125
TTAGTCGCTAAGTCCA,M388A,0.0000,0.0000,0,25
TTAGTCGCTGATGAGT,A39Q,nan,nan,0,0
TTAGTCGGTATCAACT,C14* D264Q D441E,0.0000,0.0000,0,5
TTAGTCGTTTTTCACC,,0.1182,0.1182,93,110
TTAGTGAAAGCTTTTC,,0.1142,0.1142,622,762
TTAGTGAGAAAACTAG,,0.2202,0.2202,5200,3302
TTAGTGATGGTGATTA,,0.1389,0.1389,434,437
TTAGTGCAAGCACGCA,H117I,0.1052,0.1052,1617,2150
TTAGTGCAATTGGACG,R405F,0.6153,0.6153,22,5
TTAGTGTAAGACGGAT,I80S,0.1479,0.1479,403,381
TTAGTTAAATAATAAG,A3I A495L,0.0707,0.0707,800,1582
TTAGTTACACCCACCA,V510C,0.0000,0.0000,0,20
TTAGTTACACGTAGAT,F147W,0.1795,0.1795,231,180
TTAGTTATATCAGATA,E304G,0.1240,0.1240,579,653
TTAGTTATCGAGTCTT,,0.2652,0.2652,311,164
TTAGTTCACCATTTGA,N443R,0.0677,0.0677,30,62
TTAGTTGAATCCCAAG,W343F,0.0000,0.0000,0,10
TTAGTTGGGTTGTGAT,,0.0000,0.0000,0,8
TTAGTTGTCCAGTACT,P299H,0.1140,0.1140,3996,4903
TTAGTTTAAATCAAAT,,0.0851,0.0851,70,115
TTAGTTTCAACTACAG,V66N Q282A,0.0000,0.0000,0,34
TTAGTTTCTCTATATC,S207D,0.0981,0.0981,821,1170
TTAGTTTGATATCTGA,A214H,0.4527,0.4527,615,190
TTAGTTTGCATCATAT,L43P T520S,0.0000,0.0000,0,4
TTATAAAAAGCCCGCC,E358K,0.1781,0.1781,9083,7133
TTATAAAACTAAGACG,T422A,1.0000,1.3285,38,4
TTATAAAAGTTACTGA,G143K,0.1704,0.1704,234,192
TTATAAAATAACCAAT,K412Y,0.4445,0.4445,178,56
TTATAAACAAATTGAC,K9I,1.0000,1.0721,69,9
TTATAAACGGTACGCT,G376S R405Y,1.0000,inf,26,0
TTATAAAGACAGGTGC,A365N,0.9090,0.9090,26,4
TTATAAAGTGACCTAT,F147Y R149*,nan,nan,0,0
TTATAAATTTTCCTGT,S146F,0.1948,0.1948,2525,1813
TTATAACAAAAAGAAT,K269S,0.2053,0.2053,1308,891
TTATAACACGGAATCC,A394Q,0.0000,0.0000,0,11
TTATAACAGAAGGACG,P82aR A364L,0.0000,0.0000,0,1
TTATAACAGTCTGGAT,K157W,0.1030,0.1030,307,417
TTATAACCCAACACTG,A522F,0.6293,0.6293,99,22
TTATAACTCGCAGAAT,A160W,0.1466,0.1466,2327,2220
TTATAACTTAATAAGT,,0.1748,0.1748,3431,2745
TTATAAGAAAGTAAAA,L213W,0.1183,0.1183,1238,1463
TTATAAGCGTAAGATC,,0.1368,0.1368,2847,2910
TTATAAGCGTACAAGA,P82aC E83D,0.0000,0.0000,0,25
TTATAAGTTTCATCTA,K269F,0.1334,0.1334,4982,5221
TTATAATATCAACACA,N187V,0.0128,0.0128,67,730
TTATAATCAGAGGCGG,S125bN,0.0980,0.0980,1527,2178
TTATAATCCTATGCTA,Q282V,0.0000,0.0000,0,1
TTATAATCGCCACAAA,N458H,0.1599,0.1599,1977,1729
TTATAATCTTAACAGA,G484I,0.0000,0.0000,0,3
TTATAATGTTGCGGAT,L1K,0.1538,0.1538,11,10
TTATAATTATTTCTAT,S291D,0.0905,0.0905,627,969
TTATAATTCATCCTTG,N116E,0.0000,0.0000,0,46
TTATAATTGTAAAATC,L515K,0.0000,0.0000,0,4
TTATACAAATAGGGAT,G263V,0.1185,0.1185,89,105
TTATACAAGCCTTAAT,L437E,0.0000,0.0000,0,6
TTATACAATACAAAGA,N129I,0.1581,0.1581,1521,1345
TTATACACATATCGCA,,0.0701,0.0701,174,347
TTATACACGGAATTAA,V34E M538S,0.0000,0.0000,0,1
TTATACACTACAACGT,P92aM,0.1496,0.1496,336,314
TTATACAGAAGATAGA,V36M,0.3583,0.3583,123,48
TTATACAGCCCGTTTT,S85N,nan,nan,0,0
TTATACAGCCTGTTTT,S85N,1.0000,1.0112,188,26
TTATACAGGCTACAGT,V204A,0.1535,0.1535,1057,963
TTATACATTCAAACAT,D419S,0.1236,0.1236,2626,2970
TTATACCAATGGAGAG,N464A,0.1220,0.1220,902,1034
TTATACCAATTAGTCA,F251L L418I,0.0000,0.0000,0,98
TTATACCATAATGATC,A336Q,0.0000,0.0000,0,21
TTATACCATTACCTAT,,0.0634,0.0634,44,97
TTATACCCCGCAGCAA,P140I,0.1699,0.1699,5798,4772
TTATACCGAAAAAAAA,D11F R547*,0.0000,0.0000,0,2
TTATACCGTACCGGGC,Q391G,0.0734,0.0734,32,61
TTATACCTATATCAGT,L102N,0.0000,0.0000,0,19
TTATACGCCTTCTCTA,,0.1375,0.1375,3172,3227
TTATACTAAAGCGCTC,T436C,nan,nan,0,0
TTATACTATTAACGAA,L316E,nan,nan,0,0
TTATACTTTTGTGTAA,G416K,1.0000,2.7969,40,2
TTATAGAAACGGGCAC,D27M,nan,nan,0,0
TTATAGACCGTTCGAG,E476W,0.0690,0.0690,537,1089
TTATAGACGTGTATGT,L108M,0.2331,0.2331,5,3
TTATAGATAGCAGACA,L-1F S207I,0.1095,0.1095,773,987
TTATAGATCTCCACCT,C14V H117P,0.0000,0.0000,0,4
TTATAGATTGACAATA,S509Q,0.0746,0.0746,32,60
TTATAGCAAGCGACTA,,0.0859,0.0859,229,373
TTATAGCATTAGATAG,V56Q Y98C,0.0000,0.0000,0,1
TTATAGCCTCGCTAGT,,0.1711,0.1711,733,599
TTATAGCGCCTAAGAC,R329W E461S Y512C,0.0000,0.0000,0,1
TTATAGCTCAGTCTAA,E304K Q454R,0.0926,0.0926,568,858
TTATAGCTGGACGAAA,,0.1355,0.1355,1796,1853
TTATAGCTTATAATGA,G100K,0.0000,0.0000,0,10
TTATAGCTTGCATTCT,G143P N475P,nan,nan,0,0
TTATAGGATCAACCAT,,0.2218,0.2218,471,297
TTATAGTGAGATCTTA,S265T L409Q,0.7924,0.7924,17,3
TTATAGTTCGCAATAC,T37H M292Y,0.0000,0.0000,0,17
TTATAGTTGTCGTGTT,S167N G286T,0.3356,0.3356,24,10
TTATAGTTTTGTCAGA,L430N V481W,0.0000,0.0000,0,24
TTATATAAATCCATAT,W127H F245D G542D,nan,nan,0,0
TTATATAAGTCGGCAC,A39G N197G,0.0000,0.0000,0,1
TTATATAATGGTATAA,D104I,0.0815,0.0815,991,1701
TTATATAGATGAGATA,S509V,0.0991,0.0991,363,512
TTATATAGCTAAATAC,,0.2011,0.2011,2699,1877
TTATATATTAATGATA,N169R R321S F469W,1.0000,1.0721,23,3
TTATATATTTCAAATG,R229F,0.0000,0.0000,0,6
TTATATCCAACCTAAA,T46G K165Y,0.0940,0.0940,2071,3081
TTATATGAGTCAATCT,,0.1141,0.1141,354,434
TTATATGTCGCACGCA,D41E,0.0738,0.0738,152,288
TTATATGTTTAAGCAG,,0.1538,0.1538,540,491
TTATATTGAATGACTA,,0.1034,0.1034,162,219
TTATATTTACTGATCA,Q359T,nan,nan,0,0
TTATCAAAGGCACAGC,,1.0000,inf,1,0
TTATCAACACAAGGTA,,0.1318,0.1318,296,314
TTATCAATGTTAACAA,D441L,0.1426,0.1426,1207,1184
TTATCACGGGTACTAT,T436Q,0.0000,0.0000,0,1
TTATCACTAAGAAATA,Q40E,0.0932,0.0932,608,912
TTATCACTTATAATAT,L1M T219V N400R,0.0000,0.0000,0,1
TTATCATATACTGCCC,T219D,0.0000,0.0000,0,496
TTATCATCACAGATCG,S203V H298N,0.0456,0.0456,288,883
TTATCATCCCCAATCA,,0.0421,0.0421,86,286
TTATCATCGTAACCTA,D27F,0.0000,0.0000,0,1
TTATCATCTAGCAGAA,,0.1124,0.1124,3158,3929
TTATCATTTTATGATT,Q513H,0.1519,0.1519,8827,8126
TTATCCAAGTTTAGAC,,0.0592,0.0592,188,444
TTATCCAATTAATGCT,P125S,0.1440,0.1440,3979,3864
TTATCCACGTAAGGCG,C64S W127Y,nan,nan,0,0
TTATCCCAGCCAGAGA,,0.1415,0.1415,523,517
TTATCCCCCTTGATAT,S146N G376Q,0.2189,0.2189,1564,999
TTATCCCTAAGATGAA,N278A,0.1218,0.1218,852,978
TTATCCCTATCCATAA,L402P,1.0000,3.9156,28,1
TTATCCGTCGTGGTGA,L71I,0.1691,0.1691,347,287
TTATCCGTTGTAAATT,T390M,0.1676,0.1676,393,328
TTATCGAACTTCGGAC,F467W,0.0000,0.0000,0,28
TTATCGACTACTCCAT,A91C,0.0000,0.0000,0,4
TTATCGATAGTAAAAC,L430Q,1.0000,4.6148,33,1
TTATCGATTCAGGAAG,H244R,0.7074,0.7074,86,17
TTATCGGACATAATGC,,0.1801,0.1801,8105,6294
TTATCGGACTCGAATA,T208G,0.1123,0.1123,1063,1324
TTATCGGTAGTTTCAA,,0.1497,0.1497,4655,4349
TTATCGTACTGGGATG,,0.1162,0.1162,2187,2631
TTATCTACTGAGAGTC,M-6W,0.0000,0.0000,0,6
TTATCTCCGAAACCCA,K450S,0.1391,0.1391,3126,3143
TTATCTCCTATAAAGA,K506T,0.0995,0.0995,1798,2526
TTATCTCGCTAGTCAA,,nan,nan,0,0
TTATCTGCCGAACTTG,,0.1736,0.1736,283,228
TTATCTTAACAAAGAA,A522Q,nan,nan,0,0
TTATCTTCCAAAAAAA,,0.1684,0.1684,218,181
TTATCTTCGATTGTAC,M30I,0.1499,0.1499,923,861
TTATCTTTCAAGTACA,Q211N Q344H,0.0847,0.0847,1375,2271
TTATGAAACAACGTCC,H354E,1.0000,3.1465,45,2
TTATGACCGGCTTCTG,K269A,0.1447,0.1447,1051,1016
TTATGACCTGATTTCC,E501V,0.3097,0.3097,372,168
TTATGACGGTCCCCCG,G72T N379G,0.4895,0.4895,35,10
TTATGACTTGCCAAAC,L51P V261- K262-,0.0000,0.0000,0,3
TTATGAGCAGTGACAT,L108K,1.0000,1.3285,38,4
TTATGATACTGAATAG,,0.0647,0.0647,285,616
TTATGATCACTTAATA,W180S N248V,nan,nan,0,0
TTATGATGCCATAATC,A317D,1.0000,1.1187,96,12
TTATGATTTAAATTAA,S10Q,0.7492,0.7492,75,14
TTATGCACTAACCAGG,G319S,0.0000,0.0000,0,6
TTATGCATCAATCCAC,G362Y,0.0845,0.0845,29,48
TTATGCCACATCAGCA,K50F,0.2002,0.2002,5539,3869
TTATGCCAGGTCGTGA,I529L,0.1712,0.1712,191,156
TTATGCCCCTATCCTA,G143Y,0.1543,0.1543,1089,987
TTATGCTACAAGTAGC,M538Y,0.0250,0.0250,5,28
TTATGCTACCCCTTAT,,0.1204,0.1204,335,389
TTATGCTGATACCTTG,,0.2030,0.2030,4615,3179
TTATGGAAAAATATAT,S203C A317C,0.0891,0.0891,2177,3418
TTATGGAAATGGTTGG,T200F,0.1865,0.1865,28,21
TTATGGACTCCAGGTC,R328bM,0.1838,0.1838,3221,2451
TTATGGAGCGCCATTA,G337F,0.0000,0.0000,0,3
TTATGGCAAAATTAAA,S113C,0.0000,0.0000,0,6
TTATGGCGTCGTTCCA,N424S,0.0000,0.0000,0,1
TTATGGCTGTGTACGA,E255W,0.1758,0.1758,435,346
TTATGGGCCTTGATTT,K372A,0.2029,0.2029,1261,869
TTATGGGGAATAACGT,I335V A526G,0.1187,0.1187,275,324
TTATGGTTCAGCAAGA,R227C,nan,nan,0,0
TTATGTAATTTTGCGT,N158A,0.9251,0.9251,258,39
TTATGTACTAAGATGT,I-3K K328cR E461I,0.3784,0.3784,46,17
TTATGTATAAAACAGG,D264Y,0.1549,0.1549,2116,1910
TTATGTATAACAGGAA,A425V,0.0000,0.0000,0,11
TTATGTATACATCCGC,Y512E,0.2093,0.2093,238,159
TTATGTATTAACACTG,F399M,0.0000,0.0000,0,5
TTATGTCATCAATTCA,M478V,0.1407,0.1407,3282,3261
TTATGTCCTGAGATCC,H244A,0.1480,0.1480,1029,972
TTATGTGAATGCTAAA,,0.1183,0.1183,461,545
TTATGTGATTTTTCTG,R173G,0.0695,0.0695,231,465
TTATGTGGTCAAACTG,G68V K372Y,0.0000,0.0000,0,4
TTATGTTAGACCCGGC,T163G P284N,0.0000,0.0000,0,1
TTATGTTCGCAGGACA,M413P L507S,0.4812,0.4812,117,34
TTATGTTCTCACGCCA,,0.2081,0.2081,2989,2009
TTATGTTTATGTACTG,F232V,0.0640,0.0640,210,459
TTATTAAAAGTTTGTG,A334Q,0.2916,0.2916,98,47
TTATTAAATTAGGTTT,,0.0000,0.0000,0,2
TTATTAATACCCCCGG,I202G,nan,nan,0,0
TTATTACACAATAACA,Y274W G319N,0.0000,0.0000,0,29
TTATTACCATGTGTGT,S185G Y353F,0.0506,0.0506,806,2226
TTATTACCGGTTCGCA,,0.2409,0.2409,8204,4762
TTATTAGCGATTGACT,W350V,nan,nan,0,0
TTATTAGCGCACGAGC,G510aI,0.1117,0.1117,563,705
TTATTAGTCGAGGCAT,G510aD,0.1402,0.1402,2159,2153
TTATTATACCCCCGAG,L314Y,0.0000,0.0000,0,16
TTATTATAGAGAACCT,L154N M431I C549P,0.0000,0.0000,0,1
TTATTATCTAGCATGA,N401F,0.1401,0.1401,953,951
TTATTATTAGTGTGTA,R90M,0.2225,0.2225,4901,3080
TTATTATTTTGAAGAT,,0.1688,0.1688,3237,2681
TTATTCAGAAATAAAC,T422K,0.0000,0.0000,0,3
TTATTCAGCATAGTAA,D41M R173K E414D F469A,0.0000,0.0000,0,8
TTATTCATTTGCTGAC,,0.1636,0.1636,4306,3680
TTATTCCGATTTTATA,V285Y,0.1602,0.1602,2087,1822
TTATTCGCCACCAATG,T171G,0.1552,0.1552,2693,2427
TTATTCTTTTTGCCAA,Y86T M530G,nan,nan,0,0
TTATTGAATGCGTAAA,P125H,0.0000,0.0000,0,33
TTATTGACATGGACAT,D104Y,0.2271,0.2271,255,157
TTATTGGCTACAGAGT,T192K,0.1969,0.1969,2170,1541
TTATTGTAAACTTGTG,F233K D241Y,0.2506,0.2506,43,24
TTATTGTACACACCCT,G225N,0.0327,0.0327,181,773
TTATTGTGTAAGATCC,V36H,nan,nan,0,0
TTATTGTGTGAGATCC,V36H,0.0000,0.0000,0,3
TTATTTAAGGGTTCTA,A91V A373G,0.1225,0.1225,669,764
TTATTTAATTCAAATA,G205V L428D,0.0000,0.0000,0,1
TTATTTAGCTGCCGCT,G337E G533D,0.1971,0.1971,31,22
TTATTTCACAATTCGC,S113E,0.0000,0.0000,0,5
TTATTTCACGCTAATA,N289L,0.1437,0.1437,563,548
TTATTTCCCCAACCAA,G249D,0.0000,0.0000,0,4
TTATTTCTGGCAATCG,,0.1246,0.1246,2535,2845
TTATTTGATGACGCCG,S509M,0.1716,0.1716,1761,1435
TTATTTGCGGTATCAA,N197M,0.0546,0.0546,452,1157
TTATTTTAACAAAGGA,,0.2505,0.2505,1494,834
TTATTTTAGCGTCGCA,Q12H C477S,0.0000,0.0000,0,10
TTATTTTAGTATAGAG,D95N L455Y,0.0000,0.0000,0,2
TTATTTTAGTTAGCCA,D11N,0.1745,0.1745,1259,1009
TTATTTTTAAACATTC,,0.1802,0.1802,3536,2744
TTATTTTTACTTTAAC,L102H,0.0000,0.0000,0,14
TTCAAAAACGTAGAAA,L7P,0.0253,0.0253,166,917
TTCAAAAACTACCTAA,N150C,0.1429,0.1429,47,46
TTCAAAACATAGACAT,D77R,0.1930,0.1930,1358,984
TTCAAAAGAACCCCGT,,0.1942,0.1942,8699,6265
TTCAAAAGATTATACA,A218M,0.1497,0.1497,4351,4065
TTCAAAAGTGGATATA,E83D I217M L515R,0.0000,0.0000,0,2
TTCAAACAAAGAAATT,G286A,nan,nan,0,0
TTCAAACAACCCTATG,I267M K472R,0.0730,0.0730,258,494
TTCAAACCAAACAGCC,,0.1149,0.1149,892,1086
TTCAAACTTACAGATC,F79T,1.0000,inf,36,0
TTCAAAGAAATTAGAC,P239C,0.1004,0.1004,1444,2011
TTCAAAGACAGGGGGA,I80D,0.1199,0.1199,6,7
TTCAAAGCATGAAAGA,M75W,0.0906,0.0906,162,250
TTCAAAGTGAACAAAG,Y491T,0.0699,0.0699,19,38
TTCAAATATATACCAA,V381T,0.0000,0.0000,0,2
TTCAAATGCCCATCTC,C14* F399N,0.0000,0.0000,0,24
TTCAAATGTTATTTGG,G228V,nan,nan,0,0
TTCAAATTGCGTAATT,Y141D T163I,0.0910,0.0910,546,839
TTCAACATAAGTAGTC,F118M A394F,nan,nan,0,0
TTCAACATCCGTAACA,P162K,0.2462,0.2462,574,326
TTCAACCAAATAAAGA,K328cN,0.0000,0.0000,0,6
TTCAACCAACCTCGAA,H110P T520C,0.6138,0.6138,79,18
TTCAACCACCACGTAA,,0.1110,0.1110,227,286
TTCAACCAGTCCCAGA,W421K,0.2415,0.2415,19,11
TTCAACCATTCAAACT,,0.2080,0.2080,879,591
TTCAACCCTTAATTGA,M30C V444F,1.0000,1.3635,39,4
TTCAACTCAAAAGGTG,N73M,1.0000,1.2120,156,18
TTCAACTTGTACCCAA,V223P,0.0000,0.0000,0,6
TTCAAGAAAAATAGTT,E479A,0.2142,0.2142,5686,3713
TTCAAGAAGTAAAAAT,,0.1441,0.1441,541,525
TTCAAGACACTCTAAT,C52W,0.0000,0.0000,0,3
TTCAAGACTAAATCAA,Y486I,0.0000,0.0000,0,11
TTCAAGATAAATCAAC,A160Q,0.1863,0.1863,1392,1045
TTCAAGCAAAGACATA,I121T,0.1551,0.1551,4658,4201
TTCAAGCAATCATGGT,K472V,0.0000,0.0000,0,8
TTCAAGGGCCCCCCAT,,0.1308,0.1308,4224,4516
TTCAAGGGTGGACCAG,,0.1121,0.1121,2383,2972
TTCAAGTAAACACAAC,I115L L314T,0.0000,0.0000,0,4
TTCAAGTAACAGATTA,,0.0371,0.0371,39,147
TTCAAGTATGGCGTTT,E190A S265T,1.0000,1.3285,76,8
TTCAAGTTTCAGAAAA,G342V Y353D,0.0000,0.0000,0,7
TTCAATAAACTTAGCC,L59A L427Q I548R,0.1345,0.1345,25,26
TTCAATACAATTTTGA,A425I,0.0932,0.0932,112,168
TTCAATACCCCGGAAA,R81V W537Y,0.3042,0.3042,2234,1027
TTCAATCATATAAGGG,,0.1252,0.1252,1321,1475
TTCAATCTCCGTCAAA,R173I H184M,0.0000,0.0000,0,10
TTCAATGAAGTAGGTT,A144H,0.2330,0.2330,3226,1936
TTCAATGAGAATCTAA,,0.1693,0.1693,466,385
TTCAATGCTCACAAAC,,0.2724,0.2724,224,115
TTCAATTACAAACTAG,K125aI D474V,0.0636,0.0636,177,389
TTCAATTACATACTTT,L2P N172P,0.0000,0.0000,0,7
TTCAATTAGCGCACAG,K125aQ,0.1223,0.1223,1312,1500
TTCAATTCGCGAAATA,N248Y,nan,nan,0,0
TTCACAAAAAGTAGTT,L213T,0.2671,0.2671,277,145
TTCACAAATACAGATT,C477Y,nan,nan,0,0
TTCACAAATTGTGAAA,T235D S356G,0.0000,0.0000,0,2
TTCACAACAAAAACCT,G319E,0.0000,0.0000,0,18
TTCACACGAGCACAAT,,0.1994,0.1994,241,169
TTCACACGTCGAGACC,I121W M538E,0.0000,0.0000,0,1
TTCACACTCCTGCACT,P162N,0.1665,0.1665,1018,855
TTCACAGACAATATGA,S503H,0.2004,0.2004,3323,2319
TTCACAGCATGGTTAA,L51C,nan,nan,0,0
TTCACAGGACACGATT,S146R L447P,0.0000,0.0000,0,12
TTCACATAAGGCCGTA,W350H,0.0000,0.0000,0,2
TTCACATATCCTATAC,,0.0000,0.0000,0,1
TTCACATCATAAGCGA,H117P,0.0000,0.0000,0,2
TTCACATGAATACTAG,,0.1850,0.1850,8680,6563
TTCACATGTCAATTAC,G286K,0.0000,0.0000,0,1
TTCACCAACCTCACAG,D41T K310C,nan,nan,0,0
TTCACCACTCAAGACT,P215R,0.1067,0.1067,316,414
TTCACCAGAAAGCAGC,V-2G,0.1602,0.1602,778,679
TTCACCCACATGACTA,V420H,0.0000,0.0000,0,5
TTCACCGATGTTGAGA,G337I,nan,nan,0,0
TTCACCTAATGCTAAG,I548F,0.2433,0.2433,1823,1048
TTCACCTAGGAGGACC,V-2R P254R,nan,nan,0,0
TTCACCTGCATAATGA,,0.1640,0.1640,8804,7509
TTCACGAAAAGAAACA,L497F L527P,0.0000,0.0000,0,4
TTCACGAGAAATTGCT,G134P P162W,0.0000,0.0000,0,9
TTCACGAGAGTGATAG,D240E,0.1272,0.1272,1465,1610
TTCACGATAGGCAATC,,0.1078,0.1078,165,214
TTCACGATCGACACTA,V381L,0.1506,0.1506,1583,1470
TTCACGCAAGTTATAA,V444H,0.0000,0.0000,0,6
TTCACGTGGGATGAAA,P162M,0.0676,0.0676,57,118
TTCACGTGGGTAGTTA,,0.1013,0.1013,2619,3615
TTCACTAATAGAAGAA,E189F,0.3632,0.3632,4389,1690
TTCACTAATAGAATGA,Q191D,nan,nan,0,0
TTCACTAATTTTAATC,I166Y T206R M431I,1.0000,7.1320,51,1
TTCACTACATTCTACA,,0.1721,0.1721,1672,1359
TTCACTACGAAGTTAA,S270V,0.1454,0.1454,1707,1642
TTCACTAGATGAATAT,Q513C,0.1950,0.1950,629,451
TTCACTCAAAGAAACT,H440R,nan,nan,0,0
TTCACTCATTACCCCC,Y486I,0.0000,0.0000,0,3
TTCACTCGCATATCGG,F294G V481K,0.3926,0.3926,73,26
TTCACTCTATTATCAT,G16R C281Q,nan,nan,0,0
TTCACTCTTTAACACC,W537*,0.0920,0.0920,73,111
TTCACTGCCATTTACA,N483L,0.1452,0.1452,624,601
TTCACTGGCAATACTT,M30H,nan,nan,0,0
TTCAGAAAACTTTGCC,D175A,0.1432,0.1432,1168,1141
TTCAGAAAGTGGTCTA,A373S N464P,0.0000,0.0000,0,6
TTCAGAAATTAAATAA,I406D,0.9789,0.9789,70,10
TTCAGAACGCAACCCC,,0.1023,0.1023,2612,3571
TTCAGAATCGATGGAC,L402M,0.2122,0.2122,4618,3044
TTCAGAATCTTTGAGT,S265N,nan,nan,0,0
TTCAGACCAAGTCCAC,L61G,1.0000,2.0976,45,3
TTCAGAGCCCCTCATC,,0.1588,0.1588,386,340
TTCAGAGCTCCACACA,F417E,nan,nan,0,0
TTCAGATACACAAAGC,E44I Q545R,nan,nan,0,0
TTCAGATCGTCTAGAA,G362Q,0.0000,0.0000,0,37
TTCAGATGTTTCAACA,,0.1858,0.1858,2953,2223
TTCAGATTTAAGAAGA,Q222G,0.0856,0.0856,446,729
TTCAGCACCTACGACC,N410A,0.1723,0.1723,1977,1605
TTCAGCCACGCTAGCA,,0.2630,0.2630,1531,814
TTCAGCCGCAGAGTTT,I374H,0.0757,0.0757,440,813
TTCAGCCTACGCGGAA,G319L,nan,nan,0,0
TTCAGCGTGCATAGGA,G143N,0.1685,0.1685,2486,2063
TTCAGCTACATTCTTG,H47P,0.1992,0.1992,94,66
TTCAGCTCCAACGAAT,,0.1606,0.1606,6842,5957
TTCAGGAGACAAGCGT,,0.1180,0.1180,1852,2194
TTCAGGATAATTAACG,R229H N379H,0.0000,0.0000,0,1
TTCAGGCACCCACAAA,Y488N,0.1719,0.1719,1197,974
TTCAGGCCGATCACTC,V-2N,0.0734,0.0734,829,1580
TTCAGGCGTTATGCGC,E476L,0.0897,0.0897,523,815
TTCAGGTAGACACTCA,E44T,0.1927,0.1927,3040,2206
TTCAGGTTCGTACGGT,H440N,0.0000,0.0000,0,11
TTCAGTAAAATTCTAG,,0.2243,0.2243,972,606
TTCAGTAAATGAATGG,,0.1785,0.1785,2783,2180
TTCAGTATATACTTCA,F245L D348C,0.0000,0.0000,0,4
TTCAGTATATCGAATC,,0.0716,0.0716,42,82
TTCAGTCCAGAATTTT,T206N,1.0000,6.4328,46,1
TTCAGTCCGTGAGCAA,L527E,0.0000,0.0000,0,6
TTCAGTCGTCACCCAG,,0.0000,0.0000,0,11
TTCAGTCTCAGTTTTA,,0.0000,0.0000,0,7
TTCAGTGTCCGCAAGA,P99M A364I,0.0000,0.0000,0,15
TTCAGTGTCTTATTAT,E174C V381A T422A,0.3807,0.3807,49,18
TTCAGTGTTCGGCCAT,L102E,0.0000,0.0000,0,28
TTCAGTTACAACCTCA,P284H,1.0000,5.3140,38,1
TTCAGTTAGCACCAAA,,0.1763,0.1763,585,464
TTCAGTTATAACCTTC,I202E,nan,nan,0,0
TTCAGTTCAAAATTCA,C549E,0.0853,0.0853,186,305
TTCAGTTTCACACAAT,M531H,0.0000,0.0000,0,1
TTCATAACACATTAAT,,0.1149,0.1149,226,275
TTCATAAGTCACAACA,R329S,1.0000,1.0788,54,7
TTCATACAAGTCTTGT,R482K,0.1871,0.1871,309,231
TTCATACATACTATTA,M388P,0.0000,0.0000,0,2
TTCATACCATAGCTGA,,0.1849,0.1849,427,323
TTCATACGCCTCTGTG,S442I,0.1415,0.1415,1483,1466
TTCATACTGAATCACT,F118R C549Y,nan,nan,0,0
TTCATAGTTATCCAAT,F399M,0.0000,0.0000,0,1
TTCATATAACGTTGTG,,0.1761,0.1761,985,782
TTCATATAGTCGCGTA,A365V,0.0000,0.0000,0,9
TTCATATGTTGATAAG,D474Y,0.1388,0.1388,127,128
TTCATATTGAGGCCGG,K472R,0.1380,0.1380,1354,1372
TTCATCAAAGCTACTC,F294E,0.0000,0.0000,0,9
TTCATCAATACCCTTA,E468R,0.2634,0.2634,1484,788
TTCATCAATCCACAGT,G228D S265N,nan,nan,0,0
TTCATCATTAGCTTCG,L194K E414K,0.0000,0.0000,0,11
TTCATCCTCCCTACAG,I243H,1.0000,1.4823,53,5
TTCATCGCTCAACTAA,A93P,0.1507,0.1507,2226,2065
TTCATCGGCGGTTGTA,R321M T370F,0.0000,0.0000,0,7
TTCATCTCAATGTGGG,Q211H,0.1209,0.1209,535,619
TTCATCTTAAAACTCA,D63E,0.0973,0.0973,142,204
TTCATGACCGGTAGCC,E407G,0.1476,0.1476,758,718
TTCATGATGATGAGCT,L2P T200G,0.0000,0.0000,0,1
TTCATGCCCACCGAGA,,0.1208,0.1208,1873,2168
TTCATGCTAACCACCA,D27E,0.1607,0.1607,3676,3199
TTCATGGAAAAGCTCT,M230I Q282R,0.0000,0.0000,0,2
TTCATGGAAACCACAG,K498I,0.1986,0.1986,5149,3625
TTCATGTAGTGCAACA,A364V,0.1458,0.1458,903,866
TTCATGTCATGGGTTC,D63I,0.5506,0.5506,63,16
TTCATGTGAGCGACAA,D441G,0.0442,0.0442,24,76
TTCATGTGTAATTTAG,E426C,0.0000,0.0000,0,2
TTCATTAGGCAGAATA,I15Y,0.0000,0.0000,0,9
TTCATTAGGTATCGAA,A495E,nan,nan,0,0
TTCATTATGGAGCATT,G100C,0.1215,0.1215,384,442
TTCATTCATCATTGAT,,0.0961,0.0961,1361,1980
TTCATTCGCAACGAAC,A39R K506G,0.0541,0.0541,12,31
TTCATTCTTTCTTTAG,P162G,0.0959,0.0959,996,1452
TTCATTGTGCTACGTA,L428M,0.1767,0.1767,7721,6112
TTCATTGTTTTTTGCA,,0.2099,0.2099,1228,818
TTCATTTAGCATAAAA,A160M,0.0331,0.0331,26,110
TTCATTTTATATCCTA,P239F,0.1189,0.1189,306,360
TTCATTTTATGCAAGA,,0.0000,0.0000,0,4
TTCATTTTTTCGGTTC,,0.0000,0.0000,0,2
TTCCAAAACACGCATG,,0.1453,0.1453,1008,970
TTCCAAAATAACTTAA,L96Q,0.1930,0.1930,1689,1224
TTCCAAAATAGATGTC,V420M,0.1644,0.1644,549,467
TTCCAAAATAGTCAAT,S65A,0.1781,0.1781,200,157
TTCCAAAATGTACGAC,K57N I297E C305Y,0.1119,0.1119,60,75
TTCCAAATCAAATTAC,,0.1205,0.1205,4756,5521
TTCCAACACATAGAAT,K472V,0.1676,0.1676,2451,2045
TTCCAAGAGTTTCAAA,Y98E,nan,nan,0,0
TTCCAAGGCATCTATG,Y86E E107K,0.0000,0.0000,0,8
TTCCAAGTCACTAATA,R329C,1.0000,1.1187,56,7
TTCCAATCTCACTCCA,V285S,0.1620,0.1620,1252,1081
TTCCAATTAATACAAC,L300S,0.0983,0.0983,699,994
TTCCACAAATGCCTTC,,0.1147,0.1147,8096,9869
TTCCACAAGCTAGCCA,,0.1705,0.1705,100,82
TTCCACATATACCGGA,R456L,0.1214,0.1214,2254,2596
TTCCACATCAAAAGCC,,0.1949,0.1949,4145,2974
TTCCACATTGATTCTG,C281P F469L,0.0000,0.0000,0,8
TTCCACGACGATGAAT,L455R,0.0000,0.0000,0,2
TTCCACGGTCCCTAAC,S185Q,0.0000,0.0000,0,94
TTCCACTACCAAAGTT,,0.0000,0.0000,0,2
TTCCAGAACTCAAGCC,,0.1847,0.1847,1656,1254
TTCCAGACAACTAAAA,T378P,0.0000,0.0000,0,8
TTCCAGCACCGCTACA,K216T,0.1669,0.1669,3960,3318
TTCCAGGAACTGCGTA,I406R,1.0000,1.0566,68,9
TTCCAGGTAAACAAAA,,0.1839,0.1839,659,501
TTCCATAACCTGCTCT,P92aS C539Y C549R,0.1798,0.1798,135,105
TTCCATATATAGAGAG,N278P,0.1070,0.1070,179,234
TTCCATATCTCGTACA,S126N R456W,0.1114,0.1114,43,54
TTCCATCGGACTCAAT,F392L E414V,0.1814,0.1814,48,37
TTCCATTACTATTTAA,A394E,nan,nan,0,0
TTCCATTAGAAAATGA,,0.1937,0.1937,187,135
TTCCATTAGAGCCGAA,A257S,0.0551,0.0551,41,104
TTCCCAAAGTTAACCT,E414I,0.1021,0.1021,352,482
TTCCCAATCTTGAGGT,,0.1326,0.1326,790,833
TTCCCACGGAACAAAT,G68D W234P,0.0000,0.0000,0,1
TTCCCACTCCTCGTGA,T46A M268F,0.7745,0.7745,144,26
TTCCCAGAACTCAGAA,Y274W,0.2035,0.2035,259,178
TTCCCAGCTCCCAGCC,M-6C,0.0000,0.0000,0,3
TTCCCATAAAGATCGT,S290P,0.8895,0.8895,388,61
TTCCCATCAAGCTCAA,A93H,0.0925,0.0925,650,983
TTCCCATGGCAACCAG,L497E,0.1328,0.1328,452,476
TTCCCCGAAAATAGGC,C281K,0.0000,0.0000,0,2
TTCCCCGGGATAATGA,K156R L544P,0.0000,0.0000,0,2
TTCCCCTAAACCGCCC,T318P,1.0000,4.1953,30,1
TTCCCCTCGCTTCCAC,A144C I384D,0.0000,0.0000,0,6
TTCCCCTTATACTGAG,I550Y,0.0000,0.0000,0,4
TTCCCGACTATTAACC,L325E,0.0778,0.0778,478,859
TTCCCGATACTAAGAA,C76R,0.0000,0.0000,0,1
TTCCCGATGCATACAC,,0.2215,0.2215,2757,1741
TTCCCGCACATCCAGG,N54aR,0.1828,0.1828,3044,2329
TTCCCGGTTACCAGAA,K125aR E393G,0.1086,0.1086,856,1102
TTCCCGTACAGAGACT,L430M,0.1468,0.1468,699,666
TTCCGAACCACGTCCC,R212I,0.0598,0.0598,444,1038
TTCCGAACCTATCGGT,,nan,nan,0,0
TTCCGAACGAATCTAA,E461P,0.1484,0.1484,69,65
TTCCGAACGGAATCCA,N312H,0.0000,0.0000,0,4
TTCCGAATAACTACAA,A394D,0.0000,0.0000,0,11
TTCCGAATTAGGGACT,,0.1658,0.1658,652,550
TTCCGACGATGACGGC,E174H,0.1510,0.1510,1285,1190
TTCCGAGTATGATGCT,S167Y,0.3231,0.3231,774,335
TTCCGATATACAAAAG,K120V,0.1471,0.1471,627,596
TTCCGATCTTGCCCTA,R149P G275D,0.0000,0.0000,0,3
TTCCGATGAAAAGGGC,S492H,0.1809,0.1809,846,654
TTCCGATGAAACACAC,,0.0395,0.0395,122,432
TTCCGCACCACTAATA,T219I,0.1682,0.1682,9156,7611
TTCCGCATGCGTGCGA,,0.1586,0.1586,2095,1847
TTCCGCCGTCACTTGC,G342K,nan,nan,0,0
TTCCGCCGTCTAACCT,,0.1587,0.1587,766,675
TTCCGCGATACAGTAT,G143M,0.1277,0.1277,1060,1161
TTCCGCGCTGCCACTA,V505W,0.2302,0.2302,1580,960
TTCCGCTAAAACCGAA,I267K,0.4351,0.4351,112,36
TTCCGCTTTAAAACAA,K120S,0.2145,0.2145,2471,1611
TTCCGGACCAGTCCGA,E189K,0.3143,0.3143,1007,448
TTCCGGCGCCGCAGGC,N172M G249E,0.4841,0.4841,90,26
TTCCGGGTATAAAGTT,T219D,0.0264,0.0264,939,4975
TTCCGTCGCCCGCGTA,F147T,0.0000,0.0000,0,7
TTCCGTCGTCGACGAG,L43C E476W V505M,0.4106,0.4106,138,47
TTCCGTGACTGCGCTC,,0.1541,0.1541,465,422
TTCCGTTAGCAGTTTT,D63N,0.1362,0.1362,1020,1047
TTCCGTTGAAAGTCAC,G504A,0.2196,0.2196,1027,654
TTCCGTTGCAAATTAG,N92K,0.2246,0.2246,4268,2657
TTCCGTTTCCGACTAC,Y258T,nan,nan,0,0
TTCCTAAAATTGCAGT,Y353S,0.0000,0.0000,0,13
TTCCTAAACCATTCGC,S113W,0.9556,0.9556,82,12
TTCCTAAAGTGGAAGG,S65V,0.1259,0.1259,18,20
TTCCTAAGACCTAAAG,I124W,0.1436,0.1436,1465,1427
TTCCTAAGTAAATAAA,L7W,0.0690,0.0690,1022,2070
TTCCTAATGCGAGAAA,F232C,0.0000,0.0000,0,6
TTCCTAATTGGATTTC,D104S,0.1946,0.1946,96,69
TTCCTACCACAAATTT,I202F,0.0000,0.0000,0,5
TTCCTAGAGATACACA,L-1T,0.1384,0.1384,1963,1984
TTCCTAGAGGGTACGC,,0.1031,0.1031,4209,5707
TTCCTAGATCATCAAT,N379V,0.1495,0.1495,4866,4552
TTCCTAGGGTACAAGA,P145F,0.2033,0.2033,2258,1553
TTCCTATAACATAACT,T219L,0.1776,0.1776,1016,800
TTCCTATAACCCATGT,,0.2015,0.2015,392,272
TTCCTCAAAATTTGAA,,0.1488,0.1488,867,815
TTCCTCACCAAGAATA,E500W,0.1756,0.1756,113,90
TTCCTCTTAAAAAAAG,K307M,0.0767,0.0767,17,31
TTCCTGCGAAATGGCC,I550D,0.2897,0.2897,58,28
TTCCTGCTTATAATAC,,0.1390,0.1390,1817,1828
TTCCTGGTTACTGGGG,E131P,0.0000,0.0000,0,3
TTCCTGTAACAAGCTA,,0.1510,0.1510,54,50
TTCCTGTTAATTCCCG,L177P,nan,nan,0,0
TTCCTTAATAGATAAC,S125bI,0.1453,0.1453,4821,4640
TTCCTTAGTAGCTCAC,,0.0000,0.0000,0,1
TTCCTTCACCAATGTT,R212A,0.1319,0.1319,2022,2143
TTCCTTCCAAAACTAA,S22W,0.0000,0.0000,0,5
TTCCTTGTTGATAGGC,I15Q,0.0000,0.0000,0,3
TTCCTTTTGAAACAAC,L437A K445N,0.0000,0.0000,0,6
TTCGAAAAGGGGTTTA,Q12E S65N Y351H,0.0000,0.0000,0,5
TTCGAAACAACCAGCA,Y17H,0.1064,0.1064,35,46
TTCGAAAGAACAACGA,Q454M,0.1858,0.1858,10583,7966
TTCGAACAGCCAAAAG,I60W,0.1509,0.1509,82,76
TTCGAACCAAAATACT,I514W,0.1407,0.1407,337,335
TTCGAACTAGAAACAG,E174L A364S,0.1860,0.1860,290,218
TTCGAATTTACTTGCA,P198H,0.0409,0.0409,431,1474
TTCGACACATGTAAGA,I385L,0.1289,0.1289,1418,1538
TTCGACACGATAACTA,P145N,0.2645,0.2645,5279,2791
TTCGACATTGGGGGTT,S167I R321P,0.2474,0.2474,23,13
TTCGACCTTGAAATCA,L108C,0.0000,0.0000,0,9
TTCGACTATAAGTGAG,,0.1655,0.1655,142,120
TTCGACTTATGAGAGA,A3P,0.0148,0.0148,28,264
TTCGACTTTGAAAGCT,P299M,0.1267,0.1267,731,807
TTCGAGAGCCACTTCC,,0.0000,0.0000,0,12
TTCGAGATTTAAGAAG,N483H,0.1093,0.1093,168,215
TTCGAGCATATTCGGA,E44N,0.0000,0.0000,0,6
TTCGAGGTTTAGCAAA,P92aA,nan,nan,0,0
TTCGAGTACTAAATCT,S291Y F399W,0.6193,0.6193,62,14
TTCGAGTCAAAGAATA,C76M,0.0000,0.0000,0,4
TTCGATAAAAAAAAAT,N103K,0.1318,0.1318,1107,1175
TTCGATAACGGTACAT,E407L,0.1698,0.1698,34,28
TTCGATAATGCTTAAC,M478C,0.0000,0.0000,0,8
TTCGATATACTAGTTA,S101F A521L,0.1375,0.1375,1139,1158
TTCGATCCCATGCCAC,C281I,nan,nan,0,0
TTCGATCTCAGTTGAC,R397Q,0.2315,0.2315,760,459
TTCGATGAGATCCATT,E398I,0.6876,0.6876,59,12
TTCGATGTCCTTGCCA,V66D I155R,0.0000,0.0000,0,21
TTCGATTACAAACGCC,R397N,0.0619,0.0619,250,565
TTCGATTGATCAGGAT,N48F,0.1462,0.1462,92,88
TTCGCAAAACTAATCC,K109I N357T,0.0000,0.0000,0,6
TTCGCAAAGCGATAGT,S10* K498P,0.0000,0.0000,0,15
TTCGCAAATTAACGCC,A459H,nan,nan,0,0
TTCGCAGAATAGACTC,M111T,0.0000,0.0000,0,199
TTCGCATATACTTCCA,H298N,0.0827,0.0827,539,911
TTCGCATGATATGCAC,N172L,0.0959,0.0959,157,229
TTCGCCAAAATTCACT,K472T,0.0740,0.0740,577,1091
TTCGCCAACGGGTAAG,Q142I A373W I502N,nan,nan,0,0
TTCGCGCGATTCCAAT,N296H,0.1527,0.1527,166,152
TTCGCTAATAACAGGA,G72Y S290Y,0.0000,0.0000,0,2
TTCGCTACTGCTCCCC,,0.0939,0.0939,351,523
TTCGCTAGAACGGAAA,G143V Q191R,0.2148,0.2148,43,28
TTCGCTTTCTGACGAT,K450Q,0.1259,0.1259,163,181
TTCGGAAAATAACTAA,,0.1198,0.1198,891,1040
TTCGGAAGCGCCAGGA,Q391P,0.1618,0.1618,986,852
TTCGGACTGGCAATGC,T422H,nan,nan,0,0
TTCGGACTGGTCACTA,S65R N382C,0.6118,0.6118,35,8
TTCGGACTTTCAAACC,D63T R329M,0.0000,0.0000,0,19
TTCGGAGAAATCAAGG,L7Y E246K,0.7119,0.7119,112,22
TTCGGATAGGTTACAA,K280L N433S,0.0000,0.0000,0,3
TTCGGGCAGATTAGAT,H38T,0.0749,0.0749,536,1001
TTCGGTCATATGGTGA,E493A,0.0810,0.0810,209,361
TTCGGTTAAACAAGAA,Q211P,0.7591,0.7591,38,7
TTCGTAAAAAAGTAAG,Y351K,0.0000,0.0000,0,4
TTCGTAAACAGAGAGA,V381W,0.0000,0.0000,0,2
TTCGTAAATATGTACA,,0.0855,0.0855,275,450
TTCGTAACCGAATGTA,L544E,1.0000,1.0588,53,7
TTCGTAACTGTTTCAC,T279F,0.1126,0.1126,650,807
TTCGTAAGATTTTTAT,R114W,0.2040,0.2040,871,597
TTCGTAATATATACGA,A257D K380- V381- N382- S383- I384- I385- D386-,0.0000,0.0000,0,3
TTCGTACAAGAAAATA,,0.1482,0.1482,53,50
TTCGTACACGATTCAT,R404F,1.0000,2.2375,48,3
TTCGTACCATACCCAA,G49Y,0.1581,0.1581,1100,973
TTCGTAGATCAGAGAC,S356K,0.1942,0.1942,25,18
TTCGTCACAGGCAAGT,,0.2610,0.2610,28,15
TTCGTCAGAGCCCTAT,K45F S265D,0.0000,0.0000,0,7
TTCGTCATATTTAAAA,,0.1265,0.1265,1296,1433
TTCGTCGAATAAGACT,,0.1971,0.1971,3277,2325
TTCGTCGACCATTCTA,Q142M,0.0779,0.0779,93,167
TTCGTCTAGCCCATCA,K109C A336M,nan,nan,0,0
TTCGTCTCATCCCACA,R90F R482M,0.0000,0.0000,0,1
TTCGTGCTACAGATGC,H471Y V510M,0.0000,0.0000,0,16
TTCGTGGAATACTAAA,,0.0707,0.0707,473,935
TTCGTGTAATATTCAA,W127C,0.0474,0.0474,181,534
TTCGTGTACTTTCTTA,F332M,0.0968,0.0968,36,52
TTCGTGTTTATAGAAA,G337E,1.0000,3.2164,23,1
TTCGTTAAACTTTTTA,E190V,0.2797,0.2797,110,55
TTCGTTAAGAGCTTGG,H184V Q371H,nan,nan,0,0
TTCGTTAGCACTTAAG,A334V,0.2809,0.2809,470,234
TTCGTTAGCCAAACCC,M292E,0.1531,0.1531,196,179
TTCGTTATAAGCTCAT,,0.2050,0.2050,3033,2069
TTCGTTCAACATGAGC,V88I,0.0849,0.0849,777,1280
TTCTAAAAAAAAGTAT,Y141R,0.1830,0.1830,2000,1528
TTCTAAAGAAACTTCA,,0.2084,0.2084,2158,1448
TTCTAACTTACGTACT,P140H,0.2031,0.2031,167,115
TTCTAAGAGAGATCGT,G225S,0.1243,0.1243,24,27
TTCTAATAAAAGGAAT,N150S F251G,0.0000,0.0000,0,6
TTCTAATAACGTTGCT,H295N,nan,nan,0,0
TTCTAATACCAATGAA,V510G,0.2059,0.2059,290,197
TTCTAATCTGGCCAGT,R114W S291K,0.0871,0.0871,114,183
TTCTAATGAGATATAC,Q142*,0.0000,0.0000,0,7
TTCTAATGGAAAACTA,R405L,0.0000,0.0000,0,1
TTCTACATGTACCACA,A334P,nan,nan,0,0
TTCTACCACACCCTAT,R328bW,0.1214,0.1214,710,818
TTCTACCCAATTGGGC,I297C N401W,0.2110,0.2110,86,57
TTCTACGAAAATCACA,R212K,0.1897,0.1897,2420,1784
TTCTACGATGAATATT,,0.1586,0.1586,499,440
TTCTACTAGACAAAAT,L70A,nan,nan,0,0
TTCTAGATCAAACATA,V481W,0.0000,0.0000,0,4
TTCTAGCAATAGTTTC,Y256P,nan,nan,0,0
TTCTAGCAATGACAGA,A214P,0.0965,0.0965,263,381
TTCTAGCATCACTGAA,,0.1772,0.1772,185,146
TTCTAGGAACTTTCGG,L402Q,0.1658,0.1658,403,340
TTCTAGGCCGAATTAA,H184E,0.0000,0.0000,0,3
TTCTAGTAATACGACA,P74I,0.0000,0.0000,0,1
TTCTATAACATTTTAT,,0.0000,0.0000,0,25
TTCTATAATACGCCAA,E131C P215G,0.0000,0.0000,0,16
TTCTATAATGCCTAAG,A3V G396C R404L,0.0000,0.0000,0,10
TTCTATACCTACCACA,,0.1345,0.1345,2320,2413
TTCTATCTTGACTGGG,,0.2297,0.2297,404,246
TTCTATTGAGGCAATA,,0.1534,0.1534,5397,4921
TTCTCAAAAACTAGGT,,0.1372,0.1372,511,521
TTCTCAAAAATTTCCA,,0.5174,0.5174,74,20
TTCTCAAAACTCAAGA,,0.2410,0.2410,162,94
TTCTCAAAATGTTGGA,I13W,0.0000,0.0000,0,5
TTCTCAACCCTCCGCT,I115E N172G,nan,nan,0,0
TTCTCAACCTTATTGA,E-5A,0.1163,0.1163,767,922
TTCTCAATATTAGTAA,E24Q I384C,0.0000,0.0000,0,5
TTCTCACGAAGCAACA,,0.2877,0.2877,465,226
TTCTCACTAGTGAAAA,,nan,nan,0,0
TTCTCACTCTAACGGT,,0.1000,0.1000,314,439
TTCTCAGTAGGTCGTC,W234R,0.0000,0.0000,0,3
TTCTCAGTTAAGTGAA,M268C K506Q,nan,nan,0,0
TTCTCATGTACACGTT,,0.1676,0.1676,10663,8899
TTCTCCAATCGATAAT,V395L,0.0652,0.0652,97,208
TTCTCCCACCCATAGA,V309S,0.0000,0.0000,0,2
TTCTCCCCACATGATC,,0.1117,0.1117,1423,1782
TTCTCCGACAGCACAC,G362V,0.0000,0.0000,0,3
TTCTCCGCTATTCGGC,N400E,0.0000,0.0000,0,7
TTCTCCTGTGAACTAA,S22G S136F,0.3699,0.3699,82,31
TTCTCGACACCAAGTG,L102E E174A,nan,nan,0,0
TTCTCGACATGTGTCT,P254Q M346I,0.0000,0.0000,0,22
TTCTCGACGCTAACAA,,0.1057,0.1057,2057,2721
TTCTCGATCGATATGC,E273N,nan,nan,0,0
TTCTCGCAACTAGTTC,C477F,0.0000,0.0000,0,3
TTCTCGGAAAGGACGA,S125bK,0.1458,0.1458,493,473
TTCTCGGATCGTTGCG,D159S S167M,0.2535,0.2535,3431,1893
TTCTCGGGCTCGGACG,C539F,0.1341,0.1341,1134,1183
TTCTCGGTGAAGCCTT,,0.1180,0.1180,736,872
TTCTCGTTGAACAGAT,L154G,0.0000,0.0000,0,14
TTCTCTGAGAAGGACC,,0.1031,0.1031,342,464
TTCTCTGCCAACGCAA,,0.1230,0.1230,2673,3040
TTCTCTGGATTACTTT,I288N,nan,nan,0,0
TTCTCTGTCTGGAGTA,P489G,0.1376,0.1376,3480,3538
TTCTGAACGGAAGCAT,V429E,0.0000,0.0000,0,11
TTCTGAAGAATATAAG,V-2I E508K,0.3985,0.3985,1271,446
TTCTGAAGACGTTTTC,V66L,0.1324,0.1324,142,150
TTCTGAAGCCAGATCT,G303F,0.5530,0.5530,87,22
TTCTGAATACTATACG,,0.1058,0.1058,56,74
TTCTGACATGCGGTTC,D175W G181V,0.0000,0.0000,0,1
TTCTGACGCGTGACAT,T23Q G362Y,0.0883,0.0883,65,103
TTCTGAGTTGGGACTA,T35V A242G,0.0895,0.0895,316,494
TTCTGATAACACTATA,V377K,nan,nan,0,0
TTCTGATCAGACGCTT,K120C,0.0000,0.0000,0,24
TTCTGCCATTGTCGCA,D264C,0.1629,0.1629,240,206
TTCTGCGAGAATAAGG,F417W M478I,0.3952,0.3952,65,23
TTCTGCTGAAAGAATA,K367N F469G,nan,nan,0,0
TTCTGGGTAGTTATTG,T171S,0.1279,0.1279,32,35
TTCTGTACAATTCTAC,K310S A522T,0.5640,0.5640,242,60
TTCTGTATTAAAGAAC,S125bN K157I,0.2355,0.2355,96,57
TTCTGTCCCTTGCTCA,L7I,0.1280,0.1280,2172,2373
TTCTGTGTAGCCTCGA,R496S,0.2709,0.2709,399,206
TTCTGTGTTGCACTAA,Q371C G376V,nan,nan,0,0
TTCTGTTACTCTGCCA,,0.2004,0.2004,1645,1148
TTCTGTTGGCAAACAC,W84I,0.3436,0.3436,86,35
TTCTTAAAGATATCCG,R212N G342Y,nan,nan,0,0
TTCTTACACGTGTATA,G463D L544W,0.0000,0.0000,0,15
TTCTTATAATCATCGA,N224D,0.0000,0.0000,0,38
TTCTTATACTTTTATT,Q344V,0.0000,0.0000,0,22
TTCTTATCGGGGCCGC,L71E E174M,0.0000,0.0000,0,28
TTCTTATTCGAGTTGC,Q211T,0.5069,0.5069,58,16
TTCTTCAGACACACCC,S126E G362H,0.1072,0.1072,505,659
TTCTTCAGACTGGTTA,D53P,nan,nan,0,0
TTCTTCAGTGCATTAA,I385T,0.1263,0.1263,382,423
TTCTTCCATTACCATG,K411H,0.0685,0.0685,96,196
TTCTTCTACTCAATAA,H184Q H298K,0.0000,0.0000,0,8
TTCTTGAATTGACAAC,,0.2123,0.2123,2446,1611
TTCTTGATGTATTAGC,N408Q,0.1915,0.1915,805,588
TTCTTGATTTAGCATT,I550K,0.2747,0.2747,55,28
TTCTTTAACCTTCCAC,,0.1441,0.1441,2398,2327
TTCTTTGTCATAGGAA,,0.1465,0.1465,571,545
TTCTTTTAAATTCTAA,R114F K460M,0.1843,0.1843,655,497
TTCTTTTCAAAATCCA,A459G,0.0453,0.0453,46,142
TTCTTTTTAATGTACA,,0.1610,0.1610,2895,2514
TTGAAAAAATCACAAT,,0.1095,0.1095,766,978
TTGAAAAACTTGCATT,,0.1723,0.1723,781,634
TTGAAAAAGCAGGAAA,K120P,0.3816,0.3816,854,313
TTGAAAAAGGCAGTCA,,0.1927,0.1927,1469,1066
TTGAAAACAGACTAGC,V34D,1.0000,1.3052,28,3
TTGAAAACCCAACGCA,A144Q,0.2711,0.2711,1010,521
TTGAAAACTGTCAATT,G275T,0.2732,0.2732,1735,888
TTGAAAAGATACGACA,K412T,0.0000,0.0000,0,3
TTGAAAAGTTTGGAGA,K269A Q545*,0.2927,0.2927,1526,729
TTGAAAATTAACCAAA,E494I,0.0845,0.0845,188,311
TTGAAAATTTTCATAC,S291Y,0.1412,0.1412,1523,1508
TTGAAACAAATCATAC,R547N,0.1171,0.1171,180,215
TTGAAACACAGACTAA,K45N N169G S492K,0.0000,0.0000,0,33
TTGAAACACTCAGATG,H18I V481G,0.0000,0.0000,0,1
TTGAAACATTAATACC,Y491N,0.1714,0.1714,375,306
TTGAAACCCGGTCCCG,F79G,1.0000,1.1887,102,12
TTGAAACCTGTACGCG,D41Q E501Q,0.2037,0.2037,1352,928
TTGAAACTCGTGGAGC,,0.1490,0.1490,2822,2648
TTGAAAGAAGCGTTCA,V-2L,0.0302,0.0302,24,111
TTGAAAGAGGACCAAA,,0.1165,0.1165,20,24
TTGAAATAAACTCCAT,C139I,1.0000,1.3285,57,6
TTGAAATACGCAAGTA,C139Y V481K,0.0000,0.0000,0,1
TTGAAATATTCTTTAG,S185D,0.1092,0.1092,82,105
TTGAAATTCAATAGAG,N389V,0.1856,0.1856,418,315
TTGAAATTGCAGCGTG,L179M,0.1205,0.1205,1293,1501
TTGAACAAAAACTGAA,A365I,1.0000,2.0377,102,7
TTGAACATATATAAGA,G504C,0.0000,0.0000,0,3
TTGAACCAAGAAATAT,V510Q,0.1252,0.1252,6088,6798
TTGAACCAATATAACC,D474C,0.0864,0.0864,1144,1852
TTGAACCCTAGTCATC,G396V,0.1320,0.1320,321,340
TTGAACTACCTGGCTG,S291P C539A,0.1606,0.1606,1501,1307
TTGAACTCGGAAGACA,S509C,0.1079,0.1079,1104,1431
TTGAAGAAAAATCAAT,T378Q,0.1565,0.1565,1843,1647
TTGAAGAGGTTATTAG,D487C,0.1145,0.1145,249,304
TTGAAGGAATAATCAT,G263K,0.2961,0.2961,36,17
TTGAAGGACAGCACTT,,0.1137,0.1137,3753,4614
TTGAAGGTCACGCAAG,E89G,0.0000,0.0000,0,19
TTGAAGTAAAATAATA,K460S,0.0000,0.0000,0,6
TTGAAGTTAGTCTTGT,H298N V347N,0.1448,0.1448,29,28
TTGAATAAAAAATAAA,V347Y,0.1195,0.1195,5954,6967
TTGAATAAAAGAGACC,R328bC,0.0541,0.0541,860,2222
TTGAATAAAGGACCTC,N186T K262aN,0.0119,0.0119,163,1922
TTGAATAATTCTCATA,R173W K313Q,0.0961,0.0961,1371,1995
TTGAATATAAATTTGG,G72R G396I,1.0000,1.2010,146,17
TTGAATATCCACAAGG,,0.1927,0.1927,6629,4810
TTGAATATTAGAGAGG,V347L C473Y,0.0000,0.0000,0,2
TTGAATCTGCTTTAGA,I166C L462F,0.7100,0.7100,66,13
TTGAATCTTAATGCCA,T511Q,0.1442,0.1442,1059,1027
TTGAATGACAAATAAA,G100D K109M T318I,0.0000,0.0000,0,15
TTGAATGGATAGTAAG,,0.1402,0.1402,1215,1212
TTGAATGGCATAGGAT,N483G,0.0000,0.0000,0,49
TTGAATGGCGTCAAGA,K216Q,0.0000,0.0000,0,26
TTGAATTAGTCAATTA,,0.1211,0.1211,1269,1466
TTGAATTGGCTGATCA,,0.2075,0.2075,942,635
TTGACAAAAAAGAGGC,,0.1393,0.1393,1638,1644
TTGACAAAAATACCGG,A495V,0.1360,0.1360,286,294
TTGACAAAACCTCGAA,,0.2136,0.2136,1155,756
TTGACAAAAGCTGACA,P99C V261T,0.0000,0.0000,0,12
TTGACAAACAGAACTA,T422R,0.5205,0.5205,134,36
TTGACAACTAATAGTT,S85Y I502N,nan,nan,0,0
TTGACAAGAAGCCGTT,,0.1882,0.1882,214,159
TTGACAAGTGAGATTG,I124H,0.1504,0.1504,3360,3125
TTGACAATTATGAACA,R229P,0.0000,0.0000,0,9
TTGACACAACACCAAG,G286N,1.0000,1.1537,165,20
TTGACACATCATATAC,,0.2274,0.2274,5364,3298
TTGACAGCCCAAGTAT,L194R P215G,0.0000,0.0000,0,1
TTGACAGCGGACATAT,R435Q,0.1606,0.1606,549,478
TTGACATGTAATGGGC,K310N,0.0000,0.0000,0,12
TTGACCAAAACAATCC,C546E,0.0000,0.0000,0,1
TTGACCAATGGCTCTT,A160I,0.2396,0.2396,1628,950
TTGACCAATTAAAACC,H276A,0.1829,0.1829,1509,1154
TTGACCATAAATACGA,L409G,nan,nan,0,0
TTGACCCAGAATTAGT,G181I C546K,nan,nan,0,0
TTGACCCTCATCGTAG,G100A,0.2644,0.2644,864,457
TTGACCGAAAGTCGAT,,0.2593,0.2593,1244,671
TTGACCGAGTTCGAGA,V135D,0.0655,0.0655,630,1346
TTGACCGTTGCCACTA,S125bQ,0.1418,0.1418,3238,3193
TTGACCTATCCATTGT,G100V R397G,0.0000,0.0000,0,4
TTGACGACGAAAACAA,M30E,0.0000,0.0000,0,1
TTGACGACTTCACTAA,D386A,0.0653,0.0653,380,814
TTGACGCACCGATCGT,Y488E,0.1267,0.1267,2146,2369
TTGACGGATTGTGCCG,A522R,0.0000,0.0000,0,5
TTGACTAAAAACTAAA,N92E G341A,0.1199,0.1199,1019,1188
TTGACTAAGAACAGTC,S85K,0.0000,0.0000,0,19
TTGACTCAACCTGTAA,A521N,0.0939,0.0939,696,1036
TTGACTGAAACGTGAC,,0.1808,0.1808,1885,1458
TTGACTGATAAAACGG,K313F,0.0361,0.0361,23,89
TTGACTGCTAACGTCG,F392R,0.0000,0.0000,0,3
TTGACTGGGCAGATGT,L194P,0.3283,0.3283,54,23
TTGAGAAAAAGGATCA,,0.1159,0.1159,2082,2512
TTGAGAAAATGTAAAT,S524Y,0.0000,0.0000,0,13
TTGAGAAAGGCGCTTC,N458E,0.0000,0.0000,0,24
TTGAGAACTAATATAG,Q25G,0.1403,0.1403,2237,2229
TTGAGAAGCTATCCAG,I60K G352A,nan,nan,0,0
TTGAGAAGTTACAAAG,,0.1736,0.1736,889,716
TTGAGAATACCGGCGG,V26Y K498C,0.0000,0.0000,0,8
TTGAGAGAGACATCTT,C277R,0.0000,0.0000,0,4
TTGAGAGCCAATAAGA,,0.0000,0.0000,0,23
TTGAGAGTTACTAATA,G319T,0.0000,0.0000,0,2
TTGAGATAATCCGCCC,E500V,0.1570,0.1570,594,529
TTGAGATCACGAGTCA,L-1S L213R,0.1399,0.1399,5173,5170
TTGAGATTTAGGTTAT,E407Q,0.0956,0.0956,268,392
TTGAGATTTTTAACTT,S146H Y491F,0.1441,0.1441,1632,1584
TTGAGCAATACACAAT,V34Q,1.0000,6.0133,43,1
TTGAGCATCTACACAA,P140E M531W,0.1307,0.1307,1113,1191
TTGAGCATGTGGCTGA,V8T,0.0961,0.0961,1943,2826
TTGAGCCGACCAATGA,W84Y,0.0992,0.0992,22,31
TTGAGCGAACGCGTAC,V261M T390S,0.2109,0.2109,276,183
TTGAGCGAACTCTTAA,V347E,0.3188,0.3188,155,68
TTGAGCTGATAACAGC,R227D,0.0404,0.0404,13,45
TTGAGCTGGTAGAACA,L177T,0.0000,0.0000,0,63
TTGAGCTTGCAAACAT,F245W,0.2425,0.2425,1082,624
TTGAGCTTGTATTAAA,,0.1343,0.1343,2562,2667
TTGAGGAACTCGTGTC,,0.0857,0.0857,402,656
TTGAGGCTTTACACTG,Q371A,0.2307,0.2307,127,77
TTGAGGGATATTCCAG,A394E,0.6593,0.6593,33,7
TTGAGGTACCAATAAA,E407M,0.1415,0.1415,420,415
TTGAGGTCACTTAAAA,D449L,0.1170,0.1170,277,331
TTGAGTAAAATTGAAA,Q344W,0.1764,0.1764,859,681
TTGAGTAAATGAGGGA,Q454M,0.1544,0.1544,8024,7269
TTGAGTAGAACTCTAT,,0.0000,0.0000,0,12
TTGAGTCATCTACGTG,M531N,0.0559,0.0559,24,60
TTGAGTCTCAAGTAAA,T46S,0.0792,0.0792,504,890
TTGAGTGAAATAAACC,E508M,0.1625,0.1625,530,456
TTGAGTGCGAATCATA,K156W,0.1748,0.1748,50,40
TTGAGTGTAGCAAATG,N410V,0.2409,0.2409,317,184
TTGAGTTAATGTACAG,L455K,0.0000,0.0000,0,1
TTGAGTTACGCGGAAA,A365H,0.1506,0.1506,14,13
TTGAGTTAGCGTTTAC,N73K,nan,nan,0,0
TTGAGTTCAAAAAGGC,S185G,0.0103,0.0103,26,353
TTGATAAATATGAAAA,H295F,0.0000,0.0000,0,22
TTGATAATATAGGTGA,S290W,0.0000,0.0000,0,25
TTGATACAATGTTGCC,A373G,0.1859,0.1859,468,352
TTGATACACGCTATTG,E398N,0.1869,0.1869,286,214
TTGATACAGGACATGC,,0.0829,0.0829,96,162
TTGATACCCAAACTAT,L43P E255K,0.0000,0.0000,0,9
TTGATACGCTTCGAAT,D27Y,0.0000,0.0000,0,2
TTGATACTCCTGACAA,S369V,0.1906,0.1906,811,595
TTGATAGAACTTTTTA,N389L E432K,nan,nan,0,0
TTGATAGAATAGTTTG,S167C R321G F469V,0.1787,0.1787,23,18
TTGATATAACAGTTCT,N169L S369C,0.1249,0.1249,109,122
TTGATATCATGAACGC,E255D,0.0627,0.0627,48,107
TTGATATGTTTCTTCA,N433S,nan,nan,0,0
TTGATATTATTCATTT,L544S,0.0000,0.0000,0,1
TTGATCCCATAATAAC,A91V S524G,0.0000,0.0000,0,33
TTGATCGAAGGGGTGG,N169P T370R Q371* F469V G542D,0.0000,0.0000,0,5
TTGATCGTAGGCCTGG,D41E,0.1914,0.1914,5406,3949
TTGATCGTGGGACACT,A373E E432K,0.7246,0.7246,57,11
TTGATCGTTCGTGTAC,F332E,1.0000,1.9928,57,4
TTGATCTAGCAGTTAA,D231A,0.0965,0.0965,165,239
TTGATGAAAAGAAAAG,C139N K269G,1.0000,1.4917,32,3
TTGATGAAAAGGTAAC,P128L,0.1292,0.1292,302,327
TTGATGACATTGGAGC,V5M N464D,0.1167,0.1167,790,947
TTGATGAGCTAGATTT,N278Y,0.1093,0.1093,387,495
TTGATGCCGAACTACT,N296P,0.0000,0.0000,0,7
TTGATGCTATTTTATG,V88S,0.0793,0.0793,504,889
TTGATGCTTAGTGATA,V223Y,0.0653,0.0653,14,30
TTGATTAAAGAACAGC,,0.1451,0.1451,1882,1814
TTGATTAACTGCTCCG,R90L,0.0944,0.0944,653,967
TTGATTAAGAATACCC,Y105H,0.1963,0.1963,560,399
TTGATTACGGCTAAGC,G100V Q191W,0.0000,0.0000,0,2
TTGATTACGTTTTGAG,K32Y G275N,0.0617,0.0617,45,102
TTGATTCAGCTACAAG,L497Y,0.2993,0.2993,244,114
TTGATTGACATGCAAG,R404K,0.1771,0.1771,661,522
TTGATTTATAAGGGGT,F118I,0.4428,0.4428,19,6
TTGATTTATCAATCAC,E-5I,0.1398,0.1398,92,92
TTGCAAAACTCTTTAA,V223L,0.0000,0.0000,0,45
TTGCAAAAGCTTTTTC,A188M,0.0992,0.0992,1899,2677
TTGCAAAATTACCGAT,F467Y,0.0000,0.0000,0,1
TTGCAAACCCTGATGG,A188Y,0.1381,0.1381,9233,9347
TTGCAAAGACACGTAC,G68R N169G F469S,0.0000,0.0000,0,3
TTGCAAAGATGTAGAC,R114C,0.1654,0.1654,569,481
TTGCAAAGATGTAGCC,S133M N443Y,0.1653,0.1653,26,22
TTGCAAAGGGGTTAAA,,0.1355,0.1355,625,645
TTGCAAATAATAGAAT,E398W,nan,nan,0,0
TTGCAACAACCTCATG,C477K,0.0000,0.0000,0,12
TTGCAACAAGACTTTG,N187C,0.0611,0.0611,320,732
TTGCAACCGCAGGCAG,R404F,nan,nan,0,0
TTGCAACGACTAAGTC,G271C,0.1718,0.1718,3880,3159
TTGCAACGAGTCTAGT,T219M,0.1596,0.1596,226,198
TTGCAACGTCCCTAAA,L71K,0.0000,0.0000,0,12
TTGCAACTTTCTGTTC,S167Y N322T N379V,1.0000,1.1187,24,3
TTGCAATAATACACTT,D41Q V377D,0.0000,0.0000,0,24
TTGCAATACTTCAATC,H18G,0.0000,0.0000,0,23
TTGCAATATCCATAAC,,0.1858,0.1858,728,548
TTGCAATGACAAAGAA,V8W E131I,0.2687,0.2687,196,102
TTGCAATTTTAGATTT,E24L,0.0838,0.0838,575,960
TTGCACAATTTTCCTC,Q391D,0.1444,0.1444,5060,4899
TTGCACACACCGCGTA,I267V,0.1309,0.1309,2283,2439
TTGCACAGTATAATAA,V395K,nan,nan,0,0
TTGCACATCGCCGCGC,R227G,0.0000,0.0000,0,17
TTGCACCATACGTGTG,E106H,0.1951,0.1951,1486,1065
TTGCACCCGTTTAAAT,I124A F233Q,0.0876,0.0876,171,273
TTGCACCTATAAACCG,,0.1180,0.1180,438,519
TTGCACCTCCCTGTTT,W350P C473*,0.7167,0.7167,82,16
TTGCACTGTAGCAGCA,,0.2113,0.2113,2875,1903
TTGCAGAACCATTCGA,C473A,nan,nan,0,0
TTGCAGCCTAAAGGTA,E107M L527R,1.0000,2.5172,36,2
TTGCAGGACAAAAGAA,R435F,nan,nan,0,0
TTGCAGTGACTTATAT,Y201L,0.1212,0.1212,2233,2577
TTGCAGTTAATGAAGA,C76L,0.0000,0.0000,0,9
TTGCATAAGCCGTATA,,0.0790,0.0790,535,947
TTGCATATATACAATA,R397G,0.1660,0.1660,1194,1006
TTGCATATTAAAAAGG,N210G,0.3885,0.3885,25,9
TTGCATCAATGACGCA,L402N D457K,0.7924,0.7924,51,9
TTGCATCATAATTACA,I123M,0.0000,0.0000,0,9
TTGCATCCCTATTATG,N357T,nan,nan,0,0
TTGCATCGCTAAACGC,L316S L428I,0.0000,0.0000,0,11
TTGCATTAATATAGTA,E31S,0.1430,0.1430,406,397
TTGCATTCCATCGCAT,N21L,0.1817,0.1817,178,137
TTGCATTCCGTCCCTT,A459N,0.0000,0.0000,0,3
TTGCCAAAATGACTGA,,nan,nan,0,0
TTGCCAAATGGTAAAC,V204C,0.0740,0.0740,401,758
TTGCCAACAGCCGAAT,K50I I548K,1.0000,1.0988,55,7
TTGCCAACCCCCGCGT,K9D S185G,0.0422,0.0422,16,53
TTGCCACCACCCGTAA,,0.2556,0.2556,1992,1090
TTGCCACTACCTAAAG,W343L,0.9131,0.9131,111,17
TTGCCAGAAGATTGCA,Y518H,0.0000,0.0000,0,4
TTGCCAGTCATAATAT,L112W,0.0000,0.0000,0,44
TTGCCATAAATAACAT,M388T Y488L,0.0000,0.0000,0,2
TTGCCATGCATGTAAA,F469N,nan,nan,0,0
TTGCCCAATAAGTTGA,E327K L544W,0.0000,0.0000,0,22
TTGCCCAATTTCAGAC,,0.2853,0.2853,563,276
TTGCCCATAATCCTAA,M30T,0.1662,0.1662,1413,1189
TTGCCCGATAAAGAAG,G286I,0.0000,0.0000,0,6
TTGCCCGGCAGCAATG,N458D,0.1289,0.1289,71,77
TTGCCCTAACTAGGAA,S265R G463Y,0.0000,0.0000,0,7
TTGCCCTACTCAACGT,L133aN,0.5172,0.5172,6243,1688
TTGCCCTCGTTTATAC,N169S,0.3701,0.3701,958,362
TTGCCCTTTAATAACA,T485D,0.0657,0.0657,177,377
TTGCCGAACTTTGGGC,H47M T436R,0.0000,0.0000,0,5
TTGCCGATTATCAGGC,D457R,0.0000,0.0000,0,10
TTGCCGCACAGTATTT,R435E,0.1550,0.1550,82,74
TTGCCTAATAAAACCC,I202D T370V,0.0000,0.0000,0,4
TTGCCTACGAAGCCAA,Q12T G205M,0.0000,0.0000,0,15
TTGCCTATTAGCAGGT,L43K P239C,0.0000,0.0000,0,6
TTGCCTCATTAAAAGA,D53M,0.1285,0.1285,1157,1259
TTGCCTGCGAGAACAG,F232P C277S,1.0000,1.1537,33,4
TTGCCTGCTCACGTTA,N446A,0.2751,0.2751,5742,2919
TTGCCTGGTCGTAAAA,E403A,nan,nan,0,0
TTGCCTTAGAACCTTA,R114I G263P K445E T485K,0.0000,0.0000,0,8
TTGCCTTCGCATTGCC,E131N,0.4204,0.4204,10147,3375
TTGCCTTCGTAGAAGC,,0.1173,0.1173,535,638
TTGCCTTTAACTACCA,C477Y L527M,0.2053,0.2053,116,79
TTGCCTTTGCAGTACT,,0.1667,0.1667,3862,3239
TTGCGAAGAAAAAGGA,N150K,0.0000,0.0000,0,2
TTGCGAAGTAAAAACC,V315I,0.1100,0.1100,173,220
TTGCGAATAGAATACA,W234Y,0.1395,0.1395,2307,2312
TTGCGACACCTGGATC,A365C S509I,0.2276,0.2276,389,239
TTGCGACCGAATGTCC,G100K,0.0000,0.0000,0,12
TTGCGACGCTTCTCGC,E189S,0.2578,0.2578,212,115
TTGCGACTCAAAAGCG,R452N,0.1583,0.1583,352,311
TTGCGAGTACAATACC,Q12D,0.0416,0.0416,22,74
TTGCGATCTACCCAAG,W350S,1.0000,inf,69,0
TTGCGCATAACCTTCC,H295Q,0.1839,0.1839,121,92
TTGCGCCAACAATATC,,0.0000,0.0000,0,5
TTGCGCGCGATATAGA,S136P K280R D487W,0.1043,0.1043,47,63
TTGCGGATATTGTCTC,Y518M,0.0000,0.0000,0,5
TTGCGGGCCCTTGAAC,T23Q T28S,0.0000,0.0000,0,9
TTGCGTAATCAACACT,,0.1935,0.1935,1010,730
TTGCGTATTTTTATAA,D27I,nan,nan,0,0
TTGCGTCACTCAGAAT,H276F,0.1717,0.1717,695,566
TTGCGTGTTAGTTGAA,D104P A522V,0.0000,0.0000,0,4
TTGCTACATGACGAAG,R496W,0.1402,0.1402,3420,3412
TTGCTACTGAGGAATC,E31P,nan,nan,0,0
TTGCTAGTATGGGACC,G303Y,0.0000,0.0000,0,4
TTGCTATCGGTCCCAG,,0.2048,0.2048,993,678
TTGCTATCTCATACAT,L447P,nan,nan,0,0
TTGCTCAAATGGTACC,L515N,0.0000,0.0000,0,1
TTGCTCATACACCAAA,,0.1498,0.1498,10369,9678
TTGCTCATGCTATACA,A218T,0.1061,0.1061,1009,1330
TTGCTCGAGAGTAAGA,I4N,0.0000,0.0000,0,1
TTGCTCTCGTATTACT,T485C,0.0426,0.0426,255,837
TTGCTGAAACCTCAAT,I217V,0.0710,0.0710,161,317
TTGCTGACCTAAGTGG,G181T,0.0000,0.0000,0,4
TTGCTGAGGCCCAATA,L54G,0.0000,0.0000,0,3
TTGCTGATTCCCAATT,L176D,0.1942,0.1942,25,18
TTGCTGCCTAATTGCA,E189S,0.2673,0.2673,151,79
TTGCTGCGAAACACTT,M75P G463C,0.0887,0.0887,26,41
TTGCTGCGTGATCCAA,K156C,0.0846,0.0846,660,1091
TTGCTGCGTTGGCAGA,I252W,0.3846,0.3846,22,8
TTGCTGGTCTAACTCA,,0.1336,0.1336,942,986
TTGCTGTTCCAGTACC,,0.1076,0.1076,2135,2776
TTGCTGTTGCCCCAAA,R328aP,0.4495,0.4495,45,14
TTGCTTATACCATTGC,S167P N322G T370I,0.0000,0.0000,0,1
TTGCTTCATGACGGTA,,0.1469,0.1469,394,375
TTGCTTGTTTATCTCG,,0.0000,0.0000,0,5
TTGCTTTAAACTCTTA,G205A,0.1392,0.1392,2548,2560
TTGCTTTACGTCGGTA,,0.2270,0.2270,5272,3248
TTGCTTTGACTGAGAA,L515V,0.0000,0.0000,0,18
TTGCTTTGGAATGCAC,S6E,0.1440,0.1440,1989,1932
TTGGAAAAAGCGTTAA,P125L,0.0000,0.0000,0,18
TTGGAAAACTGCCAGC,S146M,0.1112,0.1112,563,708
TTGGAAAAGGCGTGCC,Q226T,0.0210,0.0210,12,80
TTGGAAAGCCTATACA,G228H,0.0000,0.0000,0,5
TTGGAAATATAGCACC,P74I,0.0000,0.0000,0,34
TTGGAAATTTGAAGTA,D63Y,0.2200,0.2200,977,621
TTGGAACCGTATAGCG,S185G,0.0167,0.0167,39,327
TTGGAACTAGTTTGAA,,0.1603,0.1603,141,123
TTGGAAGCATGCACCC,Q513L,0.0000,0.0000,0,9
TTGGAAGTCATAAGAA,,0.1522,0.1522,997,916
TTGGAAGTCCAGTTTC,T163Q,0.0812,0.0812,1867,3214
TTGGAATAAAGTGGCA,Q12A H276C,0.1478,0.1478,1092,1033
TTGGAATCAGAGCCGT,Y17L,0.4093,0.4093,120,41
TTGGAATCGGATGCTT,G225I,0.0000,0.0000,0,22
TTGGAATTGCCTATCG,V34M Y86* Q371N,0.0000,0.0000,0,4
TTGGACACAAAATCAC,Y491T,0.0000,0.0000,0,1
TTGGACGAAAGATAGA,D11M I243L,1.0000,1.3518,58,6
TTGGACGGACGTCACC,,0.2190,0.2190,498,318
TTGGACGTTAATAGCC,A39I,0.1478,0.1478,2758,2609
TTGGAGAATGTAAGGA,,0.1874,0.1874,2200,1642
TTGGAGATTAAAGTCC,I252G,0.0899,0.0899,36,56
TTGGAGCTCTTAGGGA,Y353T,0.0000,0.0000,0,10
TTGGAGGATTAAATTA,G100Q,1.0000,1.3984,40,4
TTGGAGGTCTTTTCGC,R397A,0.1080,0.1080,434,562
TTGGATAAACCCGTAA,S125bW,0.0967,0.0967,56,81
TTGGATAACACATCCG,,0.0926,0.0926,915,1382
TTGGATAACATTCGAC,S125bY,0.2466,0.2466,649,368
TTGGATAATTTCGCAT,I115C Q226A,0.0017,0.0017,1,80
TTGGATATAAAGACAA,L300Y,0.1735,0.1735,2215,1785
TTGGATCCGCATAAAG,F118G,0.1450,0.1450,764,737
TTGGATCTATTGGTGA,I514R,0.3879,0.3879,147,53
TTGGATGCTTTCGCCT,I164M,0.1756,0.1756,2984,2376
TTGGATGGCTCGTTCT,R90P,0.0982,0.0982,179,255
TTGGATGTGTTTAAAT,R81P P239R I243Q,0.0874,0.0874,15,24
TTGGCAACCAATCGCT,,0.0463,0.0463,212,640
TTGGCACTTAAATCTA,,0.1059,0.1059,184,243
TTGGCAGCTAATACGG,Y512C,0.1660,0.1660,952,802
TTGGCATCAGCTCCGA,T163H,0.1524,0.1524,1984,1820
TTGGCATTGAAAGTGA,E403P,nan,nan,0,0
TTGGCATTTAATTATC,E426W,0.0000,0.0000,0,12
TTGGCCAAATAACATC,L51K,0.0000,0.0000,0,13
TTGGCCAAGACATACA,A144R D474Q,0.0881,0.0881,303,481
TTGGCCATATCAGTTT,N433E,0.0000,0.0000,0,3
TTGGCCCAATTTCGTC,L112I,0.1705,0.1705,779,639
TTGGCCCCATACCCAG,,0.1441,0.1441,271,263
TTGGCCCTCCCTAGTC,L314T,0.0000,0.0000,0,26
TTGGCCCTTCTAAAAC,K196S,0.2233,0.2233,4528,2836
TTGGCCGATCATATAG,M111C L507P,0.6236,0.6236,165,37
TTGGCCGATCTACGAT,K109* L320K,0.0000,0.0000,0,1
TTGGCCGCGTAACAAC,A242D,0.0533,0.0533,93,244
TTGGCCTCAGCCTAAT,H18N,0.0521,0.0521,134,360
TTGGCGGTACATAAAG,K50C D348L,0.0000,0.0000,0,1
TTGGCGGTATTGTAAA,N92W G533D,0.0000,0.0000,0,5
TTGGCTACGAGACAAA,Y351T,0.0000,0.0000,0,6
TTGGCTACTCAATAGA,,0.0956,0.0956,756,1106
TTGGCTTAAAAATAAG,K57H,0.1562,0.1562,316,283
TTGGCTTATTGAATAG,S167H,0.1286,0.1286,582,633
TTGGCTTGTTTTGCCT,S167G N322A,0.3016,0.3016,110,51
TTGGCTTTGCGACACC,G225K D487Y,0.0562,0.0562,119,296
TTGGGAATTGGATTAC,,0.1894,0.1894,363,268
TTGGGACTATCCAACA,L427Q,1.0000,1.5060,140,13
TTGGGACTGCGAATAT,A336T,0.0000,0.0000,0,7
TTGGGGGTGCATGCAA,S125bK,0.0662,0.0662,268,566
TTGGGGTAAAGGCACA,R321* S369A,nan,nan,0,0
TTGGGTAATACGACCA,N379S,0.0000,0.0000,0,3
TTGGGTATGCTCGCGA,F469G,nan,nan,0,0
TTGGTAAAAAACTGAA,S65N T132S,0.2811,0.2811,201,100
TTGGTAATGAATCAGT,F338I,0.2997,0.2997,135,63
TTGGTAGGTTACGCTT,I80L,0.1506,0.1506,1523,1414
TTGGTCACAACAGGAT,K328W,0.1619,0.1619,1684,1455
TTGGTCCAGACATTTT,F338S N443K,1.0000,4.1953,30,1
TTGGTCCTACAAGAGG,V152G,0.1042,0.1042,149,200
TTGGTGAGGTAGATAT,W234*,1.0000,4.0555,29,1
TTGGTGCCGCACACTA,R328aG,nan,nan,0,0
TTGGTGCGTCCATACC,K156F,0.0000,0.0000,0,24
TTGGTGTATCGAAAAG,L133aG,0.2531,0.2531,1725,953
TTGGTTAAATCGGGAA,G143F,0.2450,0.2450,9913,5659
TTGGTTCGTTAAACTA,I115A,nan,nan,0,0
TTGTAAAAACATAAAG,K57D,0.0000,0.0000,0,14
TTGTAAAATCTGTATG,K328Q,0.1479,0.1479,1780,1683
TTGTAAACAATAAGGA,P198L,0.0667,0.0667,51,107
TTGTAAACTCCATAGC,Q191S,0.8091,0.8091,243,42
TTGTAAAGTAGTCGAC,I4M F469R,0.4661,0.4661,30,9
TTGTAACCATACGTCC,,0.1483,0.1483,3657,3449
TTGTAACCTTCCCTAA,T163G,0.1266,0.1266,2808,3102
TTGTAACGCAGTAGAA,I236V,0.0951,0.0951,1379,2027
TTGTAAGAAATAATAA,E393Q,0.1287,0.1287,23,25
TTGTAAGATAAACGAA,E327I,0.1774,0.1774,714,563
TTGTAAGGGTCGAGAC,A3N,0.0483,0.0483,29,84
TTGTAATCTTCAGAGC,S85M Y353K,0.0000,0.0000,0,1
TTGTACAGGGGCCTTA,T199K N433K,0.4195,0.4195,51,17
TTGTACCACAAATCAA,Y86T I385F,0.0000,0.0000,0,8
TTGTACCCTATTACTA,Y86W,0.0000,0.0000,0,23
TTGTACCGTGGCACAA,N-4K M346E E432K,nan,nan,0,0
TTGTACGAAGCTAATG,E494N,0.0876,0.0876,114,182
TTGTACGCCACCCACA,D77S D419Q,nan,nan,0,0
TTGTACGCCGATCCAT,H110E F392W,0.0000,0.0000,0,25
TTGTACTATACTGGAC,,0.2450,0.2450,536,306
TTGTACTTACCTGATA,E131A,0.3406,0.3406,3378,1387
TTGTAGACGCCATGTT,F79I R452P,0.0000,0.0000,0,2
TTGTAGATGCAAGCCA,P284A,0.1072,0.1072,597,779
TTGTAGCTTTAATACT,W350M,0.4152,0.4152,383,129
TTGTAGGCAAGATGAT,S22R C305G,0.0000,0.0000,0,13
TTGTAGTAAAAAGGCA,K307P M538C,0.0000,0.0000,0,2
TTGTAGTGCTTAGGAC,,0.1377,0.1377,1566,1590
TTGTATAAAACTCCGG,E78F L544M,0.1547,0.1547,291,263
TTGTATAAACGCTAAC,D11F,nan,nan,0,0
TTGTATAAGCTAAGAG,D375T,0.1459,0.1459,2263,2169
TTGTATATACATCAGT,Y168W,0.2380,0.2380,2340,1375
TTGTATATACGTGTAG,H117I G286S,0.1678,0.1678,18,15
TTGTATATAGATAAGA,V272R E273* L515G,nan,nan,0,0
TTGTATATCGTTATGA,N54aP,0.0000,0.0000,0,3
TTGTATGAGGCATCCG,L455C,0.0000,0.0000,0,7
TTGTATTAGGACTATC,,0.1899,0.1899,4729,3482
TTGTATTCCGTTACAG,W421Y,0.0728,0.0728,25,48
TTGTATTGTGCAAGGT,M292A,0.1122,0.1122,1748,2178
TTGTCAATTAGCAAGC,L325E,0.1312,0.1312,6473,6901
TTGTCACAATAGGACT,W343K,nan,nan,0,0
TTGTCAGACCTATAGA,G134N,0.2523,0.2523,83,46
TTGTCATCTGTCTAAC,V8C L409W,0.0000,0.0000,0,6
TTGTCATGAGTCCATC,S167T M230H N322H T370C,0.0000,0.0000,0,1
TTGTCCAACTAACATT,D441R,0.1285,0.1285,681,741
TTGTCCACGGGGGTAA,G263Q,0.0000,0.0000,0,6
TTGTCCCTAATAGAGT,,0.1251,0.1251,372,416
TTGTCCGAAACAAAAA,,0.1298,0.1298,90,97
TTGTCGCAACCGAATA,V82Q I288L,0.0000,0.0000,0,11
TTGTCGCATAGAACTT,S356D,0.2047,0.2047,423,289
TTGTCGGACTATTATA,E174H,0.0466,0.0466,153,459
TTGTCTCCCAACGCTT,N169A D366F T370P F469E,0.0000,0.0000,0,2
TTGTGAAGAACAAGAA,N169L L213M G319Q T370F F469I,0.0000,0.0000,0,4
TTGTGAATACCATTTC,W153* Q282T,0.0000,0.0000,0,25
TTGTGAGGATCAAAGA,K57G L316P,0.2424,0.2424,26,15
TTGTGAGTAAGAGTAA,S291C M431I,1.0000,inf,34,0
TTGTGCATTCACGGTG,A93S,0.2039,0.2039,242,166
TTGTGCTTAAAAAAAA,I252S,0.0000,0.0000,0,3
TTGTGGATCGGCAATT,N408L,0.1024,0.1024,457,624
TTGTGGCAGCCTAAAA,A495V,0.2120,0.2120,3800,2507
TTGTGGGAGCGAATTC,V82T,0.1086,0.1086,795,1024
TTGTGGTACACAACAT,W234H,0.0506,0.0506,17,47
TTGTGGTGCAACAAGG,E44M E246V,0.0586,0.0586,169,403
TTGTGTAACCATGCAA,M75R A218S,0.2058,0.2058,655,445
TTGTGTAATATTAGCA,V152L T318P,0.0000,0.0000,0,2
TTGTGTACCAACTCGG,,0.0000,0.0000,0,2
TTGTGTCACCACATAT,C97K,0.0000,0.0000,0,2
TTGTGTCCAACGTACG,D487R,0.1924,0.1924,2963,2154
TTGTGTGAAGTTTACG,N169V R321V F469G,0.0000,0.0000,0,9
TTGTGTTCGAAAAAAC,E508T,0.1515,0.1515,1354,1250
TTGTTAAAAACATGCT,L300D,0.1437,0.1437,1404,1366
TTGTTAAAACCCGATC,V-2Q,0.0530,0.0530,215,567
TTGTTAAATCCATAGA,Q359Y,0.0660,0.0660,151,320
TTGTTAAGCCCGCGAT,S6C,0.1468,0.1468,573,546
TTGTTAATCCTTCCAA,D104F,0.2130,0.2130,4526,2972
TTGTTAATGAAAAGAA,Y486K,0.1398,0.1398,6,6
TTGTTACAACACCATA,K259N,0.1509,0.1509,490,454
TTGTTACAGAATCTCA,V451G,nan,nan,0,0
TTGTTACATCTTTAGT,,0.1512,0.1512,1831,1694
TTGTTAGACCAGGAAA,G134V,0.2670,0.2670,105,55
TTGTTAGCTGTATAGC,S10P,0.1316,0.1316,2278,2421
TTGTTAGCTTAAAAGA,H298E,0.0827,0.0827,155,262
TTGTTATAAAGTAAAC,C281K M530D,1.0000,1.5383,55,5
TTGTTATTCGATACAT,E89T,0.1899,0.1899,755,556
TTGTTCAACCCATAAT,E500W,0.1532,0.1532,4277,3904
TTGTTCAGAATATGTA,K165Q,0.1431,0.1431,3952,3862
TTGTTCGCATCAGACT,I502H,0.0000,0.0000,0,1
TTGTTCGTGATCAGCT,Q40R D441M,0.2254,0.2254,548,340
TTGTTGATCTAACCAA,A39E,0.0000,0.0000,0,6
TTGTTTACGTGAGAGG,G362D,0.1370,0.1370,584,596
TTGTTTAGTCAGGGGC,,0.1872,0.1872,759,567
TTGTTTATGCCAAGAG,,0.0524,0.0524,3,8
TTGTTTCAAAGGCGTC,N169H K367Q,0.1200,0.1200,1226,1429
TTGTTTCCACTATTGT,,0.0871,0.0871,236,379
TTGTTTCGGAAGAAAT,W537D,0.1974,0.1974,24,17
TTTAAAAAAAATAAAA,K120P R405P,nan,nan,0,0
TTTAAAAACAAGCTTA,,0.1437,0.1437,1449,1410
TTTAAAAACTAGAACA,I29V,0.0827,0.0827,411,695
TTTAAAAATTCCAAAC,K32S,0.1193,0.1193,934,1095
TTTAAAACCTTGTATT,N21Y,0.0000,0.0000,0,6
TTTAAAACGCTATGAC,R229A R328aW,0.0000,0.0000,0,3
TTTAAAACGGAGTTAC,D264F,0.1352,0.1352,730,755
TTTAAAACGGTCAATC,W127M,0.1645,0.1645,274,233
TTTAAAACTCAAACTT,P198Q,0.0343,0.0343,135,551
TTTAAAACTCCTAAAA,I202Y,0.0000,0.0000,0,6
TTTAAAAGACAATCAA,L2M,0.1304,0.1304,1577,1691
TTTAAAAGATCTCTTG,V204S N443Q,0.1341,0.1341,1242,1295
TTTAAAAGCAATTTTC,V36L,0.0000,0.0000,0,30
TTTAAAATTATGAAAT,G342R,0.0000,0.0000,0,8
TTTAAACAACTTAACT,G55L,0.0945,0.0945,2665,3944
TTTAAACCATTCAGAC,,0.2021,0.2021,490,339
TTTAAACCGAAATCTA,M531G S535I,0.3146,0.3146,252,112
TTTAAACTAACGAACT,Q359M,0.0000,0.0000,0,1
TTTAAAGATATGTCGC,A67F,0.1998,0.1998,20,14
TTTAAATAAATCAAAT,Y351W,0.6357,0.6357,50,11
TTTAAATACGTGTAGA,S492M,0.2239,0.2239,1897,1185
TTTAAATATATACCAC,I115A,0.0559,0.0559,14,35
TTTAAATATTATATTA,A144M,0.1346,0.1346,1121,1165
TTTAAATATTTACATA,E426S,0.0000,0.0000,0,2
TTTAAATCCGCAACCC,A373W,0.4303,0.4303,40,13
TTTAAATGAATACATA,I178S,nan,nan,0,0
TTTAAATTCGAGGCTC,N224R,0.2010,0.2010,1367,951
TTTAAATTGGAGAGAT,,0.1327,0.1327,2716,2863
TTTAACAAACGCCGCA,R496M,0.1020,0.1020,731,1002
TTTAACAACCCGTTGG,C139N,0.1232,0.1232,133,151
TTTAACACTCCCTACA,F232Y,0.1306,0.1306,3577,3829
TTTAACACTTAAAGCG,E246Y,0.0000,0.0000,0,27
TTTAACAGCGTTCATG,Y256F Y274D D386Y,1.0000,1.1187,120,15
TTTAACATTGAGGCAG,T219A K269E,0.0771,0.0771,603,1094
TTTAACCAACTATCCT,Q513Y,0.1905,0.1905,1140,837
TTTAACCACATTAAAC,A253D,0.0000,0.0000,0,7
TTTAACCCCATGATGA,D241C,0.2961,0.2961,36,17
TTTAACGAACTAGAGC,,0.1343,0.1343,170,177
TTTAACGCTTGACATA,P306C N401G,0.0000,0.0000,0,15
TTTAACGGCATATTGA,F233R,0.1128,0.1128,275,341
TTTAACTAATCAGGCC,A214H,0.0000,0.0000,0,15
TTTAAGAAATCAAATC,K506H,0.1173,0.1173,698,832
TTTAAGCACCCAATAT,N464Y,0.0797,0.0797,130,228
TTTAAGCCAGTTCGAT,G342C,nan,nan,0,0
TTTAAGCGAACCTAGA,A373D,0.0155,0.0155,1,9
TTTAAGCTCGTCCAAA,G100L,0.0000,0.0000,0,15
TTTAAGGACATGCGCG,C14F A19S,0.0000,0.0000,0,1
TTTAAGGCGTTACAAA,K32C,0.1540,0.1540,185,168
TTTAAGGTTTTGTAAG,,0.1782,0.1782,3727,2924
TTTAAGTACCCCTTCC,Y491L,0.5038,0.5038,245,68
TTTAAGTTCACTAAAA,D104N,0.2026,0.2026,565,390
TTTAAGTTGACCGGCA,F232L S247Q R452H,0.7225,0.7225,31,6
TTTAATAAGTCGCAAA,D11C,0.3729,0.3729,16,6
TTTAATACGTAGACAG,S503V,0.0000,0.0000,0,233
TTTAATATAAAAAGAT,N193M,0.2338,0.2338,311,186
TTTAATATCTGCCCGA,,0.1386,0.1386,1649,1664
TTTAATCAACCGACAA,I374P,0.0000,0.0000,0,12
TTTAATCACTATAAAT,,0.0000,0.0000,0,27
TTTAATCCGGACATGT,D53F,0.0000,0.0000,0,4
TTTAATCGCATTTGCT,A93D,0.1372,0.1372,468,477
TTTAATCGTACTAAAA,L-1Q D104P Y308C,0.0000,0.0000,0,2
TTTAATCGTTGTTCCT,,0.1378,0.1378,397,403
TTTAATGACAGTACCC,H117L V444E,nan,nan,0,0
TTTAATGCAAAAAAAG,T132S I548Y,0.3278,0.3278,443,189
TTTAATGTATCCATGC,I202W,0.0000,0.0000,0,7
TTTAATGTTCATTAAC,G228E,0.0000,0.0000,0,26
TTTAATTAAGCCGCGG,T301A F417Y,1.0000,1.4761,95,9
TTTAATTACTATTGCA,P215S,0.2535,0.2535,87,48
TTTAATTATCGACTCA,L314M Y512R,0.0000,0.0000,0,5
TTTAATTATTGGAGCT,,0.2012,0.2012,318,221
TTTAATTCAGTGGTAC,W350T,0.0000,0.0000,0,9
TTTAATTGTGAAATTT,T163N,0.0911,0.0911,1461,2243
TTTAATTTAAATAAAC,D53A,0.0813,0.0813,239,411
TTTAATTTATTAAGTG,D104E V135W,0.6808,0.6808,1402,288
TTTACAAAGCATACGT,L418Q,0.1365,0.1365,7885,8080
TTTACAACCATAAGTC,D457M,0.1099,0.1099,286,364
TTTACAACTAAGCATC,P125G,0.1452,0.1452,7002,6746
TTTACAACTTGGTATC,F332K,nan,nan,0,0
TTTACAAGCCTTGGGT,N-4R T219E,0.0270,0.0270,64,331
TTTACAATAGTGTCTG,V204G M388I,0.2658,0.2658,192,101
TTTACACCAACAAAAA,E403K V420H,0.0000,0.0000,0,7
TTTACACCCGCACCCG,A138W,0.2193,0.2193,196,125
TTTACACTGGAACTGA,Q191L,0.7458,0.7458,64,12
TTTACAGTTGAGGGTC,N379T,0.1430,0.1430,1120,1095
TTTACATATCTCTCCT,I15N,0.0000,0.0000,0,2
TTTACATATTAGAGCG,C97V W153*,0.0000,0.0000,0,6
TTTACCCAAACCCAAC,V261Q V377S,0.0000,0.0000,0,16
TTTACCCATATCATAA,L194R Y491V I529Y,0.4994,0.4994,25,7
TTTACCCCCACCGCAT,F338Q,0.0000,0.0000,0,2
TTTACCCCGCATTTTC,V151L E434R,0.1991,0.1991,726,510
TTTACCCGTGAACTTG,S6Y,0.0469,0.0469,377,1125
TTTACCCTTAAAGAGT,N92S N408K M413V,0.0401,0.0401,51,178
TTTACCGTTCCGCTCG,F338N,nan,nan,0,0
TTTACGAAAAAAAATG,,nan,nan,0,0
TTTACGAAGCAAATTT,N169A N322G G342C,nan,nan,0,0
TTTACGAATTACGGAA,,0.1690,0.1690,2844,2354
TTTACGACACGCACAG,D11K P145I,nan,nan,0,0
TTTACGACTAGAAGAC,,0.2181,0.2181,404,259
TTTACGCGATAATGAT,A373F,1.0000,1.5849,34,3
TTTACGCGTAGCCGCA,,nan,nan,0,0
TTTACGGGTGAAGATA,K109Q,0.1188,0.1188,580,683
TTTACGTAGGGGTTGA,,0.1270,0.1270,404,445
TTTACTAAATCCTAAG,L54*,nan,nan,0,0
TTTACTACAGACCCCA,D53L H471T,0.0000,0.0000,0,11
TTTACTACCAGGACTC,A495S,0.1751,0.1751,11894,9498
TTTACTATAACACGGT,E304F,0.1801,0.1801,734,570
TTTACTATCCATAAAT,G205W,0.0000,0.0000,0,1
TTTACTCGTAAAAGTC,P92aT E119A P145H,nan,nan,0,0
TTTACTGCTATTACTT,N401S,0.1437,0.1437,2062,2007
TTTACTTCAAACTAAT,G333S R482P,nan,nan,0,0
TTTACTTCTTCACTCA,,0.1509,0.1509,7310,6776
TTTACTTGATAGCATT,I155M,0.0155,0.0155,26,235
TTTACTTTGTCATGGT,,0.1007,0.1007,2365,3283
TTTACTTTTATATGAT,R482A,0.0874,0.0874,669,1070
TTTACTTTTGCGCAAC,,0.1598,0.1598,754,660
TTTAGAAAAAAAAAAA,S290P,0.1398,0.1398,3,3
TTTAGAAAGGCCAAAA,,0.0000,0.0000,0,45
TTTAGAACTAAGCGTA,L409R,1.0000,1.2880,175,19
TTTAGAATCAATTAGC,,0.1512,0.1512,534,494
TTTAGAATCCAAACAA,Y274S,0.0000,0.0000,0,43
TTTAGACACAGTCGTC,N224G,0.0240,0.0240,216,1256
TTTAGACACTCTGCCA,T370K F469I G542D,0.0000,0.0000,0,14
TTTAGACATCAAAAAT,L176H,0.3356,0.3356,24,10
TTTAGACCGCTGAATC,I339L,0.1137,0.1137,135,166
TTTAGACCGTTCAATC,E508I,0.0000,0.0000,0,61
TTTAGAGTGACACAGT,,0.1966,0.1966,3153,2243
TTTAGAGTTCGGATTT,T163V A336E,0.3132,0.3132,2343,1046
TTTAGATAATGCGGAG,K57I,0.2730,0.2730,695,356
TTTAGATACTTCAAAC,I517D,0.0000,0.0000,0,2
TTTAGATGAAATATCA,C64K,0.0000,0.0000,0,2
TTTAGCAAGGGGTATG,E174G,0.1571,0.1571,1606,1430
TTTAGCATGCCTTGCA,L-1A N357L,nan,nan,0,0
TTTAGCATTGCAAATG,P254S,0.0503,0.0503,133,370
TTTAGCCGCATCAAAA,R397N,0.1539,0.1539,1915,1740
TTTAGCTATTGTTGCT,D104P,0.0484,0.0484,27,78
TTTAGCTTCTAGCCCC,A532K,0.4895,0.4895,84,24
TTTAGGACAGCCATTG,,0.0668,0.0668,319,668
TTTAGGAGAGTTTTTG,,0.1546,0.1546,8017,7250
TTTAGGAGTACTTAAC,P74R,0.1682,0.1682,1043,867
TTTAGGGAATACCAAA,L497H,0.1117,0.1117,3155,3951
TTTAGGTAACAGTGTA,Y258H,0.2890,0.2890,155,75
TTTAGTACAGAAATTT,P489R Y491*,0.0000,0.0000,0,7
TTTAGTACCCAAAATA,I60V,0.1970,0.1970,3393,2408
TTTAGTACCTATCAAA,N92H Q371*,0.0000,0.0000,0,3
TTTAGTAGACCTACCA,A242G,0.0602,0.0602,4683,10872
TTTAGTATTCTAGTCA,N73A N424S,1.0000,1.2027,43,5
TTTAGTCATCAACATA,S492H,0.2321,0.2321,400,241
TTTAGTCTCCTCCTCC,N169L N322D T370D F469*,nan,nan,0,0
TTTAGTGCCGAACTAT,,0.1035,0.1035,182,246
TTTAGTGTATGCCCTA,N73H S361W,0.0346,0.0346,22,89
TTTAGTGTTTTAGAAA,C76Q,0.0000,0.0000,0,19
TTTAGTTCACGATATA,N464L,0.1510,0.1510,54,50
TTTAGTTCCAACTTAT,N296A,0.0792,0.0792,333,588
TTTAGTTCCAGGCCTG,S126Y,0.1442,0.1442,3604,3495
TTTAGTTGGTTTCAGT,I288P,0.0000,0.0000,0,18
TTTATAAATAAAATGA,P125A,0.0000,0.0000,0,11
TTTATAACCGTAAAAA,T23I,nan,nan,0,0
TTTATAACCTTAGAAA,C466R,0.0000,0.0000,0,4
TTTATAAGAGGGTCGC,K9N,0.1156,0.1156,4090,4947
TTTATAAGCATTGCTT,D175S,0.1059,0.1059,3620,4781
TTTATAATAATTAAAG,Y258M,0.0777,0.0777,835,1502
TTTATAATCAACCATT,V56S,0.1026,0.1026,146,199
TTTATAATGAGTAGTT,N401R,0.1905,0.1905,237,174
TTTATACACGTTGGAG,E24H,0.0000,0.0000,0,69
TTTATACTATTGGTAA,E508W,0.1613,0.1613,3825,3317
TTTATACTCCTGGAAA,,0.0799,0.0799,16,28
TTTATAGAAATCTTGG,S113P,0.2151,0.2151,20,13
TTTATAGAACCCTTCG,,0.1529,0.1529,5978,5467
TTTATAGAAGCCCTAA,P140V,0.1482,0.1482,1028,970
TTTATAGAAGTGAAGA,E434L,1.0000,1.3285,19,2
TTTATAGAATGCCTAG,K269P,0.0993,0.0993,1321,1860
TTTATAGATAACGCGA,R328aL,0.0000,0.0000,0,2
TTTATAGGATGCCAAC,K259L,0.2214,0.2214,3090,1952
TTTATATACATCGATA,,0.1250,0.1250,2367,2648
TTTATATATATAAGAA,K328F,0.1370,0.1370,1122,1145
TTTATATCTAATTGTA,N250S,0.0907,0.0907,133,205
TTTATATGCTGGCTAT,N379A,0.1364,0.1364,517,530
TTTATATGGCTAAACA,K472E,0.2209,0.2209,488,309
TTTATATTAGCGCCCC,H47D S323K,0.0000,0.0000,0,5
TTTATATTATACATAA,G249N,0.0000,0.0000,0,1
TTTATATTTACTCACC,,0.0727,0.0727,365,702
TTTATCAAATCGCGCG,,0.0978,0.0978,1210,1730
TTTATCAAGGCATTCA,L59F,0.1625,0.1625,731,629
TTTATCAGATCCTCTA,A137F,0.0282,0.0282,756,3754
TTTATCAGTGCACTAA,S247M L447M,0.0000,0.0000,0,7
TTTATCATGACAGGAG,R220P,0.0000,0.0000,0,9
TTTATCCCTCAACCTT,,0.0742,0.0742,166,313
TTTATCGACCTATTGC,Y488S,0.1805,0.1805,1524,1181
TTTATCGATGGACCTG,P299Y,0.1293,0.1293,1574,1703
TTTATCTCTCGCAAGA,R435E,0.0721,0.0721,66,128
TTTATCTGAGGAACCT,V204L I550R,0.0000,0.0000,0,4
TTTATCTGTATATATT,V381E,0.0000,0.0000,0,8
TTTATCTGTGAGTGGT,I123T L453I,0.1040,0.1040,58,78
TTTATCTTTAGCCCAA,T35A,0.1254,0.1254,2158,2406
TTTATGAAACCATCGT,N21T L102S,nan,nan,0,0
TTTATGAAATGACACG,L402T,1.0000,1.3207,170,18
TTTATGAATTCAGAGT,S291L,0.1217,0.1217,1321,1518
TTTATGAGAGGAACTT,,0.4039,0.4039,956,331
TTTATGCCTATCATAT,I267C,0.4228,0.4228,130,43
TTTATGGACTAACGTA,E189R,nan,nan,0,0
TTTATGGACTGTGTAA,P125D,0.1523,0.1523,2480,2277
TTTATGGCATTAAAAC,,0.0853,0.0853,403,661
TTTATGTAAAATTGAA,N186I G319S L527H,0.0000,0.0000,0,3
TTTATGTCGATCTACC,V26Q I202L,nan,nan,0,0
TTTATGTGCTCTTGAG,A373V,0.6293,0.6293,18,4
TTTATTATTAAGTGAC,S523T,1.0000,1.0378,141,19
TTTATTCTGTACTCCG,S126L I517H,0.0000,0.0000,0,1
TTTATTTCCGCGTCAC,S207C M431I,0.0000,0.0000,0,4
TTTCAAAAAAAATGGC,V285R,nan,nan,0,0
TTTCAAAAGTCTCAAA,E83G N389H,1.0000,inf,43,0
TTTCAAAGATCGTTAG,Q371I,0.1587,0.1587,1206,1063
TTTCAAATGCCCAAGA,C76N K262L,0.0000,0.0000,0,3
TTTCAACACTCACTCG,Y363I,0.1045,0.1045,514,688
TTTCAACCCCACTAGG,Y423M,0.5361,0.5361,23,6
TTTCAACCGTTCAGGT,P284H Y423*,1.0000,4.4750,64,2
TTTCAACGCACGACAG,N21Q,0.1424,0.1424,165,162
TTTCAACGCAGTTTCA,G362L,0.1078,0.1078,155,201
TTTCAACTTCACTTAT,,0.1479,0.1479,331,313
TTTCAACTTCGATGCC,Q371N,0.2227,0.2227,11539,7246
TTTCAAGCATCTGACA,E434S,0.0000,0.0000,0,1
TTTCAAGGTAGAAAGA,F232N,0.2673,0.2673,65,34
TTTCAAGGTGACGTGA,Y161P S311N,1.0000,inf,19,0
TTTCAATTAGCTCACC,D366C T370R F469P,0.0000,0.0000,0,5
TTTCAATTCAAAGCTA,V-2R,0.0777,0.0777,1284,2310
TTTCAATTTGTGTACA,G225I,0.2277,0.2277,57,35
TTTCACAACTATAAGC,E273S T301C,0.0496,0.0496,73,206
TTTCACACGTCAATAT,,0.2212,0.2212,3710,2345
TTTCACCAAACAACTA,P254Q,0.0000,0.0000,0,9
TTTCACCAAACGCTGA,V444N A522N,0.0000,0.0000,0,1
TTTCACCAACTCTAAA,,0.1035,0.1035,1727,2334
TTTCACCTCAAAGAAT,,0.2040,0.2040,3383,2319
TTTCACGAATAAAAAA,S22* M75V N278A S369W F469W,0.0576,0.0576,21,51
TTTCACGGGTGGCTAA,,0.0000,0.0000,0,15
TTTCACGGTTACGATA,T199P,0.0778,0.0778,1288,2316
TTTCACGTCTACATAT,F251K,nan,nan,0,0
TTTCACTAGACCTTGG,K57I Q513W,0.3063,0.3063,2063,942
TTTCACTCTCCACAAA,Q454N,0.1875,0.1875,6120,4564
TTTCAGAAACAACTAC,D104V A137F,0.0000,0.0000,0,289
TTTCAGACAGCCGAAC,S311T,0.1841,0.1841,2927,2223
TTTCAGAGTCTCGAAA,,0.0334,0.0334,22,92
TTTCAGCACGAACTCA,N150S,0.1148,0.1148,1714,2087
TTTCAGCGTCATGAAT,,0.1062,0.1062,1935,2548
TTTCAGGAAAAGATTA,M-6V H244N,0.0000,0.0000,0,6
TTTCAGGTAACGAAAT,T206H S383T,0.1018,0.1018,284,390
TTTCATAACACCAAGA,G72E,0.1279,0.1279,579,633
TTTCATACAATTTTAA,S65R V315A,nan,nan,0,0
TTTCATACCACCATCT,,0.1658,0.1658,1988,1677
TTTCATAGAACAGAAC,G396Y,0.0000,0.0000,0,13
TTTCATAGGCCTGAAT,,0.1823,0.1823,2461,1888
TTTCATATAGAGCTTG,L316M,0.0983,0.0983,1132,1611
TTTCATATCACGATTT,N48T,0.0659,0.0659,629,1334
TTTCATCCACGTTGAT,V261Y,0.1039,0.1039,1083,1457
TTTCATCTAAGTCAAT,,0.3034,0.3034,230,106
TTTCATCTTAGGACCC,R326H S361R K506M,0.2127,0.2127,1165,766
TTTCATGCCAAATATT,I29G,0.0000,0.0000,0,13
TTTCATGTCTCTACAT,K269W,0.1349,0.1349,1602,1661
TTTCATTGGCCATGGT,N48P,nan,nan,0,0
TTTCATTGTGGCAAAA,P58G V420E,0.0000,0.0000,0,11
TTTCATTTCAATAAAA,C139R,nan,nan,0,0
TTTCCAAAAAAATTAA,V151K,0.0000,0.0000,0,4
TTTCCAACATGCACCT,R212K,0.0435,0.0435,113,363
TTTCCAACTAACATTT,,0.1471,0.1471,627,596
TTTCCAAGAACACGTC,E107K,0.6153,0.6153,22,5
TTTCCAATAAGATAAC,V8G,0.0489,0.0489,137,392
TTTCCACAACTCCCGC,E89S N389K,0.1703,0.1703,218,179
TTTCCACCTGTCTTTG,P58H T171D,0.1818,0.1818,13,10
TTTCCACGGCTGTAGA,M30I G275E K411V,0.0000,0.0000,0,7
TTTCCACTGACATTAT,T171G,0.1593,0.1593,572,502
TTTCCAGAAGAATTAG,K313T K450F,0.0000,0.0000,0,4
TTTCCAGAGTCGAAAG,Y363H A522T,nan,nan,0,0
TTTCCAGGAAGACTAA,T279W N475F C546*,nan,nan,0,0
TTTCCATTAAATCGTT,H110T,0.3007,0.3007,1744,811
TTTCCCAATCTGTCTC,T436K,nan,nan,0,0
TTTCCCACGACTTCGT,,0.1198,0.1198,179,209
TTTCCCCCTTCACTAA,D457C,0.0000,0.0000,0,1
TTTCCCCGGAGGAGAA,C466I,0.0000,0.0000,0,2
TTTCCCCTCGGCAGGA,D27V,0.0000,0.0000,0,25
TTTCCCCTGCCCCAAA,V204K,nan,nan,0,0
TTTCCCTACAAAATGT,,0.1194,0.1194,1858,2177
TTTCCCTCCTCATCCT,H244W,0.2452,0.2452,526,300
TTTCCCTTCACATCTC,,0.1980,0.1980,143,101
TTTCCGTCACCAGACC,M75E,0.3342,0.3342,337,141
TTTCCGTTGGCAACAG,,0.7412,0.7412,53,10
TTTCCGTTGTCAAACG,,0.1495,0.1495,247,231
TTTCCTACCACCTTCG,Q226V,0.0271,0.0271,372,1923
TTTCCTAGCGCTTTTA,F148Q,0.0000,0.0000,0,3
TTTCCTATACACCTGA,,0.1498,0.1498,120,112
TTTCCTATATACAAAA,P145G D415E,0.1451,0.1451,166,160
TTTCCTATCGAACCGG,C305V,0.0000,0.0000,0,1
TTTCCTCCACATTACA,E398Q,0.1362,0.1362,260,267
TTTCCTCGAACAAGTT,F147M,0.2339,0.2339,1169,699
TTTCCTGGAGACGTTA,,0.1199,0.1199,204,238
TTTCCTTAACAAAAAC,N169A R321I S369E F469*,0.0000,0.0000,0,5
TTTCCTTAATGTAGAG,E494D,0.2306,0.2306,277,168
TTTCCTTATCAGATGT,I15G,0.0000,0.0000,0,7
TTTCCTTTCATTAGCG,G341V,0.1875,0.1875,59,44
TTTCGAAAACAGAAAC,E78K T219R,0.2724,0.2724,4703,2414
TTTCGAAACAGGCATT,,0.2556,0.2556,7743,4236
TTTCGAACGAGGCGCA,E107H M531I,nan,nan,0,0
TTTCGAACGTCCAATC,V-2L A522N,0.0000,0.0000,0,1
TTTCGAAGCAGCACTT,D231L,0.0268,0.0268,9,47
TTTCGAATATTTATTA,I297M H298Y,nan,nan,0,0
TTTCGACAAGCAAACC,A67K,0.2128,0.2128,280,184
TTTCGACCAGGCCACA,V395S,0.0000,0.0000,0,67
TTTCGACCATACCCAC,P306N,0.0000,0.0000,0,4
TTTCGATCGACAAACA,P140H,0.1171,0.1171,1696,2025
TTTCGCATAATATCCC,,0.1216,0.1216,488,561
TTTCGCTATAAACTAT,T35Q V381D,0.0000,0.0000,0,2
TTTCGCTCACACGCAA,E434I,0.4195,0.4195,57,19
TTTCGCTTTGAGGGCA,T266N G510aV,0.0805,0.0805,1163,2021
TTTCGGAAACTGGAGG,A3Y,0.1228,0.1228,4651,5296
TTTCGGATAACAGGCA,N169D N322K F467D,0.3796,0.3796,38,14
TTTCGGGATAAGGCGT,,0.1015,0.1015,652,898
TTTCGGGGAATTCGCG,R90G,0.1356,0.1356,740,763
TTTCGGGTAGTTGAAC,I385R,0.1337,0.1337,4094,4283
TTTCGGTCCAAGTCAT,L418K,0.0000,0.0000,0,3
TTTCGTAATAGCACGA,F245E,0.4068,0.4068,32,11
TTTCGTATAATTCTCT,R229L,0.0000,0.0000,0,2
TTTCGTCCTACGAAAG,L133aW,0.2691,0.2691,1301,676
TTTCGTCCTTCTAGTT,V88A,0.2282,0.2282,3469,2126
TTTCGTGGAGCACCCA,S207I R212D E340I,nan,nan,0,0
TTTCGTGTCAGTAACG,,0.1793,0.1793,923,720
TTTCGTGTGAAAGCTG,D438C,0.0000,0.0000,0,140
TTTCGTGTGAAGAGTG,E24I I384R,nan,nan,0,0
TTTCTAAAAAACTCTC,N250H,0.0000,0.0000,0,8
TTTCTAAAATTCAACT,P128W T283G,nan,nan,0,0
TTTCTAAACACTAAAC,,0.1455,0.1455,179,172
TTTCTAACCTTTCGAG,C64T,0.0000,0.0000,0,2
TTTCTAAGCATGGAGG,K125aV,0.0924,0.0924,150,227
TTTCTAAGGTAGTGTA,G249T,0.0000,0.0000,0,4
TTTCTAATAACAAACA,,0.0000,0.0000,0,11
TTTCTACAAATCATGT,Y17W L70P,0.0000,0.0000,0,5
TTTCTACAGGATCACC,L331S,1.0000,2.6171,131,7
TTTCTAGTCATCAAAT,E476T,0.0880,0.0880,1081,1717
TTTCTATAGAAGCTAG,G362W,0.1569,0.1569,166,148
TTTCTATCATCCTTAA,L108E,0.0000,0.0000,0,6
TTTCTCAACCCTTAAA,R321V D366A T370P F469M,0.0000,0.0000,0,1
TTTCTCAATATGTGAA,A522R,0.0000,0.0000,0,8
TTTCTCACTTTAGCAA,T208G G533S,0.1315,0.1315,332,353
TTTCTCATTAAATTAG,K472A,0.1477,0.1477,694,657
TTTCTCCATTGAACGT,P254W,nan,nan,0,0
TTTCTCCTGTAAAACA,M531P,0.0613,0.0613,25,57
TTTCTCGCCACATACC,,0.2364,0.2364,142,84
TTTCTCGCCATATAAA,L409F,0.5056,0.5056,94,26
TTTCTCTCTTTCTAGC,I-3T,0.0897,0.0897,2564,3998
TTTCTGAAACAAAGGA,E403A,nan,nan,0,0
TTTCTGAACAGGATTC,R435G,0.0332,0.0332,29,122
TTTCTGAATCACTCCA,I15N,0.0000,0.0000,0,3
TTTCTGAGTCTCAATA,Q142M D231Y F392K,nan,nan,0,0
TTTCTGATCTATTTTG,I202N Q344I,0.4994,0.4994,25,7
TTTCTGCATATAATTG,Q513M,0.2188,0.2188,4798,3066
TTTCTGTCGAGATCGA,E340M,0.0000,0.0000,0,24
TTTCTTACTGTGGTTC,,0.0440,0.0440,22,70
TTTCTTCACTTTCTGA,W180N,0.6659,0.6659,100,21
TTTCTTCAGACCGATA,E24T,0.2048,0.2048,1391,950
TTTCTTCGTACGCGCT,V8Y,0.0000,0.0000,0,3
TTTCTTGTGGAGCCTT,L213G,0.0259,0.0259,27,146
TTTCTTTACCATTAGT,C277I,1.0000,2.7969,40,2
TTTGAAAAAATGTACT,L71N,0.0000,0.0000,0,8
TTTGAAAACAGCCTCT,V420W,1.0000,1.0954,47,6
TTTGAAAACAGGCACC,M75V S85R,0.0214,0.0214,11,72
TTTGAAACAAAGTAGT,V5C I502R,nan,nan,0,0
TTTGAAACTGAGAGTA,S442T,0.2091,0.2091,1467,981
TTTGAAATACACAAAT,I267W,0.6293,0.6293,18,4
TTTGAACTCGTAAATA,,0.1678,0.1678,342,285
TTTGAACTTCCCGATC,M530S,0.1296,0.1296,418,451
TTTGAAGAACGTTTAG,S383N,0.0000,0.0000,0,8
TTTGAAGACAGCTCTA,E432W,0.1221,0.1221,55,63
TTTGAAGCTCTGGATA,,0.1727,0.1727,5059,4096
TTTGAAGTATACCCCC,S125bF,0.2043,0.2043,12384,8475
TTTGAATATGACTGAT,K412V,0.0000,0.0000,0,3
TTTGAATCATCTAAAT,S113W,0.0000,0.0000,0,4
TTTGAATTAGCCCTTT,P74E,0.0000,0.0000,0,24
TTTGACACTTAATGGA,D264I,0.9131,0.9131,222,34
TTTGACATAAAGAAGT,G342V,1.0000,1.1421,49,6
TTTGACCAAACTAAAA,L59Y,0.1646,0.1646,739,628
TTTGACCACTTATTAT,M230W,0.0000,0.0000,0,6
TTTGACCAGATATAAC,I123W G303V N446G,0.0000,0.0000,0,10
TTTGACCCAATAAAAC,V5M,0.1839,0.1839,3703,2816
TTTGACCCCGCAACAG,A138I E403Y F417P,0.0000,0.0000,0,1
TTTGACCCGTGAAAAA,Q211Y,0.1398,0.1398,3,3
TTTGACGACTAAAGGC,N54aG,0.1344,0.1344,763,794
TTTGACGGACGAAAAG,P306W,0.0000,0.0000,0,4
TTTGACTAAATATACC,M346S,nan,nan,0,0
TTTGACTAAATTAATA,G345S,0.0973,0.0973,794,1141
TTTGACTAGACTAGGA,I87Q,0.0000,0.0000,0,6
TTTGACTAGATGACGA,D27Y A522T,0.0000,0.0000,0,3
TTTGACTTAAAAAGAA,T192H,0.1678,0.1678,1337,1114
TTTGAGACGTTAAAAC,,0.1435,0.1435,315,307
TTTGAGGAGATGACCT,L102R,0.0000,0.0000,0,15
TTTGAGGATGTCAGTA,I260K,0.1310,0.1310,59,63
TTTGAGGCAAAGGGAG,K269N,0.1672,0.1672,1879,1572
TTTGAGGTCTTCTCAC,,0.0000,0.0000,0,23
TTTGAGGTGCAATCAT,E189W F332Y,nan,nan,0,0
TTTGAGTTAATTTTGT,W537C,0.3577,0.3577,133,52
TTTGATAAAAAAGTTG,,0.1373,0.1373,979,997
TTTGATAAAATCAGTG,R404G,0.3617,0.3617,75,29
TTTGATAAAGATGCAA,T485D,0.1553,0.1553,954,859
TTTGATAAGCGCTAAA,E78M,0.0496,0.0496,391,1102
TTTGATACAAAATTAT,E83K,0.2270,0.2270,250,154
TTTGATACATGACCCA,Q371H,0.4970,0.4970,295,83
TTTGATAGGCGTTGAA,,0.1105,0.1105,1552,1964
TTTGATATCTTAAAAA,,0.1240,0.1240,416,469
TTTGATATGCATGACT,A39W,0.1329,0.1329,1113,1171
TTTGATATTGATTAAA,N197F,0.0120,0.0120,8,93
TTTGATCAAAAAAAAT,N48*,0.0000,0.0000,0,6
TTTGATCAAGCCCATA,H47L,0.4499,0.4499,74,23
TTTGATCTAAAAAGCT,Y518T,nan,nan,0,0
TTTGATCTACGGGTAC,A334Y,0.0000,0.0000,0,5
TTTGATGCTACAAAAT,A39V I202C D449E,0.1253,0.1253,4166,4651
TTTGATTCCTATAGGT,E24N,0.1934,0.1934,1243,899
TTTGATTGCGACGTTA,E304V,0.2032,0.2032,3952,2720
TTTGCAAACTGGAGAG,H440E,0.2187,0.2187,61,39
TTTGCAACTTTGAGCG,N33E,0.0853,0.0853,2018,3310
TTTGCACGACTTTGAC,D348T,0.1476,0.1476,1684,1596
TTTGCACGGCGGGAAT,L43D,nan,nan,0,0
TTTGCAGAGGGTTCAA,M230Q,0.0209,0.0209,106,708
TTTGCAGTATATGCGA,Q513Y,0.2070,0.2070,2744,1854
TTTGCATGCTACCCGT,M478K,0.0000,0.0000,0,1
TTTGCATTCTTGACAA,M111N,nan,nan,0,0
TTTGCCACATTGTAAA,A495M,0.1375,0.1375,298,303
TTTGCCCGATATACAA,T171N N483K,0.1852,0.1852,1931,1458
TTTGCCCTGACGAGAA,L515Y,0.0000,0.0000,0,3
TTTGCCCTTAAGAGTT,A39L C281A,0.0000,0.0000,0,8
TTTGCCGGGAATTTTG,Y195L,0.0000,0.0000,0,1
TTTGCCGGGTCCAAAA,H18V,0.1219,0.1219,102,117
TTTGCCTAGTTACGTA,E479G,0.0751,0.0751,311,579
TTTGCCTCCTTCGACA,V8C Y488A,0.1474,0.1474,3929,3728
TTTGCCTTTTTGTTTG,K262P E398N,0.8103,0.8103,197,34
TTTGCGAAATCTAGCT,C76R A137G,0.0000,0.0000,0,16
TTTGCGAACGCCCTTT,L7N V420E,0.0000,0.0000,0,6
TTTGCGAAGAGAAAGA,V56W,0.0480,0.0480,34,99
TTTGCGAGGCTTCAGC,R405T,nan,nan,0,0
TTTGCGTGTACGACAT,,0.2162,0.2162,1028,665
TTTGCTAAATACTTGA,Q12N,0.8915,0.8915,153,24
TTTGCTATTGGGAGCA,I202V,0.2051,0.2051,1959,1336
TTTGCTCGTCTACCCG,,0.1590,0.1590,6254,5501
TTTGCTGTACTTTAAT,P215N,0.2447,0.2447,245,140
TTTGCTTACGTGAAAT,N443P,0.0000,0.0000,0,7
TTTGCTTTGCACCAGA,I-3L,0.1483,0.1483,263,248
TTTGGAATAAAAACCG,V377F,nan,nan,0,0
TTTGGAATTGTGGCCG,D95P,0.0000,0.0000,0,12
TTTGGACGAGATATAT,S265F,0.0000,0.0000,0,4
TTTGGAGAATAAAACT,S492Q,0.0863,0.0863,1157,1875
TTTGGAGCTACCAGAT,P306R I502W,0.0000,0.0000,0,8
TTTGGATGAGAACTCT,R452C,0.0883,0.0883,510,808
TTTGGATTTCCAAACG,R456N,0.1861,0.1861,3974,2987
TTTGGCACTAATATGA,,0.1012,0.1012,1073,1483
TTTGGCCAACAGGCGT,L453Q,0.0397,0.0397,83,292
TTTGGCCAGAACATGC,,0.1290,0.1290,367,398
TTTGGCCGCAAAAAAA,N475C,0.0608,0.0608,471,1084
TTTGGCCTACTGGGTA,G225C Y488T,0.0000,0.0000,0,2
TTTGGCTCTCGAGCTA,R227Q,0.0164,0.0164,445,3795
TTTGGCTTAGTTAAAT,L1Y,0.1396,0.1396,5220,5230
TTTGGGAGCATAACGC,A67L,0.0949,0.0949,135,199
TTTGGGAGGAGCCCTT,K411W,0.3216,0.3216,23,10
TTTGGGAGTCACCGAA,I166P,0.3178,0.3178,25,11
TTTGGGTCTGGTGGTC,I13F L133aM E476P,0.0872,0.0872,68,109
TTTGGTCATGTGATGA,E89Q G463L,0.0535,0.0535,26,68
TTTGGTCTACGGTTGT,K269Y E479K,0.1389,0.1389,7668,7719
TTTGGTTTACATCAAA,,0.1578,0.1578,3508,3108
TTTGTAAACGCTCCTG,V56N I267N,0.0000,0.0000,0,6
TTTGTAAAGAGCACTG,,nan,nan,0,0
TTTGTAAAGCGGTCAC,V505S,0.2633,0.2633,401,213
TTTGTACACGCAACGT,N48F,0.0362,0.0362,45,174
TTTGTACATATAAGCA,R90G R482W,0.5734,0.5734,164,40
TTTGTACCCTATCGAC,D63W,0.0710,0.0710,34,67
TTTGTACTAAGAGACA,N92I,0.0296,0.0296,37,175
TTTGTATCCTCCGTTT,G349T,0.0000,0.0000,0,2
TTTGTCAATTACGATT,N103P P254G,0.0000,0.0000,0,1
TTTGTCAGAAGTACGA,C277L L497E,nan,nan,0,0
TTTGTCTAACACCCAT,D231M,0.1042,0.1042,1212,1627
TTTGTGATGAATAGAA,G342F,0.0000,0.0000,0,2
TTTGTGGACACCGGAG,,0.1759,0.1759,7472,5939
TTTGTGGTAATACATT,I182C,0.0961,0.0961,3608,5249
TTTGTGTAATACCCAA,Y274N,0.0000,0.0000,0,1
TTTGTGTACAGTGCGG,Y98A,0.0000,0.0000,0,10
TTTGTGTCATTGCTCT,A336T,0.1766,0.1766,221,175
TTTGTTAAACCATTAG,,0.1645,0.1645,2830,2406
TTTGTTCATTCTTGTT,Y351M F469I,0.0000,0.0000,0,1
TTTGTTCGCGACAACA,I42Q,0.0000,0.0000,0,4
TTTGTTCTTAGCAGAT,P162A,0.1660,0.1660,5911,4980
TTTGTTGAGTTCAATA,,0.0000,0.0000,0,6
TTTGTTGGCCGGTATA,S101P,0.2633,0.2633,241,128
TTTTAAAAAAAAAAAC,G72K,nan,nan,0,0
TTTTAAAAGGAAATTT,P140K,0.2892,0.2892,9222,4460
TTTTAAAGATAAAACC,V88D V285M,0.0000,0.0000,0,1
TTTTAAAGATGATAGC,A93R,0.3560,0.3560,168,66
TTTTAAATAAAGTAAA,D104K S356N,0.1170,0.1170,636,760
TTTTAAATACGAACCT,,0.2098,0.2098,147,98
TTTTAAATCACTATAG,G16C,0.8890,0.8890,89,14
TTTTAACAAGTAACTG,,0.1583,0.1583,120,106
TTTTAACAGATGCATA,E189N,0.2247,0.2247,5488,3416
TTTTAAGACCACAATT,S203H D438N,0.0923,0.0923,237,359
TTTTAAGATGACCAAA,D53I Y353V,0.0000,0.0000,0,11
TTTTAAGGGTCGAAGT,A3W K328cP,0.5923,0.5923,72,17
TTTTAATAAATTGGAG,N250S,0.1023,0.1023,30,41
TTTTAATACACGGCCA,V36P A218F,0.4040,0.4040,26,9
TTTTAATACGCAAAAC,N48S,nan,nan,0,0
TTTTAATATTAATTGG,E494H,0.1897,0.1897,236,174
TTTTAATATTATTTTT,N278T,0.2152,0.2152,494,321
TTTTAATCGATCAATA,S203R,0.1546,0.1546,21,19
TTTTAATTAACACTAT,N21Q Y351S Y448F,nan,nan,0,0
TTTTACAAAGTATTCG,G271M,0.1634,0.1634,4509,3858
TTTTACAAGCAGCTTA,I288K,0.0000,0.0000,0,4
TTTTACAAGTAAAACT,,0.0625,0.0625,1064,2380
TTTTACAATTGAGGTC,V88P,0.0000,0.0000,0,10
TTTTACAGTACCAATA,I297V,0.0000,0.0000,0,40
TTTTACATAAACCTTG,F251R,nan,nan,0,0
TTTTACATGTTGAGTA,Y491S,0.0000,0.0000,0,3
TTTTACATTCAGAAAT,A336R,0.4941,0.4941,53,15
TTTTACGCCACTGGTC,L462K,0.1167,0.1167,908,1088
TTTTACGGCTAAAAAG,D264F L402P,nan,nan,0,0
TTTTACTATCCAGGAC,A39W Y201T,0.0227,0.0227,23,142
TTTTACTCATACTTGC,G510aL,0.0932,0.0932,54,81
TTTTACTGGCCTTGCG,Q282V,0.3729,0.3729,40,15
TTTTACTTCTTGGGAA,V88C S509P,0.1398,0.1398,111,111
TTTTACTTTTTTAATA,,0.1295,0.1295,648,700
TTTTAGAAGAATTGAC,Y363M S516N,nan,nan,0,0
TTTTAGATTCCATAGT,C97S Q371V,nan,nan,0,0
TTTTAGCATCTTAGTC,E340L,0.0000,0.0000,0,10
TTTTAGCCAAACCTTT,Y195C,0.3059,0.3059,35,16
TTTTAGCGGAATATGA,P306S,0.0000,0.0000,0,57
TTTTAGCGTTATAATG,,0.0000,0.0000,0,5
TTTTAGCTCTACTCAA,,0.1280,0.1280,108,118
TTTTAGGATCGGGCGT,H244R,0.0000,0.0000,0,2
TTTTAGGCCACCATAT,R321T T370P I517F,0.0000,0.0000,0,4
TTTTAGTAAGAGATGG,,0.0000,0.0000,0,5
TTTTAGTGTTTTACAC,V151A,0.1544,0.1544,2745,2487
TTTTATAAGGCAAGGA,Q226T A532D,nan,nan,0,0
TTTTATAAGGTCGTCG,Y86M,nan,nan,0,0
TTTTATAAGTACATCC,,0.0760,0.0760,201,370
TTTTATAGCTCTAACT,,0.1729,0.1729,1150,930
TTTTATATACATAAAC,E398Y,0.0000,0.0000,0,3
TTTTATATCTGCCCGA,R229Y N389C,nan,nan,0,0
TTTTATCCACCAAATG,E106M,0.2142,0.2142,1031,673
TTTTATCGAACACATG,N169G R321E,nan,nan,0,0
TTTTATCGTAAACGGA,V505R I529T N541K,0.1335,0.1335,21,22
TTTTATGAACAACAAA,A365R,0.0000,0.0000,0,10
TTTTATGCCGTGTACA,L213Y,0.1345,0.1345,1594,1657
TTTTATTTAATAACAC,A425W,0.0000,0.0000,0,1
TTTTATTTTTAAAAAG,N129K A365F,0.1958,0.1958,7,5
TTTTCAAAAATCATTG,A425I,0.0543,0.0543,165,425
TTTTCAAATATACTCA,,0.2611,0.2611,1897,1016
TTTTCAAGCTGGAACT,E31K K125aQ,0.0867,0.0867,1850,2985
TTTTCAATGAATAACT,V223P,0.0000,0.0000,0,1
TTTTCACAAAATGTGG,L209Q,0.3496,0.3496,60,24
TTTTCACAGTATAACA,A257C L544I,0.0735,0.0735,145,276
TTTTCACCTGATAGCT,N33Q Q344*,0.0000,0.0000,0,2
TTTTCACGTAATTTCA,N410V C539*,0.0000,0.0000,0,2
TTTTCACTACATAGAC,,0.1185,0.1185,3163,3732
TTTTCAGACGTCATTG,,0.0000,0.0000,0,1
TTTTCATAATACGATT,Y470E,0.0157,0.0157,13,116
TTTTCATCACTTAAAT,,0.2769,0.2769,3669,1853
TTTTCATGGTATAACA,R81T G263L,0.5419,0.5419,31,8
TTTTCCAAGCCGTGGT,D41L E508Y,0.1176,0.1176,2159,2568
TTTTCCATTCGAAACA,C97K,0.0000,0.0000,0,8
TTTTCCCCATAAAATG,Y512E,0.2409,0.2409,882,512
TTTTCCGCAGAATCAG,A257Q,0.0000,0.0000,0,25
TTTTCCGGCATTGTAG,V481C,0.1230,0.1230,1117,1270
TTTTCCTCGATTGAGA,N92V A495V,0.1826,0.1826,333,255
TTTTCCTGAAGACGTA,H276F,0.2494,0.2494,1787,1002
TTTTCGAAGAAACAAC,V444L,0.1026,0.1026,1111,1515
TTTTCGAAGTGTAGAA,G319N,0.0000,0.0000,0,1
TTTTCGACTGGTATTG,,0.1321,0.1321,1983,2099
TTTTCGCATCTCTCAC,T23I,0.0000,0.0000,0,31
TTTTCGCTACGCAACT,K269L,0.1751,0.1751,1471,1175
TTTTCGTAGGCTCATA,A218V E493D,0.2704,0.2704,14974,7744
TTTTCGTCAATTAGAA,A334K,0.0000,0.0000,0,4
TTTTCGTTTATCATAA,G225Q,0.0477,0.0477,570,1671
TTTTCTAAAATGTGTA,T370R,0.0000,0.0000,0,4
TTTTCTAAACCCAATA,,0.1111,0.1111,664,836
TTTTCTAAGACTTGAG,R220K K262W,0.0000,0.0000,0,17
TTTTCTCGATCACTAG,,0.1187,0.1187,73,86
TTTTCTTAACATCCAC,A67F L497C,0.0000,0.0000,0,21
TTTTGAAACGCTTCAT,E340G,0.1224,0.1224,28,32
TTTTGAAAGAACCAAA,S361N C539R,0.0459,0.0459,23,70
TTTTGAAATTATAAAA,D27W H471V,nan,nan,0,0
TTTTGAAATTGGTTTC,G504M,0.1016,0.1016,258,355
TTTTGAACTAGAACCT,,0.0618,0.0618,19,43
TTTTGAAGGGATAACT,,0.1829,0.1829,34,26
TTTTGAATACATTTTC,I243C,0.2405,0.2405,129,75
TTTTGACAAGTTGATG,E432I,nan,nan,0,0
TTTTGACAGATCTACA,F294Q,0.0000,0.0000,0,12
TTTTGACATCTTAAGC,N21Y D474P,0.0000,0.0000,0,4
TTTTGACCATCCATAA,,nan,nan,0,0
TTTTGACGCCAGCCAC,I529E,0.0000,0.0000,0,18
TTTTGAGTCAAAATAA,K45C,0.1323,0.1323,8589,9080
TTTTGATATGAAACGC,P140Y R496F,0.1457,0.1457,450,432
TTTTGATCTTAGAACG,Q222N,0.0940,0.0940,1803,2681
TTTTGCAAAAATAAAC,I4E L179Q,1.0000,1.6781,48,4
TTTTGCAAACAAGTGT,K262M V510K,0.2218,0.2218,92,58
TTTTGCACGGTGGATA,R499A,0.0675,0.0675,843,1747
TTTTGCAGAGTGAAGT,E358N,0.1456,0.1456,1313,1261
TTTTGCCAAAGAACAA,N169C E426V,0.0977,0.0977,549,786
TTTTGCGGAGAATACG,Q191L D487E,0.0000,0.0000,0,4
TTTTGCGTTGATCTCG,E174K R499F,0.0842,0.0842,651,1081
TTTTGCTAGCTGAACG,A532I,0.2244,0.2244,138,86
TTTTGCTCACTACGAG,L7R L402A,0.1243,0.1243,24,27
TTTTGGAAGTACCCAC,S311P,0.0000,0.0000,0,24
TTTTGGACAAACTAAG,S524F,0.7192,0.7192,72,14
TTTTGGATAAATCAAC,E508G,0.2042,0.2042,2552,1748
TTTTGGATATCTGACC,Y86V,0.0000,0.0000,0,9
TTTTGGATCTCTACAG,G72Q S442C E493N,0.0524,0.0524,75,200
TTTTGGCCAAACTTGG,I548A,0.3300,0.3300,59,25
TTTTGGCCAAAGATTC,A336V,0.0000,0.0000,0,20
TTTTGGCTACACAAGC,,0.1944,0.1944,228,164
TTTTGGGAACCTAAAA,E31G V309D N458G,0.1885,0.1885,31,23
TTTTGGGCCCCCTTCT,H276Y,0.2116,0.2116,233,154
TTTTGGGGTCTTATTG,A242T C305K,0.0233,0.0233,1,6
TTTTGTAGAACGCCCC,,0.1498,0.1498,3950,3688
TTTTGTATGTTGGTTA,D386A,0.1601,0.1601,2348,2051
TTTTGTCACTATAATA,R229P,0.7225,0.7225,62,12
TTTTGTCATCACTTCA,E106P R328aE,nan,nan,0,0
TTTTGTGGTGATCCAT,,0.1701,0.1701,5218,4290
TTTTGTTAATCAAATT,,0.1325,0.1325,3674,3877
TTTTGTTTACAACTGA,K62E S136R N443L,nan,nan,0,0
TTTTGTTTACTCGTCT,R328bI,0.1636,0.1636,592,506
TTTTGTTTTTACGAAC,E468V,0.3030,0.3030,520,240
TTTTGTTTTTATTGAG,C64I,nan,nan,0,0
TTTTTAAACAAGAACT,L1R,0.0000,0.0000,0,11
TTTTTAACTGGAAATT,E246V,0.1965,0.1965,267,190
TTTTTAATTTCATAAC,P284Q,0.1661,0.1661,2251,1895
TTTTTACAAAAACTGT,S126V,0.1160,0.1160,39,47
TTTTTACCAGTAGTGG,G465P,0.0000,0.0000,0,7
TTTTTAGCACTCTAAA,A317T,nan,nan,0,0
TTTTTAGTATAGGAAC,N458W,0.0000,0.0000,0,2
TTTTTATAGGTAAAAA,M30V,0.1535,0.1535,416,379
TTTTTATCGCACAATA,E403K,nan,nan,0,0
TTTTTATGAAGCAACC,R404M,0.1675,0.1675,3968,3313
TTTTTCAGGTGTTTTT,N158D,nan,nan,0,0
TTTTTCTTGCAGCTAT,T132F,0.2221,0.2221,332,209
TTTTTGAACATTAAAG,N94L,0.1963,0.1963,504,359
TTTTTGCGACGTCCAA,I15Y S167P D441G,0.0000,0.0000,0,8
TTTTTGCTTGACGTAG,T206Q,0.0000,0.0000,0,13
TTTTTGTAAATTAATC,M538Q,0.1300,0.1300,277,298
TTTTTGTATAACAAAA,T511F,0.1798,0.1798,7557,5878
TTTTTGTCCTGATGTT,K259P,0.4895,0.4895,84,24
TTTTTGTGGAACCTAA,S480C,0.0982,0.0982,410,584
TTTTTTACATAACCAT,R397G,0.1064,0.1064,388,510
TTTTTTACTTACAAAT,S167L R321A T370V,nan,nan,0,0
TTTTTTATAAATTAAC,R212C M538W,0.3115,0.3115,49,22
TTTTTTATTTGAGAAG,S167A T370K G484P,0.0000,0.0000,0,2
TTTTTTGAAATACTCA,L300G,0.1739,0.1739,4512,3628
TTTTTTGCGGCAAAAA,V56N,0.2242,0.2242,1212,756
TTTTTTGGCTCTAGGA,N400E,0.1865,0.1865,20,15
TTTTTTTAGATCTTAC,N172V,0.1162,0.1162,1315,1582
TTTTTTTGACTTAATC,D11R N187Q,0.0000,0.0000,0,1
