site,wildtype,mutant,log2 fold change IC80 mean,log2 fold change IC80 median,n_models,times_seen,frac_models,Lib1-241216-mAb74,Lib2-241216-mAb74
-6,M,C,-1.982,-1.982,1,1,0.5,-1.982,
-6,M,D,-1.588,-1.588,2,1.25,1,-2.333,-0.844
-6,M,F,-1.168,-1.168,2,0.75,1,-2.333,-0.003483
-6,M,H,-2.333,-2.333,1,1,0.5,-2.333,
-6,M,L,-2.29,-2.29,1,1,0.5,-2.29,
-6,M,M,0,0,2,,1,0,0
-6,M,V,-0.3843,-0.3843,1,1,0.5,,-0.3843
-5,E,A,-0.1517,-0.1517,2,2.5,1,-0.06862,-0.2348
-5,E,C,0.1324,0.1324,2,3.5,1,0.008353,0.2565
-5,E,D,-0.05667,-0.05667,1,5,0.5,,-0.05667
-5,E,E,0,0,2,,1,0,0
-5,E,F,-0.2127,-0.2127,2,4.5,1,-0.4577,0.03232
-5,E,G,-0.55,-0.55,2,4.5,1,-1.029,-0.07139
-5,E,H,-0.4255,-0.4255,2,4,1,-0.7221,-0.129
-5,E,I,0.0702,0.0702,2,4,1,0.01946,0.1209
-5,E,K,-0.221,-0.221,2,4.5,1,-0.3261,-0.1159
-5,E,L,0.1883,0.1883,2,4.5,1,0.1614,0.2152
-5,E,M,0.6002,0.6002,2,2.5,1,0.4427,0.7576
-5,E,N,0.1082,0.1082,2,5,1,0.1642,0.05221
-5,E,P,0.4746,0.4746,2,2,1,0.9087,0.04045
-5,E,Q,-0.298,-0.298,2,3.5,1,-0.528,-0.06802
-5,E,R,0.2344,0.2344,2,5,1,0.137,0.3317
-5,E,S,0.1395,0.1395,2,2,1,0.0115,0.2675
-5,E,T,-0.1725,-0.1725,2,4,1,-0.2729,-0.07203
-5,E,V,-0.4047,-0.4047,2,2,1,-0.3537,-0.4557
-5,E,W,-0.4146,-0.4146,2,3.5,1,-0.1071,-0.7222
-5,E,Y,0.0638,0.0638,2,3.5,1,-0.08163,0.2092
-5,E,*,-1.212,-1.212,1,1,0.5,,-1.212
-4,N,A,-0.275,-0.275,2,2,1,-0.2998,-0.2502
-4,N,C,0.3646,0.3646,2,4.5,1,0.741,-0.01187
-4,N,D,0.1831,0.1831,2,2.5,1,-0.04694,0.4132
-4,N,E,-0.2946,-0.2946,2,3,1,-0.5322,-0.05699
-4,N,F,-0.6777,-0.6777,2,2,1,-1.298,-0.05739
-4,N,G,0.4143,0.4143,2,3,1,-0.0614,0.8901
-4,N,H,-0.3635,-0.3635,2,3,1,-0.4264,-0.3007
-4,N,I,0.1222,0.1222,2,3,1,0.05602,0.1883
-4,N,K,0.0717,0.0717,2,7,1,0.1274,0.01597
-4,N,L,-0.09033,-0.09033,2,2.5,1,-0.3657,0.1851
-4,N,M,-0.1041,-0.1041,2,3,1,-0.3947,0.1865
-4,N,N,0,0,2,,1,0,0
-4,N,P,0.5069,0.5069,2,1.5,1,0.6429,0.3709
-4,N,Q,-0.09207,-0.09207,2,5.5,1,-0.1902,0.006061
-4,N,R,0.004026,0.004026,2,3,1,0.03495,-0.0269
-4,N,S,0.268,0.268,2,1.5,1,-0.01744,0.5535
-4,N,T,0.1222,0.1222,2,2,1,0.2598,-0.01542
-4,N,V,-0.02068,-0.02068,2,6,1,0.1701,-0.2115
-4,N,W,-0.03317,-0.03317,2,3,1,-0.2551,0.1887
-4,N,Y,0.1391,0.1391,1,3,0.5,0.1391,
-3,I,A,-0.3715,-0.3715,1,3,0.5,-0.3715,
-3,I,C,-0.3959,-0.3959,2,1.5,1,-1.106,0.3141
-3,I,D,-0.594,-0.594,1,1,0.5,,-0.594
-3,I,E,0.03761,0.03761,2,4,1,0.2168,-0.1416
-3,I,F,-0.626,-0.626,2,2.5,1,-1.223,-0.02923
-3,I,G,-0.3379,-0.3379,2,1.5,1,-0.507,-0.1689
-3,I,H,0.06822,0.06822,1,2,0.5,0.06822,
-3,I,I,0,0,2,,1,0,0
-3,I,K,-0.1706,-0.1706,2,3,1,-0.281,-0.06034
-3,I,L,0.05229,0.05229,2,1.5,1,0.4977,-0.3931
-3,I,M,-0.08475,-0.08475,2,5,1,-0.1836,0.01406
-3,I,N,-0.1219,-0.1219,2,3,1,-0.3182,0.07441
-3,I,P,0.3942,0.3942,2,2.5,1,0.3945,0.3938
-3,I,Q,0.1959,0.1959,2,2,1,-0.2774,0.6692
-3,I,R,-0.4559,-0.4559,2,2.5,1,-0.6634,-0.2485
-3,I,S,0.0193,0.0193,2,5,1,0.2487,-0.2101
-3,I,T,-0.07908,-0.07908,2,6,1,-0.1604,0.002249
-3,I,V,-1.187,-1.187,2,3.5,1,-2.365,-0.008278
-3,I,W,0.003555,0.003555,2,2,1,0.2688,-0.2617
-3,I,Y,0.4979,0.4979,2,2.5,1,0.9436,0.05208
-2,V,A,0.1059,0.1059,2,3.5,1,0.1627,0.04916
-2,V,C,-0.8476,-0.8476,2,1.5,1,-1.762,0.06657
-2,V,E,-0.4954,-0.4954,1,1,0.5,-0.4954,
-2,V,F,0.07332,0.07332,2,2,1,0.08077,0.06586
-2,V,G,-0.1172,-0.1172,2,5,1,-0.1287,-0.1056
-2,V,H,-0.1942,-0.1942,2,2.5,1,-0.4152,0.02686
-2,V,I,0.2749,0.2749,2,6,1,0.4803,0.06951
-2,V,K,0.4586,0.4586,2,2,1,0.9215,-0.004251
-2,V,L,0.8948,0.8948,2,1.5,1,0.9841,0.8055
-2,V,M,0.08768,0.08768,2,2,1,-0.386,0.5613
-2,V,N,0.1655,0.1655,2,2.5,1,0.3461,-0.01503
-2,V,P,-0.3795,-0.3795,2,2.5,1,-0.733,-0.02593
-2,V,Q,-0.163,-0.163,2,4,1,-0.2609,-0.06502
-2,V,R,0.3135,0.3135,2,2.5,1,0.4602,0.1668
-2,V,S,-0.1164,-0.1164,2,3,1,-0.2828,0.05003
-2,V,T,-0.4124,-0.4124,2,3,1,-0.734,-0.09092
-2,V,V,0,0,2,,1,0,0
-2,V,W,0.2669,0.2669,2,3.5,1,0.387,0.1468
-2,V,Y,0.217,0.217,2,4,1,0.6661,-0.2321
-1,L,A,0.1498,0.1498,1,3,0.5,0.1498,
-1,L,C,-0.3008,-0.3008,2,2.5,1,-0.208,-0.3936
-1,L,D,-0.9188,-0.9188,2,1,1,-2.14,0.3028
-1,L,E,-0.7028,-0.7028,2,1.5,1,-1.239,-0.1667
-1,L,F,0.6396,0.6396,2,3,1,1.187,0.09187
-1,L,G,0.239,0.239,2,2.5,1,0.512,-0.03396
-1,L,H,0.09991,0.09991,2,2,1,-0.1479,0.3477
-1,L,I,0.3911,0.3911,2,2,1,0.5972,0.1849
-1,L,K,-0.4474,-0.4474,2,2,1,-1.117,0.2223
-1,L,L,0,0,2,,1,0,0
-1,L,M,0.6063,0.6063,2,1.5,1,1.136,0.07636
-1,L,N,-0.0759,-0.0759,2,1.5,1,-0.8889,0.7371
-1,L,P,-0.8696,-0.8696,2,1.5,1,-1.567,-0.1723
-1,L,Q,-0.1328,-0.1328,2,2.5,1,-0.00842,-0.2572
-1,L,R,-0.2389,-0.2389,2,2.5,1,-0.5558,0.07803
-1,L,S,-0.267,-0.267,2,4,1,-0.193,-0.341
-1,L,T,0.3048,0.3048,2,3,1,0.8046,-0.1951
-1,L,V,0.5924,0.5924,2,2.5,1,1.465,-0.2807
-1,L,W,0.0562,0.0562,2,4.5,1,0.5789,-0.4665
-1,L,Y,-0.2757,-0.2757,2,3,1,-0.5193,-0.03215
1,L,A,-0.08961,-0.08961,2,1,1,-0.1842,0.005018
1,L,C,0.1729,0.1729,2,3,1,0.2998,0.04594
1,L,F,0.7059,0.7059,1,2,0.5,0.7059,
1,L,G,0.1691,0.1691,2,3.5,1,0.2592,0.07898
1,L,H,-1.029,-1.029,2,3,1,-2.21,0.152
1,L,I,-0.08386,-0.08386,2,3.5,1,-0.06022,-0.1075
1,L,K,0.3572,0.3572,1,1,0.5,,0.3572
1,L,L,0,0,2,,1,0,0
1,L,M,-0.3982,-0.3982,2,4.5,1,-0.3035,-0.4929
1,L,N,-0.03907,-0.03907,1,1,0.5,,-0.03907
1,L,P,-0.3616,-0.3616,2,1.5,1,-0.1395,-0.5837
1,L,Q,-0.4304,-0.4304,2,1.5,1,-0.8179,-0.04286
1,L,R,-0.1934,-0.1934,1,3,0.5,,-0.1934
1,L,S,-0.1042,-0.1042,2,3.5,1,-0.2497,0.04138
1,L,T,-0.4546,-0.4546,2,2.5,1,-0.7623,-0.1468
1,L,V,0.1409,0.1409,2,2,1,-0.1067,0.3886
1,L,W,-0.3091,-0.3091,2,2.5,1,-0.5139,-0.1044
1,L,Y,0.2586,0.2586,2,2.5,1,0.7397,-0.2224
2,L,A,-0.9456,-0.9456,2,1.5,1,-1.74,-0.1513
2,L,C,-0.953,-0.953,2,1.5,1,-1.214,-0.6921
2,L,F,-0.1529,-0.1529,2,2.5,1,-0.4791,0.1733
2,L,G,0.0803,0.0803,2,2.5,1,0.201,-0.04041
2,L,H,-0.7076,-0.7076,2,4.5,1,-1.297,-0.1183
2,L,I,-0.1218,-0.1218,2,2,1,-0.07135,-0.1723
2,L,K,-0.6929,-0.6929,1,2,0.5,-0.6929,
2,L,L,0,0,2,,1,0,0
2,L,M,-0.01092,-0.01092,2,4,1,0.1089,-0.1307
2,L,N,0.1344,0.1344,1,2,0.5,,0.1344
2,L,P,-0.9648,-0.9648,1,1,0.5,,-0.9648
2,L,Q,-1.289,-1.289,2,2.5,1,-2.835,0.2566
2,L,R,0.1497,0.1497,1,1,0.5,0.1497,
2,L,S,0.1723,0.1723,2,4.5,1,-0.5299,0.8745
2,L,T,-0.7058,-0.7058,2,1.5,1,-1.339,-0.0728
2,L,V,-0.5346,-0.5346,2,3.5,1,-1.086,0.01663
2,L,W,0.1996,0.1996,2,5.5,1,0.1179,0.2813
2,L,Y,0.1584,0.1584,2,2.5,1,0.3295,-0.01265
3,A,A,0,0,2,,1,0,0
3,A,C,-0.3147,-0.3147,2,3,1,-0.598,-0.03129
3,A,D,-0.8269,-0.8269,1,1,0.5,,-0.8269
3,A,E,0.6169,0.6169,1,1,0.5,,0.6169
3,A,F,-0.1289,-0.1289,2,3,1,-0.4456,0.1879
3,A,G,-0.5261,-0.5261,2,4.5,1,-0.9361,-0.1162
3,A,H,-1.193,-1.193,2,1,1,-1.179,-1.207
3,A,I,-0.03976,-0.03976,2,3,1,-0.03916,-0.04037
3,A,L,-0.8325,-0.8325,1,4,0.5,-0.8325,
3,A,M,-0.09799,-0.09799,2,2,1,-0.3619,0.1659
3,A,N,-0.07237,-0.07237,2,1,1,0.1247,-0.2695
3,A,P,-0.4661,-0.4661,2,2.5,1,-0.9392,0.007017
3,A,Q,0.002193,0.002193,1,5,0.5,,0.002193
3,A,S,-0.1497,-0.1497,2,2.5,1,-0.0338,-0.2655
3,A,T,0.03787,0.03787,2,3.5,1,-0.0428,0.1185
3,A,V,-0.4843,-0.4843,1,4,0.5,,-0.4843
3,A,W,0.03036,0.03036,2,3,1,-0.1619,0.2226
3,A,Y,-0.04925,-0.04925,2,5,1,0.04495,-0.1434
4,I,A,0.1445,0.1445,1,4,0.5,0.1445,
4,I,C,-0.3371,-0.3371,2,2.5,1,-0.5732,-0.101
4,I,F,-0.04424,-0.04424,2,1.5,1,-0.1658,0.07727
4,I,G,0.2769,0.2769,2,1.5,1,0.2906,0.2632
4,I,H,-0.9496,-0.9496,2,3.25,1,-1.914,0.01521
4,I,I,0,0,2,,1,0,0
4,I,L,-0.1069,-0.1069,2,1.5,1,-0.7411,0.5274
4,I,M,-0.0212,-0.0212,2,4,1,-0.07462,0.03221
4,I,N,-0.4407,-0.4407,1,1,0.5,,-0.4407
4,I,Q,-0.9988,-0.9988,2,1,1,-2.013,0.01537
4,I,S,0.09063,0.09063,2,1,1,0.2906,-0.1094
4,I,T,-0.2497,-0.2497,2,1,1,-0.127,-0.3725
4,I,V,-0.0521,-0.0521,1,1,0.5,,-0.0521
4,I,W,0.1137,0.1137,2,2,1,0.06439,0.1629
4,I,Y,-0.1371,-0.1371,2,1.5,1,-0.2233,-0.05096
5,V,A,0.2816,0.2816,2,4,1,0.01508,0.5481
5,V,C,-0.05444,-0.05444,2,2,1,-0.3042,0.1953
5,V,D,-0.9969,-0.9969,2,1.5,1,-2.046,0.05221
5,V,E,0.06926,0.06926,1,2,0.5,,0.06926
5,V,F,0.3957,0.3957,2,2,1,0.9204,-0.129
5,V,G,0.02432,0.02432,2,3.5,1,-0.02142,0.07005
5,V,H,-0.4726,-0.4726,2,2,1,-0.87,-0.07511
5,V,K,-0.4897,-0.4897,1,1,0.5,-0.4897,
5,V,L,0.02217,0.02217,2,5,1,-0.0751,0.1194
5,V,M,0.09272,0.09272,2,6.5,1,0.6028,-0.4173
5,V,N,0.2156,0.2156,1,1,0.5,,0.2156
5,V,P,-1.296,-1.296,1,1,0.5,-1.296,
5,V,Q,0.4583,0.4583,2,2,1,0.3046,0.612
5,V,R,-1.004,-1.004,2,1.5,1,-1.974,-0.03437
5,V,S,1.109,1.109,2,1.5,1,2.039,0.1784
5,V,T,-0.1188,-0.1188,2,2,1,-0.2286,-0.00889
5,V,V,0,0,2,,1,0,0
5,V,W,0.3416,0.3416,2,2,1,0.639,0.04415
5,V,Y,0.04644,0.04644,2,5,1,-0.08173,0.1746
6,S,A,0.5399,0.5399,2,2,1,0.9211,0.1587
6,S,C,-0.03431,-0.03431,2,4,1,-0.102,0.03342
6,S,D,-0.07891,-0.07891,2,3,1,-0.2703,0.1125
6,S,E,-0.2072,-0.2072,2,6.5,1,-0.3712,-0.04322
6,S,F,-0.2973,-0.2973,1,1,0.5,,-0.2973
6,S,G,-1.481,-1.481,1,3,0.5,-1.481,
6,S,H,-0.1004,-0.1004,2,2.5,1,-0.4312,0.2305
6,S,I,0.108,0.108,1,1,0.5,0.108,
6,S,K,-0.4031,-0.4031,2,3.5,1,-0.6975,-0.1086
6,S,L,1.153,1.153,1,1,0.5,,1.153
6,S,M,-0.006208,-0.006208,2,3,1,0.02642,-0.03883
6,S,N,-0.271,-0.271,2,1.5,1,-0.09122,-0.4508
6,S,P,0.1131,0.1131,2,2.5,1,0.2854,-0.05926
6,S,Q,-0.5041,-0.5041,2,4.5,1,-0.8122,-0.196
6,S,R,0.03017,0.03017,2,5,1,0.032,0.02834
6,S,S,0,0,2,,1,0,0
6,S,T,0.4894,0.4894,2,2,1,0.8117,0.167
6,S,V,-0.2393,-0.2393,2,3,1,-0.4417,-0.03683
6,S,W,0.3306,0.3306,1,1,0.5,0.3306,
6,S,Y,-0.02706,-0.02706,2,2,1,0.01158,-0.0657
7,L,A,-0.3147,-0.3147,2,3.5,1,-0.5081,-0.1214
7,L,C,-0.4077,-0.4077,2,3,1,0.02908,-0.8445
7,L,D,-0.1144,-0.1144,1,3,0.5,,-0.1144
7,L,E,-0.5071,-0.5071,2,1.5,1,-1.121,0.107
7,L,F,0.5236,0.5236,2,4,1,0.9102,0.137
7,L,G,-0.5284,-0.5284,2,2,1,-0.7383,-0.3185
7,L,H,0.02335,0.02335,2,4,1,0.1156,-0.0689
7,L,I,0.4303,0.4303,2,3.5,1,0.351,0.5096
7,L,K,-0.1691,-0.1691,2,2,1,-0.2762,-0.06191
7,L,L,0,0,2,,1,0,0
7,L,M,-0.2135,-0.2135,2,6.5,1,-0.2163,-0.2108
7,L,N,-0.7331,-0.7331,1,4,0.5,-0.7331,
7,L,P,-0.2932,-0.2932,2,3.5,1,-0.7826,0.1962
7,L,Q,-0.521,-0.521,2,3,1,-1.084,0.04209
7,L,R,0.007853,0.007853,2,4,1,0.0824,-0.0667
7,L,S,-0.1186,-0.1186,2,4,1,-0.1636,-0.07365
7,L,T,-0.08553,-0.08553,2,2,1,0.05029,-0.2214
7,L,V,0.5627,0.5627,2,1.5,1,1.171,-0.04541
7,L,W,0.1963,0.1963,2,3.5,1,0.2921,0.1005
7,L,Y,0.7149,0.7149,1,5,0.5,0.7149,
8,V,A,0.1897,0.1897,2,4,1,0.4313,-0.052
8,V,C,-0.1332,-0.1332,2,4.5,1,0.05586,-0.3222
8,V,F,-0.2205,-0.2205,1,1,0.5,,-0.2205
8,V,G,0.1459,0.1459,2,4,1,0.143,0.1488
8,V,I,0.3753,0.3753,2,3.5,1,0.3895,0.361
8,V,M,-0.1408,-0.1408,1,1,0.5,,-0.1408
8,V,N,0.8773,0.8773,1,1,0.5,,0.8773
8,V,Q,-0.4069,-0.4069,1,1,0.5,,-0.4069
8,V,S,-0.09385,-0.09385,2,3.5,1,-0.1232,-0.06449
8,V,T,0.01813,0.01813,2,4,1,0.1484,-0.1122
8,V,V,0,0,2,,1,0,0
8,V,W,1.678,1.678,2,0.75,1,0.3112,3.044
9,K,A,-0.1628,-0.1628,2,2.5,1,0.09058,-0.4162
9,K,C,-0.006788,-0.006788,2,5,1,-0.3055,0.292
9,K,D,0.001111,0.001111,2,5.5,1,-0.1144,0.1167
9,K,E,0.06134,0.06134,2,5,1,0.08994,0.03275
9,K,F,0.1505,0.1505,2,3.5,1,0.6365,-0.3355
9,K,G,0.1691,0.1691,2,4,1,0.08412,0.254
9,K,H,-0.2087,-0.2087,2,2.5,1,-0.4789,0.06148
9,K,I,-2.081,-2.081,1,1,0.5,-2.081,
9,K,K,0,0,2,,1,0,0
9,K,L,-1.92,-1.92,1,1,0.5,-1.92,
9,K,M,-0.03733,-0.03733,2,5,1,0.1963,-0.271
9,K,N,-0.1288,-0.1288,2,8,1,-0.123,-0.1347
9,K,P,-0.1739,-0.1739,1,1,0.5,,-0.1739
9,K,Q,-0.1507,-0.1507,2,4.5,1,-0.6463,0.3449
9,K,R,-0.5322,-0.5322,2,5,1,-1.111,0.04627
9,K,S,0.1806,0.1806,2,3.5,1,0.3571,0.004079
9,K,T,-0.1291,-0.1291,2,2.5,1,-0.0915,-0.1667
9,K,V,0.36,0.36,2,2.5,1,0.2147,0.5052
9,K,W,-0.4363,-0.4363,2,3.5,1,-0.8134,-0.05918
9,K,Y,-0.134,-0.134,1,7,0.5,-0.134,
10,S,A,-0.092,-0.092,2,3.5,1,-0.1232,-0.06076
10,S,C,-0.2957,-0.2957,2,3,1,-0.6442,0.0528
10,S,E,-1.601,-1.601,1,1,0.5,-1.601,
10,S,F,-1.99,-1.99,1,1,0.5,-1.99,
10,S,G,-0.1034,-0.1034,2,5,1,-0.4006,0.1937
10,S,H,-1.169,-1.169,1,1,0.5,,-1.169
10,S,L,-0.7303,-0.7303,1,1,0.5,,-0.7303
10,S,M,0.6193,0.6193,1,1,0.5,0.6193,
10,S,N,0.1218,0.1218,2,3.75,1,0.02855,0.2151
10,S,P,-0.17,-0.17,2,4.5,1,-0.284,-0.05587
10,S,S,0,0,2,,1,0,0
10,S,T,-0.8414,-0.8414,2,2,1,-1.7,0.01723
10,S,W,-0.846,-0.846,1,1,0.5,,-0.846
11,D,A,-0.5749,-0.5749,2,1,1,-1.945,0.7953
11,D,C,-0.3981,-0.3981,2,1.5,1,-1.253,0.4568
11,D,D,0,0,2,,1,0,0
11,D,E,-0.08778,-0.08778,1,1,0.5,,-0.08778
11,D,G,-0.1361,-0.1361,1,2,0.5,,-0.1361
11,D,N,-1.136,-1.136,1,3,0.5,-1.136,
11,D,Q,-1.121,-1.121,1,1,0.5,,-1.121
11,D,S,-1.275,-1.275,1,1,0.5,-1.275,
11,D,W,-0.6627,-0.6627,1,1,0.5,,-0.6627
11,D,Y,0.09047,0.09047,1,1,0.5,0.09047,
12,Q,A,-0.1954,-0.1954,2,1,1,-0.7957,0.405
12,Q,C,0.02599,0.02599,2,3.5,1,0.1875,-0.1356
12,Q,D,-0.6392,-0.6392,1,3,0.5,-0.6392,
12,Q,E,0.4505,0.4505,2,4,1,0.9155,-0.01459
12,Q,F,0.09671,0.09671,2,2.5,1,0.1009,0.09253
12,Q,G,-0.03173,-0.03173,1,2,0.5,,-0.03173
12,Q,H,0.4974,0.4974,2,3.5,1,0.5148,0.48
12,Q,I,-0.1297,-0.1297,2,2,1,0.001264,-0.2607
12,Q,K,-0.1017,-0.1017,2,2.5,1,-0.1132,-0.09025
12,Q,L,0.4065,0.4065,2,1.5,1,1.078,-0.2653
12,Q,M,0.3104,0.3104,2,1.5,1,0.1737,0.447
12,Q,N,-0.3479,-0.3479,2,2.5,1,-0.6147,-0.08116
12,Q,Q,0,0,2,,1,0,0
12,Q,R,0.4502,0.4502,2,2,1,0.7195,0.1808
12,Q,S,0.1324,0.1324,2,3,1,0.02485,0.2399
12,Q,V,-0.4948,-0.4948,2,3,1,-0.9928,0.003173
12,Q,W,-0.1468,-0.1468,1,6,0.5,,-0.1468
12,Q,Y,0.1963,0.1963,2,4.5,1,0.4303,-0.03763
13,I,F,-0.2814,-0.2814,2,3,1,-0.7265,0.1637
13,I,H,-0.3125,-0.3125,1,1,0.5,,-0.3125
13,I,I,0,0,2,,1,0,0
13,I,L,0.4141,0.4141,2,2,1,0.5497,0.2785
13,I,M,0.03969,0.03969,2,3,1,-0.08289,0.1623
13,I,P,-0.4064,-0.4064,1,1,0.5,-0.4064,
13,I,V,0.2115,0.2115,2,2.5,1,0.2684,0.1546
14,C,C,0,0,2,,1,0,0
14,C,G,-0.7621,-0.7621,1,1,0.5,,-0.7621
14,C,P,0.3252,0.3252,1,1,0.5,0.3252,
14,C,W,0.7124,0.7124,1,1,0.5,,0.7124
14,C,Y,0.3869,0.3869,1,1,0.5,0.3869,
15,I,A,-0.2961,-0.2961,1,2,0.5,,-0.2961
15,I,C,0.1203,0.1203,2,3.5,1,0.1434,0.09725
15,I,D,-1.832,-1.832,1,1,0.5,-1.832,
15,I,I,0,0,2,,1,0,0
15,I,K,-1.55,-1.55,1,1,0.5,-1.55,
15,I,L,-0.2691,-0.2691,2,3.5,1,0.03778,-0.576
15,I,Q,-0.39,-0.39,1,1,0.5,,-0.39
15,I,T,0.4575,0.4575,2,3,1,0.5476,0.3674
15,I,V,-0.4801,-0.4801,2,1.5,1,-0.7485,-0.2116
16,G,A,-2.226,-2.226,1,1,0.5,-2.226,
16,G,D,-1.099,-1.099,2,1,1,-1.158,-1.041
16,G,G,0,0,2,,1,0,0
16,G,L,-1.223,-1.223,1,1,0.5,-1.223,
16,G,R,-1.09,-1.09,1,1,0.5,,-1.09
16,G,S,0.09157,0.09157,1,1,0.5,,0.09157
16,G,*,0.6753,0.6753,1,1,0.5,,0.6753
17,Y,C,-0.2465,-0.2465,2,3,1,-0.4669,-0.02622
17,Y,F,0.1135,0.1135,2,2.5,1,0.1357,0.09125
17,Y,H,0.2242,0.2242,2,1.5,1,0.3222,0.1262
17,Y,I,1.591,1.591,2,1,1,2.687,0.4949
17,Y,L,0.6884,0.6884,2,1,1,2.023,-0.6468
17,Y,M,-0.1977,-0.1977,2,3.5,1,-0.7114,0.316
17,Y,Q,0.5918,0.5918,2,2.5,1,1.308,-0.124
17,Y,R,-0.1014,-0.1014,1,2,0.5,,-0.1014
17,Y,S,-1.874,-1.874,1,1,0.5,-1.874,
17,Y,T,-0.1044,-0.1044,2,2,1,-0.6412,0.4324
17,Y,V,0.1313,0.1313,1,2,0.5,,0.1313
17,Y,W,0.8821,0.8821,2,4,1,1.004,0.7605
17,Y,Y,0,0,2,,1,0,0
18,H,A,-0.4706,-0.4706,2,1.5,1,-0.1168,-0.8243
18,H,C,0.07055,0.07055,2,2,1,0.09359,0.04751
18,H,E,0.8605,0.8605,1,1,0.5,,0.8605
18,H,F,0.2998,0.2998,2,4,1,0.7424,-0.1427
18,H,G,-0.278,-0.278,2,3.5,1,-0.2939,-0.2622
18,H,H,0,0,2,,1,0,0
18,H,I,-0.07496,-0.07496,1,1,0.5,,-0.07496
18,H,K,0.1112,0.1112,1,3,0.5,0.1112,
18,H,L,0.4709,0.4709,2,2,1,1.11,-0.1686
18,H,M,-0.3791,-0.3791,2,4.5,1,-0.5775,-0.1806
18,H,N,-0.5027,-0.5027,2,3,1,-0.9696,-0.03583
18,H,Q,-0.001467,-0.001467,1,3,0.5,-0.001467,
18,H,R,-0.1727,-0.1727,2,3,1,-0.2915,-0.05393
18,H,S,-0.5435,-0.5435,2,4,1,-0.7909,-0.2962
18,H,T,0.2385,0.2385,2,2,1,0.5344,-0.05737
18,H,V,-0.551,-0.551,2,1.5,1,-0.4394,-0.6626
18,H,Y,-0.4011,-0.4011,2,4.5,1,-0.8537,0.05139
19,A,A,0,0,2,,1,0,0
19,A,C,0.09333,0.09333,2,1,1,0.009757,0.1769
19,A,E,-0.1082,-0.1082,2,1.5,1,-0.2891,0.07279
19,A,G,-0.3375,-0.3375,2,1.5,1,-0.5283,-0.1467
19,A,I,0.1743,0.1743,1,1,0.5,,0.1743
19,A,K,-0.3584,-0.3584,1,1,0.5,,-0.3584
19,A,M,-0.6207,-0.6207,2,1.5,1,-0.7659,-0.4755
19,A,N,1.076,1.076,2,3,1,1.61,0.5421
19,A,Q,0.1328,0.1328,2,3.5,1,-0.03148,0.297
19,A,R,-0.2402,-0.2402,2,1.5,1,-0.2721,-0.2082
19,A,S,-0.2906,-0.2906,2,1.5,1,-0.4469,-0.1343
19,A,T,-0.5267,-0.5267,2,4.5,1,-0.6937,-0.3597
19,A,V,-0.09157,-0.09157,1,1,0.5,,-0.09157
19,A,W,0.4136,0.4136,2,3,1,1.217,-0.3896
20,N,F,-0.08305,-0.08305,1,1,0.5,-0.08305,
20,N,H,1.056,1.056,1,1,0.5,1.056,
20,N,L,-0.3272,-0.3272,1,1,0.5,,-0.3272
20,N,M,-1.799,-1.799,1,1,0.5,-1.799,
20,N,N,0,0,2,,1,0,0
20,N,R,-0.4282,-0.4282,1,1,0.5,,-0.4282
20,N,S,-0.5095,-0.5095,2,1.5,1,-1.129,0.1102
20,N,T,-0.1378,-0.1378,2,2.5,1,0.01728,-0.2929
21,N,A,0.1996,0.1996,1,2,0.5,,0.1996
21,N,C,-0.669,-0.669,1,2,0.5,-0.669,
21,N,D,-0.6125,-0.6125,2,1.25,1,-1.365,0.1397
21,N,E,0.2082,0.2082,1,3,0.5,0.2082,
21,N,G,-0.02006,-0.02006,2,2.5,1,0.05914,-0.09926
21,N,H,-1.147,-1.147,1,2,0.5,-1.147,
21,N,K,0.0231,0.0231,2,2,1,0.2715,-0.2253
21,N,L,-0.008506,-0.008506,2,2.5,1,-0.384,0.3669
21,N,N,0,0,2,,1,0,0
21,N,Q,-0.7562,-0.7562,1,4,0.5,-0.7562,
21,N,R,-1.726,-1.726,1,3,0.5,-1.726,
21,N,S,0.2484,0.2484,2,1.75,1,0.03393,0.4629
21,N,T,0.5172,0.5172,1,2,0.5,,0.5172
21,N,W,0.0363,0.0363,2,1.5,1,0.0805,-0.007898
21,N,Y,-2.041,-2.041,1,1,0.5,-2.041,
22,S,A,0.3238,0.3238,2,1.5,1,1.022,-0.3746
22,S,C,0.6764,0.6764,1,2,0.5,,0.6764
22,S,D,-0.5474,-0.5474,1,2,0.5,,-0.5474
22,S,E,-0.3931,-0.3931,2,2,1,-0.4559,-0.3303
22,S,F,-1.311,-1.311,1,1,0.5,-1.311,
22,S,G,-0.2059,-0.2059,2,5,1,-0.38,-0.03177
22,S,H,-0.2315,-0.2315,2,3,1,-0.3119,-0.1512
22,S,K,0.06824,0.06824,2,3,1,-0.4873,0.6238
22,S,L,-0.09637,-0.09637,1,2,0.5,,-0.09637
22,S,M,0.4358,0.4358,1,1,0.5,0.4358,
22,S,N,-0.1335,-0.1335,2,5,1,-0.464,0.1969
22,S,Q,-0.6345,-0.6345,2,5,1,-0.9198,-0.3492
22,S,R,0.1257,0.1257,2,1.5,1,0.299,-0.04771
22,S,S,0,0,2,,1,0,0
22,S,T,0.04631,0.04631,2,3.5,1,0.299,-0.2064
22,S,V,-0.1468,-0.1468,2,2,1,-0.05216,-0.2414
22,S,Y,0.2434,0.2434,1,2,0.5,,0.2434
23,T,A,-0.3557,-0.3557,1,1,0.5,,-0.3557
23,T,D,-0.991,-0.991,2,2.5,1,-2.109,0.1265
23,T,E,0.02712,0.02712,2,2.5,1,0.2739,-0.2196
23,T,F,-2.109,-2.109,1,1,0.5,-2.109,
23,T,G,0.1982,0.1982,2,1.5,1,0.3051,0.09136
23,T,H,7.704e-05,7.704e-05,2,1,1,-0.8702,0.8704
23,T,I,-1.203,-1.203,1,2,0.5,-1.203,
23,T,K,0.3838,0.3838,2,2,1,0.5371,0.2305
23,T,L,-2.109,-2.109,1,1,0.5,-2.109,
23,T,M,-2.548,-2.548,1,1,0.5,-2.548,
23,T,N,-0.1243,-0.1243,2,3.5,1,-0.07841,-0.1702
23,T,P,-0.6199,-0.6199,1,3,0.5,,-0.6199
23,T,Q,0.6444,0.6444,2,1.25,1,-0.377,1.666
23,T,R,-0.211,-0.211,2,2,1,-0.04582,-0.3763
23,T,S,-0.9153,-0.9153,2,4,1,-1.647,-0.1839
23,T,T,0,0,2,,1,0,0
23,T,V,-1.262,-1.262,1,1,0.5,-1.262,
23,T,W,-1.186,-1.186,1,1,0.5,,-1.186
24,E,A,0.4385,0.4385,2,2,1,1.412,-0.5346
24,E,C,-0.3096,-0.3096,2,2,1,-0.8747,0.2555
24,E,D,0.1503,0.1503,2,4.5,1,0.3019,-0.001218
24,E,E,0,0,2,,1,0,0
24,E,F,0.1768,0.1768,2,1,1,0.4876,-0.1341
24,E,G,-0.9583,-0.9583,2,1,1,-2.088,0.1712
24,E,H,-1.02,-1.02,2,1.5,1,-2.224,0.1836
24,E,I,0.4041,0.4041,2,4.5,1,0.1134,0.6948
24,E,K,-0.07241,-0.07241,2,4,1,-0.03281,-0.112
24,E,L,0.2773,0.2773,2,1.5,1,-0.3264,0.881
24,E,M,-1.159,-1.159,2,1.5,1,-2.225,-0.09246
24,E,N,0.05404,0.05404,2,4,1,0.1547,-0.04661
24,E,Q,-1.625,-1.625,2,1,1,-3.555,0.305
24,E,R,-0.4178,-0.4178,2,1.5,1,-1.602,0.7662
24,E,S,0.3023,0.3023,2,1.5,1,0.6803,-0.07563
24,E,T,0.4558,0.4558,2,2.5,1,1.179,-0.2675
24,E,V,0.3991,0.3991,2,3.5,1,0.1652,0.6329
24,E,W,-0.09268,-0.09268,2,4.5,1,0.06691,-0.2523
24,E,Y,0.4908,0.4908,2,6,1,1.121,-0.1394
25,Q,A,0.4757,0.4757,2,1.5,1,1.034,-0.08247
25,Q,C,0.1564,0.1564,2,2,1,0.1295,0.1834
25,Q,D,-0.3359,-0.3359,2,1,1,-0.002352,-0.6695
25,Q,E,0.4726,0.4726,2,4,1,1.051,-0.106
25,Q,F,0.1462,0.1462,1,2,0.5,0.1462,
25,Q,G,0.518,0.518,1,1,0.5,0.518,
25,Q,H,-1.036,-1.036,1,5,0.5,-1.036,
25,Q,I,0.0507,0.0507,2,2.5,1,0.1189,-0.01754
25,Q,K,-0.2089,-0.2089,2,3,1,-0.4493,0.03156
25,Q,L,0.6203,0.6203,2,2.5,1,1.341,-0.1004
25,Q,M,0.9209,0.9209,1,1,0.5,,0.9209
25,Q,N,-0.192,-0.192,2,2,1,-0.4111,0.02702
25,Q,P,0.3043,0.3043,1,1,0.5,,0.3043
25,Q,Q,0,0,2,,1,0,0
25,Q,R,-0.2896,-0.2896,2,3,1,-0.5208,-0.05838
25,Q,S,0.1416,0.1416,1,1,0.5,,0.1416
25,Q,T,-0.2445,-0.2445,2,1.5,1,-0.4051,-0.08388
25,Q,V,-0.09489,-0.09489,2,1.5,1,0.1177,-0.3075
25,Q,W,-0.7801,-0.7801,2,3,1,-1.325,-0.2354
25,Q,Y,0.07084,0.07084,2,3.5,1,-0.02533,0.167
25,Q,*,-1.982,-1.982,1,1,0.5,-1.982,
26,V,I,-0.1068,-0.1068,2,4.5,1,-0.2711,0.05763
26,V,K,2.928,2.928,1,0.5,0.5,,2.928
26,V,P,-1.106,-1.106,1,1,0.5,-1.106,
26,V,V,0,0,2,,1,0,0
26,V,W,0.6068,0.6068,2,0.75,1,-1.53,2.743
26,V,Y,-0.8985,-0.8985,1,1,0.5,,-0.8985
27,D,A,-0.5286,-0.5286,2,1,1,0.2654,-1.323
27,D,D,0,0,2,,1,0,0
27,D,E,0.2958,0.2958,2,3.5,1,0.9575,-0.366
27,D,F,2.939,2.939,1,0.5,0.5,,2.939
27,D,H,-0.2623,-0.2623,2,2.5,1,-0.2348,-0.2898
27,D,N,-0.8544,-0.8544,2,2.5,1,-1.902,0.1932
27,D,Q,-0.08742,-0.08742,1,3,0.5,,-0.08742
27,D,R,-1.91,-1.91,1,1,0.5,-1.91,
27,D,S,-0.08564,-0.08564,2,2.5,1,0.06008,-0.2314
27,D,V,-0.931,-0.931,1,1,0.5,-0.931,
28,T,A,-0.1173,-0.1173,1,1,0.5,,-0.1173
28,T,C,-0.1715,-0.1715,2,1,1,0.2098,-0.5528
28,T,E,-2.288,-2.288,1,2,0.5,-2.288,
28,T,L,0.6589,0.6589,1,1,0.5,0.6589,
28,T,R,-1.959,-1.959,1,1,0.5,-1.959,
28,T,S,-0.247,-0.247,2,1.5,1,-0.4813,-0.01279
28,T,T,0,0,2,,1,0,0
28,T,V,-1.959,-1.959,1,1,0.5,-1.959,
29,I,C,-0.8227,-0.8227,1,1,0.5,,-0.8227
29,I,F,-0.03927,-0.03927,2,3,1,-0.5034,0.4248
29,I,H,-1.257,-1.257,2,1,1,-2.05,-0.4641
29,I,I,0,0,2,,1,0,0
29,I,K,0.03241,0.03241,1,1,0.5,,0.03241
29,I,L,0.06463,0.06463,1,4,0.5,0.06463,
29,I,M,-0.1936,-0.1936,2,1.5,1,-0.3273,-0.06
29,I,N,-0.1089,-0.1089,2,2.5,1,-0.2025,-0.01541
29,I,P,-0.8087,-0.8087,1,2,0.5,-0.8087,
29,I,Q,0.9794,0.9794,2,2,1,1.099,0.8602
29,I,R,1.007,1.007,2,1,1,0.02531,1.99
29,I,S,1.796,1.796,2,2.5,1,2.697,0.895
29,I,T,1.457,1.457,1,1.5,0.5,,1.457
29,I,V,-0.1146,-0.1146,2,4,1,-0.2767,0.04756
29,I,W,0.2331,0.2331,2,2.5,1,0.2854,0.1809
29,I,Y,-0.6101,-0.6101,1,3,0.5,-0.6101,
30,M,A,-1.368,-1.368,2,1,1,-1.408,-1.327
30,M,C,-1.583,-1.583,1,3,0.5,-1.583,
30,M,F,-1.531,-1.531,2,1,1,-2.102,-0.9606
30,M,G,-2.015,-2.015,1,1,0.5,-2.015,
30,M,H,0.6979,0.6979,2,1,1,2.706,-1.311
30,M,I,-0.1265,-0.1265,2,3.5,1,-0.1548,-0.09824
30,M,K,-1.032,-1.032,1,3,0.5,,-1.032
30,M,L,0.08637,0.08637,2,4.5,1,-0.288,0.4607
30,M,M,0,0,2,,1,0,0
30,M,Q,-0.7317,-0.7317,2,2,1,-0.5119,-0.9515
30,M,R,0.169,0.169,2,2,1,1.158,-0.8197
30,M,S,-0.2005,-0.2005,1,3,0.5,-0.2005,
30,M,T,0.2399,0.2399,2,3,1,0.9543,-0.4744
30,M,V,0.2198,0.2198,2,2.5,1,0.6288,-0.1893
30,M,W,-0.3741,-0.3741,2,2.5,1,-0.3107,-0.4376
30,M,Y,0.2409,0.2409,2,4,1,0.2751,0.2067
31,E,A,0.474,0.474,2,2.5,1,0.843,0.1049
31,E,C,-0.3835,-0.3835,2,2,1,-0.8319,0.06498
31,E,D,0.1698,0.1698,2,2.5,1,0.4654,-0.1259
31,E,E,0,0,2,,1,0,0
31,E,F,0.1762,0.1762,2,1.5,1,0.3093,0.04319
31,E,G,0.1674,0.1674,2,3,1,-0.03493,0.3698
31,E,H,0.121,0.121,2,1.5,1,0.2443,-0.002331
31,E,K,0.2849,0.2849,2,7.5,1,0.7561,-0.1863
31,E,L,-0.3727,-0.3727,2,3,1,-0.7554,0.01011
31,E,M,-0.5669,-0.5669,2,1.5,1,-0.9309,-0.2028
31,E,N,0.06577,0.06577,2,2.5,1,-0.09208,0.2236
31,E,P,0.1135,0.1135,1,1,0.5,,0.1135
31,E,Q,-0.03258,-0.03258,2,5,1,-0.107,0.04188
31,E,R,-0.04308,-0.04308,2,3,1,-0.009032,-0.07713
31,E,S,0.1109,0.1109,2,3.5,1,-0.1048,0.3266
31,E,T,0.3467,0.3467,1,4,0.5,,0.3467
31,E,V,-0.102,-0.102,2,3,1,-0.02873,-0.1752
31,E,W,-0.01854,-0.01854,2,5,1,0.02755,-0.06464
31,E,Y,0.03542,0.03542,2,3,1,0.06995,0.0008778
32,K,A,-0.3065,-0.3065,2,2,1,-0.3793,-0.2338
32,K,C,-0.4294,-0.4294,2,2,1,0.1804,-1.039
32,K,E,0.6728,0.6728,1,1,0.5,,0.6728
32,K,F,-1.059,-1.059,1,2,0.5,-1.059,
32,K,G,-0.6126,-0.6126,2,1,1,-0.8184,-0.4067
32,K,H,-0.6312,-0.6312,2,2,1,-1.221,-0.04144
32,K,I,-0.1637,-0.1637,2,4,1,-0.002595,-0.3248
32,K,K,0,0,2,,1,0,0
32,K,L,-0.2272,-0.2272,2,1,1,-0.897,0.4427
32,K,M,-0.0641,-0.0641,2,4.5,1,-0.06668,-0.06152
32,K,N,0.388,0.388,2,4,1,0.6068,0.1692
32,K,P,0.2066,0.2066,2,5.5,1,0.3929,0.02028
32,K,Q,-0.3212,-0.3212,2,2.5,1,-0.4929,-0.1495
32,K,R,0.2171,0.2171,2,3,1,0.2735,0.1608
32,K,S,-0.2814,-0.2814,2,3.5,1,-0.4342,-0.1287
32,K,T,0.1635,0.1635,2,1.5,1,0.8069,-0.4799
32,K,V,-0.92,-0.92,2,2,1,-1.245,-0.5945
32,K,W,-0.4418,-0.4418,2,1.5,1,-0.8448,-0.03886
32,K,Y,0.3206,0.3206,2,4,1,0.6274,0.01379
33,N,A,0.09689,0.09689,2,2,1,0.2237,-0.02989
33,N,C,-1.004,-1.004,2,1.5,1,-0.8697,-1.139
33,N,D,-0.1748,-0.1748,1,3,0.5,,-0.1748
33,N,E,-0.07435,-0.07435,2,2,1,-0.2968,0.1481
33,N,F,-0.1965,-0.1965,2,2,1,-0.09538,-0.2975
33,N,H,0.1445,0.1445,2,3.5,1,-0.3907,0.6797
33,N,I,3.071,3.071,1,0.5,0.5,,3.071
33,N,K,-0.3257,-0.3257,2,3,1,-0.313,-0.3385
33,N,L,-0.6656,-0.6656,1,1,0.5,,-0.6656
33,N,M,-1.029,-1.029,2,2.5,1,-1.992,-0.06643
33,N,N,0,0,2,,1,0,0
33,N,Q,-0.1771,-0.1771,2,3,1,-0.168,-0.1862
33,N,R,0.0003312,0.0003312,2,3,1,0.1107,-0.11
33,N,S,-0.4091,-0.4091,2,3,1,-1.019,0.2009
33,N,V,0.01843,0.01843,1,1,0.5,,0.01843
33,N,Y,0.002818,0.002818,1,1,0.5,0.002818,
34,V,C,0.6007,0.6007,1,1,0.5,,0.6007
34,V,E,-0.9669,-0.9669,1,1,0.5,-0.9669,
34,V,I,-0.1961,-0.1961,2,1.5,1,-0.2011,-0.1911
34,V,K,-1.904,-1.904,1,1,0.5,-1.904,
34,V,L,0.3503,0.3503,2,1.5,1,0.8515,-0.1508
34,V,S,-1.904,-1.904,1,1,0.5,-1.904,
34,V,V,0,0,2,,1,0,0
34,V,*,-0.004986,-0.004986,1,1,0.5,-0.004986,
35,T,A,-0.3089,-0.3089,2,3.5,1,-0.4328,-0.1849
35,T,C,0.1484,0.1484,2,1.5,1,0.1708,0.1261
35,T,D,0.5697,0.5697,2,3,1,1.22,-0.08075
35,T,E,0.1404,0.1404,2,1,1,0.4966,-0.2159
35,T,F,-0.1739,-0.1739,2,4,1,-0.04269,-0.3051
35,T,H,-0.02311,-0.02311,1,3,0.5,-0.02311,
35,T,I,-0.1541,-0.1541,2,1.5,1,0.1118,-0.42
35,T,K,0.102,0.102,2,6.5,1,0.2173,-0.01324
35,T,L,0.03791,0.03791,2,3,1,0.1284,-0.05259
35,T,M,-0.3934,-0.3934,2,5,1,-0.6162,-0.1706
35,T,N,-0.1113,-0.1113,2,3,1,-0.07361,-0.1491
35,T,P,-0.06147,-0.06147,2,2.5,1,0.01951,-0.1424
35,T,Q,-0.3582,-0.3582,1,2,0.5,,-0.3582
35,T,R,0.08938,0.08938,1,4,0.5,0.08938,
35,T,S,0.1374,0.1374,2,2,1,0.265,0.009721
35,T,T,0,0,2,,1,0,0
35,T,V,0.08557,0.08557,1,3,0.5,0.08557,
35,T,W,-0.4266,-0.4266,1,5,0.5,-0.4266,
35,T,Y,-0.06078,-0.06078,2,3,1,-0.07687,-0.0447
36,V,H,0.1477,0.1477,1,1,0.5,0.1477,
36,V,I,0.7635,0.7635,2,2,1,1.432,0.09476
36,V,L,-1.195,-1.195,2,1,1,-1.619,-0.7704
36,V,M,0.2319,0.2319,1,1,0.5,,0.2319
36,V,P,-0.03782,-0.03782,1,1,0.5,,-0.03782
36,V,V,0,0,2,,1,0,0
37,T,I,-1.67,-1.67,1,1,0.5,-1.67,
37,T,P,-1.999,-1.999,1,1,0.5,-1.999,
37,T,S,-0.2579,-0.2579,1,2,0.5,,-0.2579
37,T,T,0,0,2,,1,0,0
38,H,A,-0.9159,-0.9159,2,1,1,-1.756,-0.07552
38,H,C,-0.06231,-0.06231,2,1.5,1,-0.1131,-0.01153
38,H,D,-0.1364,-0.1364,2,2.5,1,-0.2912,0.01849
38,H,E,0.009946,0.009946,2,2,1,-0.004437,0.02433
38,H,F,0.01183,0.01183,1,1,0.5,,0.01183
38,H,G,-0.06513,-0.06513,2,3,1,0.002694,-0.133
38,H,H,0,0,2,,1,0,0
38,H,I,-0.3132,-0.3132,2,1.5,1,-0.6994,0.07306
38,H,K,0.05219,0.05219,2,3,1,0.1771,-0.07271
38,H,L,1.053,1.053,2,3.5,1,1.744,0.3626
38,H,M,0.1402,0.1402,2,5.5,1,0.3966,-0.1161
38,H,N,0.7745,0.7745,2,2,1,0.6853,0.8636
38,H,Q,-0.09563,-0.09563,2,2,1,-0.08952,-0.1017
38,H,R,0.1507,0.1507,2,5,1,0.1617,0.1397
38,H,S,0.2239,0.2239,2,4,1,0.4005,0.04727
38,H,T,0.1459,0.1459,2,1.5,1,0.6089,-0.317
38,H,V,-0.4721,-0.4721,2,2.5,1,-0.8653,-0.07885
38,H,W,-0.7511,-0.7511,2,2,1,-1.335,-0.1671
38,H,Y,0.34,0.34,2,3.5,1,0.5576,0.1223
39,A,A,0,0,2,,1,0,0
39,A,C,-0.04095,-0.04095,1,2,0.5,,-0.04095
39,A,D,0.7515,0.7515,1,1,0.5,0.7515,
39,A,F,0.5897,0.5897,2,2,1,0.5416,0.6378
39,A,G,0.4662,0.4662,2,3,1,0.6015,0.3308
39,A,I,0.111,0.111,2,3,1,0.183,0.03906
39,A,K,0.4093,0.4093,1,1,0.5,0.4093,
39,A,L,-0.4926,-0.4926,2,2,1,0.2087,-1.194
39,A,M,0.04509,0.04509,2,1.5,1,-0.01297,0.1032
39,A,N,0.1752,0.1752,2,1,1,0.737,-0.3866
39,A,Q,-0.8269,-0.8269,2,1.5,1,-1.309,-0.3446
39,A,R,-0.6096,-0.6096,2,2.5,1,-1.437,0.2175
39,A,S,-0.2442,-0.2442,1,2,0.5,,-0.2442
39,A,T,0.2603,0.2603,2,3.5,1,0.3062,0.2143
39,A,V,-0.02753,-0.02753,2,3,1,-0.1271,0.07207
39,A,W,0.3775,0.3775,2,2.5,1,0.68,0.0751
39,A,Y,0.2266,0.2266,2,2.5,1,0.3821,0.07118
40,Q,A,0.06639,0.06639,2,1,1,0.3337,-0.201
40,Q,C,0.04691,0.04691,2,3,1,0.2827,-0.1889
40,Q,D,0.07181,0.07181,1,1,0.5,,0.07181
40,Q,E,-0.4415,-0.4415,2,2,1,-0.8118,-0.07126
40,Q,F,0.5467,0.5467,2,1.5,1,0.6303,0.463
40,Q,H,-0.9707,-0.9707,2,2,1,-2.006,0.06475
40,Q,I,0.6921,0.6921,1,2,0.5,0.6921,
40,Q,K,-0.116,-0.116,2,2,1,-0.3435,0.1116
40,Q,L,-0.5346,-0.5346,1,2,0.5,,-0.5346
40,Q,M,0.00457,0.00457,1,2,0.5,0.00457,
40,Q,N,-0.3761,-0.3761,2,1,1,-0.7384,-0.0138
40,Q,Q,0,0,2,,1,0,0
40,Q,R,-0.1604,-0.1604,2,2,1,-0.39,0.06926
40,Q,S,-0.03745,-0.03745,2,2.5,1,-0.1604,0.08552
40,Q,T,0.09327,0.09327,1,1,0.5,,0.09327
40,Q,V,-0.1715,-0.1715,2,3.5,1,-0.3578,0.01475
40,Q,W,-0.05804,-0.05804,2,2.5,1,-0.3238,0.2077
40,Q,Y,-0.06714,-0.06714,1,2,0.5,,-0.06714
41,D,A,-0.4523,-0.4523,1,1,0.5,-0.4523,
41,D,C,-0.1371,-0.1371,1,3,0.5,,-0.1371
41,D,D,0,0,2,,1,0,0
41,D,E,0.3353,0.3353,2,6,1,0.6612,0.009409
41,D,G,0.4863,0.4863,2,5.5,1,0.7807,0.192
41,D,H,0.1048,0.1048,2,1.5,1,0.2477,-0.03807
41,D,I,-0.356,-0.356,1,1,0.5,,-0.356
41,D,K,-0.3303,-0.3303,2,3.5,1,-0.665,0.004371
41,D,L,0.05937,0.05937,2,2,1,0.06776,0.05099
41,D,M,-1.146,-1.146,2,3.5,1,-1.921,-0.3707
41,D,N,0.02827,0.02827,2,3.5,1,0.1187,-0.06215
41,D,P,-0.9277,-0.9277,2,3,1,-2.046,0.1904
41,D,Q,0.04113,0.04113,2,2.5,1,0.08159,0.000666
41,D,R,-0.1059,-0.1059,2,4,1,-0.1564,-0.05542
41,D,S,0.7757,0.7757,1,3,0.5,0.7757,
41,D,T,0.1961,0.1961,2,4,1,-0.06678,0.459
41,D,V,-0.02356,-0.02356,2,1,1,0.1449,-0.192
41,D,W,-0.03055,-0.03055,2,4.5,1,-0.373,0.3119
41,D,Y,-0.1329,-0.1329,2,3.5,1,-0.2866,0.0209
42,I,A,-1.962,-1.962,1,1,0.5,-1.962,
42,I,F,0.3316,0.3316,1,1,0.5,0.3316,
42,I,I,0,0,2,,1,0,0
42,I,L,-0.04487,-0.04487,1,1,0.5,,-0.04487
42,I,M,-1.217,-1.217,1,1,0.5,,-1.217
42,I,N,-1.206,-1.206,1,1,0.5,-1.206,
42,I,Q,-0.7814,-0.7814,1,2,0.5,,-0.7814
42,I,S,-2.079,-2.079,1,1,0.5,,-2.079
42,I,V,0.3023,0.3023,2,1.5,1,0.9214,-0.3169
42,I,W,-1.952,-1.952,1,1,0.5,-1.952,
42,I,*,-1.962,-1.962,1,1,0.5,-1.962,
43,L,A,-0.4883,-0.4883,1,1,0.5,,-0.4883
43,L,C,-2.854,-2.854,1,1,0.5,-2.854,
43,L,F,-1.715,-1.715,1,1,0.5,,-1.715
43,L,L,0,0,2,,1,0,0
43,L,M,-0.2415,-0.2415,2,3,1,-0.4751,-0.007967
43,L,P,0.08773,0.08773,1,1,0.5,0.08773,
43,L,Y,-1.956,-1.956,1,1,0.5,-1.956,
44,E,A,-0.1817,-0.1817,2,1.5,1,-0.4918,0.1284
44,E,C,0.2565,0.2565,2,3.5,1,0.3703,0.1427
44,E,D,-0.2178,-0.2178,2,4,1,-0.4458,0.01028
44,E,E,0,0,2,,1,0,0
44,E,F,1.292,1.292,1,1,0.5,1.292,
44,E,G,-1.416,-1.416,2,1.5,1,-2.873,0.03976
44,E,H,0.5982,0.5982,2,4,1,0.6443,0.5521
44,E,I,-0.9382,-0.9382,1,2,0.5,-0.9382,
44,E,K,0.4747,0.4747,2,1,1,0.05495,0.8945
44,E,L,0.07815,0.07815,2,3.5,1,0.05726,0.09905
44,E,M,1.003,1.003,2,2.5,1,1.576,0.4299
44,E,N,-0.3113,-0.3113,1,1,0.5,,-0.3113
44,E,Q,0.5115,0.5115,2,4,1,0.7507,0.2723
44,E,S,0.2558,0.2558,2,2,1,0.3348,0.1769
44,E,T,0.9984,0.9984,2,2,1,1.201,0.7957
44,E,V,2.021,2.021,2,1,1,2.766,1.275
44,E,W,-0.02635,-0.02635,1,5,0.5,-0.02635,
44,E,Y,0.2036,0.2036,2,2,1,0.3989,0.008185
45,K,A,0.2378,0.2378,2,3.5,1,0.2058,0.2699
45,K,C,0.05314,0.05314,2,3,1,-0.00234,0.1086
45,K,D,0.5157,0.5157,2,4.5,1,1.042,-0.01088
45,K,E,0.4476,0.4476,2,1.5,1,0.6467,0.2484
45,K,F,-0.653,-0.653,2,2,1,-1.232,-0.07403
45,K,G,-0.06986,-0.06986,1,4,0.5,,-0.06986
45,K,H,-0.9588,-0.9588,2,3.5,1,-1.745,-0.1728
45,K,I,0.1965,0.1965,2,3.5,1,0.1697,0.2234
45,K,K,0,0,2,,1,0,0
45,K,L,-0.593,-0.593,2,4,1,-0.8078,-0.3782
45,K,M,-0.1591,-0.1591,2,2.5,1,-0.3872,0.06902
45,K,N,-0.03597,-0.03597,2,3.5,1,-0.1831,0.1111
45,K,P,-0.5461,-0.5461,2,1,1,-0.8822,-0.21
45,K,Q,-0.04178,-0.04178,2,3.5,1,-0.2157,0.1322
45,K,R,-0.1772,-0.1772,2,3,1,-0.3457,-0.008624
45,K,S,0.7033,0.7033,2,3,1,0.9763,0.4303
45,K,T,0.05577,0.05577,2,3,1,0.0954,0.01614
45,K,V,-0.1722,-0.1722,2,4.5,1,-0.02413,-0.3202
45,K,W,-0.1219,-0.1219,1,3,0.5,,-0.1219
45,K,Y,-0.6222,-0.6222,2,1,1,-1.037,-0.2076
46,T,A,-0.1653,-0.1653,1,4,0.5,,-0.1653
46,T,C,0.4223,0.4223,2,2.5,1,0.0474,0.7973
46,T,D,-0.6516,-0.6516,2,4,1,-1.123,-0.1806
46,T,E,0.0631,0.0631,2,1.5,1,0.2031,-0.0769
46,T,F,-0.03416,-0.03416,2,3,1,-0.01108,-0.05724
46,T,G,0.4147,0.4147,1,3,0.5,0.4147,
46,T,H,0.07516,0.07516,2,1.5,1,0.1118,0.03853
46,T,I,0.09934,0.09934,2,2.5,1,0.2355,-0.03685
46,T,K,0.6784,0.6784,1,4,0.5,0.6784,
46,T,L,1.31,1.31,2,1,1,2.612,0.007392
46,T,M,0.1035,0.1035,2,3.5,1,0.1362,0.07077
46,T,N,0.1953,0.1953,2,4.5,1,0.489,-0.0983
46,T,Q,-0.0996,-0.0996,2,1.5,1,-0.3339,0.1348
46,T,R,-0.09819,-0.09819,2,2,1,-0.04231,-0.1541
46,T,S,-0.2605,-0.2605,2,2,1,-0.2048,-0.3161
46,T,T,0,0,2,,1,0,0
46,T,V,0.2347,0.2347,2,1.5,1,0.01128,0.4582
46,T,W,-0.2352,-0.2352,2,4,1,-0.4663,-0.004117
46,T,Y,-0.722,-0.722,2,1.5,1,-1.422,-0.02199
47,H,A,0.2304,0.2304,2,3,1,0.5127,-0.05182
47,H,C,-0.275,-0.275,1,2,0.5,,-0.275
47,H,D,-0.4095,-0.4095,1,2,0.5,,-0.4095
47,H,E,3.094,3.094,1,0.5,0.5,,3.094
47,H,F,-0.5421,-0.5421,2,2,1,-1.182,0.09746
47,H,G,-0.05801,-0.05801,2,3,1,-0.1769,0.06088
47,H,H,0,0,2,,1,0,0
47,H,I,-0.2595,-0.2595,1,1,0.5,,-0.2595
47,H,M,0.5246,0.5246,2,2,1,-0.09051,1.14
47,H,N,-0.4423,-0.4423,2,3.5,1,-0.6903,-0.1943
47,H,P,-0.1944,-0.1944,2,2,1,-0.3059,-0.08298
47,H,Q,-0.09951,-0.09951,2,3,1,-0.007774,-0.1912
47,H,R,0.1644,0.1644,1,1.5,0.5,,0.1644
47,H,S,-0.202,-0.202,2,2,1,-0.4201,0.01612
47,H,T,0.6935,0.6935,2,2.5,1,1.097,0.29
47,H,V,0.1466,0.1466,2,4,1,0.228,0.06519
47,H,W,1.602,1.602,1,1,0.5,1.602,
47,H,Y,0.08626,0.08626,2,3,1,0.2387,-0.06615
48,N,A,-2.115,-2.115,1,1,0.5,-2.115,
48,N,D,-0.0674,-0.0674,2,3.5,1,-0.006949,-0.1279
48,N,E,-0.9767,-0.9767,2,1,1,-2.033,0.07999
48,N,F,-1.096,-1.096,2,2,1,-2.033,-0.1587
48,N,G,-0.009935,-0.009935,2,2.5,1,-0.1168,0.09693
48,N,H,0.2277,0.2277,2,3.5,1,-0.1981,0.6534
48,N,I,0.5664,0.5664,1,2,0.5,0.5664,
48,N,K,-0.2047,-0.2047,1,3,0.5,,-0.2047
48,N,L,0.2307,0.2307,2,2.5,1,0.4175,0.04394
48,N,M,1.345,1.345,2,1.5,1,2.719,-0.02909
48,N,N,0,0,2,,1,0,0
48,N,Q,0.2921,0.2921,2,2,1,0.3013,0.283
48,N,S,0.5892,0.5892,1,3,0.5,0.5892,
48,N,T,0.1733,0.1733,2,1,1,0.1054,0.2413
48,N,V,-0.04849,-0.04849,2,2,1,0.02299,-0.12
48,N,W,-0.5786,-0.5786,2,1,1,-2.033,0.8761
48,N,Y,0.5615,0.5615,2,3,1,0.3084,0.8147
48,N,*,-1.19,-1.19,1,1,0.5,,-1.19
49,G,A,0.1453,0.1453,2,3.5,1,0.06515,0.2254
49,G,C,-0.1026,-0.1026,2,2,1,-0.1563,-0.049
49,G,D,0.07752,0.07752,2,4.5,1,0.06761,0.08744
49,G,E,-0.372,-0.372,2,2,1,-0.7082,-0.03581
49,G,F,0.4641,0.4641,2,2.5,1,0.2425,0.6856
49,G,G,0,0,2,,1,0,0
49,G,K,0.4185,0.4185,2,4,1,0.6396,0.1975
49,G,L,0.3316,0.3316,2,1.5,1,-0.208,0.8713
49,G,M,0.4335,0.4335,2,1,1,0.8038,0.06327
49,G,N,-0.03737,-0.03737,1,3,0.5,-0.03737,
49,G,P,0.1302,0.1302,2,3.5,1,0.003236,0.2571
49,G,Q,0.05594,0.05594,1,2,0.5,,0.05594
49,G,R,-0.2093,-0.2093,2,3,1,-0.4345,0.01582
49,G,S,-0.2044,-0.2044,2,4,1,-0.2561,-0.1528
49,G,T,0.4279,0.4279,2,2,1,0.3649,0.4908
49,G,V,0.1959,0.1959,1,3,0.5,,0.1959
49,G,W,0.1286,0.1286,2,1,1,0.6633,-0.4061
49,G,Y,0.3119,0.3119,1,1,0.5,0.3119,
50,K,A,0.003777,0.003777,2,4,1,0.03615,-0.02859
50,K,C,-0.3501,-0.3501,2,1.5,1,-0.5761,-0.1242
50,K,E,-0.1748,-0.1748,1,2,0.5,,-0.1748
50,K,F,-0.1371,-0.1371,2,2,1,-0.0468,-0.2274
50,K,G,-0.3001,-0.3001,1,4,0.5,-0.3001,
50,K,H,0.3846,0.3846,1,2,0.5,0.3846,
50,K,I,-0.09692,-0.09692,2,3,1,-0.1376,-0.05629
50,K,K,0,0,2,,1,0,0
50,K,L,0.2169,0.2169,2,3.25,1,0.1493,0.2845
50,K,M,0.2624,0.2624,1,3,0.5,,0.2624
50,K,N,0.3893,0.3893,2,1.5,1,0.5001,0.2784
50,K,Q,-0.02596,-0.02596,2,2,1,0.05338,-0.1053
50,K,R,0.02345,0.02345,2,2.5,1,0.3854,-0.3385
50,K,V,-0.2469,-0.2469,2,3,1,-0.2432,-0.2506
50,K,W,-0.2694,-0.2694,2,1.5,1,-0.5052,-0.03366
50,K,Y,0.1448,0.1448,2,3,1,0.3478,-0.05824
51,L,A,-0.879,-0.879,1,1,0.5,-0.879,
51,L,E,-1.06,-1.06,1,1,0.5,,-1.06
51,L,F,-0.3621,-0.3621,2,2.5,1,-0.4172,-0.307
51,L,G,0.659,0.659,1,1,0.5,,0.659
51,L,H,-2.022,-2.022,1,1,0.5,-2.022,
51,L,I,-0.1995,-0.1995,2,2,1,-0.8576,0.4587
51,L,K,-0.03011,-0.03011,2,0.75,1,-3.048,2.988
51,L,L,0,0,2,,1,0,0
51,L,M,0.1363,0.1363,2,2.5,1,-0.8447,1.117
51,L,V,1.331,1.331,2,1.5,1,1.832,0.8312
51,L,W,-2.022,-2.022,1,1,0.5,-2.022,
52,C,C,0,0,2,,1,0,0
52,C,F,-1.121,-1.121,1,1,0.5,,-1.121
52,C,G,-2.216,-2.216,1,1,0.5,-2.216,
52,C,I,-1.087,-1.087,1,1,0.5,-1.087,
52,C,P,0.08345,0.08345,1,1,0.5,0.08345,
52,C,R,0.5907,0.5907,1,1,0.5,0.5907,
52,C,Y,-0.1286,-0.1286,1,1,0.5,-0.1286,
53,D,A,0.2128,0.2128,2,5,1,0.4548,-0.02929
53,D,C,-0.3764,-0.3764,2,2,1,-0.8563,0.1035
53,D,D,0,0,2,,1,0,0
53,D,E,-0.3908,-0.3908,2,2.5,1,-1.11,0.3287
53,D,F,3.096,3.096,1,0.5,0.5,,3.096
53,D,G,0.2567,0.2567,2,1.5,1,-0.03011,0.5435
53,D,H,0.6537,0.6537,2,2,1,1.024,0.2829
53,D,I,-0.893,-0.893,1,1,0.5,,-0.893
53,D,K,0.1756,0.1756,1,4,0.5,,0.1756
53,D,L,-0.2746,-0.2746,2,1,1,-0.6256,0.07641
53,D,M,-0.1644,-0.1644,2,2,1,-0.5555,0.2268
53,D,N,-0.2026,-0.2026,2,7,1,-0.3317,-0.07352
53,D,Q,0.2635,0.2635,2,1.5,1,0.4988,0.0282
53,D,R,0.4409,0.4409,2,4.5,1,0.466,0.4158
53,D,S,0.2491,0.2491,2,3,1,0.06083,0.4374
53,D,T,0.6812,0.6812,1,2,0.5,,0.6812
53,D,W,0.2679,0.2679,1,2,0.5,,0.2679
53,D,Y,-0.628,-0.628,2,1,1,-1.991,0.7355
54,L,F,-0.9431,-0.9431,1,1,0.5,-0.9431,
54,L,H,-0.9897,-0.9897,2,1,1,-1.95,-0.02921
54,L,I,-0.3056,-0.3056,2,3.5,1,-1.115,0.5035
54,L,L,0,0,2,,1,0,0
54,L,M,0.04263,0.04263,2,3,1,-0.1095,0.1947
54,L,Q,-1.703,-1.703,1,1,0.5,-1.703,
54,L,R,-0.143,-0.143,1,1,0.5,,-0.143
54,L,T,2.589,2.589,1,1,0.5,2.589,
54,L,V,0.05883,0.05883,2,3.5,1,-0.1751,0.2928
54,L,W,0.2813,0.2813,1,1,0.5,0.2813,
54,L,Y,0.1618,0.1618,2,1.5,1,-0.6332,0.9567
54a,N,A,-0.2244,-0.2244,2,3,1,-0.4697,0.02095
54a,N,C,0.9162,0.9162,2,1,1,0.9548,0.8776
54a,N,D,0.2249,0.2249,2,3.5,1,0.4597,-0.009909
54a,N,E,0.09526,0.09526,1,3,0.5,0.09526,
54a,N,F,0.3169,0.3169,1,1,0.5,0.3169,
54a,N,G,-0.3269,-0.3269,2,2,1,-0.5637,-0.09012
54a,N,H,-0.5199,-0.5199,2,1.5,1,-0.7861,-0.2538
54a,N,I,0.5576,0.5576,2,2,1,0.5856,0.5296
54a,N,K,0.4204,0.4204,2,2.5,1,0.02452,0.8163
54a,N,L,0.695,0.695,2,3.5,1,0.9779,0.412
54a,N,M,0.2748,0.2748,2,3.5,1,0.3748,0.1748
54a,N,N,0,0,2,,1,0,0
54a,N,Q,-0.6497,-0.6497,2,2.5,1,-1.02,-0.2796
54a,N,R,-0.2767,-0.2767,2,1.5,1,0.1318,-0.6852
54a,N,S,0.3388,0.3388,1,1,0.5,,0.3388
54a,N,T,-0.02835,-0.02835,2,4,1,-0.1993,0.1426
54a,N,V,0.09444,0.09444,2,1,1,0.2113,-0.02239
54a,N,W,0.3882,0.3882,2,2,1,0.8029,-0.02655
54a,N,Y,-0.452,-0.452,1,2,0.5,-0.452,
55,G,A,-1.542,-1.542,1,4,0.5,-1.542,
55,G,C,0.01858,0.01858,1,3,0.5,,0.01858
55,G,D,0.1162,0.1162,2,2.5,1,0.2302,0.002074
55,G,E,-0.09326,-0.09326,2,4,1,0.03048,-0.217
55,G,F,0.3182,0.3182,2,2.5,1,0.6367,-0.0002917
55,G,G,0,0,2,,1,0,0
55,G,H,-0.3963,-0.3963,2,2,1,-1.047,0.2544
55,G,I,-0.272,-0.272,1,1,0.5,,-0.272
55,G,K,-0.1286,-0.1286,2,1.5,1,-0.1333,-0.1238
55,G,L,-0.07428,-0.07428,2,2,1,-0.2746,0.126
55,G,M,0.2399,0.2399,2,2,1,0.0462,0.4337
55,G,N,0.5983,0.5983,2,1,1,0.7683,0.4283
55,G,P,2.425,2.425,1,1,0.5,2.425,
55,G,Q,-0.2808,-0.2808,2,1.25,1,-0.649,0.08746
55,G,R,0.09965,0.09965,2,4.5,1,0.09121,0.1081
55,G,S,-0.05781,-0.05781,1,1,0.5,-0.05781,
55,G,T,0.5353,0.5353,2,3.5,1,0.5635,0.507
55,G,V,-0.9985,-0.9985,1,1,0.5,-0.9985,
55,G,W,-0.3265,-0.3265,2,4.5,1,0.1832,-0.8362
55,G,Y,-0.6169,-0.6169,2,2,1,-1.376,0.1422
56,V,A,-0.2043,-0.2043,2,3.5,1,-0.3079,-0.1007
56,V,C,-0.2733,-0.2733,2,4,1,-0.7367,0.19
56,V,E,-0.7557,-0.7557,2,1,1,-1.077,-0.4339
56,V,F,-0.03759,-0.03759,2,3,1,0.09953,-0.1747
56,V,G,0.1808,0.1808,2,2,1,0.02091,0.3407
56,V,H,0.2442,0.2442,2,3.25,1,0.3369,0.1515
56,V,I,-0.3947,-0.3947,2,2.5,1,-0.7449,-0.04445
56,V,K,0.395,0.395,2,2.5,1,0.7131,0.07677
56,V,L,0.2171,0.2171,2,4,1,0.494,-0.05986
56,V,M,0.08215,0.08215,1,1,0.5,,0.08215
56,V,N,0.375,0.375,2,2.5,1,0.3458,0.4043
56,V,P,-0.9034,-0.9034,1,1,0.5,,-0.9034
56,V,Q,0.002089,0.002089,2,2.5,1,0.002033,0.002144
56,V,R,-0.07537,-0.07537,2,2.5,1,0.02112,-0.1719
56,V,S,0.8921,0.8921,2,2,1,1.505,0.2789
56,V,T,-0.7877,-0.7877,2,2,1,-1.434,-0.1416
56,V,V,0,0,2,,1,0,0
56,V,W,-0.4588,-0.4588,2,4,1,-0.8863,-0.03132
56,V,Y,0.2011,0.2011,2,2,1,-0.06112,0.4633
57,K,A,-0.2729,-0.2729,2,2,1,-0.6635,0.1177
57,K,C,0.2174,0.2174,2,1.5,1,-0.06524,0.5
57,K,D,0.4857,0.4857,1,1,0.5,,0.4857
57,K,E,0.7778,0.7778,2,2,1,0.7773,0.7783
57,K,F,0.7652,0.7652,2,2,1,0.8076,0.7227
57,K,G,0.4392,0.4392,2,3.5,1,0.6403,0.2381
57,K,H,0.2068,0.2068,2,2,1,0.3087,0.1049
57,K,I,0.8711,0.8711,2,3,1,0.7941,0.948
57,K,K,0,0,2,,1,0,0
57,K,L,0.5599,0.5599,2,3,1,0.7569,0.363
57,K,M,0.5226,0.5226,1,2,0.5,0.5226,
57,K,N,1.244,1.244,1,2,0.5,,1.244
57,K,P,0.298,0.298,1,2,0.5,,0.298
57,K,Q,0.8136,0.8136,2,2.5,1,1.232,0.3948
57,K,R,0.04768,0.04768,2,3,1,-0.02946,0.1248
57,K,S,-0.8867,-0.8867,2,1.5,1,-1.962,0.1885
57,K,T,0.4699,0.4699,2,1.5,1,0.6981,0.2417
57,K,W,0.3731,0.3731,2,2.5,1,0.9467,-0.2005
58,P,A,-0.1346,-0.1346,1,2,0.5,,-0.1346
58,P,D,-2.432,-2.432,1,1,0.5,-2.432,
58,P,I,-0.9473,-0.9473,1,1,0.5,,-0.9473
58,P,M,-1.197,-1.197,1,1,0.5,,-1.197
58,P,P,0,0,2,,1,0,0
58,P,R,-0.2384,-0.2384,1,1,0.5,,-0.2384
58,P,T,-1.197,-1.197,1,1,0.5,,-1.197
58,P,V,-0.2179,-0.2179,1,1,0.5,,-0.2179
58,P,W,-2.432,-2.432,1,1,0.5,-2.432,
58,P,Y,-0.2405,-0.2405,1,1,0.5,,-0.2405
59,L,A,0.02033,0.02033,2,2,1,-0.6258,0.6664
59,L,C,-0.2181,-0.2181,1,4,0.5,-0.2181,
59,L,F,0.6713,0.6713,2,4,1,0.9497,0.3929
59,L,H,0.3439,0.3439,1,2,0.5,,0.3439
59,L,I,-0.02007,-0.02007,1,1,0.5,,-0.02007
59,L,K,2.41,2.41,2,1,1,2.796,2.024
59,L,L,0,0,2,,1,0,0
59,L,M,0.717,0.717,2,3,1,1.199,0.2345
59,L,N,0.5686,0.5686,2,1,1,0.819,0.3182
59,L,Q,0.9742,0.9742,2,3.5,1,1.097,0.8514
59,L,R,4.352,4.352,1,5,0.5,4.352,
59,L,S,-0.2143,-0.2143,2,1,1,-0.03491,-0.3937
59,L,T,-0.04535,-0.04535,2,1.5,1,-0.1166,0.02586
59,L,V,-0.2007,-0.2007,2,3.5,1,-0.5313,0.1298
59,L,W,1.927,1.927,2,1.5,1,2.224,1.631
59,L,Y,1.399,1.399,2,1.5,1,2.307,0.4908
60,I,A,0.5682,0.5682,2,2,1,0.7113,0.425
60,I,C,0.9533,0.9533,1,2,0.5,0.9533,
60,I,D,-0.6163,-0.6163,1,2,0.5,,-0.6163
60,I,E,0.4509,0.4509,1,5,0.5,0.4509,
60,I,F,0.4771,0.4771,2,1.5,1,0.3092,0.645
60,I,H,-0.5207,-0.5207,1,2,0.5,,-0.5207
60,I,I,0,0,2,,1,0,0
60,I,L,0.08983,0.08983,1,1,0.5,,0.08983
60,I,M,0.3879,0.3879,2,1,1,0.6247,0.151
60,I,N,0.06419,0.06419,2,1.5,1,0.2653,-0.1369
60,I,Q,0.8185,0.8185,1,1,0.5,0.8185,
60,I,R,-0.9462,-0.9462,2,2,1,-2.133,0.2405
60,I,S,-1.081,-1.081,2,1,1,-1.977,-0.1861
60,I,T,-0.07694,-0.07694,2,1.5,1,-0.214,0.06013
60,I,V,0.2731,0.2731,2,2,1,0.06095,0.4853
60,I,W,-0.053,-0.053,2,2.5,1,-0.08582,-0.02018
60,I,Y,0.4016,0.4016,2,3,1,0.7858,0.01744
61,L,G,-1.034,-1.034,1,1,0.5,,-1.034
61,L,H,2.012,2.012,1,1,0.5,,2.012
61,L,I,0.3579,0.3579,2,1.5,1,-0.1731,0.8888
61,L,L,0,0,2,,1,0,0
61,L,M,1.949,1.949,2,1.5,1,1.941,1.958
61,L,Q,-0.05528,-0.05528,1,1,0.5,,-0.05528
61,L,V,1.334,1.334,2,2,1,1.791,0.8769
62,K,A,0.5939,0.5939,2,3.5,1,0.5891,0.5986
62,K,C,0.5825,0.5825,2,1.5,1,1.076,0.08864
62,K,D,1.122,1.122,2,1,1,2.081,0.1627
62,K,E,0.5543,0.5543,2,4.5,1,0.5955,0.5132
62,K,F,0.9637,0.9637,1,2,0.5,0.9637,
62,K,G,0.1502,0.1502,2,4,1,0.1687,0.1317
62,K,H,1.056,1.056,2,1.5,1,2.273,-0.1604
62,K,I,0.852,0.852,1,2,0.5,,0.852
62,K,K,0,0,2,,1,0,0
62,K,L,0.57,0.57,2,2,1,0.3494,0.7906
62,K,M,0.7997,0.7997,1,7,0.5,0.7997,
62,K,N,0.08206,0.08206,2,4.5,1,0.3427,-0.1786
62,K,P,0.4954,0.4954,1,3,0.5,,0.4954
62,K,Q,0.1365,0.1365,1,4,0.5,0.1365,
62,K,R,0.2301,0.2301,2,3,1,0.3023,0.1579
62,K,S,-0.2327,-0.2327,2,1.5,1,-0.8276,0.3621
62,K,T,0.749,0.749,2,3,1,0.647,0.8511
62,K,V,-0.6613,-0.6613,2,1.5,1,-1.994,0.6715
62,K,W,0.9227,0.9227,2,2.5,1,1.453,0.3926
62,K,Y,0.3089,0.3089,2,2.5,1,0.04288,0.575
63,D,A,-0.2903,-0.2903,2,2,1,-0.5445,-0.03607
63,D,C,0.02242,0.02242,2,2,1,-0.09528,0.1401
63,D,D,0,0,2,,1,0,0
63,D,E,-0.0926,-0.0926,2,2,1,-0.2203,0.03511
63,D,F,-1.183,-1.183,1,1,0.5,-1.183,
63,D,G,-0.09083,-0.09083,2,2,1,-0.2167,0.03502
63,D,H,-0.05555,-0.05555,2,4.5,1,-0.29,0.1789
63,D,I,0.8799,0.8799,1,1,0.5,,0.8799
63,D,K,0.9607,0.9607,2,2,1,1.214,0.7074
63,D,L,-0.3573,-0.3573,1,1,0.5,-0.3573,
63,D,M,-0.1898,-0.1898,2,3,1,-0.3251,-0.0545
63,D,N,0.06602,0.06602,2,2,1,0.1406,-0.00857
63,D,P,0.1263,0.1263,1,1,0.5,,0.1263
63,D,Q,-0.5123,-0.5123,1,5,0.5,-0.5123,
63,D,R,0.3016,0.3016,2,1.5,1,0.5117,0.09147
63,D,S,0.0446,0.0446,2,3,1,0.1165,-0.02729
63,D,T,-0.2741,-0.2741,1,2,0.5,,-0.2741
63,D,V,1.06,1.06,2,2,1,1.185,0.9349
63,D,W,-0.04498,-0.04498,1,3,0.5,-0.04498,
63,D,Y,-0.289,-0.289,2,3,1,-0.6804,0.1023
64,C,C,0,0,2,,1,0,0
64,C,E,-0.0876,-0.0876,1,1,0.5,,-0.0876
64,C,L,-1.161,-1.161,1,1,0.5,-1.161,
64,C,R,0.3065,0.3065,1,1,0.5,,0.3065
64,C,Y,-1.054,-1.054,1,1,0.5,,-1.054
65,S,A,0.4015,0.4015,2,1,1,-0.1321,0.9351
65,S,D,0.9252,0.9252,1,2,0.5,,0.9252
65,S,E,-1.062,-1.062,1,1,0.5,,-1.062
65,S,G,0.3144,0.3144,2,2,1,0.02815,0.6007
65,S,L,-1.867,-1.867,1,1,0.5,-1.867,
65,S,N,0.9485,0.9485,2,2.5,1,0.5459,1.351
65,S,R,-2.211,-2.211,1,2,0.5,-2.211,
65,S,S,0,0,2,,1,0,0
65,S,T,0.198,0.198,1,3,0.5,,0.198
66,V,C,0.3932,0.3932,2,1,1,0.1625,0.624
66,V,F,1.569,1.569,2,3,1,2.288,0.8505
66,V,I,-0.3637,-0.3637,2,2.5,1,-0.8725,0.1451
66,V,L,-0.5402,-0.5402,2,3.5,1,-1.55,0.4696
66,V,M,0.963,0.963,2,5,1,1.21,0.7157
66,V,P,0.05107,0.05107,2,2,1,-0.04853,0.1507
66,V,S,-0.1094,-0.1094,1,3,0.5,-0.1094,
66,V,T,0.5479,0.5479,2,2,1,0.823,0.2728
66,V,V,0,0,2,,1,0,0
66,V,Y,-0.7454,-0.7454,2,2,1,-1.893,0.402
67,A,A,0,0,2,,1,0,0
67,A,D,0.2488,0.2488,2,3,1,0.5244,-0.02682
67,A,E,0.524,0.524,2,4,1,0.6988,0.3491
67,A,F,0.2183,0.2183,1,3,0.5,,0.2183
67,A,G,0.7138,0.7138,2,2,1,1.24,0.1878
67,A,H,-0.0296,-0.0296,2,4.5,1,-0.2862,0.227
67,A,I,0.05608,0.05608,1,2,0.5,,0.05608
67,A,K,-0.6847,-0.6847,1,4,0.5,-0.6847,
67,A,L,-0.4539,-0.4539,2,2.5,1,-0.2354,-0.6725
67,A,M,0.03869,0.03869,2,3,1,-0.09823,0.1756
67,A,N,-0.93,-0.93,2,2,1,-1.283,-0.577
67,A,Q,0.02986,0.02986,2,2,1,0.07391,-0.01419
67,A,R,0.1722,0.1722,2,2,1,0.4991,-0.1547
67,A,S,0.1391,0.1391,2,3.5,1,-0.1215,0.3997
67,A,T,-0.291,-0.291,2,1,1,0.08574,-0.6677
67,A,V,-0.01411,-0.01411,2,2.5,1,0.04061,-0.06883
67,A,Y,1.533,1.533,2,1,1,2.739,0.3264
68,G,A,-0.1745,-0.1745,1,3,0.5,-0.1745,
68,G,D,-1.465,-1.465,2,1.5,1,-2.631,-0.2993
68,G,F,-1.042,-1.042,1,2,0.5,-1.042,
68,G,G,0,0,2,,1,0,0
68,G,H,0.6896,0.6896,2,1,1,0.4947,0.8845
68,G,K,0.01771,0.01771,1,1,0.5,,0.01771
68,G,N,0.9189,0.9189,1,1,0.5,,0.9189
68,G,Q,1.79,1.79,1,1,0.5,,1.79
68,G,R,-1.986,-1.986,1,1,0.5,-1.986,
68,G,S,1.535,1.535,2,2,1,2.285,0.7854
68,G,V,-0.07304,-0.07304,1,1,0.5,-0.07304,
69,W,A,1.934,1.934,2,2.5,1,2.589,1.279
69,W,C,0.7609,0.7609,1,1,0.5,,0.7609
69,W,E,0.05921,0.05921,1,1,0.5,,0.05921
69,W,F,0.3733,0.3733,2,4.5,1,0.3383,0.4083
69,W,I,0.3871,0.3871,2,2,1,0.1358,0.6385
69,W,L,0.8531,0.8531,2,2,1,1.249,0.4573
69,W,M,0.3171,0.3171,2,3,1,0.1746,0.4596
69,W,R,-0.4309,-0.4309,1,1,0.5,-0.4309,
69,W,S,3.029,3.029,1,2,0.5,3.029,
69,W,T,0.5649,0.5649,1,2,0.5,,0.5649
69,W,V,2.598,2.598,1,2,0.5,2.598,
69,W,W,0,0,2,,1,0,0
69,W,Y,0.649,0.649,2,1.5,1,1.186,0.1116
70,L,A,0.8677,0.8677,1,1,0.5,,0.8677
70,L,C,-1.118,-1.118,1,1,0.5,,-1.118
70,L,E,-0.2052,-0.2052,1,1,0.5,,-0.2052
70,L,F,0.08257,0.08257,1,5,0.5,,0.08257
70,L,H,0.3679,0.3679,1,1,0.5,0.3679,
70,L,I,0.2633,0.2633,2,3,1,0.409,0.1177
70,L,L,0,0,2,,1,0,0
70,L,M,0.09804,0.09804,2,4,1,-0.01511,0.2112
70,L,P,-0.4304,-0.4304,1,1,0.5,-0.4304,
70,L,T,0.8677,0.8677,1,1,0.5,,0.8677
70,L,V,0.6024,0.6024,2,3,1,0.3371,0.8677
71,L,A,-0.7827,-0.7827,2,1,1,-1.978,0.4124
71,L,F,-0.2905,-0.2905,2,1.5,1,-0.5205,-0.06057
71,L,I,-0.08938,-0.08938,2,6,1,-0.2047,0.02599
71,L,L,0,0,2,,1,0,0
71,L,M,-0.3484,-0.3484,2,5,1,-0.5929,-0.1038
71,L,N,0.1947,0.1947,1,1,0.5,0.1947,
71,L,T,-0.1449,-0.1449,2,2.5,1,-0.4301,0.1403
71,L,V,-0.9157,-0.9157,2,2.5,1,-2.047,0.216
71,L,Y,-0.5913,-0.5913,2,3.5,1,-0.6059,-0.5768
72,G,A,0.02015,0.02015,1,1,0.5,,0.02015
72,G,C,0.1939,0.1939,2,1.5,1,0.1187,0.2691
72,G,D,0.9879,0.9879,2,4.5,1,1.324,0.6515
72,G,E,2.762,2.762,2,2,1,2.46,3.065
72,G,F,1.596,1.596,2,2.5,1,1.867,1.325
72,G,G,0,0,2,,1,0,0
72,G,H,0.4038,0.4038,2,2.5,1,0.115,0.6925
72,G,L,0.3305,0.3305,2,3,1,0.6854,-0.02433
72,G,M,0.1711,0.1711,2,2,1,0.1257,0.2165
72,G,N,0.01913,0.01913,2,2.5,1,-0.001462,0.03972
72,G,P,0.7929,0.7929,1,1,0.5,,0.7929
72,G,Q,0.1891,0.1891,2,5,1,0.1031,0.2752
72,G,R,1.465,1.465,2,1.75,1,3.196,-0.2658
72,G,S,0.02857,0.02857,2,2.5,1,-0.01647,0.07361
72,G,T,0.2621,0.2621,2,2.5,1,0.4647,0.05953
72,G,V,0.0123,0.0123,2,1.5,1,-0.121,0.1456
72,G,W,-0.6907,-0.6907,2,1.5,1,-1.839,0.4574
72,G,Y,0.2085,0.2085,2,1,1,-2.049,2.466
73,N,A,-0.2645,-0.2645,1,1,0.5,-0.2645,
73,N,C,1.578,1.578,2,2,1,2.227,0.929
73,N,D,3.073,3.073,1,2,0.5,3.073,
73,N,F,-0.1104,-0.1104,1,1,0.5,-0.1104,
73,N,G,2.727,2.727,1,1,0.5,2.727,
73,N,H,0.6151,0.6151,2,2.5,1,1.322,-0.09191
73,N,I,-2.067,-2.067,1,3,0.5,-2.067,
73,N,K,0.3611,0.3611,1,1,0.5,,0.3611
73,N,L,0.3124,0.3124,2,1.5,1,-0.1495,0.7744
73,N,N,0,0,2,,1,0,0
73,N,R,-0.3216,-0.3216,1,1,0.5,-0.3216,
73,N,S,0.7296,0.7296,1,2,0.5,0.7296,
73,N,T,-0.03579,-0.03579,2,2,1,-0.5137,0.4421
73,N,V,0.027,0.027,1,1,0.5,,0.027
74,P,A,0.4298,0.4298,2,2.5,1,0.56,0.2995
74,P,E,3.11,3.11,1,0.5,0.5,,3.11
74,P,G,0.6877,0.6877,1,3.5,0.5,,0.6877
74,P,H,2.205,2.205,2,2,1,2.522,1.889
74,P,I,0.3378,0.3378,1,4,0.5,,0.3378
74,P,K,1.927,1.927,2,2,1,2.71,1.145
74,P,L,-0.911,-0.911,1,2,0.5,,-0.911
74,P,M,1.074,1.074,2,3,1,1.418,0.7309
74,P,N,-0.212,-0.212,2,0.75,1,-1.89,1.466
74,P,P,0,0,2,,1,0,0
74,P,Q,-0.01726,-0.01726,2,1,1,-0.9319,0.8974
74,P,R,2.092,2.092,2,2.5,1,2.766,1.419
74,P,S,0.2129,0.2129,2,3.5,1,0.0246,0.4012
74,P,T,0.7017,0.7017,2,2,1,-0.225,1.628
74,P,V,0.134,0.134,2,2,1,-0.05085,0.3188
74,P,W,-0.8913,-0.8913,2,1,1,-1.559,-0.2233
74,P,Y,2.432,2.432,1,2.5,0.5,,2.432
75,M,A,0.063,0.063,2,2.5,1,0.5345,-0.4085
75,M,C,-0.0319,-0.0319,1,4,0.5,-0.0319,
75,M,D,-0.3078,-0.3078,2,3,1,-0.5912,-0.02434
75,M,E,-0.02534,-0.02534,2,3.5,1,-0.09078,0.0401
75,M,F,-0.1814,-0.1814,1,1,0.5,-0.1814,
75,M,G,-1.06,-1.06,2,1.5,1,-2.139,0.01925
75,M,H,-1.085,-1.085,2,2,1,-2.057,-0.113
75,M,I,0.03688,0.03688,2,4.5,1,-0.353,0.4268
75,M,K,0.2045,0.2045,2,1,1,0.4353,-0.02623
75,M,L,0.04093,0.04093,2,3.5,1,0.7298,-0.648
75,M,M,0,0,2,,1,0,0
75,M,N,0.0729,0.0729,1,5,0.5,,0.0729
75,M,P,-1.274,-1.274,2,1.5,1,-2.445,-0.1022
75,M,Q,0.1394,0.1394,2,2.5,1,0.4424,-0.1635
75,M,R,-0.2278,-0.2278,2,4,1,-0.3379,-0.1177
75,M,S,-0.2274,-0.2274,1,2,0.5,,-0.2274
75,M,T,0.307,0.307,2,2.5,1,0.1941,0.4199
75,M,V,0.06866,0.06866,2,2.5,1,-0.06053,0.1978
75,M,W,0.009926,0.009926,2,2.5,1,0.2503,-0.2304
75,M,Y,0.4261,0.4261,2,2,1,0.5834,0.2687
76,C,C,0,0,2,,1,0,0
76,C,I,-0.08961,-0.08961,1,1,0.5,-0.08961,
76,C,K,0.452,0.452,1,1,0.5,0.452,
76,C,L,-1.756,-1.756,1,1,0.5,-1.756,
76,C,M,-0.9578,-0.9578,2,1,1,-1.828,-0.08809
76,C,T,0.6889,0.6889,2,1,1,2.424,-1.046
77,D,A,1.493,1.493,2,2,1,3.049,-0.06305
77,D,C,2.268,2.268,2,1,1,3.073,1.464
77,D,D,0,0,2,,1,0,0
77,D,E,0.7916,0.7916,2,2,1,1.333,0.2502
77,D,F,0.3086,0.3086,1,3,0.5,,0.3086
77,D,G,1.656,1.656,2,2,1,2.976,0.3354
77,D,H,2.506,2.506,2,4,1,3.492,1.52
77,D,I,2.046,2.046,2,3.25,1,3.894,0.1975
77,D,K,-0.1037,-0.1037,1,1,0.5,,-0.1037
77,D,L,1.311,1.311,1,4,0.5,1.311,
77,D,M,0.9578,0.9578,2,3,1,1.557,0.3588
77,D,N,0.5207,0.5207,2,3.5,1,0.5269,0.5145
77,D,P,3.418,3.418,1,2,0.5,3.418,
77,D,Q,3.073,3.073,1,1,0.5,3.073,
77,D,R,3.027,3.027,2,3.5,1,3.559,2.495
77,D,S,1.126,1.126,1,2,0.5,,1.126
77,D,T,0.4784,0.4784,2,3,1,0.1908,0.7659
77,D,V,1.221,1.221,2,1,1,3.073,-0.6311
77,D,W,2.751,2.751,2,2.5,1,3.472,2.029
77,D,Y,1.975,1.975,2,3.5,1,3.503,0.4472
78,E,A,0.4161,0.4161,2,1.5,1,0.7375,0.09467
78,E,C,0.9447,0.9447,2,1,1,1.165,0.7247
78,E,D,0.8004,0.8004,2,3,1,1.155,0.4462
78,E,E,0,0,2,,1,0,0
78,E,F,1.274,1.274,2,2,1,1.494,1.053
78,E,G,1.102,1.102,2,1,1,1.49,0.714
78,E,H,1.116,1.116,1,4,0.5,1.116,
78,E,K,0.9745,0.9745,2,2.5,1,1.287,0.6623
78,E,L,1.483,1.483,2,2.5,1,2.389,0.5765
78,E,M,0.4776,0.4776,2,2.5,1,0.5238,0.4313
78,E,N,1.662,1.662,2,2,1,2.467,0.8567
78,E,P,0.618,0.618,2,1.5,1,0.9511,0.2849
78,E,Q,1.268,1.268,1,7,0.5,1.268,
78,E,R,1.76,1.76,2,1.5,1,2.802,0.7188
78,E,S,2.445,2.445,1,2,0.5,2.445,
78,E,T,1.425,1.425,2,4.5,1,2.013,0.8377
78,E,V,1.438,1.438,1,3,0.5,1.438,
78,E,W,0.7163,0.7163,2,4,1,1.017,0.4156
78,E,Y,0.6581,0.6581,1,1,0.5,0.6581,
79,F,C,2.527,2.527,1,1,0.5,2.527,
79,F,D,3.108,3.108,1,0.5,0.5,,3.108
79,F,E,0.3832,0.3832,1,1,0.5,0.3832,
79,F,F,0,0,2,,1,0,0
79,F,G,3.141,3.141,2,1.25,1,2.818,3.464
79,F,H,2.343,2.343,2,2,1,2.813,1.873
79,F,K,2.944,2.944,2,1.5,1,2.813,3.076
79,F,L,1.024,1.024,1,2,0.5,,1.024
79,F,M,0.3832,0.3832,1,1,0.5,0.3832,
79,F,N,1.304,1.304,2,3,1,1.71,0.8987
79,F,R,2.942,2.942,2,0.75,1,2.777,3.108
79,F,T,0.05446,0.05446,1,1,0.5,,0.05446
79,F,W,0.7434,0.7434,2,4.5,1,0.8684,0.6184
79,F,Y,-0.4085,-0.4085,2,1,1,-0.8537,0.03674
80,I,A,-1.224,-1.224,2,1,1,-1.544,-0.9031
80,I,C,1.091,1.091,2,4,1,1.91,0.2719
80,I,D,2.303,2.303,2,1,1,2.912,1.695
80,I,E,1.876,1.876,2,3,1,2.966,0.7862
80,I,F,0.665,0.665,2,3,1,1.292,0.03807
80,I,G,1.488,1.488,2,1.5,1,2.912,0.06469
80,I,H,0.1798,0.1798,2,3,1,0.07426,0.2854
80,I,I,0,0,2,,1,0,0
80,I,K,2.633,2.633,2,4,1,3.229,2.038
80,I,L,0.5006,0.5006,2,3,1,0.7738,0.2273
80,I,M,-0.7154,-0.7154,1,2,0.5,-0.7154,
80,I,N,0.7502,0.7502,2,1.5,1,1.076,0.4246
80,I,Q,0.4346,0.4346,1,2,0.5,0.4346,
80,I,R,1.363,1.363,2,2,1,3.23,-0.5031
80,I,S,0.8819,0.8819,2,2,1,1.592,0.1721
80,I,T,-0.03313,-0.03313,2,2,1,-0.703,0.6368
80,I,V,0.8292,0.8292,2,3,1,1.267,0.3914
80,I,W,4.227,4.227,1,4,0.5,4.227,
80,I,Y,3.287,3.287,1,3,0.5,3.287,
81,R,A,0.5848,0.5848,1,3,0.5,0.5848,
81,R,C,-0.3683,-0.3683,2,2.5,1,-0.4887,-0.2478
81,R,D,0.8412,0.8412,2,4,1,1.073,0.6095
81,R,E,1.444,1.444,2,1.5,1,1.075,1.812
81,R,F,0.0586,0.0586,2,1,1,0.1351,-0.01789
81,R,G,0.7134,0.7134,2,7,1,1.021,0.4057
81,R,H,-0.4246,-0.4246,1,2,0.5,-0.4246,
81,R,I,-0.05224,-0.05224,2,2.5,1,0.002078,-0.1066
81,R,K,0.05026,0.05026,2,1.5,1,-0.3094,0.4099
81,R,L,-0.1025,-0.1025,2,3,1,-0.09801,-0.107
81,R,M,0.3984,0.3984,2,2.5,1,0.4071,0.3897
81,R,N,-1.587,-1.587,1,2,0.5,-1.587,
81,R,P,0.1989,0.1989,1,2,0.5,0.1989,
81,R,Q,0.5286,0.5286,1,2,0.5,0.5286,
81,R,R,0,0,2,,1,0,0
81,R,S,-0.3251,-0.3251,1,3,0.5,,-0.3251
81,R,T,0.7174,0.7174,2,2,1,1.015,0.4201
81,R,V,0.6867,0.6867,2,3.5,1,1.043,0.3306
81,R,W,1.015,1.015,2,3,1,0.7464,1.283
81,R,Y,0.2241,0.2241,2,3.5,1,0.7822,-0.334
82,V,A,0.9367,0.9367,2,2,1,0.8866,0.9869
82,V,C,0.8173,0.8173,2,4,1,1.389,0.2459
82,V,D,3.024,3.024,2,7.25,1,3.791,2.257
82,V,E,3.314,3.314,1,1.5,0.5,,3.314
82,V,F,3.105,3.105,1,5,0.5,3.105,
82,V,G,2.89,2.89,1,1,0.5,2.89,
82,V,H,1.173,1.173,2,1,1,-0.1417,2.487
82,V,I,0.7467,0.7467,2,3,1,0.9545,0.5389
82,V,K,3.24,3.24,2,1.5,1,4.348,2.133
82,V,L,1.724,1.724,2,2,1,2.336,1.112
82,V,M,1.405,1.405,2,2,1,2.57,0.2406
82,V,N,1.269,1.269,2,2,1,2.184,0.3542
82,V,P,1.922,1.922,2,2,1,2.787,1.057
82,V,Q,3.281,3.281,1,1,0.5,,3.281
82,V,R,1.941,1.941,1,1,0.5,,1.941
82,V,S,2.338,2.338,1,4,0.5,2.338,
82,V,T,0.01785,0.01785,2,3.5,1,-0.3217,0.3574
82,V,V,0,0,2,,1,0,0
82,V,W,1.872,1.872,1,2,0.5,,1.872
82,V,Y,1.714,1.714,2,2,1,3.267,0.16
82a,P,A,1.089,1.089,1,1,0.5,,1.089
82a,P,C,2.448,2.448,2,3,1,3.413,1.482
82a,P,D,0.4359,0.4359,1,4,0.5,,0.4359
82a,P,E,-0.2746,-0.2746,2,1,1,-0.4465,-0.1026
82a,P,F,3.311,3.311,2,0.75,1,3.511,3.112
82a,P,G,0.92,0.92,2,4.5,1,1.278,0.5624
82a,P,H,3.112,3.112,1,0.5,0.5,,3.112
82a,P,I,2.897,2.897,2,0.75,1,2.86,2.934
82a,P,K,3.1,3.1,1,1,0.5,,3.1
82a,P,L,3.002,3.002,1,2.5,0.5,,3.002
82a,P,N,1.923,1.923,2,1.5,1,2.455,1.392
82a,P,P,0,0,2,,1,0,0
82a,P,Q,-0.2963,-0.2963,1,2,0.5,-0.2963,
82a,P,R,3.112,3.112,1,0.5,0.5,,3.112
82a,P,S,1.378,1.378,2,2.5,1,2.273,0.4828
82a,P,T,2.192,2.192,2,1.25,1,1.678,2.705
82a,P,V,0.4709,0.4709,2,1,1,0.39,0.5518
82a,P,W,1.782,1.782,2,2,1,3.135,0.4299
82a,P,Y,3.152,3.152,1,1.5,0.5,,3.152
83,E,A,1.37,1.37,1,1,0.5,1.37,
83,E,C,0.3905,0.3905,1,2,0.5,0.3905,
83,E,D,-0.02426,-0.02426,2,2.25,1,-0.53,0.4814
83,E,E,0,0,2,,1,0,0
83,E,F,0.4262,0.4262,2,1.5,1,0.483,0.3694
83,E,G,0.6526,0.6526,2,0.75,1,-1.993,3.298
83,E,H,0.1682,0.1682,2,2,1,-0.5723,0.9087
83,E,I,0.4431,0.4431,2,2,1,0.7622,0.124
83,E,K,1.184,1.184,2,1.5,1,1.477,0.8912
83,E,L,-0.006142,-0.006142,2,3,1,0.02885,-0.04113
83,E,M,0.8912,0.8912,1,1,0.5,,0.8912
83,E,N,1.25,1.25,1,2,0.5,,1.25
83,E,P,-0.02564,-0.02564,2,2,1,-0.0343,-0.01698
83,E,Q,0.4428,0.4428,2,1.5,1,0.548,0.3377
83,E,R,1.696,1.696,2,2,1,2.392,0.9999
83,E,S,0.5746,0.5746,1,2,0.5,,0.5746
83,E,T,0.2997,0.2997,2,1.5,1,0.3972,0.2022
83,E,V,-0.7143,-0.7143,1,2,0.5,-0.7143,
83,E,W,0.8539,0.8539,2,1.5,1,0.9301,0.7776
83,E,Y,0.1874,0.1874,2,1,1,0.3194,0.05546
84,W,C,0.1664,0.1664,1,1,0.5,,0.1664
84,W,I,-3.021,-3.021,1,2,0.5,-3.021,
84,W,K,3.115,3.115,1,0.5,0.5,,3.115
84,W,P,-2.691,-2.691,1,1,0.5,-2.691,
84,W,W,0,0,2,,1,0,0
84,W,Y,-2.691,-2.691,1,1,0.5,-2.691,
84,W,*,-0.3986,-0.3986,1,1,0.5,,-0.3986
85,S,A,0.4297,0.4297,2,2,1,0.5063,0.3532
85,S,C,0.1019,0.1019,1,3,0.5,,0.1019
85,S,D,0.2508,0.2508,1,1,0.5,0.2508,
85,S,F,0.0053,0.0053,1,1,0.5,0.0053,
85,S,G,-0.2798,-0.2798,1,1,0.5,-0.2798,
85,S,K,0.338,0.338,2,3,1,0.4341,0.242
85,S,L,-0.2646,-0.2646,2,1.5,1,-0.4886,-0.04068
85,S,M,0.8316,0.8316,1,0.5,0.5,,0.8316
85,S,P,0.8761,0.8761,2,2.5,1,0.4485,1.304
85,S,R,-0.2804,-0.2804,2,2.5,1,-0.8039,0.243
85,S,S,0,0,2,,1,0,0
85,S,T,0.4808,0.4808,2,1,1,0.2976,0.664
85,S,W,0.2351,0.2351,1,1,0.5,,0.2351
85,S,Y,-1.935,-1.935,1,1,0.5,-1.935,
86,Y,A,-2.559,-2.559,1,1,0.5,-2.559,
86,Y,C,-2.499,-2.499,1,1,0.5,-2.499,
86,Y,F,0.1523,0.1523,1,3,0.5,,0.1523
86,Y,G,-2.446,-2.446,1,1,0.5,-2.446,
86,Y,H,-2.752,-2.752,1,1,0.5,-2.752,
86,Y,Q,-2.446,-2.446,1,1,0.5,-2.446,
86,Y,Y,0,0,2,,1,0,0
87,I,C,-0.184,-0.184,1,1,0.5,,-0.184
87,I,E,0.2798,0.2798,1,1,0.5,,0.2798
87,I,F,0.6254,0.6254,2,1,1,0.3198,0.9309
87,I,I,0,0,2,,1,0,0
87,I,L,1.034,1.034,2,2.5,1,0.9143,1.154
87,I,M,0.5447,0.5447,2,3.5,1,0.2687,0.8206
87,I,R,-1.13,-1.13,1,1,0.5,,-1.13
87,I,T,0.9058,0.9058,2,1.5,1,0.9343,0.8772
87,I,V,0.7898,0.7898,2,3.5,1,1.16,0.4198
87,I,W,-0.2011,-0.2011,1,1,0.5,-0.2011,
87,I,Y,-0.3724,-0.3724,2,1,1,-1.085,0.3405
88,V,A,0.4155,0.4155,2,2,1,0.5648,0.2662
88,V,C,-2.565,-2.565,1,5,0.5,-2.565,
88,V,H,-0.2462,-0.2462,2,2.5,1,-0.7014,0.2091
88,V,I,-0.2785,-0.2785,1,5,0.5,-0.2785,
88,V,L,0.2653,0.2653,1,1,0.5,0.2653,
88,V,M,-0.1549,-0.1549,2,3,1,-0.7024,0.3926
88,V,S,0.2093,0.2093,2,2,1,0.2148,0.2038
88,V,T,-0.4344,-0.4344,2,1.5,1,-0.8474,-0.02133
88,V,V,0,0,2,,1,0,0
88,V,W,-2.05,-2.05,1,1,0.5,-2.05,
88,V,Y,-0.2347,-0.2347,1,1,0.5,,-0.2347
88,V,-,-2.517,-2.517,1,1,0.5,-2.517,
89,E,A,-0.798,-0.798,2,1.5,1,-2.059,0.4628
89,E,C,0.778,0.778,2,1,1,0.9541,0.6019
89,E,D,2.482,2.482,2,0.75,1,1.851,3.112
89,E,E,0,0,2,,1,0,0
89,E,F,0.5736,0.5736,2,2,1,0.1144,1.033
89,E,G,-0.5506,-0.5506,2,1,1,-2.057,0.956
89,E,H,0.09535,0.09535,2,2,1,-0.251,0.4416
89,E,I,-0.7299,-0.7299,2,2.5,1,-2.179,0.7189
89,E,K,0.8249,0.8249,2,5.5,1,0.9134,0.7363
89,E,L,0.2203,0.2203,2,3,1,-0.6504,1.091
89,E,M,1.071,1.071,1,2,0.5,,1.071
89,E,N,1.38,1.38,2,1.5,1,1.899,0.8609
89,E,Q,0.5259,0.5259,2,3,1,0.6102,0.4417
89,E,R,0.1511,0.1511,2,2.5,1,-0.3589,0.6611
89,E,S,-1.196,-1.196,2,3,1,-2.594,0.2019
89,E,T,0.1354,0.1354,1,2,0.5,0.1354,
89,E,V,0.3656,0.3656,2,2.5,1,0.3961,0.3351
89,E,W,0.926,0.926,2,4,1,0.9517,0.9004
89,E,Y,0.04558,0.04558,2,1,1,-0.8758,0.9669
90,R,A,-0.02722,-0.02722,1,5,0.5,,-0.02722
90,R,C,-0.6549,-0.6549,1,3,0.5,-0.6549,
90,R,D,1.316,1.316,1,1,0.5,,1.316
90,R,E,0.8865,0.8865,1,3,0.5,0.8865,
90,R,F,0.872,0.872,2,2.5,1,0.7198,1.024
90,R,G,-0.7406,-0.7406,2,4.5,1,-1.772,0.2911
90,R,H,0.02849,0.02849,2,2.5,1,-0.1388,0.1958
90,R,I,-0.1222,-0.1222,2,5,1,-0.3819,0.1375
90,R,K,0.4944,0.4944,2,2,1,1.145,-0.1562
90,R,L,0.5818,0.5818,2,2.5,1,0.9233,0.2403
90,R,M,0.4383,0.4383,2,4,1,0.5728,0.3037
90,R,N,-0.8827,-0.8827,2,2,1,-1.73,-0.03541
90,R,P,0.5468,0.5468,2,2.5,1,0.7913,0.3022
90,R,Q,0.4758,0.4758,2,2,1,0.5248,0.4269
90,R,R,0,0,2,,1,0,0
90,R,S,-0.09778,-0.09778,1,4,0.5,-0.09778,
90,R,T,0.3218,0.3218,2,3.25,1,0.4338,0.2097
90,R,V,-0.08106,-0.08106,2,5.5,1,-0.2193,0.05718
90,R,W,-0.4145,-0.4145,2,3.5,1,-1.034,0.2051
90,R,Y,0.4912,0.4912,2,2,1,0.04908,0.9333
91,A,A,0,0,2,,1,0,0
91,A,C,0.2501,0.2501,2,3.5,1,0.6688,-0.1687
91,A,D,-0.7684,-0.7684,2,3,1,-1.286,-0.2507
91,A,E,0.2532,0.2532,2,4.5,1,0.6096,-0.1031
91,A,F,-0.08288,-0.08288,2,3.5,1,-0.1399,-0.02585
91,A,G,0.09832,0.09832,2,2,1,-0.03322,0.2299
91,A,H,0.09373,0.09373,2,4.5,1,0.3231,-0.1356
91,A,I,-0.6438,-0.6438,1,2,0.5,-0.6438,
91,A,K,-0.3374,-0.3374,2,3,1,-0.7955,0.1206
91,A,L,-0.008611,-0.008611,2,2,1,0.1097,-0.127
91,A,M,-0.1642,-0.1642,2,2.5,1,-0.1171,-0.2112
91,A,N,-0.2217,-0.2217,1,3,0.5,,-0.2217
91,A,P,-0.08328,-0.08328,1,2,0.5,,-0.08328
91,A,Q,0.09567,0.09567,2,4,1,0.2194,-0.02804
91,A,R,-0.1491,-0.1491,2,3.5,1,-0.4257,0.1275
91,A,S,0.378,0.378,2,4.5,1,0.7117,0.04427
91,A,T,0.129,0.129,2,1,1,0.1753,0.08267
91,A,V,0.1162,0.1162,2,7,1,0.3224,-0.08993
91,A,W,-0.4073,-0.4073,2,3.5,1,-0.8634,0.04888
91,A,Y,0.25,0.25,2,1,1,-0.08363,0.5837
92,N,A,0.1536,0.1536,2,3,1,0.05713,0.25
92,N,C,-0.4658,-0.4658,1,2,0.5,-0.4658,
92,N,D,0.8152,0.8152,1,4,0.5,0.8152,
92,N,E,0.06742,0.06742,2,2,1,0.491,-0.3561
92,N,F,0.2538,0.2538,2,2,1,0.5836,-0.07594
92,N,G,0.2362,0.2362,2,2.5,1,0.1217,0.3506
92,N,I,-0.1415,-0.1415,2,3,1,-0.5189,0.2358
92,N,K,-0.1216,-0.1216,2,2.5,1,-0.3145,0.07132
92,N,L,-0.2232,-0.2232,2,3,1,-0.2918,-0.1546
92,N,M,0.468,0.468,2,2,1,0.9807,-0.04468
92,N,N,0,0,2,,1,0,0
92,N,P,0.9018,0.9018,1,2,0.5,,0.9018
92,N,Q,-0.1077,-0.1077,2,1.5,1,0.01562,-0.231
92,N,R,0.3847,0.3847,2,1.5,1,0.4138,0.3555
92,N,S,0.414,0.414,2,2,1,-0.5618,1.39
92,N,T,-0.05141,-0.05141,2,2,1,-0.4452,0.3424
92,N,V,0.2216,0.2216,2,4.5,1,0.3004,0.1428
92,N,W,0.2225,0.2225,2,4.5,1,-0.06693,0.5118
92,N,Y,0.4356,0.4356,2,3,1,0.6768,0.1944
92a,P,A,0.1295,0.1295,2,3.5,1,0.2181,0.04085
92a,P,C,0.6314,0.6314,2,2.5,1,0.7455,0.5174
92a,P,D,1.866,1.866,1,1.5,0.5,,1.866
92a,P,E,2.843,2.843,1,1,0.5,2.843,
92a,P,F,0.03524,0.03524,2,4,1,-0.09249,0.163
92a,P,G,1.449,1.449,2,2.25,1,1.565,1.334
92a,P,H,0.6083,0.6083,2,1.5,1,0.3422,0.8744
92a,P,I,1.988,1.988,2,1.5,1,2.843,1.133
92a,P,K,0.8933,0.8933,1,1,0.5,,0.8933
92a,P,L,0.6665,0.6665,2,1.5,1,0.2458,1.087
92a,P,M,0.7993,0.7993,2,1.5,1,1.129,0.4695
92a,P,N,1.872,1.872,2,1.5,1,2.843,0.9005
92a,P,P,0,0,2,,1,0,0
92a,P,Q,1.135,1.135,2,2.5,1,1.438,0.8317
92a,P,R,1.175,1.175,2,1.5,1,1.291,1.058
92a,P,S,0.544,0.544,2,3,1,0.8087,0.2793
92a,P,T,1.093,1.093,2,2,1,1.714,0.4716
92a,P,V,0.8673,0.8673,2,3.5,1,0.8344,0.9001
92a,P,W,0.005513,0.005513,2,2.5,1,0.01638,-0.005358
92a,P,Y,0.9501,0.9501,2,1.5,1,0.5406,1.36
93,A,A,0,0,2,,1,0,0
93,A,C,-0.1722,-0.1722,2,2,1,-0.4509,0.1065
93,A,D,0.258,0.258,2,6,1,0.4106,0.1053
93,A,E,0.02361,0.02361,2,4,1,-0.2881,0.3353
93,A,F,0.1182,0.1182,2,6,1,0.3558,-0.1195
93,A,G,0.4206,0.4206,2,2,1,0.6624,0.1789
93,A,H,0.2738,0.2738,2,5.5,1,0.3943,0.1532
93,A,I,0.1314,0.1314,2,2.5,1,0.4041,-0.1413
93,A,K,-0.1005,-0.1005,1,3,0.5,,-0.1005
93,A,L,1.048,1.048,2,2.5,1,1.93,0.1659
93,A,M,-0.27,-0.27,2,1.5,1,-0.5585,0.01855
93,A,N,0.442,0.442,2,4.5,1,0.7003,0.1837
93,A,P,-0.09229,-0.09229,2,3,1,-0.1847,9.467e-05
93,A,Q,0.2168,0.2168,2,2,1,0.3284,0.1052
93,A,R,-0.4053,-0.4053,2,2.5,1,-0.7255,-0.08517
93,A,S,-0.2034,-0.2034,2,2.5,1,-0.5845,0.1776
93,A,T,0.2675,0.2675,2,4.25,1,0.3473,0.1877
93,A,V,-0.2489,-0.2489,2,2,1,-0.8343,0.3366
93,A,W,-0.03021,-0.03021,2,2.5,1,-0.4403,0.3798
93,A,Y,-0.1045,-0.1045,2,3.5,1,-0.4269,0.2179
94,N,A,0.3169,0.3169,1,2,0.5,,0.3169
94,N,C,0.7181,0.7181,2,1.5,1,0.9376,0.4987
94,N,D,0.3079,0.3079,2,4,1,0.5821,0.03377
94,N,E,0.3207,0.3207,2,2.5,1,-0.2426,0.884
94,N,F,0.1947,0.1947,1,1,0.5,0.1947,
94,N,G,0.2492,0.2492,1,2,0.5,0.2492,
94,N,H,-0.1045,-0.1045,2,5,1,-0.07826,-0.1308
94,N,I,0.8631,0.8631,2,2,1,0.7978,0.9284
94,N,K,0.507,0.507,2,4.5,1,0.35,0.664
94,N,L,0.01612,0.01612,2,3.5,1,-0.3814,0.4137
94,N,M,0.1382,0.1382,2,4,1,-0.01301,0.2894
94,N,N,0,0,2,,1,0,0
94,N,P,0.8986,0.8986,1,1,0.5,,0.8986
94,N,Q,0.2461,0.2461,2,1,1,0.5143,-0.02206
94,N,R,0.208,0.208,2,3,1,-0.05291,0.4689
94,N,S,0.4695,0.4695,2,4.5,1,0.6217,0.3172
94,N,T,0.2719,0.2719,2,3,1,0.07464,0.4692
94,N,V,0.4412,0.4412,2,4.5,1,0.5685,0.3139
94,N,W,-0.1179,-0.1179,2,2.5,1,0.3061,-0.5418
94,N,Y,0.0419,0.0419,2,2,1,0.562,-0.4782
95,D,A,-0.3391,-0.3391,2,2,1,-0.6863,0.008026
95,D,C,-0.3863,-0.3863,2,1.5,1,-0.6878,-0.0848
95,D,D,0,0,2,,1,0,0
95,D,E,0.2455,0.2455,2,4,1,0.2948,0.1963
95,D,F,0.0756,0.0756,1,3,0.5,0.0756,
95,D,G,-0.7232,-0.7232,2,2,1,-1.398,-0.0482
95,D,H,-0.01857,-0.01857,2,2.5,1,0.07788,-0.115
95,D,I,0.9281,0.9281,2,2,1,0.97,0.8862
95,D,K,0.183,0.183,2,3,1,0.1848,0.1812
95,D,L,0.562,0.562,2,3,1,0.3634,0.7605
95,D,M,0.04735,0.04735,2,3.5,1,-0.03258,0.1273
95,D,N,0.3815,0.3815,1,4,0.5,0.3815,
95,D,P,0.5285,0.5285,2,1,1,0.04684,1.01
95,D,Q,0.5828,0.5828,2,3.5,1,0.6008,0.5649
95,D,R,0.3334,0.3334,2,4,1,0.344,0.3228
95,D,S,0.4429,0.4429,2,2,1,-0.0003358,0.8862
95,D,T,0.1976,0.1976,2,2.5,1,0.4894,-0.09428
95,D,V,0.7597,0.7597,1,3,0.5,,0.7597
95,D,W,1.912,1.912,1,1,0.5,,1.912
95,D,Y,0.01858,0.01858,1,1,0.5,,0.01858
96,L,C,-0.05189,-0.05189,2,4.5,1,-0.08969,-0.01409
96,L,D,-0.4406,-0.4406,1,2,0.5,,-0.4406
96,L,E,0.6472,0.6472,2,1,1,1.113,0.1818
96,L,F,-0.3316,-0.3316,2,2,1,-0.5308,-0.1324
96,L,G,0.1561,0.1561,2,1,1,0.3063,0.005924
96,L,H,-0.06995,-0.06995,2,2,1,0.6292,-0.7691
96,L,I,-0.01691,-0.01691,2,3.5,1,0.1367,-0.1705
96,L,K,-0.03396,-0.03396,2,2.5,1,0.2413,-0.3092
96,L,L,0,0,2,,1,0,0
96,L,M,0.7082,0.7082,2,2.5,1,1.142,0.2745
96,L,N,0.03899,0.03899,2,3,1,-0.1317,0.2097
96,L,P,1.28,1.28,1,1,0.5,,1.28
96,L,Q,0.1137,0.1137,2,4,1,0.2951,-0.0676
96,L,R,0.4637,0.4637,2,3,1,0.4169,0.5104
96,L,T,-0.6211,-0.6211,2,2,1,-0.576,-0.6663
96,L,V,0.2605,0.2605,2,2,1,0.3202,0.2008
96,L,W,0.1295,0.1295,2,3,1,-0.6465,0.9054
96,L,Y,-0.2435,-0.2435,2,2.5,1,-0.5689,0.08186
97,C,C,0,0,1,,0.5,0,
97,C,E,-2.276,-2.276,1,1,0.5,-2.276,
98,Y,A,-1.205,-1.205,1,1,0.5,,-1.205
98,Y,D,-0.2879,-0.2879,1,1,0.5,,-0.2879
98,Y,E,0.3358,0.3358,1,1,0.5,,0.3358
98,Y,F,-1.667,-1.667,2,1,1,-2.512,-0.8216
98,Y,H,-1.429,-1.429,2,2,1,-2.512,-0.3474
98,Y,I,-1.205,-1.205,1,1,0.5,,-1.205
98,Y,L,-2.169,-2.169,1,1,0.5,-2.169,
98,Y,M,-0.2107,-0.2107,1,1,0.5,,-0.2107
98,Y,T,-2.907,-2.907,1,3,0.5,-2.907,
98,Y,W,-2.044,-2.044,2,1.5,1,-2.747,-1.341
98,Y,Y,0,0,2,,1,0,0
99,P,A,-0.5267,-0.5267,2,2,1,-0.003864,-1.049
99,P,E,-0.5012,-0.5012,1,1,0.5,,-0.5012
99,P,G,-0.1252,-0.1252,1,2,0.5,,-0.1252
99,P,L,0.6987,0.6987,1,1,0.5,,0.6987
99,P,M,-1.127,-1.127,2,1,1,-1.641,-0.6136
99,P,P,0,0,2,,1,0,0
99,P,T,-0.1284,-0.1284,2,1,1,-0.1268,-0.13
99,P,V,1.969,1.969,1,1,0.5,1.969,
100,G,A,0.6544,0.6544,2,4.5,1,1.119,0.1894
100,G,C,0.1759,0.1759,1,5,0.5,0.1759,
100,G,D,2.658,2.658,1,0.5,0.5,,2.658
100,G,F,-0.8678,-0.8678,2,1.5,1,-1.759,0.02365
100,G,G,0,0,2,,1,0,0
100,G,L,0.1698,0.1698,1,1,0.5,,0.1698
100,G,M,2.212,2.212,2,1.5,1,2.68,1.743
100,G,N,-0.5279,-0.5279,1,1,0.5,-0.5279,
100,G,S,0.1312,0.1312,2,2.5,1,0.209,0.05347
100,G,T,1.461,1.461,1,2,0.5,1.461,
100,G,V,0.6377,0.6377,1,1,0.5,,0.6377
100,G,Y,0.1384,0.1384,1,2,0.5,,0.1384
101,S,A,0.02457,0.02457,1,1,0.5,0.02457,
101,S,C,0.1974,0.1974,2,4,1,0.465,-0.07013
101,S,D,0.9864,0.9864,2,2,1,2.078,-0.1051
101,S,F,0.2498,0.2498,2,3.5,1,0.6208,-0.1212
101,S,G,-0.3643,-0.3643,2,2.5,1,-0.3602,-0.3683
101,S,H,0.06325,0.06325,2,2,1,-0.05495,0.1815
101,S,I,-0.003693,-0.003693,2,1,1,0.06819,-0.07558
101,S,K,-0.5917,-0.5917,2,1.5,1,-1.091,-0.09235
101,S,L,0.2835,0.2835,2,3.5,1,0.4195,0.1475
101,S,M,0.0649,0.0649,2,2.5,1,0.3904,-0.2606
101,S,N,0.06922,0.06922,2,2.5,1,-0.0781,0.2166
101,S,P,-0.2711,-0.2711,2,1.5,1,-1.305,0.7623
101,S,Q,0.3324,0.3324,2,2.5,1,0.7957,-0.1308
101,S,R,0.1619,0.1619,2,3.5,1,0.5008,-0.1771
101,S,S,0,0,2,,1,0,0
101,S,T,0.2642,0.2642,2,2.5,1,0.6636,-0.1352
101,S,V,-0.3024,-0.3024,2,1.5,1,-0.4925,-0.1123
101,S,W,-0.004627,-0.004627,1,2,0.5,,-0.004627
101,S,Y,-0.03931,-0.03931,1,5,0.5,,-0.03931
102,L,A,0.8741,0.8741,1,1,0.5,,0.8741
102,L,C,0.6912,0.6912,2,4,1,0.9846,0.3979
102,L,D,1.628,1.628,1,1,0.5,1.628,
102,L,F,0.3445,0.3445,2,3.5,1,0.5845,0.1044
102,L,I,0.3939,0.3939,2,1.5,1,0.8063,-0.01861
102,L,K,-1.343,-1.343,2,1,1,-1.858,-0.8285
102,L,L,0,0,2,,1,0,0
102,L,M,0.4199,0.4199,2,5.5,1,0.1512,0.6886
102,L,Q,-0.0296,-0.0296,1,2,0.5,,-0.0296
102,L,T,0.5955,0.5955,2,1.25,1,0.7796,0.4114
102,L,V,0.3237,0.3237,1,3,0.5,,0.3237
102,L,W,0.2952,0.2952,2,1.5,1,0.4886,0.1019
102,L,Y,-0.5991,-0.5991,2,1.5,1,-1.119,-0.07914
103,N,A,-0.5313,-0.5313,2,3,1,-1.035,-0.02744
103,N,C,0.1053,0.1053,2,1,1,0.2178,-0.007061
103,N,D,-0.002807,-0.002807,2,3.5,1,-0.1076,0.102
103,N,E,0.129,0.129,2,2.5,1,-0.1778,0.4359
103,N,F,-0.5037,-0.5037,2,1.5,1,-1.017,0.009698
103,N,G,0.1504,0.1504,1,2,0.5,,0.1504
103,N,H,0.2311,0.2311,2,3.5,1,0.7247,-0.2624
103,N,I,-0.3825,-0.3825,2,2.5,1,-0.531,-0.234
103,N,K,0.3365,0.3365,2,6,1,0.6051,0.06792
103,N,L,0.05643,0.05643,1,2,0.5,,0.05643
103,N,M,0.2095,0.2095,2,3,1,0.7393,-0.3203
103,N,N,0,0,2,,1,0,0
103,N,P,0.2318,0.2318,2,3.5,1,0.2682,0.1954
103,N,Q,0.01545,0.01545,2,3.5,1,-0.02967,0.06056
103,N,R,0.1419,0.1419,2,3.5,1,0.1327,0.1512
103,N,S,0.2541,0.2541,2,1.5,1,0.1467,0.3615
103,N,T,0.3152,0.3152,2,2.5,1,0.5203,0.1101
103,N,V,-0.1935,-0.1935,2,3.5,1,-0.4717,0.08479
103,N,W,0.2241,0.2241,2,2,1,0.5747,-0.1265
103,N,Y,0.1295,0.1295,2,3.5,1,0.03914,0.2199
104,D,A,-0.3893,-0.3893,1,6,0.5,-0.3893,
104,D,C,-0.3435,-0.3435,2,3,1,-0.6783,-0.008607
104,D,D,0,0,2,,1,0,0
104,D,E,0.2116,0.2116,2,3.5,1,0.7107,-0.2876
104,D,F,0.2289,0.2289,2,4.5,1,0.4484,0.00937
104,D,G,-0.1252,-0.1252,2,2.5,1,-0.2992,0.04868
104,D,H,0.2217,0.2217,2,3,1,0.3227,0.1207
104,D,I,0.2612,0.2612,2,3.5,1,0.1511,0.3713
104,D,K,0.5369,0.5369,1,2,0.5,0.5369,
104,D,L,0.2791,0.2791,1,5,0.5,,0.2791
104,D,M,1.338,1.338,1,5,0.5,1.338,
104,D,N,0.1313,0.1313,2,3.5,1,0.1507,0.112
104,D,P,-0.3907,-0.3907,2,3,1,-0.5574,-0.2239
104,D,Q,0.3053,0.3053,2,2.5,1,0.5896,0.02096
104,D,R,-0.6863,-0.6863,1,2,0.5,-0.6863,
104,D,S,-0.05446,-0.05446,2,2,1,-0.02486,-0.08406
104,D,T,-0.9212,-0.9212,2,1,1,-2.066,0.2241
104,D,V,-0.2575,-0.2575,2,2.5,1,-0.5936,0.07851
104,D,W,-0.5577,-0.5577,2,3,1,-0.7073,-0.4081
104,D,Y,-0.4598,-0.4598,2,2.5,1,-1.026,0.1065
105,Y,A,-0.001845,-0.001845,1,4,0.5,-0.001845,
105,Y,C,0.09903,0.09903,2,1.5,1,0.1802,0.01784
105,Y,D,-0.77,-0.77,2,1.5,1,-1.254,-0.2855
105,Y,E,0.1938,0.1938,2,2,1,0.4281,-0.0404
105,Y,G,-0.06128,-0.06128,2,1,1,-0.3507,0.2282
105,Y,H,-0.3092,-0.3092,2,4,1,-0.5156,-0.1027
105,Y,I,-0.302,-0.302,2,2,1,-0.307,-0.2969
105,Y,K,0.2682,0.2682,1,3,0.5,0.2682,
105,Y,L,-0.04002,-0.04002,2,3,1,0.05658,-0.1366
105,Y,M,-0.7534,-0.7534,1,2,0.5,-0.7534,
105,Y,N,-0.03269,-0.03269,2,3,1,-0.788,0.7226
105,Y,P,-0.7472,-0.7472,2,1.5,1,-1.409,-0.08575
105,Y,Q,0.01667,0.01667,2,2.5,1,-0.002548,0.03589
105,Y,R,0.06197,0.06197,2,2.5,1,0.04514,0.0788
105,Y,T,3.016,3.016,1,0.5,0.5,,3.016
105,Y,V,-0.2298,-0.2298,2,3.5,1,-0.4973,0.03781
105,Y,W,-0.8907,-0.8907,2,3,1,-1.065,-0.716
105,Y,Y,0,0,2,,1,0,0
106,E,A,-0.1975,-0.1975,2,1,1,0.2957,-0.6908
106,E,C,-0.3295,-0.3295,2,1,1,-0.7318,0.07282
106,E,D,-0.06894,-0.06894,2,4,1,-0.2703,0.1324
106,E,E,0,0,2,,1,0,0
106,E,F,0.176,0.176,2,3,1,0.5024,-0.1504
106,E,G,0.02806,0.02806,2,3,1,0.1273,-0.07119
106,E,H,-0.4921,-0.4921,2,4.5,1,-0.7143,-0.27
106,E,K,-2.38,-2.38,1,2,0.5,-2.38,
106,E,L,0.5822,0.5822,2,2,1,0.5599,0.6045
106,E,M,-0.0112,-0.0112,2,2,1,-0.3457,0.3233
106,E,N,0.06513,0.06513,2,2,1,0.2963,-0.1661
106,E,P,-0.6737,-0.6737,2,1.5,1,-1.123,-0.224
106,E,Q,-0.1878,-0.1878,2,2.5,1,-0.2955,-0.08004
106,E,W,0.1558,0.1558,1,1,0.5,,0.1558
106,E,Y,-0.3731,-0.3731,2,3,1,-0.2528,-0.4933
107,E,D,-0.09737,-0.09737,1,1,0.5,,-0.09737
107,E,E,0,0,2,,1,0,0
107,E,K,-2.392,-2.392,1,2,0.5,-2.392,
107,E,M,-2.39,-2.39,1,1,0.5,-2.39,
107,E,R,0.1684,0.1684,1,1,0.5,,0.1684
107,E,W,0.2314,0.2314,1,1,0.5,,0.2314
107,E,Y,-1.343,-1.343,2,1,1,-2.346,-0.3392
108,L,A,0.1213,0.1213,1,1,0.5,,0.1213
108,L,C,0.1481,0.1481,1,1,0.5,,0.1481
108,L,F,0.06003,0.06003,2,1.5,1,0.6429,-0.5229
108,L,G,-1.66,-1.66,1,1,0.5,-1.66,
108,L,I,0.3021,0.3021,2,1.5,1,0.2419,0.3623
108,L,L,0,0,2,,1,0,0
108,L,M,0.2584,0.2584,2,6,1,0.4108,0.106
108,L,T,-0.3483,-0.3483,1,1,0.5,,-0.3483
108,L,V,0.4051,0.4051,1,1,0.5,,0.4051
108,L,Y,-2.906,-2.906,1,2,0.5,,-2.906
109,K,A,0.02716,0.02716,2,2,1,0.1503,-0.09603
109,K,C,0.05019,0.05019,2,2.5,1,-0.1669,0.2673
109,K,E,-1.117,-1.117,2,1,1,-1.052,-1.182
109,K,G,0.4526,0.4526,2,1.5,1,0.3354,0.5698
109,K,I,-0.9207,-0.9207,1,1,0.5,,-0.9207
109,K,K,0,0,2,,1,0,0
109,K,N,-0.4116,-0.4116,1,1,0.5,,-0.4116
109,K,Q,-0.3782,-0.3782,2,3.5,1,-0.676,-0.08031
109,K,R,0.4401,0.4401,2,4,1,0.01365,0.8665
109,K,S,0.243,0.243,2,1.5,1,0.122,0.3641
109,K,T,-0.9471,-0.9471,2,1.5,1,-1.425,-0.4688
109,K,V,-0.6629,-0.6629,1,2,0.5,-0.6629,
109,K,W,0.02074,0.02074,1,1,0.5,0.02074,
110,H,A,0.4304,0.4304,2,2,1,0.6225,0.2382
110,H,C,0.7077,0.7077,2,2,1,1.103,0.3128
110,H,E,-0.7831,-0.7831,2,3,1,-1.217,-0.3493
110,H,G,-1.182,-1.182,1,1,0.5,,-1.182
110,H,H,0,0,2,,1,0,0
110,H,I,0.7799,0.7799,2,1.5,1,0.7328,0.8269
110,H,K,3.09,3.09,1,0.5,0.5,,3.09
110,H,L,0.4006,0.4006,2,1.5,1,0.763,0.03809
110,H,M,0.4069,0.4069,2,3.5,1,0.5922,0.2216
110,H,N,-0.8988,-0.8988,2,3,1,-1.781,-0.01611
110,H,Q,0.7716,0.7716,2,2.5,1,0.2509,1.292
110,H,R,-0.5777,-0.5777,1,1,0.5,,-0.5777
110,H,S,0.8785,0.8785,2,2.5,1,1.137,0.6196
110,H,T,1.3,1.3,2,3.5,1,1.613,0.9881
110,H,W,0.1788,0.1788,1,4,0.5,,0.1788
110,H,Y,0.2377,0.2377,2,4,1,0.6324,-0.1569
111,M,A,-1.273,-1.273,2,2.5,1,-2.333,-0.2136
111,M,C,-0.934,-0.934,2,2.5,1,-1.382,-0.4863
111,M,D,-0.4915,-0.4915,2,2,1,-0.7326,-0.2504
111,M,E,0.303,0.303,2,1.5,1,-0.1876,0.7935
111,M,F,-0.1091,-0.1091,1,3,0.5,-0.1091,
111,M,G,0.151,0.151,2,2.5,1,0.2384,0.0636
111,M,H,-0.564,-0.564,2,4,1,-1.041,-0.08679
111,M,I,-0.1923,-0.1923,2,2.5,1,-0.2512,-0.1334
111,M,K,-0.1154,-0.1154,1,2,0.5,-0.1154,
111,M,L,-0.1148,-0.1148,2,2,1,-0.2083,-0.02119
111,M,M,0,0,2,,1,0,0
111,M,Q,-1.308,-1.308,2,1.5,1,-2.273,-0.3436
111,M,R,-1.519,-1.519,2,1,1,-2.127,-0.9117
111,M,S,-0.8429,-0.8429,2,4.5,1,-1.402,-0.2841
111,M,T,-0.0978,-0.0978,2,2,1,0.1765,-0.3721
111,M,V,-2.127,-2.127,1,1,0.5,-2.127,
111,M,W,-0.1433,-0.1433,2,2.5,1,0.2061,-0.4927
111,M,Y,0.5052,0.5052,2,2.5,1,0.657,0.3534
112,L,A,0.5726,0.5726,1,4,0.5,,0.5726
112,L,C,-0.0402,-0.0402,2,3,1,0.187,-0.2674
112,L,F,0.597,0.597,2,1,1,0.3193,0.8747
112,L,G,2.66,2.66,1,1,0.5,2.66,
112,L,H,0.8747,0.8747,1,1,0.5,,0.8747
112,L,I,0.2159,0.2159,2,3,1,0.2126,0.2192
112,L,L,0,0,2,,1,0,0
112,L,M,-0.04263,-0.04263,2,2.5,1,-0.1602,0.07497
112,L,S,0.04161,0.04161,2,4,1,-0.7693,0.8525
112,L,T,0.1003,0.1003,2,1,1,0.6262,-0.4255
112,L,V,0.3537,0.3537,2,4.5,1,0.3174,0.3899
112,L,W,-0.3932,-0.3932,2,1,1,-0.5631,-0.2233
112,L,Y,-0.7541,-0.7541,1,1,0.5,,-0.7541
113,S,A,-0.1312,-0.1312,2,5.5,1,-0.3208,0.05836
113,S,C,-0.6463,-0.6463,1,1,0.5,,-0.6463
113,S,G,-1.556,-1.556,2,2.5,1,-1.875,-1.238
113,S,H,-1.875,-1.875,1,1,0.5,-1.875,
113,S,I,-1.004,-1.004,1,1,0.5,-1.004,
113,S,M,0.07497,0.07497,1,1,0.5,0.07497,
113,S,R,-1.2,-1.2,1,1,0.5,,-1.2
113,S,S,0,0,2,,1,0,0
113,S,T,-1.206,-1.206,1,1,0.5,,-1.206
113,S,W,1.926,1.926,1,1,0.5,1.926,
114,R,A,3.084,3.084,1,0.5,0.5,,3.084
114,R,C,0.2893,0.2893,2,5,1,0.4959,0.08277
114,R,D,-0.636,-0.636,1,1,0.5,-0.636,
114,R,E,1.443,1.443,2,1,1,1.655,1.23
114,R,F,0.5945,0.5945,1,1,0.5,0.5945,
114,R,G,-0.02728,-0.02728,2,1,1,-0.1106,0.05605
114,R,H,0.1797,0.1797,1,1,0.5,0.1797,
114,R,I,-1.456,-1.456,1,1,0.5,-1.456,
114,R,K,0.4368,0.4368,2,5,1,-0.02964,0.9033
114,R,L,-0.2397,-0.2397,2,1.5,1,0.01576,-0.4951
114,R,M,-0.3622,-0.3622,2,1.5,1,-2.073,1.348
114,R,N,1.611,1.611,1,2,0.5,1.611,
114,R,P,-0.5918,-0.5918,1,1,0.5,,-0.5918
114,R,Q,2.068,2.068,2,2,1,2.618,1.517
114,R,R,0,0,2,,1,0,0
114,R,T,1.611,1.611,2,1,1,1.783,1.439
114,R,V,2.766,2.766,1,1,0.5,2.766,
114,R,W,0.3228,0.3228,2,4.5,1,0.6244,0.02124
114,R,Y,-1.716,-1.716,2,2.5,1,-3.223,-0.2083
115,I,A,0.9309,0.9309,1,1,0.5,,0.9309
115,I,C,0.2199,0.2199,2,1.5,1,0.456,-0.01612
115,I,D,-2.273,-2.273,1,2,0.5,-2.273,
115,I,E,0.904,0.904,2,0.75,1,-1.271,3.079
115,I,H,-1.933,-1.933,1,1,0.5,-1.933,
115,I,I,0,0,2,,1,0,0
115,I,L,1.065,1.065,2,2,1,0.9903,1.14
115,I,M,3.079,3.079,1,0.5,0.5,,3.079
115,I,N,-1.133,-1.133,1,1,0.5,-1.133,
115,I,Q,2.814,2.814,1,0.5,0.5,,2.814
115,I,V,0.6247,0.6247,1,7,0.5,,0.6247
116,N,A,0.3192,0.3192,1,1,0.5,,0.3192
116,N,C,0.6838,0.6838,2,1.5,1,1.057,0.3103
116,N,E,2.961,2.961,1,2,0.5,,2.961
116,N,F,0.9571,0.9571,1,1,0.5,,0.9571
116,N,G,2.012,2.012,2,1.5,1,2.74,1.283
116,N,H,0.9103,0.9103,2,2.5,1,0.7097,1.111
116,N,I,-0.002777,-0.002777,1,1,0.5,-0.002777,
116,N,K,0.1924,0.1924,2,6.5,1,0.4144,-0.02963
116,N,L,-0.2185,-0.2185,1,4,0.5,,-0.2185
116,N,M,0.02077,0.02077,2,3,1,-0.1132,0.1547
116,N,N,0,0,2,,1,0,0
116,N,P,0.1166,0.1166,2,2,1,-0.379,0.6122
116,N,Q,0.04345,0.04345,2,2,1,0.09965,-0.01274
116,N,R,-0.1325,-0.1325,1,5,0.5,-0.1325,
116,N,S,-0.2909,-0.2909,2,2.5,1,-1.512,0.9306
116,N,T,1.37,1.37,2,1,1,2.307,0.434
116,N,V,-0.2647,-0.2647,2,1.5,1,-0.2136,-0.3157
116,N,Y,0.5376,0.5376,2,1,1,0.5149,0.5604
117,H,A,0.6538,0.6538,2,1.5,1,1.802,-0.4943
117,H,C,0.7755,0.7755,2,2.5,1,0.9075,0.6435
117,H,D,0.1558,0.1558,2,4.5,1,-0.09656,0.4082
117,H,E,-0.2444,-0.2444,1,1,0.5,-0.2444,
117,H,F,1.807,1.807,2,1,1,2.787,0.8261
117,H,G,-0.6814,-0.6814,2,1.5,1,-1.265,-0.09824
117,H,H,0,0,2,,1,0,0
117,H,I,0.3867,0.3867,2,1.5,1,0.02093,0.7525
117,H,K,0.3894,0.3894,1,3,0.5,0.3894,
117,H,L,0.006674,0.006674,1,2,0.5,,0.006674
117,H,M,-1.17,-1.17,2,1,1,-2.008,-0.3313
117,H,N,-0.04184,-0.04184,2,4.5,1,0.03406,-0.1177
117,H,Q,0.1703,0.1703,2,3,1,0.3635,-0.02293
117,H,R,-0.5404,-0.5404,2,2,1,-1.337,0.2567
117,H,S,-0.189,-0.189,2,3,1,-0.382,0.003863
117,H,T,1.141,1.141,2,2.5,1,1.373,0.9081
117,H,V,0.5639,0.5639,1,2,0.5,,0.5639
117,H,W,0.1453,0.1453,2,2.5,1,0.04082,0.2497
117,H,Y,0.583,0.583,2,3.5,1,0.2335,0.9325
118,F,A,1.162,1.162,1,2,0.5,1.162,
118,F,C,-0.2658,-0.2658,2,2,1,-0.3356,-0.1961
118,F,E,-0.683,-0.683,1,1,0.5,,-0.683
118,F,F,0,0,2,,1,0,0
118,F,G,0.1421,0.1421,2,1.5,1,-0.03263,0.3168
118,F,H,0.2371,0.2371,2,3.5,1,0.4466,0.02761
118,F,I,-1.419,-1.419,1,3,0.5,-1.419,
118,F,K,0.01619,0.01619,2,1.5,1,-0.334,0.3663
118,F,N,-0.6389,-0.6389,1,4,0.5,-0.6389,
118,F,Q,0.4556,0.4556,1,3,0.5,,0.4556
118,F,S,0.2636,0.2636,1,1,0.5,,0.2636
118,F,T,-0.65,-0.65,2,2,1,-0.9741,-0.3259
118,F,V,0.9703,0.9703,1,1,0.5,0.9703,
118,F,W,0.02638,0.02638,2,1.5,1,-0.393,0.4457
118,F,Y,0.7354,0.7354,2,3.25,1,0.5544,0.9164
119,E,A,0.2273,0.2273,1,5,0.5,0.2273,
119,E,C,0.9565,0.9565,1,4,0.5,0.9565,
119,E,D,0.2425,0.2425,2,2.5,1,0.5399,-0.0548
119,E,E,0,0,2,,1,0,0
119,E,F,0.222,0.222,2,4.5,1,0.2948,0.1493
119,E,G,0.1613,0.1613,2,5,1,-0.03246,0.355
119,E,H,-0.214,-0.214,2,3,1,-0.5852,0.1571
119,E,I,-1.718,-1.718,1,2,0.5,-1.718,
119,E,K,-0.08493,-0.08493,2,2,1,-0.01047,-0.1594
119,E,L,-0.121,-0.121,2,1.5,1,-0.5611,0.3192
119,E,M,0.3701,0.3701,2,2.5,1,0.4055,0.3347
119,E,N,0.05064,0.05064,2,2,1,-0.07766,0.1789
119,E,P,-0.996,-0.996,1,1,0.5,,-0.996
119,E,Q,0.3024,0.3024,1,2,0.5,,0.3024
119,E,R,0.2036,0.2036,2,2,1,0.6184,-0.2113
119,E,S,0.2486,0.2486,2,3.5,1,0.1821,0.3151
119,E,T,0.1586,0.1586,2,2,1,0.2921,0.02505
119,E,V,0.1715,0.1715,2,2.5,1,0.4362,-0.09319
119,E,W,-0.01662,-0.01662,2,2,1,-0.3836,0.3504
119,E,Y,0.9685,0.9685,2,2,1,1.784,0.1529
120,K,A,0.6296,0.6296,2,2,1,0.7948,0.4643
120,K,C,1.633,1.633,1,1.5,0.5,,1.633
120,K,D,0.538,0.538,1,1,0.5,,0.538
120,K,E,1.24,1.24,2,6,1,2.09,0.3893
120,K,F,3.096,3.096,1,0.5,0.5,,3.096
120,K,G,0.3557,0.3557,2,2.5,1,0.1366,0.5747
120,K,H,-0.3065,-0.3065,2,2.5,1,-0.5909,-0.02216
120,K,I,0.8784,0.8784,2,3.5,1,1.036,0.7205
120,K,K,0,0,2,,1,0,0
120,K,L,-0.2925,-0.2925,1,7,0.5,-0.2925,
120,K,M,0.4474,0.4474,2,2,1,0.4897,0.4051
120,K,N,-0.426,-0.426,1,2,0.5,-0.426,
120,K,P,-0.427,-0.427,2,3.5,1,-0.6051,-0.2489
120,K,Q,0.8482,0.8482,2,3.5,1,1.253,0.4429
120,K,R,-0.1085,-0.1085,2,2,1,-0.4767,0.2597
120,K,S,0.8844,0.8844,2,1.5,1,1.195,0.5742
120,K,T,0.478,0.478,2,3,1,0.802,0.154
120,K,V,-0.3093,-0.3093,2,1,1,0.3273,-0.9459
120,K,W,0.3273,0.3273,1,1,0.5,0.3273,
120,K,Y,1.392,1.392,2,2,1,3.139,-0.3554
121,I,A,-0.2368,-0.2368,2,2.5,1,-0.5404,0.06684
121,I,C,-0.03282,-0.03282,2,2,1,-0.06013,-0.005515
121,I,D,-0.5864,-0.5864,1,2,0.5,-0.5864,
121,I,E,-0.02661,-0.02661,2,2,1,0.3166,-0.3698
121,I,F,0.4615,0.4615,2,2,1,0.6878,0.2352
121,I,G,0.7004,0.7004,1,2,0.5,,0.7004
121,I,H,-1.059,-1.059,2,1.5,1,-2.078,-0.03968
121,I,I,0,0,2,,1,0,0
121,I,K,-0.02302,-0.02302,2,2.5,1,0.111,-0.1571
121,I,L,0.06899,0.06899,1,2,0.5,,0.06899
121,I,M,-0.1762,-0.1762,2,4,1,-0.2117,-0.1408
121,I,N,-0.3719,-0.3719,2,3,1,-0.8572,0.1134
121,I,P,-2.309,-2.309,1,1,0.5,-2.309,
121,I,Q,0.3393,0.3393,2,1,1,-0.2017,0.8803
121,I,R,0.118,0.118,2,5,1,0.02895,0.207
121,I,S,-0.4398,-0.4398,2,1.5,1,-0.9878,0.1081
121,I,T,-0.02064,-0.02064,2,4.5,1,-0.1232,0.08198
121,I,V,-0.2745,-0.2745,2,2,1,-0.2946,-0.2545
121,I,W,-0.06122,-0.06122,2,2.5,1,-0.2172,0.09475
121,I,Y,0.5409,0.5409,1,1,0.5,,0.5409
122,L,A,-0.2581,-0.2581,2,1,1,-1.144,0.6281
122,L,C,0.2041,0.2041,1,1,0.5,0.2041,
122,L,D,-0.9382,-0.9382,1,3,0.5,-0.9382,
122,L,E,0.1858,0.1858,2,3,1,0.2633,0.1083
122,L,F,-0.1461,-0.1461,2,2,1,-1.003,0.7108
122,L,G,0.6386,0.6386,1,1,0.5,0.6386,
122,L,H,-0.04625,-0.04625,2,2.5,1,-0.1974,0.1049
122,L,I,0.216,0.216,2,3,1,0.204,0.2281
122,L,K,0.1262,0.1262,2,3.5,1,0.1578,0.09462
122,L,L,0,0,2,,1,0,0
122,L,M,-0.1729,-0.1729,2,2.5,1,-0.3411,-0.004707
122,L,N,-0.05032,-0.05032,2,2.5,1,0.04286,-0.1435
122,L,P,0.0519,0.0519,2,3.5,1,-0.1849,0.2887
122,L,Q,0.3566,0.3566,2,3.5,1,0.7385,-0.02527
122,L,R,0.7363,0.7363,2,2,1,1.622,-0.149
122,L,S,0.2754,0.2754,2,1,1,0.5859,-0.03498
122,L,T,0.3902,0.3902,1,2,0.5,,0.3902
122,L,V,-0.2166,-0.2166,2,1,1,-0.5478,0.1146
122,L,W,-0.1503,-0.1503,2,4,1,-0.1886,-0.1121
122,L,Y,-0.04785,-0.04785,2,1.5,1,-0.1313,0.03559
123,I,A,-0.3599,-0.3599,2,3.5,1,-0.6441,-0.07563
123,I,C,-0.9824,-0.9824,2,1,1,-1.932,-0.03263
123,I,F,-0.207,-0.207,2,4.5,1,-0.5209,0.1068
123,I,I,0,0,2,,1,0,0
123,I,L,-0.3589,-0.3589,2,2.5,1,-0.6148,-0.103
123,I,M,-0.06961,-0.06961,2,4.5,1,0.05518,-0.1944
123,I,Q,-1.188,-1.188,1,1,0.5,,-1.188
123,I,S,-0.08603,-0.08603,2,2,1,0.1855,-0.3576
123,I,T,0.1706,0.1706,2,1,1,0.3348,0.006324
123,I,V,-0.164,-0.164,2,2,1,-0.2207,-0.1073
123,I,W,-0.08819,-0.08819,2,2,1,-0.4465,0.2702
123,I,Y,0.2927,0.2927,1,2,0.5,,0.2927
124,I,A,0.01532,0.01532,2,3.5,1,-0.04013,0.07077
124,I,C,-0.4052,-0.4052,2,1,1,-0.785,-0.02532
124,I,D,0.7893,0.7893,2,3,1,1.586,-0.007626
124,I,E,0.1539,0.1539,1,5,0.5,,0.1539
124,I,F,0.1519,0.1519,2,1,1,0.07041,0.2334
124,I,G,-0.2491,-0.2491,1,3,0.5,-0.2491,
124,I,H,0.02393,0.02393,2,2,1,0.1587,-0.1108
124,I,I,0,0,2,,1,0,0
124,I,K,0.136,0.136,2,2,1,0.4327,-0.1607
124,I,L,-0.1336,-0.1336,2,2.5,1,-0.4012,0.1341
124,I,M,0.1941,0.1941,2,1.5,1,0.3542,0.03401
124,I,N,0.03558,0.03558,2,3,1,0.06951,0.001648
124,I,P,0.0552,0.0552,1,1,0.5,,0.0552
124,I,Q,-0.6923,-0.6923,2,2,1,-1.462,0.07735
124,I,R,0.06367,0.06367,2,2.5,1,0.2503,-0.1229
124,I,S,-0.2307,-0.2307,2,3.5,1,-0.5441,0.08279
124,I,T,0.2237,0.2237,2,3,1,0.2254,0.2219
124,I,V,0.1009,0.1009,2,2.5,1,0.3414,-0.1395
124,I,W,0.2781,0.2781,2,3,1,0.2666,0.2896
124,I,Y,0.05159,0.05159,2,2,1,0.2379,-0.1347
125,P,A,0.007102,0.007102,2,3,1,0.009115,0.005088
125,P,C,0.3087,0.3087,2,1,1,0.3161,0.3012
125,P,D,0.5965,0.5965,2,3.5,1,1.113,0.07972
125,P,E,0.5592,0.5592,1,4,0.5,0.5592,
125,P,F,-0.03352,-0.03352,1,2,0.5,,-0.03352
125,P,G,0.1783,0.1783,2,2.5,1,-0.03474,0.3914
125,P,H,0.09381,0.09381,2,3.5,1,0.2588,-0.07117
125,P,K,0.3701,0.3701,2,3.5,1,0.7323,0.007936
125,P,L,-0.7294,-0.7294,1,1,0.5,-0.7294,
125,P,M,0.615,0.615,1,2,0.5,,0.615
125,P,N,0.3154,0.3154,2,3,1,0.4394,0.1913
125,P,P,0,0,2,,1,0,0
125,P,Q,0.8506,0.8506,2,4.5,1,1.509,0.1927
125,P,R,0.06269,0.06269,2,3,1,-0.2019,0.3273
125,P,S,0.2762,0.2762,2,3.5,1,0.623,-0.07059
125,P,T,0.3923,0.3923,2,4.5,1,0.6665,0.1182
125,P,W,0.1772,0.1772,2,1,1,0.3161,0.03818
125,P,Y,-1.196,-1.196,2,1.5,1,-2.359,-0.03337
125a,K,A,0.1252,0.1252,1,3,0.5,,0.1252
125a,K,C,-0.5364,-0.5364,2,1,1,-0.8612,-0.2115
125a,K,D,0.5552,0.5552,2,3,1,0.8821,0.2284
125a,K,E,0.2186,0.2186,2,2,1,0.2248,0.2124
125a,K,F,0.08939,0.08939,2,3,1,-0.1725,0.3513
125a,K,G,0.3155,0.3155,2,3.5,1,0.3798,0.2512
125a,K,H,1.021,1.021,2,3.5,1,1.619,0.4222
125a,K,I,-0.2622,-0.2622,2,4,1,-0.43,-0.09443
125a,K,K,0,0,2,,1,0,0
125a,K,L,0.1579,0.1579,2,1.5,1,0.3182,-0.002282
125a,K,M,0.4514,0.4514,2,3,1,0.4849,0.4179
125a,K,N,1.081,1.081,2,4,1,1.775,0.3878
125a,K,P,-0.0728,-0.0728,2,2,1,-0.4802,0.3346
125a,K,Q,0.02852,0.02852,2,4.5,1,-0.05466,0.1117
125a,K,R,0.4436,0.4436,2,5.5,1,0.6784,0.2087
125a,K,S,0.3856,0.3856,2,2.5,1,0.9609,-0.1897
125a,K,T,0.1782,0.1782,2,3,1,0.04245,0.3139
125a,K,V,0.0357,0.0357,2,2.5,1,-0.3004,0.3718
125a,K,W,-0.2969,-0.2969,2,1.5,1,-0.6992,0.1055
125a,K,Y,0.3651,0.3651,2,3.5,1,0.5659,0.1642
125b,S,A,-0.2575,-0.2575,1,1,0.5,-0.2575,
125b,S,C,-0.5658,-0.5658,1,2,0.5,,-0.5658
125b,S,D,-1.127,-1.127,1,1,0.5,-1.127,
125b,S,E,0.04824,0.04824,1,3,0.5,0.04824,
125b,S,F,0.05707,0.05707,2,3,1,0.05144,0.0627
125b,S,G,-0.1227,-0.1227,2,3.5,1,-0.3329,0.08752
125b,S,I,0.2889,0.2889,2,4,1,0.6414,-0.06358
125b,S,K,-0.2149,-0.2149,2,3,1,-0.2666,-0.1632
125b,S,L,0.7575,0.7575,1,2,0.5,0.7575,
125b,S,M,0.3615,0.3615,2,1.5,1,0.2212,0.5018
125b,S,N,-0.2428,-0.2428,2,3,1,-0.6539,0.1683
125b,S,P,-0.3104,-0.3104,2,2.5,1,-0.7613,0.1405
125b,S,Q,0.2869,0.2869,2,4,1,0.6263,-0.05246
125b,S,R,-0.0669,-0.0669,1,3,0.5,,-0.0669
125b,S,S,0,0,2,,1,0,0
125b,S,T,0.02874,0.02874,2,2.5,1,0.1001,-0.04265
125b,S,V,0.004968,0.004968,2,1,1,0.04848,-0.03855
125b,S,W,0.8537,0.8537,1,5,0.5,0.8537,
125b,S,Y,1.018,1.018,1,2,0.5,1.018,
126,S,A,-0.8877,-0.8877,1,3,0.5,-0.8877,
126,S,C,0.1001,0.1001,2,1.5,1,0.4175,-0.2174
126,S,D,0.2835,0.2835,2,3.5,1,0.106,0.461
126,S,E,0.1447,0.1447,2,2,1,0.4023,-0.113
126,S,F,0.307,0.307,2,3,1,0.3888,0.2252
126,S,G,-0.581,-0.581,2,3.5,1,-0.5947,-0.5673
126,S,H,0.2414,0.2414,2,2.5,1,0.5052,-0.02247
126,S,I,0.07211,0.07211,2,2.5,1,0.07893,0.06529
126,S,K,-0.09265,-0.09265,2,3,1,0.03607,-0.2214
126,S,L,0.07017,0.07017,2,1,1,0.1135,0.02684
126,S,M,-0.07478,-0.07478,1,3,0.5,,-0.07478
126,S,N,-0.3607,-0.3607,2,4,1,-0.807,0.08549
126,S,P,0.7358,0.7358,1,2,0.5,,0.7358
126,S,Q,0.4193,0.4193,1,2,0.5,0.4193,
126,S,R,-0.005943,-0.005943,1,1,0.5,,-0.005943
126,S,S,0,0,2,,1,0,0
126,S,V,-0.03611,-0.03611,2,3.5,1,0.01552,-0.08775
126,S,W,0.6545,0.6545,2,2,1,0.6426,0.6665
126,S,Y,0.178,0.178,2,2.5,1,0.5127,-0.1567
127,W,A,-0.4804,-0.4804,2,1.5,1,-0.305,-0.6558
127,W,C,-0.143,-0.143,2,3,1,-0.3712,0.08515
127,W,E,-0.4826,-0.4826,2,1,1,-1.136,0.1706
127,W,F,0.2428,0.2428,2,1,1,-0.1159,0.6014
127,W,H,0.2279,0.2279,2,2,1,0.349,0.1068
127,W,I,-0.05255,-0.05255,1,3,0.5,,-0.05255
127,W,L,-0.3815,-0.3815,2,4,1,-1.051,0.2877
127,W,M,0.4389,0.4389,2,2.5,1,0.762,0.1158
127,W,N,-0.7066,-0.7066,2,3.5,1,-0.7506,-0.6626
127,W,P,-0.7576,-0.7576,1,1,0.5,,-0.7576
127,W,Q,0.7904,0.7904,2,2,1,0.7541,0.8266
127,W,R,-1.454,-1.454,2,1,1,-2.034,-0.8734
127,W,S,-0.6107,-0.6107,2,1,1,-0.9309,-0.2905
127,W,T,0.1902,0.1902,2,2.5,1,0.1414,0.239
127,W,V,-0.03529,-0.03529,2,3.5,1,0.05761,-0.1282
127,W,W,0,0,2,,1,0,0
127,W,Y,0.04073,0.04073,2,4.5,1,-0.06706,0.1485
127,W,*,-0.5621,-0.5621,1,1,0.5,,-0.5621
128,P,A,0.3959,0.3959,2,2,1,0.7761,0.01568
128,P,C,-0.1712,-0.1712,2,1,1,0.3108,-0.6532
128,P,D,-0.2462,-0.2462,2,1,1,-0.5166,0.02422
128,P,E,0.3035,0.3035,2,1.5,1,0.5441,0.063
128,P,F,-0.246,-0.246,2,2.5,1,-0.4038,-0.08813
128,P,G,0.3933,0.3933,2,2,1,0.8333,-0.04668
128,P,H,0.1996,0.1996,2,2.5,1,0.1823,0.217
128,P,I,0.4364,0.4364,2,1.5,1,0.7995,0.07341
128,P,K,0.05585,0.05585,2,2.5,1,0.1775,-0.06584
128,P,L,-0.457,-0.457,2,3.5,1,-0.2043,-0.7096
128,P,M,-0.9376,-0.9376,2,1.5,1,-2.114,0.2388
128,P,N,0.03768,0.03768,2,4,1,-0.03444,0.1098
128,P,P,0,0,2,,1,0,0
128,P,Q,0.05996,0.05996,2,2.5,1,0.08923,0.03069
128,P,R,-0.04306,-0.04306,2,2.5,1,-0.1341,0.04793
128,P,S,-0.3843,-0.3843,2,3,1,-0.4986,-0.27
128,P,T,-0.2428,-0.2428,2,3,1,-0.4375,-0.04809
128,P,V,0.2864,0.2864,2,2.5,1,0.5359,0.0369
128,P,W,0.1246,0.1246,1,1,0.5,,0.1246
128,P,Y,0.2723,0.2723,2,1.5,1,0.3343,0.2103
129,N,A,-0.1271,-0.1271,2,2.5,1,0.01507,-0.2692
129,N,D,0.2185,0.2185,2,1,1,0.5847,-0.1477
129,N,E,-0.1012,-0.1012,2,2,1,-0.0414,-0.1609
129,N,F,0.1467,0.1467,2,1.5,1,0.1467,0.1466
129,N,G,-0.2193,-0.2193,2,2,1,-0.3299,-0.1086
129,N,H,-0.1787,-0.1787,2,2.5,1,-0.2643,-0.09313
129,N,I,0.03501,0.03501,2,3,1,-0.02706,0.09708
129,N,K,-0.1618,-0.1618,2,3,1,-0.3486,0.02495
129,N,L,0.2193,0.2193,2,1.5,1,0.4297,0.008908
129,N,M,-0.01562,-0.01562,2,3,1,-0.3115,0.2802
129,N,N,0,0,2,,1,0,0
129,N,Q,-0.2625,-0.2625,2,1.5,1,-0.5755,0.05046
129,N,R,0.5484,0.5484,2,2.5,1,1.182,-0.08514
129,N,S,-0.3892,-0.3892,2,3,1,-0.7945,0.01603
129,N,T,0.1347,0.1347,2,3.5,1,-0.04847,0.3179
129,N,V,-0.4417,-0.4417,2,1,1,-0.5874,-0.296
129,N,W,-0.8368,-0.8368,2,1.5,1,-1.766,0.09251
129,N,Y,-0.3864,-0.3864,2,2.5,1,-0.417,-0.3559
130,H,F,-0.2699,-0.2699,2,3,1,-0.2492,-0.2906
130,H,H,0,0,2,,1,0,0
130,H,I,-0.04693,-0.04693,1,4,0.5,,-0.04693
130,H,L,-0.4078,-0.4078,2,4.5,1,-1.032,0.2161
130,H,M,0.01095,0.01095,1,2,0.5,,0.01095
130,H,N,0.5549,0.5549,1,1,0.5,,0.5549
130,H,P,-1.16,-1.16,1,1,0.5,,-1.16
130,H,Q,0.2858,0.2858,2,2,1,0.574,-0.002439
130,H,T,-0.6686,-0.6686,1,3,0.5,-0.6686,
130,H,V,0.2246,0.2246,1,1,0.5,0.2246,
130,H,W,-0.08369,-0.08369,2,3,1,-0.04628,-0.1211
130,H,Y,-1.681,-1.681,1,2,0.5,-1.681,
131,E,A,-0.4294,-0.4294,2,2.5,1,-0.4889,-0.3699
131,E,C,-0.05003,-0.05003,2,1,1,0.7498,-0.8499
131,E,D,0.1899,0.1899,1,5,0.5,0.1899,
131,E,E,0,0,2,,1,0,0
131,E,F,0.2875,0.2875,2,2.5,1,0.3952,0.1797
131,E,G,-0.2705,-0.2705,1,1,0.5,-0.2705,
131,E,H,0.09225,0.09225,2,1.5,1,0.009065,0.1754
131,E,I,0.3896,0.3896,2,1.5,1,-0.09165,0.8709
131,E,K,-0.1374,-0.1374,2,2,1,-0.4856,0.2107
131,E,L,0.1906,0.1906,2,1,1,0.3978,-0.01655
131,E,M,0.7787,0.7787,1,2,0.5,0.7787,
131,E,N,-0.2733,-0.2733,2,3.5,1,-0.331,-0.2155
131,E,Q,0.3736,0.3736,1,2,0.5,,0.3736
131,E,R,0.2016,0.2016,2,2.5,1,0.4166,-0.01332
131,E,S,-0.2237,-0.2237,2,2,1,0.03299,-0.4803
131,E,T,1.134,1.134,1,1,0.5,1.134,
131,E,V,-0.07236,-0.07236,2,1.5,1,-0.4018,0.2571
131,E,W,-0.3956,-0.3956,1,4,0.5,-0.3956,
131,E,Y,-1.035,-1.035,1,1,0.5,,-1.035
132,T,C,0.1455,0.1455,2,2,1,0.1397,0.1514
132,T,D,0.4412,0.4412,2,1.5,1,0.5934,0.289
132,T,E,0.367,0.367,2,2,1,0.5443,0.1897
132,T,F,0.2986,0.2986,2,3,1,0.3681,0.229
132,T,G,0.2114,0.2114,2,2.5,1,0.08802,0.3347
132,T,H,0.005412,0.005412,2,2.5,1,-0.414,0.4248
132,T,I,-0.08141,-0.08141,2,3,1,-0.2467,0.08387
132,T,K,0.6062,0.6062,2,3,1,0.4048,0.8077
132,T,L,-0.08037,-0.08037,2,2.5,1,-0.0417,-0.119
132,T,M,0.8031,0.8031,2,2,1,1.297,0.3093
132,T,N,-0.1367,-0.1367,2,3,1,-0.3295,0.05608
132,T,P,-0.1385,-0.1385,2,1.5,1,-0.01262,-0.2644
132,T,Q,0.1726,0.1726,2,3,1,0.117,0.2281
132,T,R,-0.3227,-0.3227,2,5,1,-0.6638,0.01843
132,T,S,0.0947,0.0947,2,4,1,0.3196,-0.1302
132,T,T,0,0,2,,1,0,0
132,T,V,0.1231,0.1231,2,2.5,1,-0.2483,0.4946
132,T,W,-0.2968,-0.2968,2,4.5,1,-0.4558,-0.1377
132,T,Y,0.02945,0.02945,1,4,0.5,,0.02945
133,S,A,0.2401,0.2401,2,1.5,1,0.1726,0.3076
133,S,C,-2.038,-2.038,1,1,0.5,-2.038,
133,S,D,-1.321,-1.321,1,1,0.5,-1.321,
133,S,E,0.3611,0.3611,2,3.5,1,0.4097,0.3126
133,S,F,-0.1879,-0.1879,1,5,0.5,-0.1879,
133,S,G,0.008562,0.008562,2,1.5,1,-0.4,0.4171
133,S,H,-0.01195,-0.01195,2,2,1,-0.03197,0.008079
133,S,I,0.298,0.298,2,5.5,1,0.5198,0.07626
133,S,K,0.1468,0.1468,2,2.5,1,0.5047,-0.2111
133,S,L,0.2809,0.2809,1,6,0.5,,0.2809
133,S,M,-0.3059,-0.3059,2,1.5,1,-0.6016,-0.01031
133,S,N,-0.07937,-0.07937,2,3,1,-0.06511,-0.09364
133,S,P,-0.5076,-0.5076,2,1.5,1,-0.2659,-0.7492
133,S,Q,0.02024,0.02024,1,2,0.5,,0.02024
133,S,R,-0.2489,-0.2489,2,4.5,1,-0.3327,-0.1651
133,S,S,0,0,2,,1,0,0
133,S,T,0.3808,0.3808,2,2,1,0.8567,-0.09504
133,S,V,1.5,1.5,1,1,0.5,1.5,
133,S,W,-0.03316,-0.03316,1,5,0.5,,-0.03316
133,S,Y,-0.2401,-0.2401,2,2.5,1,-0.6532,0.1731
133a,L,A,-0.04674,-0.04674,2,1.5,1,-0.3655,0.272
133a,L,C,-0.07483,-0.07483,1,3,0.5,,-0.07483
133a,L,D,0.4259,0.4259,2,2.5,1,1.061,-0.2095
133a,L,E,0.1163,0.1163,2,3.5,1,0.1317,0.101
133a,L,F,-0.9019,-0.9019,2,3,1,-1.845,0.04144
133a,L,G,0.5356,0.5356,2,2,1,1.302,-0.2312
133a,L,H,0.1887,0.1887,2,2.5,1,0.447,-0.06958
133a,L,I,-0.2292,-0.2292,2,1.5,1,-0.5374,0.07902
133a,L,K,0.1475,0.1475,2,5,1,0.391,-0.09605
133a,L,L,0,0,2,,1,0,0
133a,L,M,-0.2519,-0.2519,2,5,1,-0.479,-0.02493
133a,L,N,0.2095,0.2095,2,4,1,0.1594,0.2596
133a,L,P,-0.1032,-0.1032,2,2,1,-0.324,0.1176
133a,L,Q,0.1128,0.1128,2,3.5,1,0.06137,0.1642
133a,L,R,0.2208,0.2208,2,5,1,0.3218,0.1197
133a,L,S,-0.9956,-0.9956,2,2,1,-2.129,0.1375
133a,L,T,-0.08284,-0.08284,1,4,0.5,-0.08284,
133a,L,V,0.3234,0.3234,2,3.5,1,0.6757,-0.02891
133a,L,W,-8.216e-05,-8.216e-05,2,5,1,-0.1205,0.1203
133a,L,Y,-0.03972,-0.03972,1,2,0.5,-0.03972,
134,G,A,-1.026,-1.026,2,2.5,1,-0.8898,-1.162
134,G,C,-0.5392,-0.5392,1,2,0.5,,-0.5392
134,G,E,-0.2546,-0.2546,1,1,0.5,,-0.2546
134,G,G,0,0,2,,1,0,0
134,G,I,2.783,2.783,1,0.5,0.5,,2.783
134,G,K,-0.1457,-0.1457,1,1,0.5,-0.1457,
134,G,L,-0.2603,-0.2603,1,2,0.5,,-0.2603
134,G,M,-0.5751,-0.5751,1,1,0.5,,-0.5751
134,G,P,-0.3762,-0.3762,1,2,0.5,,-0.3762
134,G,R,-0.02078,-0.02078,1,1,0.5,-0.02078,
134,G,S,-0.6404,-0.6404,2,1.5,1,-0.6123,-0.6685
134,G,T,-0.5897,-0.5897,1,1,0.5,-0.5897,
135,V,A,-0.1517,-0.1517,2,2.5,1,-0.1216,-0.1819
135,V,C,0.1485,0.1485,2,1.5,1,0.3948,-0.09776
135,V,D,-0.47,-0.47,2,2.5,1,-0.6308,-0.3093
135,V,E,-0.1846,-0.1846,2,3.75,1,0.01744,-0.3866
135,V,F,-0.005128,-0.005128,2,4.5,1,-0.08014,0.06988
135,V,G,-1.012,-1.012,1,1,0.5,-1.012,
135,V,H,0.1146,0.1146,2,2.5,1,0.2042,0.02494
135,V,I,-0.2236,-0.2236,2,4.5,1,-0.8738,0.4266
135,V,K,0.4418,0.4418,1,5,0.5,0.4418,
135,V,L,-0.03897,-0.03897,1,6,0.5,,-0.03897
135,V,M,-0.374,-0.374,2,2.5,1,-0.6498,-0.0983
135,V,N,0.232,0.232,1,5,0.5,,0.232
135,V,P,-1.183,-1.183,1,1,0.5,,-1.183
135,V,Q,-0.07591,-0.07591,2,3,1,-0.01055,-0.1413
135,V,R,0.0123,0.0123,2,1.5,1,0.06756,-0.04296
135,V,S,0.3543,0.3543,1,2,0.5,,0.3543
135,V,T,-0.2352,-0.2352,2,2,1,-0.2756,-0.1948
135,V,V,0,0,2,,1,0,0
135,V,W,0.2706,0.2706,2,5,1,0.3851,0.1561
135,V,Y,0.08083,0.08083,2,1,1,0.1336,0.02809
136,S,E,-1.03,-1.03,1,1,0.5,-1.03,
136,S,F,-1.708,-1.708,1,1,0.5,-1.708,
136,S,G,-1.182,-1.182,1,4,0.5,,-1.182
136,S,H,-1.208,-1.208,1,1,0.5,,-1.208
136,S,I,-1.398,-1.398,1,2,0.5,,-1.398
136,S,L,-0.5039,-0.5039,1,5,0.5,,-0.5039
136,S,M,-0.7326,-0.7326,2,1.5,1,-1.169,-0.2959
136,S,P,-1.34,-1.34,1,1,0.5,-1.34,
136,S,Q,-1.208,-1.208,1,1,0.5,,-1.208
136,S,S,0,0,2,,1,0,0
136,S,T,-0.7331,-0.7331,2,2,1,-1.347,-0.1195
136,S,V,-0.03944,-0.03944,1,2.5,0.5,,-0.03944
136,S,W,0.5306,0.5306,1,2,0.5,0.5306,
136,S,Y,-0.2622,-0.2622,2,1.5,1,-0.742,0.2176
137,A,A,0,0,2,,1,0,0
137,A,C,-0.6297,-0.6297,2,2,1,-0.8143,-0.4452
137,A,D,-0.6158,-0.6158,2,2,1,-0.3369,-0.8947
137,A,E,-1.439,-1.439,2,3.5,1,-2.067,-0.8112
137,A,F,-0.2546,-0.2546,2,3.5,1,-0.2142,-0.2951
137,A,G,-0.5385,-0.5385,2,1.5,1,-0.4604,-0.6167
137,A,H,0.389,0.389,2,1.5,1,1.155,-0.3766
137,A,I,-1.686,-1.686,2,1.5,1,-2.111,-1.262
137,A,K,-0.6553,-0.6553,2,2.5,1,-1.195,-0.1154
137,A,L,-0.789,-0.789,2,3,1,-0.8764,-0.7017
137,A,M,-0.1563,-0.1563,2,3.5,1,-0.2287,-0.08398
137,A,N,-0.8419,-0.8419,1,1,0.5,-0.8419,
137,A,R,-0.1274,-0.1274,2,2.5,1,-0.08611,-0.1686
137,A,S,-0.8212,-0.8212,2,4,1,-1.319,-0.3231
137,A,T,-0.6534,-0.6534,2,7,1,-0.7956,-0.5112
137,A,V,-0.9927,-0.9927,2,3.5,1,-0.9574,-1.028
137,A,W,-0.02487,-0.02487,2,3.5,1,0.02605,-0.07579
137,A,Y,-0.002948,-0.002948,1,4,0.5,-0.002948,
138,A,A,0,0,2,,1,0,0
138,A,C,-1.055,-1.055,1,3,0.5,,-1.055
138,A,D,-1.142,-1.142,1,2,0.5,,-1.142
138,A,E,-0.3319,-0.3319,1,2,0.5,,-0.3319
138,A,F,-1.012,-1.012,1,1,0.5,,-1.012
138,A,G,-0.7673,-0.7673,1,1,0.5,,-0.7673
138,A,H,-1.303,-1.303,1,2,0.5,,-1.303
138,A,I,-1.03,-1.03,2,2,1,-1.762,-0.2969
138,A,L,-0.4215,-0.4215,1,2,0.5,,-0.4215
138,A,M,-1.735,-1.735,2,1.5,1,-2.079,-1.391
138,A,N,-1.238,-1.238,2,1,1,-2.079,-0.3972
138,A,S,-0.5532,-0.5532,2,3.5,1,-0.6303,-0.4762
138,A,T,-1.278,-1.278,2,7.5,1,-1.905,-0.6499
138,A,V,-0.4301,-0.4301,2,5,1,-0.5213,-0.3389
138,A,W,-1.221,-1.221,1,1,0.5,,-1.221
138,A,Y,-0.8509,-0.8509,1,1,0.5,-0.8509,
139,C,A,-0.6209,-0.6209,1,1,0.5,,-0.6209
139,C,C,0,0,2,,1,0,0
139,C,E,0.8391,0.8391,1,1,0.5,,0.8391
139,C,G,-0.5634,-0.5634,2,2,1,-1.159,0.03181
139,C,I,0.5983,0.5983,1,1,0.5,,0.5983
139,C,K,-0.8706,-0.8706,1,4,0.5,,-0.8706
139,C,L,-1.195,-1.195,1,1,0.5,,-1.195
139,C,M,-0.6033,-0.6033,1,1,0.5,,-0.6033
139,C,P,-1.993,-1.993,1,1,0.5,-1.993,
139,C,S,-0.6808,-0.6808,1,1,0.5,,-0.6808
139,C,T,-1.557,-1.557,1,1,0.5,-1.557,
139,C,V,-0.7763,-0.7763,1,2,0.5,,-0.7763
139,C,W,-0.1878,-0.1878,1,2,0.5,,-0.1878
140,P,A,0.02647,0.02647,2,1.5,1,0.007429,0.04551
140,P,C,0.06971,0.06971,2,2,1,0.1559,-0.01644
140,P,D,-0.03107,-0.03107,2,5.5,1,0.08528,-0.1474
140,P,E,-0.3612,-0.3612,2,1.5,1,-0.472,-0.2503
140,P,F,-0.3079,-0.3079,2,2,1,-0.5043,-0.1115
140,P,G,-0.08903,-0.08903,1,1,0.5,,-0.08903
140,P,H,-0.06794,-0.06794,2,5,1,-0.01773,-0.1181
140,P,I,-0.1899,-0.1899,1,3,0.5,-0.1899,
140,P,K,0.4576,0.4576,2,2,1,0.6408,0.2744
140,P,L,0.1629,0.1629,2,2,1,0.1976,0.1283
140,P,M,-0.4322,-0.4322,2,2.5,1,-0.7897,-0.07472
140,P,N,0.315,0.315,2,2.5,1,0.5764,0.0537
140,P,P,0,0,2,,1,0,0
140,P,Q,-0.4969,-0.4969,2,1.5,1,-0.8764,-0.1175
140,P,R,0.07598,0.07598,2,2,1,0.1288,0.02313
140,P,S,0.1067,0.1067,2,4,1,0.4571,-0.2437
140,P,T,-0.182,-0.182,2,5.5,1,-0.1788,-0.1852
140,P,V,0.02747,0.02747,2,2.25,1,0.03611,0.01883
140,P,W,0.1883,0.1883,2,1.5,1,0.1768,0.1998
140,P,Y,-0.5359,-0.5359,1,2,0.5,-0.5359,
141,Y,A,0.4278,0.4278,2,3,1,0.8895,-0.03399
141,Y,C,0.2309,0.2309,2,3,1,0.3441,0.1177
141,Y,D,-0.04067,-0.04067,2,3.5,1,-0.04518,-0.03617
141,Y,E,0.6134,0.6134,2,3,1,1.111,0.1156
141,Y,F,0.4448,0.4448,2,2,1,0.9259,-0.03621
141,Y,G,-0.07105,-0.07105,1,1,0.5,-0.07105,
141,Y,H,0.1836,0.1836,1,6,0.5,0.1836,
141,Y,I,-0.03985,-0.03985,2,3,1,-0.01003,-0.06967
141,Y,K,0.7821,0.7821,2,2.25,1,1.013,0.5513
141,Y,L,0.618,0.618,2,1.5,1,1.19,0.04628
141,Y,M,-0.5786,-0.5786,1,1,0.5,-0.5786,
141,Y,N,-0.05264,-0.05264,2,4.5,1,-0.1418,0.03657
141,Y,P,-1.189,-1.189,2,2.5,1,-1.972,-0.405
141,Y,Q,-0.1567,-0.1567,1,2,0.5,-0.1567,
141,Y,R,0.7664,0.7664,2,3.5,1,1.425,0.1073
141,Y,S,-0.2923,-0.2923,2,3.5,1,-0.4005,-0.1841
141,Y,T,0.1031,0.1031,2,2,1,0.1317,0.07442
141,Y,V,0.08448,0.08448,1,3,0.5,0.08448,
141,Y,W,-0.02526,-0.02526,1,2,0.5,-0.02526,
141,Y,Y,0,0,2,,1,0,0
142,Q,A,-0.6073,-0.6073,1,3,0.5,-0.6073,
142,Q,C,-0.7807,-0.7807,1,2,0.5,-0.7807,
142,Q,D,0.1087,0.1087,2,1.5,1,0.4462,-0.2288
142,Q,E,-0.03195,-0.03195,2,5,1,-0.2228,0.159
142,Q,F,-0.2522,-0.2522,2,1.5,1,-0.1891,-0.3153
142,Q,G,-0.199,-0.199,2,3,1,-0.2557,-0.1423
142,Q,H,0.2668,0.2668,2,2.5,1,0.5079,0.02566
142,Q,I,-0.007606,-0.007606,2,2.5,1,-0.04877,0.03356
142,Q,K,-0.6585,-0.6585,1,3,0.5,-0.6585,
142,Q,L,-0.3525,-0.3525,2,1.5,1,-0.03167,-0.6733
142,Q,M,-0.001031,-0.001031,2,2.5,1,0.03011,-0.03217
142,Q,N,-0.205,-0.205,2,3.5,1,-0.4085,-0.001495
142,Q,P,-0.3938,-0.3938,2,2,1,-0.6511,-0.1366
142,Q,Q,0,0,2,,1,0,0
142,Q,R,-0.05402,-0.05402,2,1.5,1,-0.08161,-0.02642
142,Q,S,-0.5669,-0.5669,2,3.5,1,-0.8859,-0.2478
142,Q,T,-0.04629,-0.04629,1,3,0.5,,-0.04629
142,Q,V,0.2679,0.2679,2,4.5,1,0.5611,-0.02525
142,Q,W,0.5624,0.5624,2,2.5,1,0.7397,0.3852
142,Q,Y,-0.2358,-0.2358,2,3,1,-0.2358,-0.2358
143,G,A,-0.07325,-0.07325,1,1,0.5,,-0.07325
143,G,C,-0.4311,-0.4311,1,2,0.5,,-0.4311
143,G,D,-0.1053,-0.1053,1,1,0.5,,-0.1053
143,G,E,1.196,1.196,2,2,1,2.374,0.01714
143,G,F,0.4456,0.4456,2,5,1,0.6958,0.1954
143,G,G,0,0,2,,1,0,0
143,G,H,0.2035,0.2035,2,2,1,0.2353,0.1718
143,G,I,-0.5306,-0.5306,1,2,0.5,-0.5306,
143,G,K,0.08463,0.08463,2,2,1,0.2632,-0.09397
143,G,L,0.001389,0.001389,2,2,1,0.08772,-0.08494
143,G,M,-0.3954,-0.3954,1,4,0.5,-0.3954,
143,G,N,-0.1258,-0.1258,2,4.5,1,-0.05103,-0.2005
143,G,P,0.002352,0.002352,2,1,1,0.005189,-0.000485
143,G,R,-0.435,-0.435,2,2,1,-0.5065,-0.3636
143,G,S,0.004094,0.004094,2,3,1,-0.1815,0.1897
143,G,T,0.5304,0.5304,2,1.5,1,0.9829,0.07787
143,G,V,0.1917,0.1917,2,3.5,1,0.4263,-0.0429
143,G,W,-0.08136,-0.08136,2,2.5,1,-0.07022,-0.0925
143,G,Y,0.2742,0.2742,2,5,1,0.204,0.3445
143,G,*,3.078,3.078,1,0.5,0.5,,3.078
144,A,A,0,0,2,,1,0,0
144,A,C,0.9387,0.9387,1,1,0.5,0.9387,
144,A,D,0.2793,0.2793,2,2,1,0.8243,-0.2658
144,A,E,0.00329,0.00329,2,2.5,1,-0.08643,0.09301
144,A,F,-0.05099,-0.05099,2,2.5,1,-0.5248,0.4229
144,A,G,0.02848,0.02848,2,3,1,0.07135,-0.01439
144,A,H,-0.31,-0.31,2,2,1,-0.5435,-0.07656
144,A,I,-0.1565,-0.1565,2,3,1,-0.2676,-0.04553
144,A,K,-0.3635,-0.3635,2,2,1,-0.9225,0.1955
144,A,L,0.2227,0.2227,1,2,0.5,,0.2227
144,A,M,0.2068,0.2068,2,5,1,0.3012,0.1124
144,A,N,0.1371,0.1371,2,3.5,1,0.1427,0.1316
144,A,P,0.4878,0.4878,2,2,1,0.6426,0.333
144,A,Q,0.3705,0.3705,2,3,1,-0.02304,0.764
144,A,R,0.1153,0.1153,2,2.5,1,0.1012,0.1294
144,A,S,-0.4985,-0.4985,2,4,1,-0.955,-0.04192
144,A,T,0.4898,0.4898,2,2.5,1,0.9125,0.06713
144,A,V,-0.964,-0.964,2,3,1,-1.752,-0.1766
144,A,W,0.4524,0.4524,2,4,1,0.8125,0.09229
144,A,Y,0.1932,0.1932,2,3,1,0.1279,0.2584
145,P,C,-0.3154,-0.3154,1,3,0.5,-0.3154,
145,P,D,-0.3861,-0.3861,1,2,0.5,-0.3861,
145,P,E,0.01026,0.01026,2,1.5,1,0.3917,-0.3711
145,P,F,0.09498,0.09498,2,1.5,1,0.03189,0.1581
145,P,G,0.002664,0.002664,2,1,1,-0.2293,0.2346
145,P,H,-0.2999,-0.2999,1,3,0.5,-0.2999,
145,P,I,-0.1051,-0.1051,2,2,1,-0.231,0.02072
145,P,K,0.5934,0.5934,1,3,0.5,0.5934,
145,P,L,0.08988,0.08988,2,4.5,1,0.04851,0.1312
145,P,M,0.7238,0.7238,2,2.5,1,0.5751,0.8725
145,P,N,0.1977,0.1977,2,3,1,0.7853,-0.3899
145,P,P,0,0,2,,1,0,0
145,P,Q,-0.3575,-0.3575,2,4.5,1,0.02183,-0.7368
145,P,R,0.1963,0.1963,2,3.5,1,0.4044,-0.01178
145,P,S,0.4987,0.4987,1,2,0.5,0.4987,
145,P,T,0.321,0.321,2,3,1,0.439,0.2031
145,P,V,0.1167,0.1167,2,2.5,1,0.1859,0.04745
145,P,W,-1.223,-1.223,2,3,1,-2.385,-0.06012
145,P,Y,0.01325,0.01325,2,1.5,1,0.1128,-0.08631
146,S,A,0.3722,0.3722,1,3,0.5,0.3722,
146,S,C,-0.02254,-0.02254,2,1,1,-0.1895,0.1444
146,S,D,0.3003,0.3003,1,2,0.5,,0.3003
146,S,E,0.2321,0.2321,2,1.5,1,0.5786,-0.1144
146,S,F,-0.02864,-0.02864,2,5,1,-0.1957,0.1384
146,S,G,0.08076,0.08076,2,2.5,1,0.03611,0.1254
146,S,H,0.2077,0.2077,2,2.5,1,0.2501,0.1652
146,S,I,-0.9529,-0.9529,2,3.5,1,-1.252,-0.6534
146,S,K,0.02391,0.02391,1,2,0.5,,0.02391
146,S,L,-0.2521,-0.2521,2,2,1,-0.5567,0.05257
146,S,M,2.112,2.112,1,2,0.5,2.112,
146,S,N,0.3204,0.3204,2,3,1,0.3773,0.2635
146,S,P,-1.203,-1.203,1,1,0.5,,-1.203
146,S,Q,0.03529,0.03529,1,1,0.5,,0.03529
146,S,R,-0.001509,-0.001509,2,2.5,1,-0.01248,0.009457
146,S,S,0,0,2,,1,0,0
146,S,T,0.1865,0.1865,2,2.5,1,0.02729,0.3457
146,S,V,-0.9929,-0.9929,1,3,0.5,-0.9929,
146,S,W,0.1467,0.1467,2,1.5,1,0.679,-0.3856
146,S,Y,0.4201,0.4201,1,1,0.5,,0.4201
147,F,E,-0.2019,-0.2019,1,1,0.5,,-0.2019
147,F,F,0,0,2,,1,0,0
147,F,G,-0.01168,-0.01168,1,2,0.5,,-0.01168
147,F,H,-1.536,-1.536,2,2.5,1,-2.276,-0.7957
147,F,I,-0.127,-0.127,2,1.5,1,-0.239,-0.01491
147,F,K,1.37,1.37,1,0.5,0.5,,1.37
147,F,L,0.1568,0.1568,2,2,1,-0.3903,0.7039
147,F,M,0.1975,0.1975,2,3.5,1,0.04085,0.3542
147,F,N,-1.101,-1.101,1,1,0.5,,-1.101
147,F,R,-1.195,-1.195,1,1,0.5,,-1.195
147,F,S,-0.5901,-0.5901,1,1,0.5,,-0.5901
147,F,T,-2.007,-2.007,1,1,0.5,-2.007,
147,F,W,-1.062,-1.062,2,2,1,-1.308,-0.816
147,F,Y,-0.6164,-0.6164,2,1.5,1,-1.186,-0.04626
148,F,A,-0.3003,-0.3003,2,1.5,1,-0.6207,0.02006
148,F,C,-0.4243,-0.4243,2,1,1,-0.6166,-0.232
148,F,F,0,0,2,,1,0,0
148,F,H,-0.3023,-0.3023,2,1,1,0.1173,-0.722
148,F,I,-2.037,-2.037,1,2,0.5,-2.037,
148,F,L,-0.5865,-0.5865,2,1.5,1,-0.6658,-0.5073
148,F,M,-0.5973,-0.5973,2,4,1,-1.062,-0.1327
148,F,N,0.1553,0.1553,2,2,1,0.427,-0.1163
148,F,P,-0.1743,-0.1743,1,1,0.5,,-0.1743
148,F,Q,-0.9016,-0.9016,2,2.5,1,-1.507,-0.2959
148,F,S,-0.04121,-0.04121,1,1,0.5,-0.04121,
148,F,V,-0.6822,-0.6822,2,3,1,-1.297,-0.06711
148,F,W,0.1775,0.1775,2,4,1,-0.2545,0.6095
148,F,Y,0.5201,0.5201,1,4,0.5,0.5201,
149,R,A,0.9614,0.9614,2,3.5,1,1.381,0.5418
149,R,C,1.243,1.243,2,3.5,1,2.096,0.389
149,R,D,0.6346,0.6346,2,1,1,1.568,-0.2984
149,R,E,0.2586,0.2586,2,1.5,1,0.08081,0.4363
149,R,F,0.561,0.561,2,3,1,0.7773,0.3447
149,R,G,1.747,1.747,2,4,1,2.864,0.6305
149,R,I,2.894,2.894,1,2,0.5,2.894,
149,R,K,1.086,1.086,2,4,1,1.815,0.3566
149,R,L,1.914,1.914,2,1.5,1,3.268,0.5605
149,R,M,0.8378,0.8378,2,3.5,1,1.323,0.3525
149,R,N,1.258,1.258,1,1,0.5,,1.258
149,R,Q,1.718,1.718,2,2.5,1,2.871,0.5641
149,R,R,0,0,2,,1,0,0
149,R,S,1.708,1.708,2,1.5,1,2.66,0.756
149,R,T,0.9365,0.9365,2,2.5,1,1.465,0.4082
149,R,W,-0.8525,-0.8525,2,2.5,1,-1.87,0.1646
149,R,Y,0.3821,0.3821,2,2.5,1,0.7212,0.04298
150,N,A,-0.3951,-0.3951,2,2,1,-0.9789,0.1887
150,N,C,0.1272,0.1272,2,1.5,1,0.1218,0.1326
150,N,E,0.9229,0.9229,1,3,0.5,0.9229,
150,N,F,0.3614,0.3614,1,2,0.5,0.3614,
150,N,G,-0.3722,-0.3722,2,1,1,-0.7066,-0.03782
150,N,H,0.366,0.366,1,2,0.5,,0.366
150,N,I,-0.2482,-0.2482,2,2.5,1,-0.5544,0.05798
150,N,K,0.8346,0.8346,2,1.5,1,0.589,1.08
150,N,L,0.3521,0.3521,2,2,1,0.3477,0.3566
150,N,M,0.3153,0.3153,1,2,0.5,0.3153,
150,N,N,0,0,2,,1,0,0
150,N,P,-0.2564,-0.2564,1,1,0.5,-0.2564,
150,N,Q,-0.1905,-0.1905,2,1.5,1,-0.2678,-0.1132
150,N,S,-0.0831,-0.0831,2,2,1,0.01573,-0.1819
150,N,V,0.4155,0.4155,2,2,1,0.8495,-0.0186
150,N,W,0.8148,0.8148,2,1.5,1,0.4698,1.16
150,N,Y,0.7505,0.7505,2,2,1,1.391,0.1104
151,V,A,0.1395,0.1395,2,1.5,1,0.415,-0.136
151,V,C,0.2275,0.2275,2,3,1,0.3373,0.1177
151,V,E,-0.04499,-0.04499,2,2,1,-0.3125,0.2225
151,V,F,-0.1484,-0.1484,1,2,0.5,-0.1484,
151,V,G,0.01979,0.01979,2,2.5,1,0.1026,-0.06297
151,V,H,0.3933,0.3933,2,4,1,0.2982,0.4883
151,V,I,0.2045,0.2045,2,3,1,0.445,-0.03609
151,V,L,0.6503,0.6503,2,3,1,1.222,0.07856
151,V,M,0.1788,0.1788,2,2.5,1,0.3538,0.003817
151,V,N,-0.3739,-0.3739,1,2,0.5,-0.3739,
151,V,Q,0.7271,0.7271,2,2,1,1.027,0.4277
151,V,S,0.1548,0.1548,2,2,1,0.4815,-0.1719
151,V,T,0.4503,0.4503,1,2,0.5,0.4503,
151,V,V,0,0,2,,1,0,0
151,V,Y,1.582,1.582,2,2,1,2.575,0.5892
152,V,A,-0.2589,-0.2589,2,2.5,1,0.06038,-0.5782
152,V,C,-0.2733,-0.2733,1,1,0.5,,-0.2733
152,V,D,-0.3017,-0.3017,2,2.5,1,-0.5708,-0.03251
152,V,E,-0.1137,-0.1137,2,2,1,-0.3547,0.1274
152,V,F,0.3207,0.3207,1,1,0.5,,0.3207
152,V,G,0.1109,0.1109,2,2.5,1,-0.5544,0.7763
152,V,H,0.3321,0.3321,1,4,0.5,0.3321,
152,V,I,-0.4192,-0.4192,1,1,0.5,-0.4192,
152,V,K,0.1538,0.1538,2,1,1,0.4178,-0.1103
152,V,L,0.02914,0.02914,2,3,1,-0.1816,0.2398
152,V,M,0.01014,0.01014,2,3.5,1,0.6524,-0.6321
152,V,N,-0.03892,-0.03892,2,2,1,-0.08771,0.009877
152,V,Q,0.05198,0.05198,2,3.5,1,0.3045,-0.2006
152,V,R,-0.01856,-0.01856,1,3,0.5,-0.01856,
152,V,T,3.08,3.08,1,0.5,0.5,,3.08
152,V,V,0,0,2,,1,0,0
152,V,W,0.2288,0.2288,2,1.5,1,0.1201,0.3376
152,V,Y,1.047,1.047,2,1.5,1,1.404,0.6894
153,W,G,-2.064,-2.064,1,1,0.5,-2.064,
153,W,H,-0.6195,-0.6195,1,1,0.5,,-0.6195
153,W,Q,-2.064,-2.064,1,1,0.5,-2.064,
153,W,R,-0.8715,-0.8715,2,1,1,-0.9518,-0.7913
153,W,W,0,0,2,,1,0,0
153,W,Y,-1.752,-1.752,1,1,0.5,-1.752,
154,L,A,0.1657,0.1657,2,4,1,0.1089,0.2225
154,L,C,-0.3423,-0.3423,1,1,0.5,,-0.3423
154,L,I,0.4807,0.4807,2,2.5,1,0.7339,0.2276
154,L,K,0.02294,0.02294,1,1,0.5,,0.02294
154,L,L,0,0,2,,1,0,0
154,L,M,0.642,0.642,2,2,1,0.9146,0.3694
154,L,P,0.4793,0.4793,2,1.5,1,0.01774,0.9408
154,L,Q,-1.895,-1.895,1,1,0.5,-1.895,
154,L,S,-1.032,-1.032,2,1,1,-1.295,-0.7692
154,L,T,1.048,1.048,1,2,0.5,,1.048
154,L,V,-0.103,-0.103,2,4.5,1,-0.3332,0.1272
154,L,Y,-0.03076,-0.03076,1,1,0.5,-0.03076,
155,I,A,-1.504,-1.504,2,2,1,-2.081,-0.9264
155,I,C,0.04175,0.04175,2,3,1,0.1109,-0.02744
155,I,E,-1.266,-1.266,2,1,1,-2.068,-0.4632
155,I,F,-1.187,-1.187,1,2,0.5,,-1.187
155,I,G,-0.9725,-0.9725,2,1,1,-1.36,-0.5852
155,I,I,0,0,2,,1,0,0
155,I,K,-2.067,-2.067,1,1,0.5,-2.067,
155,I,L,-0.153,-0.153,2,2,1,0.0306,-0.3366
155,I,M,0.1447,0.1447,2,2,1,1.576,-1.286
155,I,N,-1.142,-1.142,2,2,1,-1.277,-1.007
155,I,P,-2.067,-2.067,1,1,0.5,-2.067,
155,I,Q,-0.9312,-0.9312,1,1,0.5,,-0.9312
155,I,S,-0.7192,-0.7192,2,3,1,-0.0773,-1.361
155,I,T,-0.215,-0.215,1,1,0.5,-0.215,
155,I,V,-0.2267,-0.2267,2,3,1,-0.3185,-0.135
156,K,A,-0.8488,-0.8488,1,1,0.5,-0.8488,
156,K,C,0.1158,0.1158,2,2,1,-0.04534,0.2769
156,K,D,-0.09763,-0.09763,1,1,0.5,,-0.09763
156,K,F,2.1,2.1,1,1,0.5,2.1,
156,K,G,0.3879,0.3879,2,2,1,0.3592,0.4166
156,K,H,-0.2634,-0.2634,2,1.5,1,-0.5734,0.04659
156,K,I,-0.8756,-0.8756,2,2,1,-1.647,-0.1045
156,K,K,0,0,2,,1,0,0
156,K,L,0.2486,0.2486,2,1.5,1,0.5718,-0.07461
156,K,M,-0.0634,-0.0634,2,4.5,1,-0.05834,-0.06846
156,K,N,-0.2271,-0.2271,2,3.5,1,-0.6617,0.2075
156,K,P,-1.277,-1.277,2,1,1,-2.029,-0.5244
156,K,Q,0.1297,0.1297,2,3,1,0.3091,-0.04971
156,K,R,0.05095,0.05095,2,2,1,0.135,-0.03313
156,K,S,0.3345,0.3345,2,2.5,1,0.8893,-0.2204
156,K,T,0.0197,0.0197,2,2.5,1,0.01895,0.02044
156,K,V,0.5584,0.5584,2,5,1,0.9703,0.1466
156,K,Y,0.3232,0.3232,2,1.5,1,0.06679,0.5796
157,K,A,0.6796,0.6796,2,2.5,1,0.9817,0.3775
157,K,C,0.1306,0.1306,1,3,0.5,,0.1306
157,K,D,-0.6586,-0.6586,2,1.5,1,-1.086,-0.2309
157,K,E,-1.279,-1.279,2,2.5,1,-2.59,0.03275
157,K,F,0.02391,0.02391,2,3,1,-0.08052,0.1283
157,K,G,0.1046,0.1046,1,1,0.5,0.1046,
157,K,H,0.09451,0.09451,2,3.5,1,-0.08962,0.2786
157,K,K,0,0,2,,1,0,0
157,K,L,0.5821,0.5821,2,1,1,1.037,0.1271
157,K,M,-0.04012,-0.04012,2,2,1,-0.01355,-0.06669
157,K,N,-0.02551,-0.02551,2,4.5,1,-0.1013,0.05033
157,K,Q,0.6173,0.6173,1,2,0.5,,0.6173
157,K,R,-0.3289,-0.3289,2,1,1,-0.4589,-0.199
157,K,S,-0.8858,-0.8858,2,1.5,1,-1.981,0.209
157,K,T,0.2345,0.2345,2,3,1,0.4412,0.02777
157,K,V,0.2427,0.2427,1,3,0.5,,0.2427
157,K,W,-0.256,-0.256,2,3.5,1,-0.64,0.128
157,K,Y,-0.06836,-0.06836,2,3,1,-0.2021,0.0654
158,N,A,-0.3576,-0.3576,2,2,1,-0.8545,0.1394
158,N,C,-0.297,-0.297,2,1,1,0.05713,-0.6512
158,N,D,-0.07084,-0.07084,2,2,1,-0.09638,-0.0453
158,N,E,-0.005481,-0.005481,2,3,1,0.1048,-0.1158
158,N,F,-0.1855,-0.1855,2,2.5,1,-0.2804,-0.09058
158,N,G,0.1605,0.1605,2,3.5,1,-0.5581,0.8791
158,N,H,0.1422,0.1422,2,4,1,0.1727,0.1117
158,N,I,-0.1013,-0.1013,2,2.5,1,-0.3826,0.18
158,N,K,-0.05919,-0.05919,2,3,1,-0.2171,0.09876
158,N,L,0.8938,0.8938,2,3,1,1.717,0.07052
158,N,M,-0.34,-0.34,2,1.5,1,-0.5785,-0.1015
158,N,N,0,0,2,,1,0,0
158,N,P,-0.3458,-0.3458,2,1.5,1,-0.4387,-0.2529
158,N,Q,0.1946,0.1946,2,1.5,1,0.3736,0.01556
158,N,R,-0.2435,-0.2435,2,2.5,1,-0.3048,-0.1823
158,N,S,-0.4259,-0.4259,2,2.5,1,-0.8759,0.02409
158,N,T,-0.3867,-0.3867,2,1.5,1,-0.6999,-0.07353
158,N,V,0.1904,0.1904,2,1,1,-0.03431,0.415
158,N,W,0.3373,0.3373,2,4,1,0.6228,0.05183
158,N,Y,-0.226,-0.226,1,1,0.5,-0.226,
159,D,A,0.03287,0.03287,1,3,0.5,,0.03287
159,D,D,0,0,2,,1,0,0
159,D,E,-0.1682,-0.1682,1,2,0.5,,-0.1682
159,D,F,0.1283,0.1283,2,2.5,1,-0.097,0.3535
159,D,G,0.02119,0.02119,1,3,0.5,,0.02119
159,D,H,-0.3701,-0.3701,2,1.5,1,-0.9079,0.1676
159,D,I,-0.5868,-0.5868,1,1,0.5,-0.5868,
159,D,K,-0.217,-0.217,1,2,0.5,,-0.217
159,D,L,-0.01578,-0.01578,2,5.5,1,-0.08714,0.05558
159,D,M,-0.6636,-0.6636,1,3,0.5,-0.6636,
159,D,N,0.03314,0.03314,2,4,1,-0.1375,0.2038
159,D,Q,-0.03515,-0.03515,2,3.5,1,0.03318,-0.1035
159,D,R,0.3376,0.3376,2,1,1,0.1718,0.5035
159,D,S,-0.4673,-0.4673,1,2,0.5,-0.4673,
159,D,T,0.185,0.185,1,2,0.5,0.185,
159,D,V,-1.189,-1.189,1,1,0.5,,-1.189
159,D,W,0.5519,0.5519,2,3,1,0.2956,0.8082
159,D,Y,-0.5609,-0.5609,2,4,1,-1.116,-0.006274
160,A,A,0,0,2,,1,0,0
160,A,C,-0.2687,-0.2687,2,2,1,-0.3736,-0.1638
160,A,D,-1.208,-1.208,2,1.5,1,-2.137,-0.2785
160,A,E,-0.3379,-0.3379,2,2.5,1,-0.549,-0.1267
160,A,F,-1.028,-1.028,2,2.5,1,-2.092,0.03597
160,A,G,-1.233,-1.233,2,1,1,-2.092,-0.3741
160,A,H,-0.1813,-0.1813,2,3.5,1,-0.04079,-0.3218
160,A,I,0.03982,0.03982,1,6,0.5,0.03982,
160,A,K,-0.09403,-0.09403,2,2.5,1,-0.3696,0.1816
160,A,L,0.08172,0.08172,1,2,0.5,,0.08172
160,A,M,-0.2759,-0.2759,2,4,1,-0.48,-0.07184
160,A,N,-0.4148,-0.4148,2,2.5,1,-1.005,0.1759
160,A,Q,-0.2452,-0.2452,2,4.25,1,-0.4942,0.003858
160,A,R,0.2522,0.2522,1,2,0.5,0.2522,
160,A,S,0.1933,0.1933,2,2.5,1,0.5863,-0.1997
160,A,T,0.1334,0.1334,2,5,1,0.238,0.02882
160,A,V,-0.02629,-0.02629,2,5.5,1,-0.1592,0.1066
160,A,W,-0.1286,-0.1286,2,4.5,1,-0.1923,-0.06481
160,A,Y,0.7129,0.7129,2,1.5,1,0.8316,0.5941
161,Y,A,-0.3242,-0.3242,1,1,0.5,,-0.3242
161,Y,C,-0.1329,-0.1329,1,1,0.5,,-0.1329
161,Y,F,-0.5628,-0.5628,2,1,1,-1.117,-0.008421
161,Y,H,-0.5484,-0.5484,2,1.5,1,-1.026,-0.07048
161,Y,K,1.39,1.39,1,1,0.5,,1.39
161,Y,L,-1.907,-1.907,1,1,0.5,-1.907,
161,Y,M,0.7481,0.7481,1,2,0.5,0.7481,
161,Y,N,0.8391,0.8391,1,1,0.5,,0.8391
161,Y,S,-0.6792,-0.6792,1,1,0.5,-0.6792,
161,Y,T,-0.3175,-0.3175,1,1,0.5,,-0.3175
161,Y,W,-0.1034,-0.1034,2,2.5,1,-0.433,0.2262
161,Y,Y,0,0,2,,1,0,0
162,P,A,-0.05014,-0.05014,2,2,1,-0.2863,0.186
162,P,D,0.2646,0.2646,1,1,0.5,,0.2646
162,P,E,-0.4702,-0.4702,2,3.5,1,-1.374,0.4331
162,P,F,-0.03859,-0.03859,2,1,1,-0.2021,0.1249
162,P,G,-0.145,-0.145,2,2.5,1,-0.5301,0.2401
162,P,H,0.03478,0.03478,2,3,1,-0.1514,0.2209
162,P,I,0.1681,0.1681,1,1,0.5,,0.1681
162,P,K,-0.05188,-0.05188,2,6.5,1,-0.1587,0.05498
162,P,L,1.13,1.13,2,1.5,1,2.102,0.1592
162,P,M,-0.4292,-0.4292,2,2.5,1,-1.004,0.1453
162,P,N,-0.1918,-0.1918,2,3,1,-0.4578,0.07422
162,P,P,0,0,2,,1,0,0
162,P,Q,0.3602,0.3602,2,1.5,1,0.3798,0.3405
162,P,R,0.3117,0.3117,2,5.5,1,0.6084,0.01504
162,P,S,-0.1174,-0.1174,2,4,1,-0.3839,0.1491
162,P,T,0.4598,0.4598,2,2.5,1,0.8114,0.1082
162,P,V,-0.3018,-0.3018,2,3,1,-0.413,-0.1907
162,P,W,-0.5747,-0.5747,2,1,1,-2.033,0.8841
162,P,Y,0.4753,0.4753,1,1,0.5,,0.4753
163,T,A,-0.9816,-0.9816,2,2.5,1,-1.809,-0.1547
163,T,C,-0.2358,-0.2358,2,1.5,1,-0.2879,-0.1837
163,T,D,0.2474,0.2474,2,3.5,1,0.6434,-0.1485
163,T,E,0.09902,0.09902,2,2,1,0.174,0.02407
163,T,G,0.1343,0.1343,2,2.5,1,0.01269,0.256
163,T,H,0.1748,0.1748,2,2.5,1,0.4241,-0.07451
163,T,I,0.0684,0.0684,2,4,1,-0.04945,0.1862
163,T,K,-0.4811,-0.4811,2,2,1,-0.8313,-0.1308
163,T,L,0.355,0.355,2,1.5,1,0.7223,-0.01232
163,T,M,-0.1182,-0.1182,2,3,1,-0.3571,0.1206
163,T,N,-0.02275,-0.02275,2,4,1,-0.1712,0.1257
163,T,P,-0.1401,-0.1401,2,3.5,1,-0.1788,-0.1015
163,T,Q,-0.0746,-0.0746,2,4,1,-0.3728,0.2236
163,T,R,-0.3719,-0.3719,1,2,0.5,-0.3719,
163,T,S,-0.4049,-0.4049,1,3,0.5,-0.4049,
163,T,T,0,0,2,,1,0,0
163,T,V,-0.6858,-0.6858,2,4,1,-1.267,-0.1049
163,T,W,-0.3266,-0.3266,2,3,1,-0.5964,-0.05679
163,T,Y,0.0453,0.0453,1,1,0.5,0.0453,
164,I,A,0.14,0.14,2,3,1,0.5081,-0.228
164,I,C,-0.0006202,-0.0006202,2,1.5,1,-0.01029,0.009046
164,I,E,-0.5439,-0.5439,2,1.5,1,0.3045,-1.392
164,I,F,0.06741,0.06741,1,4,0.5,,0.06741
164,I,G,-0.03797,-0.03797,2,1,1,0.2381,-0.314
164,I,H,-0.4654,-0.4654,2,3.5,1,-0.819,-0.1117
164,I,I,0,0,2,,1,0,0
164,I,K,-1.144,-1.144,2,2.5,1,-2.037,-0.2512
164,I,L,0.1822,0.1822,1,2,0.5,,0.1822
164,I,M,0.9017,0.9017,1,3,0.5,0.9017,
164,I,N,-0.2317,-0.2317,2,1,1,-0.6361,0.1728
164,I,Q,-0.6937,-0.6937,1,3,0.5,-0.6937,
164,I,R,-0.4663,-0.4663,2,1,1,-0.8021,-0.1305
164,I,S,-0.5314,-0.5314,1,1,0.5,-0.5314,
164,I,T,0.3965,0.3965,2,1,1,0.6695,0.1236
164,I,V,0.2226,0.2226,2,1,1,0.04989,0.3952
164,I,W,-0.2046,-0.2046,2,4.5,1,-0.5727,0.1635
164,I,Y,-0.1392,-0.1392,1,2,0.5,-0.1392,
165,K,A,-0.0384,-0.0384,2,2,1,-0.01036,-0.06644
165,K,C,-0.1698,-0.1698,2,2.5,1,-0.3134,-0.02632
165,K,D,-0.3212,-0.3212,2,3,1,-0.3307,-0.3116
165,K,E,-0.4035,-0.4035,2,3.5,1,-0.6128,-0.1942
165,K,F,0.2286,0.2286,2,2,1,0.3207,0.1365
165,K,G,-0.8011,-0.8011,2,1.5,1,-1.63,0.02737
165,K,H,-0.3131,-0.3131,2,4.5,1,-0.6028,-0.02333
165,K,I,-0.008972,-0.008972,2,2,1,0.01214,-0.03008
165,K,K,0,0,2,,1,0,0
165,K,L,-0.1001,-0.1001,1,2,0.5,,-0.1001
165,K,M,-0.2827,-0.2827,2,2,1,-0.07829,-0.4872
165,K,N,-0.5489,-0.5489,2,4,1,-0.4496,-0.6483
165,K,Q,-0.1685,-0.1685,2,5.5,1,-0.2223,-0.1147
165,K,R,-0.2099,-0.2099,2,2.5,1,-0.3523,-0.06745
165,K,S,-0.182,-0.182,2,1,1,-1.212,0.8482
165,K,T,-0.177,-0.177,1,3,0.5,,-0.177
165,K,V,-0.1354,-0.1354,2,2.5,1,-0.3626,0.09185
165,K,W,-0.0542,-0.0542,2,1.5,1,0.02139,-0.1298
165,K,Y,-0.02413,-0.02413,2,3,1,0.148,-0.1963
166,I,A,0.1278,0.1278,2,2.5,1,-0.2309,0.4865
166,I,C,-0.09636,-0.09636,2,1.5,1,-0.2004,0.007651
166,I,E,0.7351,0.7351,1,1,0.5,,0.7351
166,I,F,0.7048,0.7048,1,1,0.5,0.7048,
166,I,G,0.6066,0.6066,1,1,0.5,0.6066,
166,I,H,-0.08871,-0.08871,2,1.5,1,-0.1783,0.0009121
166,I,I,0,0,2,,1,0,0
166,I,K,-0.481,-0.481,2,1.5,1,-0.8342,-0.1279
166,I,L,-0.3447,-0.3447,2,3,1,-0.7161,0.0266
166,I,M,0.2249,0.2249,1,3,0.5,,0.2249
166,I,N,-0.5555,-0.5555,2,1,1,-0.5906,-0.5204
166,I,Q,-0.2082,-0.2082,2,1,1,0.2404,-0.6568
166,I,R,0.08219,0.08219,1,1,0.5,,0.08219
166,I,S,-0.1671,-0.1671,2,2,1,-0.4102,0.07599
166,I,T,-0.3786,-0.3786,2,1.5,1,-0.1566,-0.6006
166,I,V,-0.184,-0.184,1,2,0.5,,-0.184
166,I,W,0.2265,0.2265,2,2,1,0.4689,-0.01589
166,I,Y,0.4672,0.4672,1,1,0.5,0.4672,
167,S,A,-0.06084,-0.06084,2,6.5,1,-0.0323,-0.08937
167,S,C,-0.3381,-0.3381,2,3,1,-0.3742,-0.3019
167,S,D,-0.2517,-0.2517,2,4.5,1,-0.3874,-0.116
167,S,E,0.07934,0.07934,2,3,1,0.1108,0.04785
167,S,F,-0.1926,-0.1926,2,7,1,-0.175,-0.2102
167,S,G,-0.01573,-0.01573,2,5.5,1,-0.04934,0.01788
167,S,H,0.7752,0.7752,1,4,0.5,0.7752,
167,S,I,-0.08054,-0.08054,2,6,1,-0.1499,-0.0112
167,S,K,-0.5321,-0.5321,2,2.5,1,-0.3007,-0.7635
167,S,L,0.07122,0.07122,2,15.5,1,0.007108,0.1353
167,S,M,0.09768,0.09768,2,3,1,0.3243,-0.1289
167,S,N,-0.0621,-0.0621,2,5.5,1,0.0261,-0.1503
167,S,P,-0.1431,-0.1431,2,1.5,1,-0.4824,0.1963
167,S,Q,0.07905,0.07905,2,3,1,0.1329,0.02517
167,S,R,-0.007411,-0.007411,2,8.5,1,-0.02163,0.006809
167,S,S,0,0,2,,1,0,0
167,S,T,-0.2163,-0.2163,2,11,1,-0.1231,-0.3096
167,S,V,-0.1004,-0.1004,2,8,1,-0.2129,0.01217
167,S,W,-0.4287,-0.4287,2,3.5,1,-1.156,0.2987
167,S,Y,0.06907,0.06907,2,9,1,0.2283,-0.09018
168,Y,A,0.06273,0.06273,1,1,0.5,,0.06273
168,Y,C,0.1288,0.1288,1,0.5,0.5,,0.1288
168,Y,F,0.6749,0.6749,1,1,0.5,,0.6749
168,Y,H,0.06057,0.06057,1,1,0.5,,0.06057
168,Y,I,-0.4217,-0.4217,1,1,0.5,-0.4217,
168,Y,K,-0.0206,-0.0206,1,1,0.5,,-0.0206
168,Y,L,-0.5615,-0.5615,2,1.5,1,-1.155,0.03245
168,Y,M,0.2151,0.2151,2,1,1,-0.336,0.7662
168,Y,Q,-0.09194,-0.09194,1,1,0.5,,-0.09194
168,Y,T,-0.124,-0.124,2,1.5,1,-0.7273,0.4793
168,Y,V,0.256,0.256,1,1,0.5,0.256,
168,Y,W,-0.8612,-0.8612,1,5,0.5,-0.8612,
168,Y,Y,0,0,2,,1,0,0
169,N,A,0.3613,0.3613,2,9.75,1,0.5791,0.1435
169,N,C,0.07387,0.07387,1,2,0.5,0.07387,
169,N,D,-0.03406,-0.03406,2,3.25,1,0.2696,-0.3377
169,N,E,-0.3437,-0.3437,2,3.5,1,-0.2824,-0.4051
169,N,F,0.1546,0.1546,2,2.5,1,-0.02479,0.3339
169,N,G,-0.5143,-0.5143,2,4.5,1,-0.9776,-0.05095
169,N,H,0.007328,0.007328,2,5,1,0.01272,0.00193
169,N,I,0.1993,0.1993,2,3,1,0.5312,-0.1325
169,N,K,-0.02399,-0.02399,2,3.5,1,0.01021,-0.05819
169,N,L,0.05589,0.05589,2,11,1,-0.08429,0.1961
169,N,M,0.1779,0.1779,2,4.5,1,0.6059,-0.2501
169,N,N,0,0,2,,1,0,0
169,N,P,0.3421,0.3421,2,9.5,1,0.3767,0.3075
169,N,Q,-0.001551,-0.001551,2,4,1,-0.5056,0.5025
169,N,R,-0.07528,-0.07528,2,10.5,1,-0.2352,0.08465
169,N,S,0.2826,0.2826,2,10.5,1,0.1935,0.3718
169,N,T,-0.1049,-0.1049,2,4.5,1,-0.2433,0.03352
169,N,V,0.07885,0.07885,2,7.5,1,0.02797,0.1297
169,N,W,0.06508,0.06508,2,3.5,1,0.484,-0.3539
169,N,Y,0.4726,0.4726,2,3,1,0.4397,0.5055
171,T,A,0.02737,0.02737,2,3.5,1,0.3366,-0.2819
171,T,C,0.1587,0.1587,1,5,0.5,,0.1587
171,T,D,0.0961,0.0961,2,2.5,1,0.657,-0.4648
171,T,E,-0.02249,-0.02249,1,2,0.5,,-0.02249
171,T,F,-0.8894,-0.8894,2,1.5,1,-2.01,0.2314
171,T,G,-0.0869,-0.0869,2,5,1,-0.2471,0.07325
171,T,H,-0.07827,-0.07827,1,2,0.5,,-0.07827
171,T,I,-0.1498,-0.1498,2,2.5,1,0.1353,-0.435
171,T,K,0.6578,0.6578,2,2.5,1,1.135,0.1804
171,T,L,0.1381,0.1381,2,2.5,1,0.1761,0.09997
171,T,M,-0.5778,-0.5778,1,2,0.5,-0.5778,
171,T,N,0.3952,0.3952,2,4,1,0.6732,0.1171
171,T,P,0.1593,0.1593,1,9,0.5,0.1593,
171,T,Q,0.2703,0.2703,2,2.5,1,0.8659,-0.3252
171,T,R,0.2265,0.2265,2,4,1,0.2338,0.2191
171,T,S,0.2869,0.2869,2,1,1,0.7039,-0.1302
171,T,T,0,0,2,,1,0,0
171,T,V,0.5202,0.5202,2,1.5,1,0.7981,0.2423
171,T,W,0.7094,0.7094,2,2.5,1,0.4875,0.9313
171,T,Y,-0.3383,-0.3383,2,3.5,1,-0.7604,0.0839
172,N,A,-0.3561,-0.3561,2,3,1,-0.9521,0.2399
172,N,C,-0.3877,-0.3877,2,2,1,-0.8868,0.1113
172,N,D,-0.8826,-0.8826,1,2,0.5,-0.8826,
172,N,E,-1.04,-1.04,2,3.5,1,-2.427,0.3473
172,N,F,0.7027,0.7027,2,2.5,1,1.227,0.1786
172,N,G,-0.02732,-0.02732,2,1.5,1,-0.4352,0.3805
172,N,H,-0.1162,-0.1162,1,1,0.5,,-0.1162
172,N,I,0.1405,0.1405,2,3.5,1,0.1376,0.1433
172,N,K,0.009981,0.009981,2,3.5,1,-0.08302,0.103
172,N,L,-0.7734,-0.7734,2,2.5,1,-1.506,-0.04122
172,N,M,0.157,0.157,2,3.5,1,0.3691,-0.05508
172,N,N,0,0,2,,1,0,0
172,N,P,-2.074,-2.074,1,1,0.5,-2.074,
172,N,Q,0.1121,0.1121,1,8,0.5,0.1121,
172,N,R,0.4216,0.4216,2,2,1,0.656,0.1872
172,N,S,-0.07937,-0.07937,1,3,0.5,-0.07937,
172,N,V,-0.4363,-0.4363,2,2,1,-0.357,-0.5157
172,N,W,0.377,0.377,2,3,1,0.5797,0.1743
172,N,Y,0.4967,0.4967,2,4,1,0.797,0.1964
173,R,A,0.09178,0.09178,2,3.5,1,0.2467,-0.06316
173,R,C,-0.02284,-0.02284,2,1.5,1,-0.2582,0.2125
173,R,D,-0.3549,-0.3549,2,3,1,-0.3729,-0.3369
173,R,E,-0.6295,-0.6295,2,5.5,1,-1.012,-0.2468
173,R,F,-0.2597,-0.2597,2,3,1,-0.2156,-0.3038
173,R,G,-0.5364,-0.5364,2,3.25,1,-0.3545,-0.7182
173,R,H,-0.2024,-0.2024,1,1,0.5,-0.2024,
173,R,I,0.2575,0.2575,2,5,1,0.508,0.007038
173,R,K,-0.3175,-0.3175,2,2.5,1,-0.7889,0.154
173,R,L,0.1238,0.1238,1,4,0.5,,0.1238
173,R,M,-0.05101,-0.05101,2,2,1,0.06567,-0.1677
173,R,N,-0.1618,-0.1618,2,3.5,1,-0.5662,0.2426
173,R,P,-0.05528,-0.05528,2,4,1,0.03623,-0.1468
173,R,Q,-0.2163,-0.2163,2,2.5,1,-0.5301,0.09747
173,R,R,0,0,2,,1,0,0
173,R,S,0.3184,0.3184,2,2.5,1,0.6942,-0.05738
173,R,T,-0.01822,-0.01822,2,4,1,-0.01465,-0.02179
173,R,V,0.1773,0.1773,2,3,1,0.3096,0.04501
173,R,W,-0.1165,-0.1165,2,4,1,-0.163,-0.07012
173,R,Y,0.5336,0.5336,2,2,1,1.172,-0.1044
174,E,A,1.42,1.42,1,1,0.5,1.42,
174,E,C,-0.666,-0.666,1,1,0.5,-0.666,
174,E,D,1.878e-05,1.878e-05,2,6.5,1,0.1728,-0.1728
174,E,E,0,0,2,,1,0,0
174,E,F,-0.02837,-0.02837,2,2,1,0.0316,-0.08835
174,E,G,-0.1114,-0.1114,2,2,1,-0.3107,0.08794
174,E,H,-0.2109,-0.2109,2,3.5,1,-0.3549,-0.06693
174,E,I,0.7981,0.7981,2,1,1,1.316,0.2801
174,E,K,0.04452,0.04452,2,3,1,0.1218,-0.03277
174,E,L,-0.482,-0.482,2,2.5,1,-1.167,0.2026
174,E,M,0.4629,0.4629,2,2,1,0.6836,0.2422
174,E,N,-0.1692,-0.1692,2,3.5,1,-0.3651,0.02682
174,E,Q,0.07896,0.07896,2,2,1,0.2188,-0.06092
174,E,R,0.2652,0.2652,2,3.5,1,-0.03178,0.5621
174,E,S,0.1659,0.1659,2,3,1,0.1205,0.2113
174,E,T,0.3697,0.3697,2,2.5,1,0.2959,0.4434
174,E,V,0.009138,0.009138,2,2,1,0.1138,-0.09554
174,E,W,0.8002,0.8002,1,3,0.5,0.8002,
174,E,Y,0.7435,0.7435,2,1.5,1,1.27,0.2173
175,D,A,-0.128,-0.128,2,2,1,-0.8568,0.6008
175,D,C,-1.844,-1.844,1,6,0.5,-1.844,
175,D,D,0,0,2,,1,0,0
175,D,E,-0.2008,-0.2008,2,2.5,1,-0.07753,-0.324
175,D,F,0.07949,0.07949,2,2,1,-0.02451,0.1835
175,D,G,0.2933,0.2933,2,2.5,1,0.5583,0.02823
175,D,H,0.02648,0.02648,1,2,0.5,,0.02648
175,D,I,-1.031,-1.031,2,1,1,-2.043,-0.01803
175,D,K,0.01373,0.01373,2,3.5,1,-0.3689,0.3963
175,D,L,0.0788,0.0788,2,1.5,1,-0.1119,0.2695
175,D,M,0.01457,0.01457,2,3.5,1,0.08003,-0.05088
175,D,N,0.733,0.733,2,1.5,1,0.6102,0.8558
175,D,P,0.04481,0.04481,1,1,0.5,,0.04481
175,D,Q,-0.2913,-0.2913,2,4,1,-0.1613,-0.4213
175,D,R,0.5801,0.5801,2,2.5,1,0.4027,0.7574
175,D,S,0.09638,0.09638,2,2.5,1,0.3135,-0.1207
175,D,T,0.1714,0.1714,1,6,0.5,,0.1714
175,D,V,0.09596,0.09596,2,2,1,-0.03454,0.2265
175,D,W,0.8409,0.8409,1,3,0.5,0.8409,
175,D,Y,0.0264,0.0264,2,3,1,-0.06987,0.1227
176,L,C,0.03197,0.03197,2,4.5,1,-0.1592,0.2231
176,L,E,-0.5437,-0.5437,1,1,0.5,,-0.5437
176,L,F,-0.2382,-0.2382,1,2,0.5,-0.2382,
176,L,H,-0.8777,-0.8777,2,1,1,-1.21,-0.5453
176,L,I,-0.04403,-0.04403,2,3.5,1,-0.005583,-0.08248
176,L,K,-0.1188,-0.1188,1,1,0.5,-0.1188,
176,L,L,0,0,2,,1,0,0
176,L,M,-0.1523,-0.1523,2,2.5,1,-0.04825,-0.2564
176,L,N,1.101,1.101,2,1.5,1,1.236,0.9668
176,L,Q,0.555,0.555,2,1,1,0.03227,1.078
176,L,S,0.3824,0.3824,2,1.5,1,-0.1091,0.8739
176,L,T,-0.3468,-0.3468,2,1.5,1,-0.481,-0.2125
176,L,V,0.08138,0.08138,2,3,1,-0.06413,0.2269
176,L,Y,-1.147,-1.147,2,2.5,1,-2.542,0.2482
177,L,C,-0.7615,-0.7615,2,1,1,-1.964,0.441
177,L,E,-1.964,-1.964,1,1,0.5,-1.964,
177,L,F,-0.5281,-0.5281,2,1,1,-1.362,0.3059
177,L,G,-0.1323,-0.1323,1,1,0.5,,-0.1323
177,L,I,-0.1435,-0.1435,2,2.5,1,-0.2646,-0.02246
177,L,L,0,0,2,,1,0,0
177,L,M,-0.1921,-0.1921,2,1.5,1,-0.4528,0.06849
177,L,P,-1.261,-1.261,1,1,0.5,-1.261,
177,L,Q,-0.618,-0.618,1,1,0.5,,-0.618
177,L,T,1.739,1.739,1,1,0.5,1.739,
177,L,V,0.09554,0.09554,2,2,1,0.1344,0.05666
177,L,Y,0.05366,0.05366,1,2,0.5,,0.05366
178,I,A,-0.05857,-0.05857,1,1,0.5,-0.05857,
178,I,C,0.294,0.294,2,1.5,1,0.2621,0.3258
178,I,D,-2.072,-2.072,1,2,0.5,-2.072,
178,I,F,0.005533,0.005533,2,3,1,0.1435,-0.1324
178,I,I,0,0,2,,1,0,0
178,I,L,-0.2569,-0.2569,2,1.5,1,-1.134,0.6203
178,I,M,-0.02209,-0.02209,2,3,1,-0.1425,0.09833
178,I,P,-2.015,-2.015,1,1,0.5,-2.015,
178,I,R,0.05395,0.05395,1,1,0.5,0.05395,
178,I,T,-0.8568,-0.8568,2,1,1,-2.015,0.301
178,I,V,-0.6195,-0.6195,1,1,0.5,-0.6195,
178,I,W,1.109,1.109,2,3,1,1.434,0.7838
179,L,A,0.04399,0.04399,2,3.5,1,0.04958,0.03841
179,L,C,-0.4264,-0.4264,1,1,0.5,,-0.4264
179,L,E,-0.4644,-0.4644,1,1,0.5,,-0.4644
179,L,F,-0.7213,-0.7213,2,2,1,-1.05,-0.3925
179,L,G,-0.2219,-0.2219,1,1,0.5,,-0.2219
179,L,H,-0.5349,-0.5349,2,2.5,1,0.06104,-1.131
179,L,I,-0.03493,-0.03493,2,3,1,-0.1604,0.09056
179,L,L,0,0,2,,1,0,0
179,L,M,0.07261,0.07261,2,4.5,1,0.3004,-0.1552
179,L,N,-0.2026,-0.2026,2,2.5,1,-0.8329,0.4277
179,L,P,0.3587,0.3587,2,3,1,0.6556,0.06174
179,L,Q,0.08473,0.08473,2,2.5,1,-0.2115,0.3809
179,L,S,0.276,0.276,2,2,1,0.4971,0.05489
179,L,T,1.045,1.045,1,2,0.5,1.045,
179,L,V,-0.2284,-0.2284,1,2,0.5,-0.2284,
179,L,W,-0.1954,-0.1954,1,1,0.5,,-0.1954
179,L,Y,0.2756,0.2756,2,1,1,0.3083,0.2429
180,W,D,-1.869,-1.869,1,1,0.5,-1.869,
180,W,F,0.1223,0.1223,2,1.5,1,0.1246,0.12
180,W,G,0.2601,0.2601,1,1,0.5,0.2601,
180,W,H,-0.2479,-0.2479,1,1,0.5,-0.2479,
180,W,P,-0.1953,-0.1953,1,1,0.5,,-0.1953
180,W,R,-1.406,-1.406,1,1,0.5,-1.406,
180,W,S,-0.9692,-0.9692,1,1,0.5,,-0.9692
180,W,W,0,0,2,,1,0,0
180,W,Y,0.08228,0.08228,2,2.5,1,0.2198,-0.05527
181,G,A,0.3716,0.3716,2,4.5,1,0.1405,0.6028
181,G,D,0.0628,0.0628,1,1,0.5,,0.0628
181,G,G,0,0,2,,1,0,0
181,G,K,-0.6621,-0.6621,2,1,1,-0.5715,-0.7528
181,G,L,-0.2374,-0.2374,1,2,0.5,-0.2374,
181,G,M,0.841,0.841,1,1,0.5,,0.841
181,G,T,-1.008,-1.008,1,1,0.5,-1.008,
182,I,A,0.2492,0.2492,1,3,0.5,0.2492,
182,I,C,-0.1451,-0.1451,2,2,1,-0.07765,-0.2125
182,I,E,-0.5989,-0.5989,2,2.5,1,-1.034,-0.1634
182,I,F,0.05101,0.05101,1,2,0.5,0.05101,
182,I,H,0.01972,0.01972,2,1.5,1,-0.0693,0.1087
182,I,I,0,0,2,,1,0,0
182,I,L,0.5109,0.5109,2,3,1,0.9554,0.06639
182,I,M,0.1139,0.1139,2,4.5,1,0.2384,-0.01058
182,I,N,0.8614,0.8614,1,1,0.5,,0.8614
182,I,Q,0.3023,0.3023,2,3.5,1,0.7327,-0.1282
182,I,T,-0.2814,-0.2814,2,4.5,1,-0.4767,-0.086
182,I,V,0.3016,0.3016,1,4,0.5,0.3016,
182,I,Y,-1.115,-1.115,1,4,0.5,-1.115,
183,H,D,-0.9519,-0.9519,1,1,0.5,,-0.9519
183,H,F,-1.409,-1.409,2,1,1,-1.631,-1.187
183,H,H,0,0,2,,1,0,0
183,H,K,-0.5871,-0.5871,1,1,0.5,,-0.5871
183,H,L,-1.922,-1.922,1,1,0.5,-1.922,
183,H,M,-0.9207,-0.9207,2,1.5,1,-0.9883,-0.853
183,H,Q,-0.1933,-0.1933,2,2,1,-0.1028,-0.2839
183,H,S,-0.2372,-0.2372,1,1,0.5,,-0.2372
183,H,V,0.6396,0.6396,1,0.5,0.5,,0.6396
184,H,A,0.2377,0.2377,1,1,0.5,0.2377,
184,H,D,-0.2396,-0.2396,1,2,0.5,,-0.2396
184,H,G,0.2464,0.2464,1,1,0.5,0.2464,
184,H,H,0,0,2,,1,0,0
184,H,I,-1.01,-1.01,1,1,0.5,-1.01,
184,H,K,-1.794,-1.794,1,1,0.5,-1.794,
184,H,N,-0.2481,-0.2481,1,2,0.5,,-0.2481
184,H,Q,0.4773,0.4773,1,2,0.5,0.4773,
185,S,A,0.3371,0.3371,2,1,1,0.7683,-0.09413
185,S,C,-0.7346,-0.7346,1,4,0.5,,-0.7346
185,S,D,-0.8725,-0.8725,1,1,0.5,,-0.8725
185,S,G,-1.015,-1.015,2,3.75,1,-2.119,0.08987
185,S,H,-2.101,-2.101,1,1,0.5,-2.101,
185,S,I,-1.457,-1.457,2,2.5,1,-1.886,-1.029
185,S,L,-1.151,-1.151,2,1.5,1,-1.904,-0.3986
185,S,N,-1.207,-1.207,2,2.5,1,-1.842,-0.5716
185,S,P,-0.5028,-0.5028,1,2,0.5,-0.5028,
185,S,Q,-0.604,-0.604,1,1,0.5,-0.604,
185,S,R,-1.184,-1.184,1,1,0.5,,-1.184
185,S,S,0,0,2,,1,0,0
185,S,V,-1.221,-1.221,2,2,1,-1.64,-0.801
186,N,A,-0.3241,-0.3241,2,2,1,-0.01808,-0.63
186,N,C,-2.132,-2.132,1,1,0.5,-2.132,
186,N,D,-1.317,-1.317,2,2,1,-2.072,-0.5626
186,N,E,-1.318,-1.318,2,1,1,-2.132,-0.5031
186,N,F,-1.352,-1.352,2,1.5,1,-2.152,-0.5518
186,N,H,-0.2363,-0.2363,1,1,0.5,-0.2363,
186,N,I,-0.6695,-0.6695,1,2,0.5,,-0.6695
186,N,K,-0.8669,-0.8669,1,2,0.5,-0.8669,
186,N,M,-1.22,-1.22,1,1,0.5,,-1.22
186,N,N,0,0,2,,1,0,0
186,N,P,-0.7369,-0.7369,1,1,0.5,-0.7369,
186,N,Q,-1.246,-1.246,2,2.5,1,-1.273,-1.22
186,N,S,-0.9747,-0.9747,2,2,1,-1.184,-0.765
186,N,T,-1.19,-1.19,2,1.5,1,-1.497,-0.8833
186,N,V,-1.019,-1.019,1,2,0.5,,-1.019
186,N,W,-0.9021,-0.9021,1,2,0.5,,-0.9021
186,N,Y,-0.6798,-0.6798,2,3,1,-0.317,-1.043
187,N,A,0.0714,0.0714,2,2,1,0.2562,-0.1134
187,N,C,-1.038,-1.038,2,2.5,1,-1.122,-0.9536
187,N,D,-0.6664,-0.6664,2,5.5,1,-0.935,-0.3977
187,N,E,-0.4547,-0.4547,2,2,1,-0.4737,-0.4357
187,N,F,0.1142,0.1142,1,4,0.5,,0.1142
187,N,G,-0.3884,-0.3884,2,4.5,1,-0.3718,-0.4051
187,N,H,-0.4881,-0.4881,2,2,1,-1.217,0.2404
187,N,I,-0.342,-0.342,1,1,0.5,,-0.342
187,N,K,0.27,0.27,2,3,1,0.4047,0.1353
187,N,L,-0.419,-0.419,1,3,0.5,,-0.419
187,N,M,-0.3152,-0.3152,1,4,0.5,,-0.3152
187,N,N,0,0,2,,1,0,0
187,N,P,0.05495,0.05495,1,4,0.5,0.05495,
187,N,Q,-0.03255,-0.03255,2,1.5,1,-0.3927,0.3276
187,N,R,0.4405,0.4405,2,3,1,0.9275,-0.04647
187,N,S,0.7091,0.7091,2,1,1,1.077,0.3407
187,N,T,-0.1634,-0.1634,2,3,1,-0.0976,-0.2292
187,N,V,-0.2216,-0.2216,2,2.5,1,-0.1911,-0.252
187,N,W,-0.3872,-0.3872,2,2,1,-0.7059,-0.0684
187,N,Y,0.03354,0.03354,2,2,1,-0.05563,0.1227
188,A,A,0,0,2,,1,0,0
188,A,C,0.02815,0.02815,2,3,1,0.4287,-0.3724
188,A,D,-0.1266,-0.1266,2,5.5,1,-0.1018,-0.1514
188,A,E,-0.09522,-0.09522,2,3,1,-0.2871,0.09663
188,A,F,0.2845,0.2845,2,3.5,1,0.1538,0.4152
188,A,G,0.4294,0.4294,2,2.5,1,0.5208,0.3381
188,A,H,-0.2413,-0.2413,2,3.5,1,-0.5278,0.04527
188,A,I,0.3837,0.3837,2,4,1,0.7001,0.06727
188,A,K,0.06569,0.06569,2,4.5,1,0.107,0.02439
188,A,L,-0.1263,-0.1263,1,2,0.5,-0.1263,
188,A,M,0.06065,0.06065,2,2,1,0.2108,-0.08946
188,A,N,0.1176,0.1176,2,3,1,0.4095,-0.1743
188,A,P,0.1081,0.1081,2,3,1,0.2355,-0.01931
188,A,Q,-0.01279,-0.01279,2,3.5,1,-0.1096,0.084
188,A,R,-0.008033,-0.008033,2,4.5,1,0.0002482,-0.01631
188,A,S,-1.265,-1.265,2,1,1,-2.054,-0.4765
188,A,V,-0.006821,-0.006821,2,5,1,-0.2424,0.2287
188,A,W,-0.7437,-0.7437,2,1.5,1,-0.2821,-1.205
188,A,Y,0.252,0.252,1,5,0.5,0.252,
189,E,A,-0.02142,-0.02142,1,5,0.5,,-0.02142
189,E,D,0.3556,0.3556,2,3.5,1,0.5769,0.1343
189,E,E,0,0,2,,1,0,0
189,E,F,0.06117,0.06117,1,4,0.5,0.06117,
189,E,G,0.009934,0.009934,2,2,1,0.2605,-0.2406
189,E,H,-0.3264,-0.3264,2,2.5,1,-0.4928,-0.16
189,E,K,0.2734,0.2734,2,6.5,1,-0.04922,0.5961
189,E,L,-0.758,-0.758,2,2,1,-0.762,-0.7541
189,E,M,0.04898,0.04898,2,3.5,1,-0.04339,0.1413
189,E,N,-0.2821,-0.2821,2,2,1,-0.5927,0.02845
189,E,P,-0.1331,-0.1331,2,2.5,1,0.1136,-0.3798
189,E,Q,-0.04123,-0.04123,1,2,0.5,,-0.04123
189,E,R,0.3232,0.3232,2,1.75,1,0.5674,0.07897
189,E,S,-1.386,-1.386,2,1,1,-1.571,-1.202
189,E,T,-0.4659,-0.4659,1,1,0.5,,-0.4659
189,E,V,-0.001273,-0.001273,2,2,1,0.0808,-0.08335
189,E,W,0.4651,0.4651,2,1.5,1,0.05102,0.8791
189,E,Y,0.08711,0.08711,2,1,1,-0.06064,0.2349
189,E,*,2.473,2.473,1,0.5,0.5,,2.473
190,E,A,0.02459,0.02459,1,2,0.5,,0.02459
190,E,C,-1.569,-1.569,2,1.5,1,-1.999,-1.14
190,E,D,-0.4887,-0.4887,1,1,0.5,-0.4887,
190,E,E,0,0,2,,1,0,0
190,E,G,-0.5058,-0.5058,1,1,0.5,,-0.5058
190,E,H,-1.999,-1.999,1,1,0.5,-1.999,
190,E,K,-0.69,-0.69,2,1,1,-0.6175,-0.7624
190,E,M,0.08562,0.08562,2,1,1,0.2889,-0.1177
190,E,N,-0.5227,-0.5227,2,1.5,1,-0.6815,-0.3639
190,E,Q,-0.2265,-0.2265,2,1.5,1,-0.8694,0.4164
190,E,R,-1.175,-1.175,1,1,0.5,,-1.175
190,E,T,0.3803,0.3803,1,1,0.5,0.3803,
190,E,*,-0.8737,-0.8737,1,1,0.5,-0.8737,
191,Q,A,-0.01555,-0.01555,1,1,0.5,,-0.01555
191,Q,C,-0.2713,-0.2713,1,1,0.5,,-0.2713
191,Q,H,-0.05019,-0.05019,1,2,0.5,,-0.05019
191,Q,M,-1.698,-1.698,1,1,0.5,-1.698,
191,Q,N,0.1869,0.1869,2,2,1,0.2556,0.1182
191,Q,P,-0.3877,-0.3877,1,1,0.5,,-0.3877
191,Q,Q,0,0,2,,1,0,0
191,Q,S,-0.6222,-0.6222,2,1,1,-0.3082,-0.9363
192,T,A,0.1074,0.1074,2,4.75,1,0.1047,0.11
192,T,C,0.9799,0.9799,2,2,1,2.002,-0.04257
192,T,D,0.006983,0.006983,2,2,1,0.3696,-0.3556
192,T,E,-0.1821,-0.1821,1,1,0.5,,-0.1821
192,T,F,-0.6914,-0.6914,2,1.75,1,-1.281,-0.1015
192,T,G,-0.1133,-0.1133,1,2,0.5,,-0.1133
192,T,H,-0.06748,-0.06748,2,5,1,-0.01536,-0.1196
192,T,I,-0.4261,-0.4261,2,2.5,1,-0.7405,-0.1117
192,T,K,-0.6162,-0.6162,2,3,1,0.1804,-1.413
192,T,L,-0.8547,-0.8547,1,2,0.5,-0.8547,
192,T,M,-0.1001,-0.1001,2,2.5,1,-0.1459,-0.05432
192,T,N,-0.1038,-0.1038,2,4,1,-0.0808,-0.1268
192,T,P,-0.3072,-0.3072,2,1,1,-2.052,1.438
192,T,Q,-0.323,-0.323,2,2.5,1,0.0397,-0.6857
192,T,R,0.1789,0.1789,2,3,1,0.3216,0.03628
192,T,S,-0.5796,-0.5796,2,3,1,-0.8651,-0.2942
192,T,T,0,0,2,,1,0,0
192,T,V,0.1426,0.1426,2,3,1,0.213,0.07232
192,T,W,-0.0498,-0.0498,2,3,1,-0.2067,0.1071
192,T,Y,0.245,0.245,2,3,1,0.7093,-0.2192
193,N,A,0.6596,0.6596,2,2.5,1,1.198,0.1211
193,N,C,-0.3913,-0.3913,1,1,0.5,,-0.3913
193,N,D,-0.6314,-0.6314,2,1.5,1,-0.8113,-0.4515
193,N,F,0.2177,0.2177,2,3.5,1,0.6071,-0.1717
193,N,G,0.1511,0.1511,2,1.5,1,-0.5745,0.8768
193,N,H,0.005626,0.005626,1,2,0.5,,0.005626
193,N,I,-0.3689,-0.3689,1,1,0.5,,-0.3689
193,N,K,0.2028,0.2028,2,4.5,1,0.1563,0.2492
193,N,L,0.4756,0.4756,2,1.5,1,1.082,-0.1308
193,N,M,-0.2696,-0.2696,2,4.5,1,-0.5167,-0.02255
193,N,N,0,0,2,,1,0,0
193,N,Q,0.06399,0.06399,2,3,1,0.2422,-0.1142
193,N,R,-0.09398,-0.09398,2,3.5,1,-0.1348,-0.05315
193,N,S,0.04336,0.04336,2,3,1,0.1572,-0.07046
193,N,T,-1.03,-1.03,2,1,1,-1.842,-0.2187
193,N,V,-0.5707,-0.5707,2,1.5,1,-1.441,0.2997
193,N,W,-0.5443,-0.5443,2,3,1,-1.003,-0.08559
193,N,Y,-0.2443,-0.2443,2,3.5,1,-0.2515,-0.2372
194,L,A,1.169,1.169,1,1,0.5,,1.169
194,L,C,-0.6833,-0.6833,2,1.5,1,-0.3001,-1.067
194,L,D,0.03383,0.03383,1,1,0.5,,0.03383
194,L,F,-1.931,-1.931,1,1,0.5,-1.931,
194,L,H,-0.4124,-0.4124,2,1.5,1,0.2754,-1.1
194,L,I,-0.0535,-0.0535,2,1,1,-0.2488,0.1418
194,L,L,0,0,2,,1,0,0
194,L,M,-0.6807,-0.6807,2,2,1,-0.7464,-0.6149
194,L,N,-0.3389,-0.3389,2,2,1,-0.6098,-0.06793
194,L,P,-1.197,-1.197,1,1,0.5,,-1.197
194,L,Q,-1.209,-1.209,1,1,0.5,,-1.209
194,L,R,-0.7129,-0.7129,2,1.5,1,-0.4462,-0.9797
194,L,T,-0.6249,-0.6249,1,3,0.5,,-0.6249
194,L,V,0.1366,0.1366,2,1.5,1,0.3662,-0.09296
194,L,W,0.0004474,0.0004474,1,1,0.5,,0.0004474
195,Y,C,1.49,1.49,2,0.75,1,-0.3692,3.35
195,Y,F,-1.769,-1.769,1,1,0.5,-1.769,
195,Y,M,3.276,3.276,1,0.5,0.5,,3.276
195,Y,Y,0,0,2,,1,0,0
196,K,A,-0.2536,-0.2536,1,6,0.5,-0.2536,
196,K,C,-0.1676,-0.1676,2,1.5,1,-0.1249,-0.2104
196,K,D,0.1659,0.1659,2,2.5,1,0.3606,-0.0288
196,K,E,0.298,0.298,1,2,0.5,,0.298
196,K,F,0.01875,0.01875,2,1.5,1,0.4088,-0.3713
196,K,G,-0.2261,-0.2261,1,4,0.5,-0.2261,
196,K,H,0.2726,0.2726,2,2.5,1,0.3341,0.2111
196,K,I,-0.0206,-0.0206,1,5,0.5,,-0.0206
196,K,K,0,0,2,,1,0,0
196,K,L,-0.5385,-0.5385,2,3,1,-0.8402,-0.2369
196,K,M,0.3102,0.3102,2,4,1,0.519,0.1014
196,K,N,-0.06637,-0.06637,2,4.5,1,-0.1309,-0.001864
196,K,P,-0.5357,-0.5357,1,1,0.5,,-0.5357
196,K,Q,-0.1792,-0.1792,2,3.5,1,-0.6992,0.3408
196,K,R,0.1738,0.1738,2,5.5,1,0.2068,0.1409
196,K,S,0.4622,0.4622,2,2.5,1,0.8085,0.1158
196,K,V,0.1575,0.1575,2,4.5,1,0.2263,0.08868
196,K,W,0.01991,0.01991,2,2.5,1,-0.09908,0.1389
196,K,Y,0.1729,0.1729,2,1.5,1,0.3087,0.03698
197,N,A,0.2659,0.2659,2,1.5,1,-0.02562,0.5574
197,N,C,-0.7618,-0.7618,1,2,0.5,,-0.7618
197,N,D,-0.07555,-0.07555,2,1.5,1,-0.09594,-0.05516
197,N,E,-0.009929,-0.009929,2,2.5,1,-0.0774,0.05755
197,N,F,-0.2755,-0.2755,1,3,0.5,-0.2755,
197,N,G,-0.7946,-0.7946,2,3,1,-1.921,0.3319
197,N,H,0.6722,0.6722,2,1.5,1,0.7091,0.6354
197,N,I,-1.221,-1.221,2,1,1,-2.069,-0.3727
197,N,K,-1.02,-1.02,2,4,1,-2.247,0.2067
197,N,L,-0.1541,-0.1541,2,1.5,1,-0.1695,-0.1387
197,N,M,-0.2936,-0.2936,2,3.5,1,-0.5338,-0.05354
197,N,N,0,0,2,,1,0,0
197,N,Q,0.3876,0.3876,2,4.5,1,0.2036,0.5717
197,N,R,0.1083,0.1083,2,2,1,0.1896,0.02694
197,N,S,-0.3195,-0.3195,2,2.5,1,-0.6987,0.05957
197,N,T,-0.4338,-0.4338,2,2,1,-0.8572,-0.01044
197,N,V,0.5398,0.5398,2,2.5,1,1.362,-0.2821
197,N,W,0.1869,0.1869,1,8,0.5,,0.1869
197,N,Y,-0.07324,-0.07324,2,3,1,-0.2604,0.1139
198,P,A,0.1491,0.1491,2,1.5,1,0.4287,-0.1305
198,P,C,-0.06089,-0.06089,1,1,0.5,,-0.06089
198,P,D,-0.3249,-0.3249,1,6,0.5,-0.3249,
198,P,E,-0.2849,-0.2849,2,2,1,0.03636,-0.6061
198,P,F,-0.3323,-0.3323,2,1.5,1,-0.6149,-0.04979
198,P,G,-0.3746,-0.3746,2,4.5,1,-0.3653,-0.3839
198,P,H,-0.2524,-0.2524,2,4.5,1,-0.3107,-0.1942
198,P,I,-0.1171,-0.1171,2,2,1,-0.1898,-0.04453
198,P,K,0.3013,0.3013,1,2,0.5,0.3013,
198,P,L,-0.0533,-0.0533,2,3,1,0.02463,-0.1312
198,P,M,-0.5749,-0.5749,2,3.5,1,-0.8635,-0.2862
198,P,N,-0.558,-0.558,1,4,0.5,,-0.558
198,P,P,0,0,2,,1,0,0
198,P,Q,-0.2066,-0.2066,2,3.5,1,-0.3751,-0.03803
198,P,R,0.2975,0.2975,1,4,0.5,,0.2975
198,P,S,-0.3617,-0.3617,2,2.5,1,-0.6195,-0.1039
198,P,T,-0.1706,-0.1706,1,4,0.5,-0.1706,
198,P,V,-0.36,-0.36,2,3.5,1,-0.6698,-0.05024
198,P,W,-0.3636,-0.3636,1,4,0.5,,-0.3636
198,P,Y,0.04305,0.04305,2,2,1,0.1236,-0.03749
199,T,A,0.128,0.128,1,3.5,0.5,,0.128
199,T,C,-0.8032,-0.8032,2,2.5,1,-1.303,-0.303
199,T,D,-0.3529,-0.3529,2,2.5,1,-0.855,0.1491
199,T,E,0.4067,0.4067,2,1.5,1,1.054,-0.2406
199,T,F,-0.546,-0.546,2,3,1,-1.091,-0.001216
199,T,G,0.3673,0.3673,2,3,1,0.7101,0.02452
199,T,H,-0.06408,-0.06408,2,2.5,1,-0.03161,-0.09655
199,T,I,-0.09361,-0.09361,2,2.5,1,-0.1854,-0.001779
199,T,K,-0.09417,-0.09417,2,5,1,-0.02637,-0.162
199,T,L,0.3116,0.3116,2,3,1,0.4658,0.1574
199,T,M,0.038,0.038,2,1,1,-0.03201,0.108
199,T,N,0.001688,0.001688,1,5,0.5,0.001688,
199,T,P,-0.6,-0.6,1,3,0.5,-0.6,
199,T,Q,0.2341,0.2341,2,2,1,0.3574,0.1109
199,T,R,0.1203,0.1203,1,2,0.5,,0.1203
199,T,S,-0.5763,-0.5763,2,2.5,1,-0.9976,-0.155
199,T,T,0,0,2,,1,0,0
199,T,V,0.3242,0.3242,2,2,1,0.4193,0.2291
199,T,W,0.003005,0.003005,1,2,0.5,0.003005,
199,T,Y,-0.2771,-0.2771,2,2.5,1,-0.3339,-0.2202
200,T,A,0.2523,0.2523,2,3.25,1,0.3852,0.1195
200,T,C,-0.4451,-0.4451,2,2,1,-0.5709,-0.3193
200,T,D,-0.2755,-0.2755,1,1,0.5,,-0.2755
200,T,E,-0.6844,-0.6844,1,1,0.5,,-0.6844
200,T,F,-1.91,-1.91,1,1,0.5,-1.91,
200,T,G,0.01649,0.01649,2,2.5,1,0.005603,0.02738
200,T,I,0.1146,0.1146,1,1,0.5,,0.1146
200,T,K,2.618,2.618,1,0.5,0.5,,2.618
200,T,N,-0.8383,-0.8383,1,1,0.5,,-0.8383
200,T,P,0.294,0.294,2,4.5,1,0.06643,0.5215
200,T,R,0.07689,0.07689,1,1,0.5,,0.07689
200,T,S,0.08881,0.08881,1,6,0.5,,0.08881
200,T,T,0,0,2,,1,0,0
200,T,V,0.1305,0.1305,2,3.5,1,0.2069,0.05414
200,T,Y,-1.91,-1.91,1,1,0.5,-1.91,
201,Y,A,-0.5151,-0.5151,2,3,1,-1.041,0.01103
201,Y,C,-0.4969,-0.4969,2,2,1,-1.103,0.1089
201,Y,D,-0.3349,-0.3349,2,4,1,-0.6888,0.01893
201,Y,E,-0.3026,-0.3026,2,4,1,-0.5344,-0.07085
201,Y,F,-0.3901,-0.3901,2,2,1,-0.8758,0.09565
201,Y,G,-0.3725,-0.3725,2,2,1,-0.1538,-0.5913
201,Y,H,0.3741,0.3741,2,1.5,1,0.4526,0.2956
201,Y,I,0.03698,0.03698,1,3,0.5,0.03698,
201,Y,K,-0.3274,-0.3274,1,3,0.5,-0.3274,
201,Y,L,0.6831,0.6831,1,1,0.5,0.6831,
201,Y,M,0.6887,0.6887,2,2,1,1.423,-0.04549
201,Y,N,-1.742,-1.742,1,3,0.5,-1.742,
201,Y,P,2.811,2.811,1,1,0.5,,2.811
201,Y,Q,-1.221,-1.221,1,1,0.5,-1.221,
201,Y,R,0.7434,0.7434,2,4,1,1.11,0.377
201,Y,S,-0.3939,-0.3939,2,4,1,-0.6023,-0.1854
201,Y,T,0.6185,0.6185,2,1.5,1,0.3569,0.88
201,Y,V,-0.4206,-0.4206,2,2,1,-0.452,-0.3893
201,Y,W,0.3781,0.3781,2,3,1,0.7186,0.03762
201,Y,Y,0,0,2,,1,0,0
202,I,A,0.2004,0.2004,1,3,0.5,,0.2004
202,I,C,-0.1101,-0.1101,2,2,1,-0.01252,-0.2077
202,I,F,-2.253,-2.253,1,4,0.5,-2.253,
202,I,I,0,0,2,,1,0,0
202,I,L,-0.9154,-0.9154,2,2.5,1,-1.723,-0.1082
202,I,M,-0.1253,-0.1253,2,3,1,-0.3061,0.0555
202,I,Q,0.0793,0.0793,1,1,0.5,0.0793,
202,I,R,-0.6941,-0.6941,1,2,0.5,-0.6941,
202,I,S,0.1255,0.1255,2,2.5,1,0.2481,0.00285
202,I,T,0.3611,0.3611,2,3,1,0.6076,0.1147
202,I,V,-0.354,-0.354,2,2.5,1,-0.9209,0.213
203,S,A,0.1432,0.1432,1,5,0.5,0.1432,
203,S,C,0.5097,0.5097,1,4,0.5,0.5097,
203,S,D,-0.4379,-0.4379,1,1.5,0.5,,-0.4379
203,S,E,-1.049,-1.049,2,1.5,1,-2.081,-0.01603
203,S,F,-0.2584,-0.2584,2,5,1,-0.3674,-0.1494
203,S,G,0.1408,0.1408,2,3,1,0.4013,-0.1197
203,S,H,-0.01077,-0.01077,2,3.5,1,0.01394,-0.03547
203,S,I,-0.948,-0.948,2,3,1,-1.931,0.03451
203,S,K,0.2601,0.2601,2,1.5,1,0.4608,0.05928
203,S,L,0.0005753,0.0005753,2,4,1,0.2262,-0.2251
203,S,M,-0.2645,-0.2645,2,1.5,1,-0.5313,0.002315
203,S,N,0.4499,0.4499,2,2,1,0.02875,0.8711
203,S,Q,-0.1972,-0.1972,2,2.5,1,-0.5612,0.1667
203,S,R,-2.081,-2.081,1,1,0.5,-2.081,
203,S,S,0,0,2,,1,0,0
203,S,T,-1.082,-1.082,1,1,0.5,-1.082,
203,S,V,-0.4769,-0.4769,2,2.5,1,-0.5794,-0.3744
203,S,W,-1.195,-1.195,1,1.5,0.5,,-1.195
203,S,Y,-0.4424,-0.4424,2,1,1,-0.6045,-0.2803
204,V,A,-0.1548,-0.1548,2,4,1,0.03343,-0.3431
204,V,C,0.2948,0.2948,2,2.5,1,0.5141,0.07538
204,V,F,-0.753,-0.753,2,3.5,1,-1.286,-0.2205
204,V,G,0.01902,0.01902,2,2.5,1,-0.098,0.136
204,V,I,-0.9833,-0.9833,2,1.5,1,-1.936,-0.03034
204,V,L,-0.4552,-0.4552,2,1.5,1,-0.692,-0.2183
204,V,S,-0.1874,-0.1874,2,3,1,0.2245,-0.5993
204,V,T,0.1674,0.1674,2,2.5,1,0.2789,0.05587
204,V,V,0,0,2,,1,0,0
204,V,W,-0.914,-0.914,2,3,1,-1.077,-0.751
205,G,A,0.3829,0.3829,2,1.5,1,0.798,-0.03218
205,G,C,-0.4239,-0.4239,2,2.5,1,-0.4976,-0.3501
205,G,G,0,0,2,,1,0,0
205,G,I,0.2033,0.2033,1,1,0.5,,0.2033
205,G,M,-0.6623,-0.6623,1,1,0.5,,-0.6623
205,G,N,0.08575,0.08575,1,1,0.5,0.08575,
205,G,Q,-0.8988,-0.8988,2,1,1,-1.017,-0.7805
205,G,R,-1.198,-1.198,1,1,0.5,,-1.198
205,G,S,-0.4069,-0.4069,2,2.5,1,-0.7087,-0.1051
205,G,T,-0.6897,-0.6897,2,3.5,1,-1.073,-0.3066
205,G,V,-0.8187,-0.8187,1,1,0.5,,-0.8187
205,G,Y,-2.064,-2.064,1,1,0.5,-2.064,
206,T,A,0.01787,0.01787,2,1.5,1,-0.02574,0.06147
206,T,C,-0.346,-0.346,2,2,1,-0.7086,0.01656
206,T,D,0.08023,0.08023,2,1.5,1,0.273,-0.1126
206,T,E,-0.4646,-0.4646,1,1,0.5,,-0.4646
206,T,F,-0.7092,-0.7092,1,2,0.5,-0.7092,
206,T,G,0.09241,0.09241,2,1.5,1,0.1999,-0.01507
206,T,H,-0.2948,-0.2948,2,2,1,-0.05154,-0.5381
206,T,I,-0.8789,-0.8789,1,1,0.5,,-0.8789
206,T,M,-2.404,-2.404,1,2,0.5,-2.404,
206,T,N,-2.273,-2.273,1,2,0.5,-2.273,
206,T,R,-0.775,-0.775,1,2,0.5,-0.775,
206,T,S,-0.1609,-0.1609,1,8,0.5,-0.1609,
206,T,T,0,0,2,,1,0,0
206,T,Y,-2.027,-2.027,1,1,0.5,-2.027,
207,S,A,0.04523,0.04523,2,2.5,1,-0.02627,0.1167
207,S,C,-0.05561,-0.05561,2,3,1,-0.2113,0.1
207,S,D,0.03131,0.03131,2,2.5,1,0.06316,-0.0005533
207,S,E,0.2559,0.2559,2,4.5,1,0.5251,-0.01323
207,S,F,1.216,1.216,2,1,1,2.767,-0.3358
207,S,G,-0.4089,-0.4089,2,3.5,1,-0.7633,-0.05445
207,S,I,-0.5239,-0.5239,2,4,1,-1.134,0.08631
207,S,K,0.5412,0.5412,2,3,1,0.6116,0.4707
207,S,L,-0.4315,-0.4315,1,3,0.5,-0.4315,
207,S,M,0.3046,0.3046,2,1.5,1,0.4037,0.2055
207,S,N,-0.1033,-0.1033,2,3.5,1,0.03618,-0.2427
207,S,P,-2.404,-2.404,1,2,0.5,-2.404,
207,S,Q,0.3344,0.3344,2,3.5,1,0.4839,0.185
207,S,R,-0.2845,-0.2845,1,1,0.5,,-0.2845
207,S,S,0,0,2,,1,0,0
207,S,T,-0.1865,-0.1865,2,3,1,-0.6663,0.2932
207,S,V,-0.1151,-0.1151,2,1.5,1,-0.1351,-0.09512
207,S,W,1.732,1.732,2,2,1,3.314,0.1503
207,S,Y,0.2392,0.2392,2,1,1,0.3147,0.1637
208,T,A,0.2682,0.2682,2,1.5,1,0.9365,-0.4001
208,T,C,-0.1338,-0.1338,2,3,1,-0.5321,0.2645
208,T,D,0.1993,0.1993,2,4.5,1,0.4622,-0.06358
208,T,E,-0.06192,-0.06192,2,4,1,-0.1585,0.03471
208,T,F,0.1427,0.1427,2,1,1,0.4659,-0.1806
208,T,G,0.00687,0.00687,2,4.5,1,-0.1096,0.1233
208,T,H,0.03733,0.03733,1,3,0.5,,0.03733
208,T,I,0.05739,0.05739,2,3,1,0.01515,0.09964
208,T,K,-0.05726,-0.05726,2,3.5,1,0.01038,-0.1249
208,T,L,-1.086,-1.086,2,3,1,-2.038,-0.1342
208,T,M,0.2005,0.2005,2,2,1,0.2595,0.1415
208,T,N,-0.1725,-0.1725,1,1,0.5,,-0.1725
208,T,Q,0.06731,0.06731,2,1.5,1,0.1357,-0.00112
208,T,R,-0.3375,-0.3375,2,2.5,1,-0.6181,-0.05693
208,T,S,0.05591,0.05591,2,4,1,-0.006487,0.1183
208,T,T,0,0,2,,1,0,0
208,T,V,-0.4453,-0.4453,1,2,0.5,-0.4453,
208,T,W,0.1864,0.1864,2,3,1,0.5674,-0.1947
208,T,Y,-0.4333,-0.4333,2,2,1,-0.9214,0.05482
209,L,A,-0.03282,-0.03282,2,1,1,-0.2921,0.2264
209,L,C,-0.5709,-0.5709,1,9,0.5,-0.5709,
209,L,D,0.2418,0.2418,2,1,1,0.6222,-0.1387
209,L,E,0.3442,0.3442,2,3,1,0.5825,0.1058
209,L,F,1.216,1.216,2,1,1,2.719,-0.2875
209,L,G,-0.8926,-0.8926,1,1,0.5,-0.8926,
209,L,H,0.1749,0.1749,1,1,0.5,,0.1749
209,L,I,-0.2162,-0.2162,2,1,1,0.306,-0.7385
209,L,L,0,0,2,,1,0,0
209,L,M,-0.378,-0.378,2,4,1,-0.5477,-0.2082
209,L,Q,-1.153,-1.153,1,3,0.5,-1.153,
209,L,T,-0.1622,-0.1622,2,2.5,1,-0.4105,0.08602
209,L,V,-0.1418,-0.1418,2,4,1,-0.4167,0.1331
209,L,W,-0.1593,-0.1593,1,2,0.5,,-0.1593
209,L,Y,-0.1702,-0.1702,2,2,1,-0.2742,-0.06616
210,N,A,-1.013,-1.013,2,1.5,1,-1.878,-0.1473
210,N,C,0.1,0.1,1,2,0.5,0.1,
210,N,D,-1.321,-1.321,1,3,0.5,,-1.321
210,N,E,-0.2774,-0.2774,1,1,0.5,,-0.2774
210,N,H,-0.4954,-0.4954,1,1,0.5,,-0.4954
210,N,L,-0.9179,-0.9179,2,2,1,-0.454,-1.382
210,N,M,0.2215,0.2215,1,1,0.5,,0.2215
210,N,N,0,0,2,,1,0,0
210,N,Q,2.707,2.707,1,1,0.5,,2.707
210,N,S,-0.4796,-0.4796,2,1.5,1,-0.1918,-0.7674
210,N,T,-0.173,-0.173,2,2,1,0.02884,-0.3748
210,N,W,-0.6954,-0.6954,2,1,1,-0.9437,-0.4472
211,Q,A,-0.05954,-0.05954,2,1.5,1,-0.08637,-0.03272
211,Q,C,0.5618,0.5618,2,2.5,1,1.188,-0.06482
211,Q,D,0.2646,0.2646,2,2,1,0.359,0.1701
211,Q,E,0.05291,0.05291,2,2.5,1,0.1045,0.001276
211,Q,F,-0.2609,-0.2609,2,3.5,1,-0.2793,-0.2425
211,Q,G,-1.174,-1.174,2,2.5,1,-1.82,-0.5273
211,Q,H,-0.1518,-0.1518,2,3.5,1,-0.3927,0.08906
211,Q,I,0.2102,0.2102,2,1.5,1,0.5282,-0.1078
211,Q,K,-0.5763,-0.5763,2,2.5,1,-1.056,-0.09644
211,Q,L,-0.1373,-0.1373,2,4.5,1,-0.236,-0.03852
211,Q,M,-0.1636,-0.1636,1,4,0.5,-0.1636,
211,Q,N,-0.01639,-0.01639,2,3,1,0.08559,-0.1184
211,Q,P,-0.5211,-0.5211,1,1,0.5,,-0.5211
211,Q,Q,0,0,2,,1,0,0
211,Q,R,-0.5602,-0.5602,2,4,1,-1.148,0.02804
211,Q,S,-0.2792,-0.2792,2,5,1,-0.454,-0.1044
211,Q,T,-0.1348,-0.1348,2,2,1,-0.3275,0.05794
211,Q,V,0.4344,0.4344,2,3,1,0.9763,-0.1075
211,Q,W,-0.1,-0.1,2,3,1,-0.09724,-0.1028
211,Q,Y,-0.01025,-0.01025,2,4.5,1,0.06256,-0.08306
212,R,A,-0.1384,-0.1384,2,4.5,1,-0.3403,0.06342
212,R,C,0.1023,0.1023,2,4,1,0.02381,0.1808
212,R,D,-0.6455,-0.6455,2,1,1,-1.26,-0.03126
212,R,E,-0.4254,-0.4254,2,1.5,1,-0.4914,-0.3594
212,R,F,-0.0836,-0.0836,2,3,1,0.1934,-0.3607
212,R,G,0.237,0.237,2,1,1,-0.3035,0.7775
212,R,H,-0.579,-0.579,2,1.5,1,-1.005,-0.1529
212,R,I,0.04338,0.04338,2,5.5,1,0.1187,-0.03194
212,R,K,0.1993,0.1993,2,4.5,1,0.2026,0.1961
212,R,L,-0.5002,-0.5002,1,1,0.5,-0.5002,
212,R,M,-0.2478,-0.2478,1,2,0.5,-0.2478,
212,R,N,0.005354,0.005354,2,3.5,1,0.1716,-0.1608
212,R,Q,0.404,0.404,2,3,1,0.8487,-0.0407
212,R,R,0,0,2,,1,0,0
212,R,S,-0.4011,-0.4011,2,2.5,1,-0.286,-0.5161
212,R,V,-0.02725,-0.02725,1,1,0.5,,-0.02725
212,R,W,0.8144,0.8144,2,1.5,1,0.7532,0.8757
212,R,Y,-0.2953,-0.2953,2,3.5,1,-0.3383,-0.2523
213,L,A,0.09429,0.09429,2,1.5,1,-0.03577,0.2243
213,L,C,-0.03698,-0.03698,2,3,1,-0.0209,-0.05307
213,L,D,-0.2676,-0.2676,2,1.5,1,-0.6472,0.112
213,L,E,-0.6844,-0.6844,2,3.5,1,-2.051,0.6817
213,L,F,0.002384,0.002384,1,2,0.5,,0.002384
213,L,G,0.3478,0.3478,2,2.5,1,0.8267,-0.1311
213,L,H,0.2315,0.2315,2,3,1,0.5219,-0.05887
213,L,I,-0.01624,-0.01624,2,2,1,-0.1382,0.1058
213,L,K,-1.1,-1.1,2,2,1,-2.058,-0.1417
213,L,L,0,0,2,,1,0,0
213,L,M,0.5183,0.5183,1,1,0.5,0.5183,
213,L,N,0.2796,0.2796,2,1.5,1,0.3414,0.2178
213,L,Q,-0.119,-0.119,2,5.5,1,-0.2638,0.02575
213,L,R,-0.08053,-0.08053,2,3,1,-0.06094,-0.1001
213,L,S,-0.2654,-0.2654,2,3,1,-0.5606,0.02991
213,L,T,0.4468,0.4468,2,2,1,0.9794,-0.08585
213,L,V,-0.6445,-0.6445,2,2.5,1,-1.203,-0.08646
213,L,W,0.2413,0.2413,2,2.5,1,0.7026,-0.22
213,L,Y,-0.1783,-0.1783,2,2.5,1,0.0423,-0.3989
214,A,A,0,0,2,,1,0,0
214,A,C,0.04729,0.04729,2,2.5,1,0.06663,0.02795
214,A,D,0.1728,0.1728,2,3.5,1,0.1126,0.233
214,A,E,0.2047,0.2047,2,2,1,0.204,0.2053
214,A,F,-0.304,-0.304,2,1,1,-0.6692,0.06109
214,A,G,-0.9926,-0.9926,2,1,1,-1.961,-0.02441
214,A,H,-0.654,-0.654,1,1,0.5,-0.654,
214,A,I,0.4963,0.4963,1,3,0.5,0.4963,
214,A,K,0.3499,0.3499,2,3,1,0.6174,0.08233
214,A,L,-0.06868,-0.06868,2,2.5,1,0.02214,-0.1595
214,A,M,0.2596,0.2596,2,2,1,0.5464,-0.02725
214,A,N,0.1596,0.1596,2,2,1,0.1506,0.1685
214,A,P,0.07843,0.07843,1,2,0.5,0.07843,
214,A,Q,0.244,0.244,2,2,1,0.5828,-0.09479
214,A,R,0.1336,0.1336,2,2.5,1,0.204,0.06319
214,A,S,0.3573,0.3573,2,4.5,1,0.4249,0.2897
214,A,T,-0.3604,-0.3604,2,6.5,1,-0.6409,-0.07995
214,A,V,-0.3399,-0.3399,2,2.5,1,0.03032,-0.7101
214,A,W,0.1294,0.1294,2,1.5,1,0.2386,0.02011
214,A,Y,0.1344,0.1344,1,1,0.5,0.1344,
215,P,A,-0.8313,-0.8313,2,1.5,1,-0.9139,-0.7487
215,P,C,-0.6004,-0.6004,2,2,1,-0.4399,-0.7609
215,P,F,-1.182,-1.182,1,1,0.5,,-1.182
215,P,G,-2.239,-2.239,1,1,0.5,-2.239,
215,P,L,-0.09589,-0.09589,1,1,0.5,,-0.09589
215,P,N,-0.4672,-0.4672,1,1,0.5,,-0.4672
215,P,P,0,0,2,,1,0,0
215,P,R,-0.8595,-0.8595,1,1,0.5,-0.8595,
215,P,S,0.2145,0.2145,1,2,0.5,0.2145,
215,P,V,-1.029,-1.029,2,2,1,-1.969,-0.08851
215,P,Y,0.0519,0.0519,1,1,0.5,0.0519,
216,K,A,-0.09508,-0.09508,1,5,0.5,-0.09508,
216,K,C,-0.2971,-0.2971,2,3.5,1,-0.7062,0.1121
216,K,F,-0.0884,-0.0884,2,3.5,1,0.2549,-0.4317
216,K,H,-0.4408,-0.4408,2,4,1,-0.8219,-0.05969
216,K,I,-0.4048,-0.4048,2,2,1,-0.6301,-0.1794
216,K,K,0,0,2,,1,0,0
216,K,L,-0.6943,-0.6943,2,2,1,-0.7498,-0.6388
216,K,M,-1.032,-1.032,2,4.5,1,-1.961,-0.1026
216,K,N,-1.095,-1.095,2,3,1,-1.731,-0.4589
216,K,Q,-0.7994,-0.7994,1,3,0.5,-0.7994,
216,K,R,0.03229,0.03229,2,4.5,1,-0.03897,0.1036
216,K,S,-0.7419,-0.7419,2,3.5,1,-0.9468,-0.5369
216,K,T,0.1287,0.1287,1,2,0.5,0.1287,
216,K,V,0.1721,0.1721,2,1.5,1,0.2867,0.05755
216,K,W,-0.9348,-0.9348,2,1,1,-1.259,-0.6102
216,K,Y,0.03057,0.03057,1,3,0.5,,0.03057
217,I,A,-0.5181,-0.5181,2,4,1,-0.6498,-0.3865
217,I,C,-0.3548,-0.3548,2,2,1,0.1423,-0.8519
217,I,E,-0.4519,-0.4519,2,2,1,-0.539,-0.3648
217,I,F,-0.2244,-0.2244,2,2,1,0.01011,-0.4588
217,I,H,-0.3212,-0.3212,2,2.5,1,-0.3216,-0.3207
217,I,I,0,0,2,,1,0,0
217,I,K,0.3387,0.3387,2,2.5,1,0.8354,-0.158
217,I,L,-0.5341,-0.5341,2,1.5,1,-1.139,0.07084
217,I,M,0.3598,0.3598,2,1.5,1,0.6482,0.07136
217,I,N,-1.208,-1.208,1,1,0.5,,-1.208
217,I,Q,-0.04315,-0.04315,2,1.5,1,-0.006059,-0.08025
217,I,R,0.5949,0.5949,2,2,1,0.6812,0.5085
217,I,S,-0.4987,-0.4987,2,2,1,-0.3152,-0.6821
217,I,T,-0.1279,-0.1279,2,2.5,1,-0.07896,-0.1768
217,I,V,0.6444,0.6444,2,4,1,0.6535,0.6352
217,I,W,-0.3034,-0.3034,2,4,1,-0.5213,-0.08554
217,I,Y,0.1201,0.1201,1,3,0.5,0.1201,
218,A,A,0,0,2,,1,0,0
218,A,C,0.3164,0.3164,2,3.5,1,0.6083,0.02443
218,A,D,-0.1373,-0.1373,1,2,0.5,-0.1373,
218,A,F,-0.8309,-0.8309,2,3,1,-1.037,-0.6247
218,A,G,-0.007544,-0.007544,2,3,1,-0.01538,0.0002934
218,A,H,-0.2941,-0.2941,2,2,1,-0.327,-0.2613
218,A,I,0.6458,0.6458,1,2,0.5,0.6458,
218,A,L,0.2162,0.2162,2,3,1,0.746,-0.3136
218,A,M,0.3697,0.3697,2,4,1,0.4281,0.3113
218,A,N,-1.32,-1.32,2,2.5,1,-2.432,-0.207
218,A,P,-1.099,-1.099,1,1,0.5,,-1.099
218,A,Q,-1.423,-1.423,2,1,1,-2.445,-0.4009
218,A,R,-0.4258,-0.4258,1,1,0.5,,-0.4258
218,A,S,0.01371,0.01371,2,2,1,0.03487,-0.007452
218,A,T,-0.2643,-0.2643,2,4.5,1,-0.4541,-0.07442
218,A,V,0.3846,0.3846,2,5,1,0.5643,0.2049
218,A,W,-2.066,-2.066,1,1,0.5,-2.066,
218,A,Y,-1.033,-1.033,1,1,0.5,-1.033,
219,T,A,-0.4008,-0.4008,2,4,1,-0.55,-0.2517
219,T,C,-0.06254,-0.06254,2,3,1,-0.1554,0.03028
219,T,D,-1.028,-1.028,2,5.5,1,-1.299,-0.7574
219,T,E,-1.074,-1.074,2,3.5,1,-1.348,-0.8007
219,T,F,-0.4395,-0.4395,2,2.5,1,-0.7062,-0.1728
219,T,G,-0.4548,-0.4548,2,1.5,1,-0.4186,-0.4909
219,T,H,-0.21,-0.21,2,1.5,1,-0.1465,-0.2735
219,T,I,0.2692,0.2692,1,4,0.5,0.2692,
219,T,K,0.3222,0.3222,2,3,1,0.5688,0.07549
219,T,L,-0.1849,-0.1849,2,2.5,1,-0.4633,0.0935
219,T,M,-0.1465,-0.1465,2,3,1,-0.2738,-0.01916
219,T,N,-0.9844,-0.9844,2,1.5,1,-1.241,-0.7278
219,T,P,-0.9304,-0.9304,2,2,1,-1.691,-0.1695
219,T,Q,0.06236,0.06236,2,1.5,1,0.3447,-0.2199
219,T,R,-0.4455,-0.4455,2,2.5,1,-1.014,0.1234
219,T,S,-0.8239,-0.8239,1,5,0.5,-0.8239,
219,T,T,0,0,2,,1,0,0
219,T,V,0.5729,0.5729,1,1,0.5,0.5729,
219,T,W,0.2791,0.2791,2,2,1,0.5091,0.04913
219,T,Y,0.07994,0.07994,2,2,1,-0.09944,0.2593
220,R,G,-4.124,-4.124,1,2,0.5,-4.124,
220,R,H,-2.8,-2.8,1,1,0.5,-2.8,
220,R,K,-2.786,-2.786,1,1,0.5,-2.786,
220,R,R,0,0,1,,0.5,0,
220,R,S,-2.788,-2.788,1,1,0.5,-2.788,
221,S,A,-0.1554,-0.1554,2,1.5,1,-0.02097,-0.2898
221,S,C,-0.009087,-0.009087,1,2,0.5,,-0.009087
221,S,D,-0.6165,-0.6165,1,1,0.5,,-0.6165
221,S,E,-1.408,-1.408,2,1,1,-2.037,-0.7777
221,S,F,-1.136,-1.136,2,1,1,-1.223,-1.049
221,S,G,-0.1639,-0.1639,2,1.5,1,-0.1311,-0.1967
221,S,K,-0.153,-0.153,1,1,0.5,,-0.153
221,S,L,-0.7744,-0.7744,2,1,1,-0.3366,-1.212
221,S,M,-0.3043,-0.3043,1,1,0.5,-0.3043,
221,S,N,-0.6089,-0.6089,2,3.5,1,-0.8221,-0.3956
221,S,P,-0.3732,-0.3732,2,1,1,-1.067,0.3211
221,S,Q,-0.5339,-0.5339,2,3,1,-0.2926,-0.7752
221,S,S,0,0,2,,1,0,0
221,S,T,0.09413,0.09413,2,3,1,0.2343,-0.04601
221,S,V,-0.3024,-0.3024,1,1,0.5,,-0.3024
221,S,Y,-2.037,-2.037,1,1,0.5,-2.037,
222,Q,A,0.511,0.511,2,4,1,0.9435,0.07857
222,Q,C,-0.4444,-0.4444,2,3,1,-0.1169,-0.7718
222,Q,D,-0.1301,-0.1301,2,2.5,1,0.04381,-0.3041
222,Q,E,-0.0248,-0.0248,2,3.75,1,-0.1633,0.1137
222,Q,F,-1.28,-1.28,1,3,0.5,-1.28,
222,Q,G,-0.2741,-0.2741,2,2,1,-0.2256,-0.3226
222,Q,H,0.2012,0.2012,1,1,0.5,,0.2012
222,Q,I,-0.5596,-0.5596,2,3,1,-1.167,0.04787
222,Q,K,-0.2311,-0.2311,2,3,1,-0.2617,-0.2004
222,Q,L,-0.3179,-0.3179,2,5,1,-0.2775,-0.3584
222,Q,M,-0.154,-0.154,2,3.5,1,-0.3718,0.06377
222,Q,N,-0.0777,-0.0777,2,2,1,-0.5694,0.4141
222,Q,P,0.275,0.275,2,4,1,0.2472,0.3028
222,Q,Q,0,0,2,,1,0,0
222,Q,R,0.2694,0.2694,2,3,1,0.5065,0.03226
222,Q,S,0.318,0.318,2,3,1,-0.09901,0.7351
222,Q,T,-0.6825,-0.6825,2,3,1,-1.395,0.03027
222,Q,V,0.7626,0.7626,2,3,1,1.543,-0.01769
222,Q,W,-0.9114,-0.9114,2,3,1,-1.298,-0.5246
222,Q,Y,0.1552,0.1552,2,3,1,0.202,0.1083
223,V,A,-0.6367,-0.6367,2,1.5,1,-0.9674,-0.3059
223,V,C,0.06267,0.06267,2,2,1,0.04971,0.07564
223,V,D,-1.657,-1.657,2,1,1,-2.104,-1.21
223,V,F,-0.05219,-0.05219,2,4,1,0.1758,-0.2802
223,V,H,-1.044,-1.044,2,2.5,1,-0.8788,-1.21
223,V,I,-0.5478,-0.5478,2,1.5,1,-0.9978,-0.09779
223,V,K,0.7257,0.7257,1,5,0.5,0.7257,
223,V,L,0.03077,0.03077,1,2,0.5,,0.03077
223,V,M,-0.1535,-0.1535,2,3,1,-0.09773,-0.2094
223,V,N,-1.459,-1.459,2,2.5,1,-2.474,-0.4444
223,V,Q,-0.676,-0.676,2,2.5,1,-1.138,-0.2142
223,V,R,-0.2725,-0.2725,2,4.5,1,-0.7009,0.1559
223,V,S,-1.221,-1.221,2,2,1,-2.104,-0.3372
223,V,T,-0.3404,-0.3404,1,4,0.5,-0.3404,
223,V,V,0,0,2,,1,0,0
223,V,W,-0.4301,-0.4301,2,3,1,-0.4215,-0.4386
223,V,Y,-0.2292,-0.2292,2,1,1,-0.2988,-0.1595
224,N,A,-0.4401,-0.4401,2,4,1,-0.756,-0.1243
224,N,C,0.1021,0.1021,2,2,1,0.1416,0.0625
224,N,D,-0.6076,-0.6076,2,1.5,1,-1.08,-0.1354
224,N,E,-0.2783,-0.2783,2,3,1,0.3299,-0.8865
224,N,F,0.04489,0.04489,2,2.5,1,0.585,-0.4952
224,N,G,-0.6839,-0.6839,2,2.5,1,-1.128,-0.2395
224,N,H,0.0535,0.0535,2,1.5,1,-0.02942,0.1364
224,N,K,0.4212,0.4212,2,3,1,0.8026,0.03988
224,N,L,-0.4861,-0.4861,1,4,0.5,,-0.4861
224,N,M,-0.2759,-0.2759,2,2,1,-0.4586,-0.09329
224,N,N,0,0,2,,1,0,0
224,N,P,-2.445,-2.445,1,2,0.5,-2.445,
224,N,Q,0.02022,0.02022,2,1,1,-0.06315,0.1036
224,N,R,0.1137,0.1137,2,2.5,1,0.2376,-0.01012
224,N,S,0.1398,0.1398,2,2.5,1,0.2569,0.02274
224,N,T,-0.1192,-0.1192,1,3,0.5,,-0.1192
224,N,V,-1.225,-1.225,2,1.5,1,-2.409,-0.0406
224,N,W,-0.6352,-0.6352,2,1,1,-0.7867,-0.4837
224,N,Y,-0.01656,-0.01656,2,2,1,0.2599,-0.293
225,G,A,-0.09478,-0.09478,2,2,1,0.2933,-0.4829
225,G,C,-0.6972,-0.6972,2,1.5,1,-0.8323,-0.562
225,G,E,-1.343,-1.343,2,3,1,-1.888,-0.7982
225,G,F,-0.9422,-0.9422,2,2.5,1,-1.36,-0.525
225,G,G,0,0,2,,1,0,0
225,G,H,-0.9876,-0.9876,2,2.5,1,-1.386,-0.5893
225,G,I,-2.116,-2.116,1,1,0.5,-2.116,
225,G,K,-0.09696,-0.09696,2,1.5,1,0.1122,-0.3062
225,G,L,-0.9449,-0.9449,2,1.5,1,-1.73,-0.1595
225,G,M,-0.5882,-0.5882,1,1,0.5,-0.5882,
225,G,N,-0.483,-0.483,2,2,1,-0.6753,-0.2908
225,G,Q,-0.8058,-0.8058,2,2.5,1,-1.045,-0.5671
225,G,R,-0.3019,-0.3019,2,6,1,-0.5336,-0.07021
225,G,S,0.1038,0.1038,2,5.5,1,0.3113,-0.1037
225,G,T,0.7107,0.7107,2,1.5,1,0.9953,0.4261
225,G,V,-0.2929,-0.2929,1,1,0.5,-0.2929,
225,G,W,-1.663,-1.663,2,4,1,-2.553,-0.7734
225,G,Y,-0.8125,-0.8125,2,3,1,-0.9387,-0.6863
225,G,*,-2.011,-2.011,1,1,0.5,,-2.011
226,Q,A,-0.8403,-0.8403,2,1.5,1,-0.5756,-1.105
226,Q,C,0.2707,0.2707,1,1,0.5,0.2707,
226,Q,E,-0.402,-0.402,1,2,0.5,,-0.402
226,Q,F,-0.7535,-0.7535,2,1.5,1,-1.38,-0.1267
226,Q,G,-0.5971,-0.5971,1,2,0.5,,-0.5971
226,Q,H,-1.778,-1.778,2,1.5,1,-2.334,-1.221
226,Q,I,-0.6751,-0.6751,1,1,0.5,-0.6751,
226,Q,K,-0.9048,-0.9048,1,1,0.5,,-0.9048
226,Q,L,-0.9965,-0.9965,2,1.5,1,-0.772,-1.221
226,Q,M,-0.5025,-0.5025,2,1,1,0.2161,-1.221
226,Q,N,-1.221,-1.221,1,1,0.5,,-1.221
226,Q,Q,0,0,2,,1,0,0
226,Q,R,-0.3946,-0.3946,2,1,1,-0.1412,-0.6479
226,Q,T,-2.09,-2.09,1,1,0.5,-2.09,
226,Q,V,-0.6158,-0.6158,1,2,0.5,,-0.6158
226,Q,W,0.2707,0.2707,1,1,0.5,0.2707,
226,Q,Y,-1.201,-1.201,1,3,0.5,,-1.201
227,R,A,-0.2725,-0.2725,2,3,1,-0.1551,-0.39
227,R,C,-1.052,-1.052,1,1,0.5,-1.052,
227,R,D,-0.336,-0.336,2,1,1,0.2933,-0.9652
227,R,E,-0.2481,-0.2481,2,1.5,1,0.5385,-1.035
227,R,F,-0.4391,-0.4391,1,1,0.5,,-0.4391
227,R,G,-0.8126,-0.8126,2,3.5,1,-1.043,-0.5822
227,R,H,-0.9787,-0.9787,1,3,0.5,,-0.9787
227,R,I,-0.6389,-0.6389,1,1,0.5,,-0.6389
227,R,K,0.02954,0.02954,2,2,1,0.295,-0.236
227,R,L,-0.2183,-0.2183,2,2,1,0.415,-0.8516
227,R,M,-0.7382,-0.7382,2,3,1,-0.4644,-1.012
227,R,N,-0.5304,-0.5304,1,1,0.5,,-0.5304
227,R,P,-0.2181,-0.2181,2,1.5,1,-0.2973,-0.1388
227,R,Q,-0.7398,-0.7398,2,2.25,1,-0.8946,-0.5849
227,R,R,0,0,2,,1,0,0
227,R,S,-0.3333,-0.3333,2,3.5,1,-0.5558,-0.1109
227,R,T,-0.7005,-0.7005,2,2.5,1,-0.5061,-0.8949
227,R,V,-1.254,-1.254,2,1.5,1,-1.288,-1.221
227,R,W,-1.377,-1.377,2,3.5,1,-2.021,-0.7322
227,R,Y,-0.8474,-0.8474,1,1,0.5,-0.8474,
228,G,A,-0.08298,-0.08298,2,2,1,-0.5618,0.3958
228,G,D,-0.6568,-0.6568,1,2,0.5,,-0.6568
228,G,E,-1.953,-1.953,1,1,0.5,-1.953,
228,G,G,0,0,2,,1,0,0
228,G,H,-1.953,-1.953,1,1,0.5,-1.953,
228,G,K,-0.4454,-0.4454,1,1,0.5,,-0.4454
228,G,S,-1.22,-1.22,1,3,0.5,,-1.22
228,G,T,-0.8896,-0.8896,1,1,0.5,,-0.8896
228,G,V,-0.6033,-0.6033,1,1,0.5,-0.6033,
228,G,W,-0.4441,-0.4441,1,2,0.5,,-0.4441
228,G,Y,0.1701,0.1701,1,1,0.5,,0.1701
229,R,E,-2.195,-2.195,1,1,0.5,-2.195,
229,R,F,-0.3399,-0.3399,1,2,0.5,-0.3399,
229,R,G,-0.3983,-0.3983,1,1,0.5,-0.3983,
229,R,L,-1.662,-1.662,2,1,1,-2.195,-1.129
229,R,N,-0.4518,-0.4518,1,1,0.5,,-0.4518
229,R,P,-2.5,-2.5,1,2,0.5,-2.5,
229,R,R,0,0,2,,1,0,0
229,R,V,-2.195,-2.195,1,1,0.5,-2.195,
229,R,Y,-2.475,-2.475,1,2,0.5,-2.475,
230,M,A,0.1473,0.1473,2,1.5,1,0.3066,-0.01204
230,M,C,-2.052,-2.052,1,1,0.5,-2.052,
230,M,F,-0.7455,-0.7455,1,2,0.5,-0.7455,
230,M,G,-1.225,-1.225,2,1,1,-2.052,-0.3976
230,M,H,-0.8043,-0.8043,2,2.5,1,-1.199,-0.4098
230,M,I,0.4669,0.4669,2,7,1,0.5122,0.4216
230,M,L,0.7566,0.7566,1,3,0.5,0.7566,
230,M,M,0,0,2,,1,0,0
230,M,N,-1.26,-1.26,1,1,0.5,-1.26,
230,M,Q,-0.7512,-0.7512,2,1.5,1,-0.7623,-0.7401
230,M,T,0.1866,0.1866,2,1.5,1,-0.02742,0.4005
230,M,V,0.1725,0.1725,2,5,1,0.1782,0.1669
230,M,W,-1.07,-1.07,2,1.5,1,-2.052,-0.08799
230,M,Y,-0.7318,-0.7318,1,1,0.5,,-0.7318
231,D,A,0.982,0.982,2,2,1,1.922,0.04234
231,D,C,-0.4131,-0.4131,2,2,1,-0.7328,-0.09331
231,D,D,0,0,2,,1,0,0
231,D,E,0.4872,0.4872,2,3.5,1,0.8793,0.09504
231,D,F,-0.3443,-0.3443,1,1,0.5,,-0.3443
231,D,G,-1.536,-1.536,1,1,0.5,-1.536,
231,D,H,-0.5114,-0.5114,1,1,0.5,,-0.5114
231,D,I,0.5983,0.5983,2,1.5,1,1.174,0.02247
231,D,K,-0.2595,-0.2595,2,3,1,-0.6166,0.09759
231,D,L,0.1279,0.1279,2,1.5,1,0.3089,-0.05309
231,D,M,0.4961,0.4961,2,2,1,0.6118,0.3804
231,D,N,0.1515,0.1515,2,4,1,0.1327,0.1703
231,D,Q,0.2269,0.2269,2,1,1,0.4498,0.004002
231,D,R,-0.6282,-0.6282,2,1.5,1,-1.855,0.5984
231,D,S,-0.02577,-0.02577,2,4,1,-0.1621,0.1106
231,D,T,0.08267,0.08267,2,2.5,1,0.05993,0.1054
231,D,V,0.1074,0.1074,2,1.5,1,0.3037,-0.08892
231,D,W,-0.4526,-0.4526,2,2,1,-1.057,0.1514
231,D,Y,-0.1765,-0.1765,2,3,1,-0.355,0.001941
232,F,A,0.1308,0.1308,1,1,0.5,0.1308,
232,F,E,-1.887,-1.887,1,1,0.5,-1.887,
232,F,F,0,0,2,,1,0,0
232,F,H,-0.1661,-0.1661,2,3,1,-0.01073,-0.3214
232,F,I,0.2421,0.2421,1,3,0.5,,0.2421
232,F,L,-0.02007,-0.02007,2,5,1,-0.1811,0.141
232,F,M,-0.2035,-0.2035,1,2,0.5,,-0.2035
232,F,T,1.292,1.292,1,1,0.5,,1.292
232,F,V,0.2119,0.2119,2,1.5,1,0.02798,0.3958
232,F,W,-0.2417,-0.2417,2,5,1,-0.449,-0.03441
232,F,Y,-0.2306,-0.2306,2,2,1,-0.4148,-0.04635
233,F,A,0.2159,0.2159,2,3,1,0.4052,0.02672
233,F,C,-0.6902,-0.6902,2,3,1,-1.203,-0.1777
233,F,D,0.003177,0.003177,2,4,1,-0.05809,0.06445
233,F,E,-0.1033,-0.1033,2,5,1,-0.08994,-0.1166
233,F,F,0,0,2,,1,0,0
233,F,G,0.5291,0.5291,1,2,0.5,,0.5291
233,F,H,0.3439,0.3439,2,2.5,1,0.4651,0.2227
233,F,I,0.2427,0.2427,1,3,0.5,,0.2427
233,F,K,-0.9149,-0.9149,1,3,0.5,-0.9149,
233,F,L,-0.6018,-0.6018,2,2.5,1,-1.419,0.2157
233,F,M,0.2386,0.2386,1,3,0.5,0.2386,
233,F,Q,0.3552,0.3552,2,4.5,1,0.5259,0.1845
233,F,R,0.1673,0.1673,2,3,1,-0.3802,0.7147
233,F,S,0.3357,0.3357,2,2,1,0.3172,0.3542
233,F,T,-0.2505,-0.2505,2,1.5,1,-0.7646,0.2636
233,F,V,-0.06289,-0.06289,1,1,0.5,-0.06289,
233,F,W,0.08891,0.08891,2,1.5,1,0.1295,0.04834
233,F,Y,0.2061,0.2061,2,3.5,1,0.3924,0.01977
234,W,F,0.1335,0.1335,2,3.5,1,0.1836,0.08332
234,W,H,0.9775,0.9775,1,1,0.5,0.9775,
234,W,I,-2.012,-2.012,1,1,0.5,-2.012,
234,W,N,-1.798,-1.798,1,1,0.5,-1.798,
234,W,P,-0.7384,-0.7384,1,1,0.5,,-0.7384
234,W,S,-0.3392,-0.3392,1,1,0.5,,-0.3392
234,W,T,0.1557,0.1557,2,0.75,1,-2.538,2.849
234,W,W,0,0,2,,1,0,0
234,W,Y,-0.5126,-0.5126,1,2,0.5,-0.5126,
234,W,*,-2.012,-2.012,1,1,0.5,-2.012,
235,T,E,0.155,0.155,1,1,0.5,0.155,
235,T,F,-1.269,-1.269,1,1,0.5,-1.269,
235,T,G,0.01669,0.01669,1,1,0.5,,0.01669
235,T,I,0.5845,0.5845,2,1,1,0.8109,0.3582
235,T,K,-0.2539,-0.2539,1,1,0.5,-0.2539,
235,T,M,-1.326,-1.326,1,1,0.5,,-1.326
235,T,N,-0.269,-0.269,1,1,0.5,,-0.269
235,T,Q,0.1098,0.1098,1,1,0.5,,0.1098
235,T,S,0.3113,0.3113,1,2,0.5,0.3113,
235,T,T,0,0,2,,1,0,0
235,T,V,-0.172,-0.172,2,1.5,1,-0.2215,-0.1226
235,T,Y,-0.204,-0.204,1,1,0.5,,-0.204
236,I,A,0.06312,0.06312,2,2,1,0.1337,-0.007458
236,I,C,0.2264,0.2264,2,1.5,1,0.5309,-0.07811
236,I,D,-2.033,-2.033,1,1,0.5,-2.033,
236,I,E,-0.7018,-0.7018,2,1,1,-2.032,0.6282
236,I,F,-0.2304,-0.2304,1,3,0.5,,-0.2304
236,I,H,-0.7459,-0.7459,1,1,0.5,-0.7459,
236,I,I,0,0,2,,1,0,0
236,I,K,-1.13,-1.13,2,1.5,1,-2.124,-0.1356
236,I,M,0.1182,0.1182,2,1.5,1,0.000236,0.2361
236,I,N,-1.371,-1.371,2,1,1,-2.041,-0.7009
236,I,P,0.1626,0.1626,1,1,0.5,,0.1626
236,I,Q,-0.2371,-0.2371,1,3,0.5,-0.2371,
236,I,R,0.4033,0.4033,1,1,0.5,,0.4033
236,I,S,0.5739,0.5739,2,2,1,0.8751,0.2727
236,I,T,0.02401,0.02401,2,2,1,0.09997,-0.05194
236,I,V,-0.1024,-0.1024,2,2,1,-0.3732,0.1684
236,I,W,1.298,1.298,1,1,0.5,1.298,
236,I,Y,-0.01652,-0.01652,1,3,0.5,,-0.01652
237,L,I,-0.1375,-0.1375,1,1,0.5,-0.1375,
237,L,L,0,0,2,,1,0,0
237,L,M,-0.2399,-0.2399,2,1.5,1,-0.4443,-0.03538
237,L,P,-1.486,-1.486,1,1,0.5,-1.486,
238,K,A,-0.2474,-0.2474,1,2,0.5,-0.2474,
238,K,D,-0.007805,-0.007805,1,1,0.5,-0.007805,
238,K,E,-0.01428,-0.01428,1,2,0.5,,-0.01428
238,K,F,-0.1167,-0.1167,1,1,0.5,-0.1167,
238,K,H,-0.009706,-0.009706,1,1,0.5,,-0.009706
238,K,K,0,0,2,,1,0,0
238,K,P,-0.4612,-0.4612,1,1,0.5,-0.4612,
238,K,S,0.1421,0.1421,1,1,0.5,,0.1421
238,K,V,-0.1178,-0.1178,1,1,0.5,-0.1178,
239,P,A,0.3623,0.3623,2,2,1,0.3728,0.3518
239,P,C,-0.7317,-0.7317,2,4,1,-0.3184,-1.145
239,P,E,-0.03596,-0.03596,1,7,0.5,,-0.03596
239,P,F,-0.3702,-0.3702,2,3.5,1,-0.6434,-0.09714
239,P,G,0.1307,0.1307,1,4,0.5,0.1307,
239,P,H,-0.4173,-0.4173,2,3,1,-0.6696,-0.1649
239,P,I,0.1307,0.1307,2,2,1,-0.001742,0.2632
239,P,K,0.7827,0.7827,2,2,1,1.238,0.3274
239,P,L,0.455,0.455,1,1,0.5,,0.455
239,P,M,-0.5776,-0.5776,2,1.5,1,-1.315,0.16
239,P,N,-1.047,-1.047,2,3.5,1,-2.021,-0.07199
239,P,P,0,0,2,,1,0,0
239,P,Q,0.1646,0.1646,2,1.5,1,0.2763,0.0529
239,P,R,0.152,0.152,2,2.5,1,0.07318,0.2309
239,P,S,-0.084,-0.084,1,7,0.5,,-0.084
239,P,T,-0.1601,-0.1601,2,2.5,1,-0.2075,-0.1128
239,P,V,0.128,0.128,2,5.5,1,0.1095,0.1465
239,P,Y,-0.03313,-0.03313,1,2,0.5,-0.03313,
240,D,A,0.4252,0.4252,2,2.5,1,0.1138,0.7366
240,D,C,0.7605,0.7605,2,5.5,1,1.4,0.1211
240,D,D,0,0,2,,1,0,0
240,D,E,-0.2664,-0.2664,2,4,1,-0.471,-0.06184
240,D,F,0.5037,0.5037,1,2,0.5,,0.5037
240,D,G,-0.0579,-0.0579,1,1,0.5,,-0.0579
240,D,H,0.4283,0.4283,2,3.5,1,0.8513,0.005276
240,D,I,0.001826,0.001826,2,2.5,1,0.2254,-0.2217
240,D,K,0.004578,0.004578,2,4,1,-0.004783,0.01394
240,D,L,0.3168,0.3168,2,3,1,0.673,-0.03942
240,D,M,0.3157,0.3157,1,1,0.5,0.3157,
240,D,N,0.2712,0.2712,2,4,1,0.5864,-0.0441
240,D,Q,0.06805,0.06805,2,2,1,-0.01011,0.1462
240,D,R,-0.1571,-0.1571,2,1,1,-0.6888,0.3745
240,D,S,0.4261,0.4261,2,2.5,1,0.7973,0.05488
240,D,T,0.339,0.339,2,2,1,0.6502,0.02787
240,D,V,-0.2573,-0.2573,2,4,1,-1.193,0.6785
240,D,W,-0.09669,-0.09669,2,5,1,-0.2889,0.09548
240,D,Y,0.4614,0.4614,2,3,1,0.3819,0.5409
241,D,A,-0.3057,-0.3057,2,3.5,1,-0.5674,-0.04395
241,D,C,-0.05488,-0.05488,1,3,0.5,,-0.05488
241,D,D,0,0,2,,1,0,0
241,D,E,0.1325,0.1325,2,4,1,0.4224,-0.1574
241,D,F,-1.991,-1.991,1,1,0.5,-1.991,
241,D,G,0.0859,0.0859,2,4,1,0.1388,0.03305
241,D,H,-0.04828,-0.04828,2,1.5,1,0.5206,-0.6171
241,D,I,-1.991,-1.991,1,1,0.5,-1.991,
241,D,K,-1.991,-1.991,1,1,0.5,-1.991,
241,D,L,-0.4598,-0.4598,1,1,0.5,-0.4598,
241,D,N,0.651,0.651,2,1.5,1,1.971,-0.6694
241,D,S,-1.47,-1.47,1,4,0.5,-1.47,
241,D,T,-0.9497,-0.9497,1,1,0.5,,-0.9497
241,D,V,-1.203,-1.203,1,1,0.5,,-1.203
241,D,Y,-0.9867,-0.9867,1,1,0.5,,-0.9867
242,A,A,0,0,2,,1,0,0
242,A,C,-0.9512,-0.9512,2,3,1,-1.94,0.03753
242,A,D,-0.3579,-0.3579,2,4,1,-0.5942,-0.1217
242,A,E,-0.3556,-0.3556,2,1.5,1,-0.6815,-0.02978
242,A,F,-0.5026,-0.5026,2,3.5,1,-0.8733,-0.132
242,A,G,-0.1295,-0.1295,2,3.5,1,-0.3195,0.0605
242,A,H,0.2918,0.2918,2,3,1,0.7114,-0.1278
242,A,I,0.3682,0.3682,2,1.5,1,0.7547,-0.01821
242,A,K,-0.5208,-0.5208,1,3,0.5,-0.5208,
242,A,L,0.2848,0.2848,1,1,0.5,0.2848,
242,A,M,0.1251,0.1251,1,4,0.5,,0.1251
242,A,N,-0.4937,-0.4937,2,2.5,1,-1.066,0.07823
242,A,P,-0.5705,-0.5705,2,2,1,-0.04106,-1.1
242,A,Q,0.5911,0.5911,1,2,0.5,0.5911,
242,A,R,-0.4084,-0.4084,1,3,0.5,-0.4084,
242,A,S,0.07434,0.07434,2,4,1,0.08118,0.06749
242,A,T,0.1508,0.1508,2,5.5,1,0.3293,-0.02765
242,A,V,-0.003662,-0.003662,2,4.5,1,0.1409,-0.1482
242,A,W,-1.282,-1.282,2,1.5,1,-2.152,-0.4117
242,A,Y,-0.45,-0.45,2,1.5,1,-0.7167,-0.1833
243,I,A,-0.0513,-0.0513,1,2,0.5,-0.0513,
243,I,C,-0.4717,-0.4717,1,1,0.5,-0.4717,
243,I,E,-1.14,-1.14,1,1,0.5,,-1.14
243,I,F,-1.332,-1.332,1,2,0.5,-1.332,
243,I,I,0,0,2,,1,0,0
243,I,K,0.2797,0.2797,1,1,0.5,,0.2797
243,I,L,-0.09581,-0.09581,2,2,1,-0.2019,0.01024
243,I,M,-0.7849,-0.7849,2,2,1,-1.384,-0.1857
243,I,Q,-2.282,-2.282,1,1,0.5,-2.282,
243,I,R,-2.063,-2.063,1,1,0.5,-2.063,
243,I,T,-1.03,-1.03,1,1,0.5,,-1.03
243,I,V,-0.07279,-0.07279,2,4,1,-0.311,0.1654
243,I,Y,-2.063,-2.063,1,1,0.5,-2.063,
244,H,A,-0.2703,-0.2703,1,2,0.5,-0.2703,
244,H,C,0.1683,0.1683,1,3,0.5,,0.1683
244,H,D,-0.9828,-0.9828,2,1,1,-1.398,-0.5674
244,H,E,-0.7545,-0.7545,2,2.5,1,-0.5152,-0.9938
244,H,F,-0.1682,-0.1682,2,2.5,1,-1.203,0.8663
244,H,G,1.048,1.048,2,1,1,2.046,0.04932
244,H,H,0,0,2,,1,0,0
244,H,I,0.1025,0.1025,2,3,1,0.4712,-0.2662
244,H,L,-1.212,-1.212,2,2,1,-2.024,-0.4008
244,H,M,-0.6035,-0.6035,1,5,0.5,-0.6035,
244,H,N,-0.5043,-0.5043,2,1.5,1,-0.8742,-0.1345
244,H,Q,-0.1364,-0.1364,2,5.5,1,-0.2592,-0.01349
244,H,S,-0.05222,-0.05222,2,2,1,-0.02526,-0.07919
244,H,T,-0.2472,-0.2472,2,2.5,1,-0.7133,0.2189
244,H,V,-0.1228,-0.1228,1,4,0.5,,-0.1228
244,H,W,-1.202,-1.202,1,3,0.5,-1.202,
244,H,Y,-0.0207,-0.0207,2,3,1,-0.04859,0.007184
245,F,F,0,0,2,,1,0,0
245,F,H,2.95,2.95,1,0.5,0.5,,2.95
245,F,I,-0.2913,-0.2913,1,5,0.5,-0.2913,
245,F,K,-0.818,-0.818,1,1,0.5,,-0.818
245,F,L,-0.6806,-0.6806,2,2,1,-1.174,-0.1877
245,F,M,-0.5219,-0.5219,1,4,0.5,-0.5219,
245,F,N,-0.176,-0.176,1,1,0.5,-0.176,
245,F,Q,-1.663,-1.663,1,1,0.5,-1.663,
245,F,S,-1.12,-1.12,1,1,0.5,,-1.12
245,F,V,-0.2521,-0.2521,2,2.5,1,-0.6863,0.1822
245,F,W,0.003604,0.003604,2,5,1,-0.1474,0.1547
245,F,Y,0.08792,0.08792,2,2.5,1,0.1832,-0.007374
246,E,A,0.0644,0.0644,2,3,1,0.3382,-0.2094
246,E,C,0.02728,0.02728,2,1.5,1,0.04045,0.0141
246,E,D,-0.2813,-0.2813,2,2.5,1,-0.5649,0.002181
246,E,E,0,0,2,,1,0,0
246,E,F,0.4368,0.4368,1,1,0.5,,0.4368
246,E,G,-0.116,-0.116,2,1,1,0.1459,-0.378
246,E,H,0.4292,0.4292,2,2.5,1,0.9602,-0.1018
246,E,I,-0.1811,-0.1811,2,3.5,1,-0.5091,0.147
246,E,K,0.09737,0.09737,2,5.5,1,0.268,-0.07325
246,E,L,-0.3853,-0.3853,2,2,1,-0.9218,0.1512
246,E,M,-0.05511,-0.05511,2,2,1,-0.05275,-0.05747
246,E,N,0.1417,0.1417,2,2,1,0.07082,0.2126
246,E,P,-0.3271,-0.3271,1,2,0.5,,-0.3271
246,E,Q,0.2566,0.2566,1,1,0.5,0.2566,
246,E,R,0.208,0.208,2,2.5,1,0.4504,-0.03453
246,E,S,0.07337,0.07337,2,5,1,0.1111,0.03565
246,E,T,-0.07749,-0.07749,2,1.5,1,-0.2573,0.1023
246,E,V,-0.4246,-0.4246,2,2.5,1,-0.7871,-0.06203
246,E,W,-0.1415,-0.1415,2,3,1,-0.2034,-0.07974
246,E,Y,0.05209,0.05209,2,1.5,1,0.3078,-0.2037
246,E,*,-1.496,-1.496,1,1,0.5,-1.496,
247,S,A,0.005504,0.005504,2,3.5,1,0.08855,-0.07754
247,S,C,0.3317,0.3317,1,2,0.5,,0.3317
247,S,D,3.045,3.045,1,0.5,0.5,,3.045
247,S,F,0.02853,0.02853,2,3,1,-0.8271,0.8842
247,S,G,0.6431,0.6431,2,1.5,1,0.4021,0.8842
247,S,K,-1.239,-1.239,1,1,0.5,-1.239,
247,S,M,-0.3587,-0.3587,1,2,0.5,,-0.3587
247,S,P,0.1308,0.1308,1,1,0.5,,0.1308
247,S,Q,-0.1048,-0.1048,1,1.5,0.5,,-0.1048
247,S,S,0,0,2,,1,0,0
247,S,T,0.2965,0.2965,2,3.5,1,-0.03476,0.6277
247,S,V,0.04279,0.04279,1,4,0.5,,0.04279
247,S,W,-2.436,-2.436,1,3,0.5,-2.436,
248,N,A,-0.05142,-0.05142,2,4.5,1,-0.1538,0.05101
248,N,C,0.1888,0.1888,2,1,1,0.303,0.07461
248,N,D,-0.2492,-0.2492,2,2.5,1,-0.4445,-0.05388
248,N,E,-0.07711,-0.07711,2,2.5,1,-0.07191,-0.08231
248,N,G,0.08323,0.08323,2,1,1,-0.004953,0.1714
248,N,H,-0.2458,-0.2458,1,1,0.5,,-0.2458
248,N,I,-0.2261,-0.2261,2,2,1,-0.461,0.008831
248,N,K,-0.3052,-0.3052,1,3,0.5,,-0.3052
248,N,L,0.1223,0.1223,2,2,1,-0.04275,0.2874
248,N,M,-0.3582,-0.3582,2,2,1,-0.8472,0.1308
248,N,N,0,0,2,,1,0,0
248,N,P,0.1123,0.1123,1,2,0.5,,0.1123
248,N,Q,-0.1799,-0.1799,2,2,1,-0.5164,0.1565
248,N,R,0.303,0.303,1,1,0.5,0.303,
248,N,S,0.275,0.275,1,5,0.5,,0.275
248,N,T,0.4983,0.4983,1,5,0.5,0.4983,
248,N,V,0.00651,0.00651,2,1.5,1,0.303,-0.29
248,N,Y,0.06768,0.06768,1,2,0.5,,0.06768
249,G,G,0,0,2,,1,0,0
249,G,M,-0.3238,-0.3238,2,1,1,0.3147,-0.9623
249,G,S,0.6499,0.6499,1,1,0.5,,0.6499
249,G,W,-1.585,-1.585,1,1,0.5,-1.585,
250,N,A,0.5678,0.5678,2,1.5,1,0.2975,0.8381
250,N,C,0.01323,0.01323,1,2,0.5,,0.01323
250,N,G,-0.1092,-0.1092,2,1.5,1,-0.3809,0.1624
250,N,M,-1.094,-1.094,1,1,0.5,,-1.094
250,N,N,0,0,2,,1,0,0
250,N,S,0.02447,0.02447,2,4,1,0.0455,0.003445
251,F,D,-0.4974,-0.4974,1,1,0.5,,-0.4974
251,F,F,0,0,2,,1,0,0
251,F,I,0.0301,0.0301,2,2.5,1,-0.5156,0.5758
251,F,L,-0.1151,-0.1151,2,3,1,-0.1383,-0.0918
251,F,M,0.2429,0.2429,2,3.5,1,0.459,0.02691
251,F,V,-0.5074,-0.5074,2,1.5,1,-0.8926,-0.1222
251,F,W,0.02255,0.02255,2,3,1,0.08899,-0.0439
251,F,Y,-0.1509,-0.1509,2,1,1,0.2874,-0.5892
252,I,A,0.007045,0.007045,1,1,0.5,0.007045,
252,I,C,-1.921,-1.921,1,1,0.5,-1.921,
252,I,D,1.619,1.619,1,1,0.5,,1.619
252,I,G,-1.337,-1.337,1,1,0.5,-1.337,
252,I,I,0,0,2,,1,0,0
252,I,L,0.02338,0.02338,2,3.5,1,0.1452,-0.09841
252,I,M,-0.6406,-0.6406,2,2,1,-0.8102,-0.471
252,I,R,2.926,2.926,1,0.5,0.5,,2.926
252,I,V,-0.5108,-0.5108,2,2,1,-0.8365,-0.185
253,A,A,0,0,2,,1,0,0
253,A,C,0.516,0.516,2,2.5,1,1.053,-0.02119
253,A,F,0.1911,0.1911,1,2,0.5,,0.1911
253,A,G,0.1999,0.1999,1,2,0.5,,0.1999
253,A,I,-0.005041,-0.005041,2,2,1,0.17,-0.1801
253,A,L,0.1795,0.1795,2,2,1,0.04466,0.3144
253,A,M,0.02671,0.02671,2,1.5,1,0.0646,-0.01117
253,A,P,0.05938,0.05938,2,3.5,1,-0.1015,0.2203
253,A,Q,-1.959,-1.959,1,1,0.5,-1.959,
253,A,R,-1.975,-1.975,1,1,0.5,-1.975,
253,A,S,-0.001785,-0.001785,1,3,0.5,,-0.001785
253,A,T,0.04296,0.04296,2,5.5,1,0.0173,0.06862
253,A,V,-0.3863,-0.3863,2,2.5,1,-0.6947,-0.07788
253,A,Y,-0.9597,-0.9597,1,3,0.5,-0.9597,
254,P,A,0.1467,0.1467,2,2,1,0.2899,0.003544
254,P,F,-1.758,-1.758,1,1,0.5,-1.758,
254,P,M,0.5195,0.5195,1,0.5,0.5,,0.5195
254,P,P,0,0,2,,1,0,0
254,P,Q,-1.015,-1.015,1,1,0.5,,-1.015
254,P,S,-0.5695,-0.5695,2,2.5,1,-0.7326,-0.4064
254,P,T,0.2784,0.2784,2,1,1,0.2334,0.3235
255,E,A,-0.1779,-0.1779,2,2.5,1,-0.1505,-0.2052
255,E,C,0.06551,0.06551,2,1.5,1,0.1642,-0.03316
255,E,D,-0.0438,-0.0438,2,4.5,1,-0.04263,-0.04497
255,E,E,0,0,2,,1,0,0
255,E,F,0.031,0.031,2,3,1,0.2467,-0.1847
255,E,G,-0.3405,-0.3405,2,1,1,-1.022,0.3415
255,E,H,-0.3454,-0.3454,2,2.5,1,-0.6182,-0.0727
255,E,I,0.4929,0.4929,2,2,1,0.2485,0.7374
255,E,K,-0.06176,-0.06176,2,7.5,1,0.1028,-0.2263
255,E,L,-1.072,-1.072,1,1,0.5,-1.072,
255,E,M,0.3824,0.3824,2,3,1,0.8982,-0.1335
255,E,N,-1.257,-1.257,1,3,0.5,-1.257,
255,E,P,0.8777,0.8777,1,1,0.5,,0.8777
255,E,Q,0.07392,0.07392,2,2.5,1,-0.02844,0.1763
255,E,R,0.181,0.181,2,2.5,1,0.6514,-0.2893
255,E,S,-0.6921,-0.6921,2,2,1,-1.269,-0.1156
255,E,T,0.05381,0.05381,2,2,1,0.3153,-0.2077
255,E,V,0.1515,0.1515,2,3,1,0.5907,-0.2878
255,E,W,0.1849,0.1849,2,2,1,0.2478,0.1219
255,E,Y,-0.7934,-0.7934,2,2.5,1,-1.188,-0.3987
256,Y,A,1.027,1.027,2,2.5,1,1.45,0.6039
256,Y,C,0.08575,0.08575,2,2.5,1,0.108,0.06353
256,Y,E,1.333,1.333,2,3,1,2.315,0.3505
256,Y,F,0.5054,0.5054,2,4,1,0.967,0.04389
256,Y,G,0.3144,0.3144,1,2,0.5,,0.3144
256,Y,H,0.1813,0.1813,2,2,1,-0.02419,0.3868
256,Y,I,-0.05852,-0.05852,2,4.5,1,-0.0001404,-0.1169
256,Y,K,1.272,1.272,2,3,1,1.636,0.9082
256,Y,L,-0.3141,-0.3141,2,2.5,1,-0.3705,-0.2576
256,Y,M,0.286,0.286,2,1.5,1,0.3014,0.2705
256,Y,N,0.3903,0.3903,2,3.5,1,0.778,0.002605
256,Y,Q,-0.04213,-0.04213,2,3.5,1,-0.4508,0.3665
256,Y,R,0.9867,0.9867,1,2,0.5,0.9867,
256,Y,S,1.278,1.278,2,4,1,2.225,0.3307
256,Y,T,0.5475,0.5475,2,2,1,0.4788,0.6163
256,Y,V,0.2724,0.2724,2,2.5,1,0.4043,0.1405
256,Y,W,-0.1662,-0.1662,2,2.5,1,-0.2921,-0.04023
256,Y,Y,0,0,2,,1,0,0
257,A,A,0,0,2,,1,0,0
257,A,C,-0.489,-0.489,2,2,1,-1.843,0.8646
257,A,D,0.007531,0.007531,1,0.5,0.5,,0.007531
257,A,G,0.4029,0.4029,2,1.5,1,0.826,-0.02018
257,A,H,-0.06314,-0.06314,1,1,0.5,,-0.06314
257,A,L,0.5413,0.5413,1,1,0.5,,0.5413
257,A,M,-0.8655,-0.8655,2,2.5,1,-1.884,0.1526
257,A,Q,-1.508,-1.508,2,1,1,-1.884,-1.132
257,A,S,0.6586,0.6586,2,2,1,1.705,-0.3878
257,A,V,0.06551,0.06551,2,3,1,-0.3568,0.4878
257,A,W,0.8559,0.8559,1,1,0.5,0.8559,
258,Y,C,-0.6211,-0.6211,1,1,0.5,,-0.6211
258,Y,E,-0.904,-0.904,2,1.5,1,-0.6081,-1.2
258,Y,F,0.4839,0.4839,2,2,1,0.961,0.006743
258,Y,G,-0.4726,-0.4726,1,1,0.5,,-0.4726
258,Y,H,-0.6926,-0.6926,2,3,1,-0.8843,-0.5009
258,Y,I,0.1545,0.1545,2,3.5,1,0.0251,0.284
258,Y,M,-0.1557,-0.1557,2,4,1,-0.05242,-0.2589
258,Y,N,-0.5059,-0.5059,1,1,0.5,,-0.5059
258,Y,R,0.2748,0.2748,1,1,0.5,0.2748,
258,Y,S,0.1253,0.1253,1,2,0.5,,0.1253
258,Y,V,0.8695,0.8695,2,2.5,1,1.115,0.6241
258,Y,W,-0.5375,-0.5375,2,3,1,0.1377,-1.213
258,Y,Y,0,0,2,,1,0,0
259,K,A,-0.647,-0.647,2,4.5,1,-0.8324,-0.4616
259,K,C,0.004331,0.004331,1,2,0.5,0.004331,
259,K,E,-0.009493,-0.009493,2,2.5,1,0.02884,-0.04782
259,K,F,0.3536,0.3536,2,3,1,0.5661,0.1411
259,K,G,0.6235,0.6235,2,3.5,1,1.214,0.0326
259,K,H,-0.8296,-0.8296,2,2.5,1,-2.04,0.3804
259,K,I,0.1948,0.1948,1,2,0.5,,0.1948
259,K,K,0,0,2,,1,0,0
259,K,L,-0.06469,-0.06469,2,2,1,0.05823,-0.1876
259,K,M,0.2072,0.2072,2,3,1,0.5025,-0.08801
259,K,N,0.1567,0.1567,2,1.5,1,0.06108,0.2522
259,K,Q,-0.9704,-0.9704,2,4,1,-1.839,-0.1014
259,K,R,-0.4164,-0.4164,2,4.5,1,-0.8128,-0.0201
259,K,S,0.004853,0.004853,2,2,1,0.005981,0.003724
259,K,T,1.041,1.041,1,5,0.5,,1.041
259,K,V,0.8118,0.8118,2,3.5,1,1.468,0.1559
259,K,W,0.01371,0.01371,1,1,0.5,0.01371,
259,K,Y,0.3935,0.3935,2,1,1,0.3065,0.4806
260,I,A,0.008451,0.008451,2,3,1,-0.1681,0.185
260,I,C,0.4145,0.4145,2,1,1,0.1935,0.6355
260,I,F,-0.6015,-0.6015,2,1,1,-0.4608,-0.7422
260,I,H,3.067,3.067,1,1,0.5,,3.067
260,I,I,0,0,2,,1,0,0
260,I,L,0.1879,0.1879,2,1.5,1,0.0825,0.2933
260,I,M,1.395,1.395,1,2,0.5,1.395,
260,I,N,-0.4539,-0.4539,1,1,0.5,,-0.4539
260,I,Q,-0.9092,-0.9092,1,2,0.5,-0.9092,
260,I,S,0.2121,0.2121,2,3,1,0.3125,0.1118
260,I,T,0.4089,0.4089,1,2,0.5,,0.4089
260,I,V,0.5661,0.5661,2,3.5,1,0.6391,0.4931
260,I,W,0.5132,0.5132,2,2,1,0.5393,0.487
260,I,Y,3.308,3.308,1,1,0.5,,3.308
261,V,A,-0.1886,-0.1886,2,2.5,1,-0.4418,0.06445
261,V,C,-0.1562,-0.1562,2,3.5,1,-0.201,-0.1113
261,V,D,0.3051,0.3051,2,1.5,1,-0.2097,0.82
261,V,E,0.2853,0.2853,2,2,1,0.328,0.2427
261,V,F,0.5724,0.5724,2,2,1,0.4792,0.6657
261,V,G,1.207,1.207,1,4,0.5,1.207,
261,V,H,0.4603,0.4603,1,2,0.5,,0.4603
261,V,I,-0.6573,-0.6573,2,1.5,1,-1.504,0.1892
261,V,K,0.1191,0.1191,2,4.5,1,0.1513,0.087
261,V,M,-0.2189,-0.2189,2,2,1,-0.1456,-0.2922
261,V,N,0.382,0.382,2,4,1,0.5185,0.2455
261,V,Q,0.7256,0.7256,1,1,0.5,0.7256,
261,V,R,0.5938,0.5938,1,4,0.5,0.5938,
261,V,S,0.605,0.605,2,2,1,1.035,0.1751
261,V,T,-0.322,-0.322,2,2.5,1,-0.4365,-0.2075
261,V,V,0,0,2,,1,0,0
261,V,W,0.3065,0.3065,2,2,1,0.3141,0.299
261,V,Y,0.641,0.641,2,1.5,1,0.6899,0.5922
261,V,-,-0.5039,-0.5039,1,1,0.5,-0.5039,
262,K,A,0.4573,0.4573,2,3.5,1,0.16,0.7545
262,K,C,1.763,1.763,1,4,0.5,1.763,
262,K,E,0.4782,0.4782,2,2,1,-0.07312,1.03
262,K,G,1.586,1.586,2,1.25,1,0.07796,3.094
262,K,H,-1.993,-1.993,1,1,0.5,-1.993,
262,K,I,1.121,1.121,2,2.5,1,1.168,1.074
262,K,K,0,0,2,,1,0,0
262,K,L,-0.3006,-0.3006,2,2.5,1,-1.002,0.4007
262,K,M,1.876,1.876,2,2.5,1,2.832,0.921
262,K,N,0.8368,0.8368,2,3,1,0.5133,1.16
262,K,P,-0.7693,-0.7693,1,1,0.5,-0.7693,
262,K,Q,0.8796,0.8796,1,4,0.5,,0.8796
262,K,R,0.6936,0.6936,2,3.5,1,0.9929,0.3943
262,K,S,0.9041,0.9041,1,2,0.5,0.9041,
262,K,T,1.118,1.118,2,3,1,1.142,1.095
262,K,V,1.377,1.377,1,2,0.5,,1.377
262,K,W,-0.04179,-0.04179,1,1,0.5,-0.04179,
262,K,Y,0.0234,0.0234,1,2,0.5,0.0234,
262,K,-,-0.3526,-0.3526,1,1,0.5,-0.3526,
262a,K,A,-0.5634,-0.5634,2,2.5,1,-1.515,0.3882
262a,K,C,0.7811,0.7811,2,2.5,1,0.6832,0.879
262a,K,D,-2.122,-2.122,1,1,0.5,-2.122,
262a,K,E,-0.1193,-0.1193,2,3,1,-0.1019,-0.1367
262a,K,F,0.6697,0.6697,2,2,1,1.393,-0.05303
262a,K,H,0.8093,0.8093,1,2,0.5,0.8093,
262a,K,I,0.8693,0.8693,2,2.5,1,1.376,0.3626
262a,K,K,0,0,2,,1,0,0
262a,K,L,-0.08396,-0.08396,2,2,1,-0.5665,0.3986
262a,K,M,-0.4386,-0.4386,2,2,1,-0.6975,-0.1796
262a,K,N,0.5438,0.5438,2,7,1,0.2783,0.8093
262a,K,P,0.0434,0.0434,2,2.5,1,0.08714,-0.0003344
262a,K,Q,0.1989,0.1989,2,3,1,0.5621,-0.1644
262a,K,R,-0.1845,-0.1845,2,3.5,1,-0.2909,-0.07818
262a,K,S,0.09818,0.09818,2,1.5,1,0.1038,0.09257
262a,K,T,-0.3926,-0.3926,2,1.5,1,-0.9719,0.1867
262a,K,V,-0.5678,-0.5678,2,3,1,-0.7257,-0.4099
262a,K,W,-0.03276,-0.03276,1,1,0.5,,-0.03276
262a,K,Y,-0.3155,-0.3155,1,1,0.5,,-0.3155
262a,K,-,-0.6016,-0.6016,1,1,0.5,-0.6016,
263,G,C,-1.694,-1.694,1,1,0.5,-1.694,
263,G,E,1.469,1.469,1,1,0.5,1.469,
263,G,G,0,0,2,,1,0,0
263,G,H,2.708,2.708,1,1,0.5,2.708,
263,G,I,0.3256,0.3256,1,1,0.5,,0.3256
263,G,K,0.7906,0.7906,1,3,0.5,0.7906,
263,G,M,1.979,1.979,1,1,0.5,,1.979
263,G,N,1.511,1.511,2,2,1,2.181,0.8419
263,G,Q,-0.5748,-0.5748,1,1,0.5,,-0.5748
263,G,R,0.2727,0.2727,1,2,0.5,0.2727,
263,G,S,2.429,2.429,1,1,0.5,,2.429
263,G,V,0.9224,0.9224,2,3,1,0.8953,0.9494
263,G,W,2.827,2.827,1,1,0.5,,2.827
264,D,A,-0.3771,-0.3771,1,3,0.5,-0.3771,
264,D,C,-1.211,-1.211,1,2,0.5,-1.211,
264,D,D,0,0,2,,1,0,0
264,D,E,-0.004924,-0.004924,2,3,1,-0.0145,0.004648
264,D,F,-0.02337,-0.02337,2,1.5,1,0.0445,-0.09124
264,D,G,-0.3063,-0.3063,2,1.5,1,-0.04158,-0.571
264,D,H,-0.5565,-0.5565,2,1,1,-1.496,0.3826
264,D,I,3.018,3.018,1,0.5,0.5,,3.018
264,D,N,-1.498,-1.498,1,1,0.5,-1.498,
264,D,P,-0.1211,-0.1211,2,1.5,1,-0.1283,-0.1138
264,D,S,-0.2897,-0.2897,2,2,1,0.03659,-0.616
264,D,T,-0.3317,-0.3317,1,1,0.5,,-0.3317
264,D,W,0.09219,0.09219,2,4.5,1,0.1257,0.05866
264,D,Y,-0.03743,-0.03743,2,2.5,1,0.07657,-0.1514
265,S,A,-0.03224,-0.03224,1,4,0.5,-0.03224,
265,S,C,0.01245,0.01245,2,1.5,1,0.04269,-0.01779
265,S,E,-1.803,-1.803,1,1,0.5,-1.803,
265,S,M,0.2567,0.2567,1,1,0.5,0.2567,
265,S,S,0,0,2,,1,0,0
265,S,T,-0.1869,-0.1869,2,2.5,1,-0.4712,0.0974
266,T,A,-0.05795,-0.05795,2,3,1,-0.1021,-0.01376
266,T,C,-0.2255,-0.2255,2,1.5,1,-0.4637,0.01267
266,T,D,-0.02018,-0.02018,2,2.5,1,0.4243,-0.4646
266,T,E,-0.4507,-0.4507,2,3.5,1,-0.9686,0.06725
266,T,G,0.2707,0.2707,2,3,1,-0.2949,0.8363
266,T,I,1.073,1.073,2,1.5,1,2.708,-0.5616
266,T,L,0.1718,0.1718,1,1,0.5,0.1718,
266,T,M,-0.269,-0.269,2,1,1,-0.209,-0.329
266,T,N,0.2714,0.2714,2,4,1,0.2447,0.2981
266,T,Q,-0.3438,-0.3438,1,1,0.5,-0.3438,
266,T,S,0.99,0.99,2,3.5,1,0.4328,1.547
266,T,T,0,0,2,,1,0,0
266,T,V,-0.7317,-0.7317,2,2.5,1,-1.145,-0.3179
266,T,W,-2.169,-2.169,1,1,0.5,-2.169,
266,T,Y,-2.026,-2.026,1,1,0.5,-2.026,
267,I,C,-1.069,-1.069,1,1,0.5,,-1.069
267,I,F,-0.4179,-0.4179,2,1.5,1,-0.9679,0.1322
267,I,I,0,0,2,,1,0,0
267,I,L,-0.1201,-0.1201,2,1.5,1,0.1443,-0.3846
267,I,M,-0.05495,-0.05495,2,3,1,-0.07234,-0.03756
267,I,V,0.6025,0.6025,2,3.5,1,0.7527,0.4522
267,I,Y,0.2835,0.2835,2,2,1,0.3595,0.2074
268,M,G,0.07903,0.07903,1,1,0.5,,0.07903
268,M,I,0.3223,0.3223,2,6.5,1,0.5815,0.06311
268,M,L,0.6752,0.6752,2,2.5,1,1.128,0.2222
268,M,M,0,0,2,,1,0,0
268,M,T,-0.4062,-0.4062,1,1,0.5,-0.4062,
268,M,V,-0.753,-0.753,1,1,0.5,-0.753,
268,M,W,-0.1373,-0.1373,1,1,0.5,,-0.1373
268,M,Y,-0.9702,-0.9702,2,2,1,-1.772,-0.1686
269,K,A,0.3474,0.3474,2,4,1,0.36,0.3347
269,K,C,-0.6826,-0.6826,1,4,0.5,-0.6826,
269,K,D,-1.523,-1.523,1,3,0.5,-1.523,
269,K,E,0.1586,0.1586,2,3.5,1,-0.01557,0.3329
269,K,F,-0.04142,-0.04142,2,3.5,1,-0.3894,0.3066
269,K,G,-0.2267,-0.2267,2,5.5,1,-0.5174,0.06399
269,K,H,0.2536,0.2536,2,1,1,0.6736,-0.1664
269,K,I,0.0895,0.0895,2,2.5,1,0.06272,0.1163
269,K,K,0,0,2,,1,0,0
269,K,L,-0.446,-0.446,2,1,1,-0.6655,-0.2264
269,K,M,0.08589,0.08589,1,2,0.5,0.08589,
269,K,N,0.01187,0.01187,2,3.5,1,-0.1516,0.1754
269,K,P,-0.5292,-0.5292,2,3,1,-0.8959,-0.1624
269,K,Q,0.6142,0.6142,1,3,0.5,0.6142,
269,K,R,0.09566,0.09566,2,4.5,1,0.1933,-0.001987
269,K,S,-0.1419,-0.1419,2,2.5,1,-0.1988,-0.08495
269,K,T,-0.1459,-0.1459,1,1,0.5,,-0.1459
269,K,V,-0.1178,-0.1178,1,2,0.5,,-0.1178
269,K,W,-0.1902,-0.1902,2,2,1,-0.5348,0.1544
269,K,Y,0.02576,0.02576,2,4,1,-0.2595,0.311
270,S,A,0.3095,0.3095,2,3,1,0.5063,0.1127
270,S,C,0.1425,0.1425,2,1,1,0.3285,-0.0434
270,S,D,2.48,2.48,1,1,0.5,2.48,
270,S,E,0.9596,0.9596,1,3,0.5,,0.9596
270,S,F,0.8833,0.8833,1,1,0.5,,0.8833
270,S,G,-0.02908,-0.02908,2,3,1,0.1009,-0.1591
270,S,H,1.215,1.215,1,1,0.5,,1.215
270,S,I,-1.268,-1.268,1,3,0.5,-1.268,
270,S,L,-0.008794,-0.008794,1,2,0.5,,-0.008794
270,S,M,0.4258,0.4258,1,2,0.5,,0.4258
270,S,N,0.7906,0.7906,2,1.5,1,0.7297,0.8514
270,S,P,0.09663,0.09663,2,2,1,0.2722,-0.07897
270,S,Q,0.1433,0.1433,1,2,0.5,,0.1433
270,S,S,0,0,2,,1,0,0
270,S,T,-0.02409,-0.02409,2,1.5,1,-0.03986,-0.008324
270,S,V,0.337,0.337,2,1,1,0.5866,0.08742
270,S,W,-0.0161,-0.0161,2,1.5,1,0.02254,-0.05475
270,S,Y,0.2537,0.2537,2,2.5,1,-0.4098,0.9172
271,G,A,0.1781,0.1781,1,2,0.5,,0.1781
271,G,C,0.5745,0.5745,2,4,1,0.6044,0.5446
271,G,D,0.1642,0.1642,2,3.5,1,0.4259,-0.09738
271,G,E,0.1386,0.1386,2,3.5,1,0.3891,-0.1118
271,G,F,-1.02,-1.02,2,1,1,-2.201,0.1609
271,G,G,0,0,2,,1,0,0
271,G,H,-0.5702,-0.5702,1,5,0.5,-0.5702,
271,G,I,-0.1552,-0.1552,2,3,1,-0.2486,-0.06186
271,G,K,-0.4515,-0.4515,2,1.5,1,-0.9447,0.04174
271,G,L,0.1794,0.1794,2,4,1,0.3584,0.000411
271,G,M,-0.06695,-0.06695,2,2,1,-0.3511,0.2172
271,G,N,-0.196,-0.196,2,4,1,-0.3079,-0.08414
271,G,P,-0.1585,-0.1585,1,5,0.5,,-0.1585
271,G,Q,0.01162,0.01162,2,2,1,-0.004837,0.02807
271,G,R,0.2067,0.2067,2,2.5,1,0.3077,0.1057
271,G,S,0.04483,0.04483,2,5,1,0.08625,0.003409
271,G,T,0.2272,0.2272,2,5,1,0.4485,0.00599
271,G,V,-0.1652,-0.1652,2,1.5,1,-0.1034,-0.2269
271,G,W,0.4363,0.4363,1,2,0.5,0.4363,
271,G,Y,0.2168,0.2168,2,2,1,0.7552,-0.3216
272,V,A,-0.0125,-0.0125,2,3.5,1,-0.03199,0.006991
272,V,C,-0.09998,-0.09998,2,2,1,0.3728,-0.5727
272,V,D,-0.09495,-0.09495,1,2,0.5,,-0.09495
272,V,E,0.1537,0.1537,2,3,1,-0.4862,0.7935
272,V,F,-0.754,-0.754,1,2,0.5,-0.754,
272,V,G,0.236,0.236,1,3,0.5,,0.236
272,V,H,-0.04019,-0.04019,2,1.5,1,0.06182,-0.1422
272,V,I,0.2956,0.2956,2,1,1,0.6372,-0.04597
272,V,K,0.676,0.676,2,1.5,1,1.452,-0.1001
272,V,L,-0.005694,-0.005694,2,3.5,1,-0.03815,0.02676
272,V,M,-0.1148,-0.1148,2,5,1,-0.6698,0.4401
272,V,N,-0.01005,-0.01005,2,3,1,0.2556,-0.2757
272,V,P,0.3726,0.3726,2,1.5,1,0.4858,0.2593
272,V,Q,-0.1919,-0.1919,2,1.5,1,-1.099,0.7154
272,V,R,0.8821,0.8821,1,1,0.5,,0.8821
272,V,S,0.4929,0.4929,2,2.5,1,0.5234,0.4625
272,V,T,-0.04803,-0.04803,2,3.5,1,-0.1691,0.07305
272,V,V,0,0,2,,1,0,0
272,V,W,0.05174,0.05174,2,1,1,-0.324,0.4274
272,V,Y,0.101,0.101,2,2.5,1,-0.02404,0.2259
273,E,A,0.7783,0.7783,1,1,0.5,0.7783,
273,E,C,0.01841,0.01841,1,4,0.5,,0.01841
273,E,D,-0.218,-0.218,2,2.5,1,-0.4942,0.05826
273,E,E,0,0,2,,1,0,0
273,E,F,0.005601,0.005601,2,2.5,1,-0.2504,0.2616
273,E,G,0.3242,0.3242,2,2,1,0.6986,-0.05012
273,E,H,0.3075,0.3075,2,2.5,1,0.3302,0.2848
273,E,I,0.1055,0.1055,1,6,0.5,,0.1055
273,E,K,0.3082,0.3082,2,11.5,1,0.3635,0.2529
273,E,L,-0.04553,-0.04553,2,5.5,1,-0.2333,0.1423
273,E,M,-0.9013,-0.9013,2,1.5,1,-2.035,0.2324
273,E,N,0.2403,0.2403,2,3,1,0.4559,0.02458
273,E,P,-0.1187,-0.1187,2,2,1,-0.1717,-0.06572
273,E,Q,0.1177,0.1177,2,1.5,1,0.2333,0.00219
273,E,R,0.02345,0.02345,2,4.5,1,-0.1811,0.228
273,E,S,-0.2866,-0.2866,2,3,1,-0.4098,-0.1634
273,E,V,0.4932,0.4932,2,4.5,1,0.8417,0.1447
273,E,W,-0.181,-0.181,2,4,1,-0.6197,0.2576
273,E,Y,-0.2378,-0.2378,2,2,1,-0.7002,0.2245
274,Y,A,-0.6744,-0.6744,2,1.5,1,-1.066,-0.2825
274,Y,D,-1.205,-1.205,1,1,0.5,,-1.205
274,Y,E,-0.6467,-0.6467,2,1,1,-1.047,-0.2463
274,Y,F,-0.2583,-0.2583,2,2.5,1,-0.3629,-0.1536
274,Y,H,-0.1527,-0.1527,2,2.5,1,-0.2085,-0.09692
274,Y,I,0.04894,0.04894,1,3,0.5,0.04894,
274,Y,K,-0.4469,-0.4469,2,2,1,-0.9537,0.0598
274,Y,L,-0.04086,-0.04086,2,3,1,-0.08405,0.002343
274,Y,M,0.01322,0.01322,2,3.5,1,-0.14,0.1664
274,Y,N,-1.205,-1.205,1,1,0.5,,-1.205
274,Y,P,0.05003,0.05003,1,4,0.5,0.05003,
274,Y,Q,0.3839,0.3839,2,3.5,1,0.03789,0.73
274,Y,R,0.116,0.116,2,1.5,1,0.2122,0.0197
274,Y,S,-0.5971,-0.5971,1,1,0.5,,-0.5971
274,Y,T,-0.5928,-0.5928,1,1,0.5,-0.5928,
274,Y,V,0.2496,0.2496,2,2,1,0.6956,-0.1964
274,Y,W,-0.1691,-0.1691,2,2.5,1,-0.3969,0.05865
274,Y,Y,0,0,2,,1,0,0
275,G,A,-0.3166,-0.3166,2,2,1,-0.7574,0.1242
275,G,C,-0.05178,-0.05178,2,4,1,-0.2513,0.1477
275,G,D,-0.1679,-0.1679,2,5.5,1,-0.3416,0.005717
275,G,E,-0.4047,-0.4047,2,2.5,1,-0.7455,-0.06385
275,G,F,-0.5363,-0.5363,2,3.5,1,-1.015,-0.05751
275,G,G,0,0,2,,1,0,0
275,G,H,-0.1267,-0.1267,2,1.5,1,-0.4754,0.222
275,G,I,-0.01342,-0.01342,2,2.5,1,-0.2334,0.2066
275,G,K,0.27,0.27,1,3,0.5,,0.27
275,G,L,-0.03404,-0.03404,2,4,1,-0.4187,0.3506
275,G,M,-0.9022,-0.9022,2,2.5,1,-2.057,0.2528
275,G,N,0.1562,0.1562,2,4,1,0.2392,0.07329
275,G,Q,-0.04428,-0.04428,2,2.5,1,-0.3411,0.2525
275,G,R,-0.1473,-0.1473,2,1.5,1,0.0957,-0.3902
275,G,S,0.6357,0.6357,2,3.5,1,1.344,-0.07271
275,G,T,0.07037,0.07037,2,2,1,-0.05526,0.196
275,G,V,0.06747,0.06747,2,3,1,0.1884,-0.05343
275,G,Y,0.2325,0.2325,2,3,1,-0.09426,0.5592
276,H,A,0.4169,0.4169,2,2.5,1,0.333,0.5008
276,H,C,-0.5103,-0.5103,2,5,1,-0.7683,-0.2524
276,H,D,0.2065,0.2065,2,4.5,1,0.4488,-0.0358
276,H,E,0.06028,0.06028,2,4.5,1,-0.5071,0.6276
276,H,F,-0.03876,-0.03876,2,5,1,-0.1354,0.05788
276,H,G,0.1002,0.1002,1,3,0.5,,0.1002
276,H,H,0,0,2,,1,0,0
276,H,I,-0.02991,-0.02991,2,3,1,-0.04899,-0.01083
276,H,K,0.318,0.318,2,1.5,1,0.8394,-0.2034
276,H,L,-0.3584,-0.3584,2,4,1,-0.7391,0.02225
276,H,M,-0.08512,-0.08512,2,2,1,-0.1928,0.02258
276,H,N,-0.3065,-0.3065,2,2.5,1,0.04073,-0.6537
276,H,P,0.3205,0.3205,2,3,1,0.6117,0.02936
276,H,Q,0.06428,0.06428,2,4,1,0.2668,-0.1382
276,H,R,0.1246,0.1246,2,2,1,0.197,0.05223
276,H,S,0.06226,0.06226,2,2,1,-0.1496,0.2741
276,H,T,-0.468,-0.468,1,2,0.5,-0.468,
276,H,V,0.7967,0.7967,2,3,1,1.577,0.0166
276,H,W,-0.1777,-0.1777,1,1,0.5,-0.1777,
276,H,Y,0.4158,0.4158,2,1.5,1,0.5883,0.2434
277,C,C,0,0,2,,1,0,0
277,C,G,-0.1683,-0.1683,1,1,0.5,,-0.1683
277,C,I,-2.441,-2.441,1,1,0.5,-2.441,
277,C,L,0.4755,0.4755,1,1,0.5,,0.4755
277,C,N,0.277,0.277,1,1,0.5,,0.277
277,C,R,-1.385,-1.385,2,1.5,1,-2.446,-0.324
277,C,T,-0.1413,-0.1413,1,1,0.5,,-0.1413
278,N,A,-0.04831,-0.04831,2,2.5,1,-0.02613,-0.0705
278,N,C,0.5544,0.5544,1,3,0.5,0.5544,
278,N,D,-0.4037,-0.4037,2,3.5,1,-0.6673,-0.1401
278,N,E,0.06969,0.06969,2,4.5,1,0.1677,-0.0283
278,N,F,-0.4652,-0.4652,1,4,0.5,-0.4652,
278,N,G,-0.2235,-0.2235,2,4.5,1,-0.5462,0.09922
278,N,H,-0.7325,-0.7325,2,1,1,-1.327,-0.1375
278,N,I,-0.04747,-0.04747,2,2.5,1,-0.1311,0.03614
278,N,K,-0.09625,-0.09625,1,5,0.5,-0.09625,
278,N,L,0.3039,0.3039,2,1.5,1,0.4032,0.2046
278,N,M,0.2193,0.2193,1,4,0.5,,0.2193
278,N,N,0,0,2,,1,0,0
278,N,P,-0.2048,-0.2048,2,1.5,1,0.01538,-0.425
278,N,Q,0.5215,0.5215,2,3.5,1,0.7682,0.2747
278,N,R,0.1154,0.1154,2,1.5,1,0.2942,-0.0633
278,N,S,-0.2354,-0.2354,2,1.5,1,-0.4273,-0.0435
278,N,T,0.1938,0.1938,1,6,0.5,0.1938,
278,N,V,-0.07393,-0.07393,2,3,1,-0.2728,0.125
278,N,W,0.1373,0.1373,2,4.5,1,0.1489,0.1256
278,N,Y,-0.4395,-0.4395,2,1.5,1,-0.8834,0.004396
279,T,A,0.06996,0.06996,2,3,1,-0.06001,0.1999
279,T,C,1.153,1.153,1,1,0.5,1.153,
279,T,E,0.03377,0.03377,2,4,1,0.2233,-0.1557
279,T,F,-0.3887,-0.3887,2,1,1,-0.7585,-0.01896
279,T,G,0.4679,0.4679,2,2.5,1,-0.159,1.095
279,T,H,-0.7503,-0.7503,1,4,0.5,-0.7503,
279,T,I,-0.9627,-0.9627,2,2.5,1,-1.999,0.07339
279,T,K,-1.166,-1.166,1,1,0.5,,-1.166
279,T,L,-0.2868,-0.2868,2,3,1,-0.6756,0.102
279,T,M,0.06939,0.06939,1,2,0.5,,0.06939
279,T,N,-0.4085,-0.4085,1,1,0.5,-0.4085,
279,T,Q,-0.477,-0.477,2,5,1,-0.9089,-0.04516
279,T,R,0.05757,0.05757,2,2.5,1,0.5996,-0.4844
279,T,S,0.3983,0.3983,2,2.5,1,0.6378,0.1587
279,T,T,0,0,2,,1,0,0
279,T,V,0.1161,0.1161,2,3,1,0.1787,0.05356
279,T,W,-0.8434,-0.8434,1,1,0.5,,-0.8434
279,T,Y,0.02717,0.02717,2,4,1,-0.2127,0.267
280,K,A,0.7599,0.7599,2,2,1,1.248,0.2718
280,K,C,0.6437,0.6437,1,1,0.5,0.6437,
280,K,D,-0.003127,-0.003127,2,3,1,-0.09006,0.08381
280,K,E,-0.2958,-0.2958,2,7,1,-0.4512,-0.1404
280,K,F,0.5948,0.5948,2,3,1,1.138,0.05133
280,K,G,-0.4709,-0.4709,2,1,1,-1.139,0.1972
280,K,H,0.1906,0.1906,2,3.5,1,0.304,0.07722
280,K,I,0.1047,0.1047,2,3.5,1,0.3796,-0.1703
280,K,K,0,0,2,,1,0,0
280,K,L,0.3095,0.3095,1,1,0.5,0.3095,
280,K,M,-0.9924,-0.9924,2,3,1,-2.025,0.04068
280,K,N,-0.1202,-0.1202,2,3,1,-0.1208,-0.1196
280,K,P,0.3852,0.3852,2,1,1,0.4903,0.2802
280,K,Q,0.2734,0.2734,1,5,0.5,0.2734,
280,K,R,0.05657,0.05657,2,4,1,0.05633,0.0568
280,K,S,-0.1798,-0.1798,2,1.5,1,-0.2621,-0.09751
280,K,T,-0.6039,-0.6039,2,2,1,-1.522,0.3143
280,K,V,-0.2232,-0.2232,2,6.5,1,-0.449,0.002576
280,K,W,0.1592,0.1592,2,3.5,1,0.3294,-0.01091
280,K,Y,0.2435,0.2435,1,3,0.5,,0.2435
281,C,C,0,0,2,,1,0,0
281,C,E,-0.8403,-0.8403,1,1,0.5,,-0.8403
281,C,L,-0.417,-0.417,1,1,0.5,,-0.417
281,C,S,-0.4399,-0.4399,1,1,0.5,,-0.4399
281,C,Y,-0.1259,-0.1259,2,1.5,1,0.3188,-0.5705
282,Q,A,-0.557,-0.557,1,2,0.5,-0.557,
282,Q,M,0.1179,0.1179,2,1.5,1,-0.2872,0.5231
282,Q,Q,0,0,2,,1,0,0
282,Q,R,-1.406,-1.406,1,1,0.5,,-1.406
282,Q,T,-0.3491,-0.3491,1,1,0.5,-0.3491,
282,Q,V,-1.14,-1.14,1,1,0.5,,-1.14
282,Q,*,-0.1544,-0.1544,1,1,0.5,-0.1544,
283,T,A,-0.02109,-0.02109,2,3,1,-0.1446,0.1024
283,T,C,-0.1136,-0.1136,2,3,1,-0.2637,0.03647
283,T,L,-1.825,-1.825,1,1,0.5,-1.825,
283,T,S,-0.2199,-0.2199,2,3,1,-0.2322,-0.2076
283,T,T,0,0,2,,1,0,0
283,T,W,-0.06437,-0.06437,1,1,0.5,-0.06437,
284,P,A,1.17,1.17,1,3,0.5,1.17,
284,P,C,0.2334,0.2334,2,3,1,0.0266,0.4401
284,P,E,-0.7279,-0.7279,2,2,1,-1.515,0.05878
284,P,F,0.542,0.542,2,1.25,1,2.262,-1.178
284,P,G,0.6003,0.6003,1,1,0.5,0.6003,
284,P,H,0.878,0.878,1,1,0.5,,0.878
284,P,I,-0.001987,-0.001987,2,2.5,1,-0.1706,0.1667
284,P,K,0.5226,0.5226,2,3,1,0.534,0.5113
284,P,L,0.3121,0.3121,2,2.5,1,0.594,0.03025
284,P,M,-0.2163,-0.2163,2,1,1,-0.314,-0.1185
284,P,N,-0.04607,-0.04607,2,2,1,-0.1401,0.04799
284,P,P,0,0,2,,1,0,0
284,P,Q,0.00389,0.00389,2,4.5,1,-0.07379,0.08157
284,P,R,0.9538,0.9538,1,1,0.5,,0.9538
284,P,S,0.04114,0.04114,2,2,1,-0.2816,0.3639
284,P,T,0.1584,0.1584,1,2,0.5,0.1584,
284,P,V,-0.3424,-0.3424,2,1,1,-0.6618,-0.02296
284,P,W,-0.1058,-0.1058,2,4.5,1,-0.3003,0.08865
284,P,Y,-2.988,-2.988,1,2,0.5,-2.988,
285,V,A,0.3707,0.3707,2,1,1,0.6016,0.1398
285,V,C,-0.03793,-0.03793,2,3,1,-0.3601,0.2843
285,V,D,0.3367,0.3367,2,4.5,1,0.6562,0.01727
285,V,E,-0.6898,-0.6898,2,2.5,1,-1.805,0.4259
285,V,F,-0.3301,-0.3301,2,4.5,1,-0.7873,0.1272
285,V,G,-0.8708,-0.8708,2,1,1,-2.074,0.3319
285,V,H,-0.4283,-0.4283,2,2.5,1,-0.6252,-0.2313
285,V,I,-0.005188,-0.005188,2,1.5,1,-0.4796,0.4692
285,V,K,-0.1263,-0.1263,2,2.5,1,-0.1029,-0.1497
285,V,L,-0.1525,-0.1525,2,2.5,1,-0.4574,0.1523
285,V,M,-0.1312,-0.1312,2,3.5,1,-0.1001,-0.1623
285,V,N,0.09182,0.09182,1,2,0.5,,0.09182
285,V,Q,0.4259,0.4259,1,4,0.5,0.4259,
285,V,R,-0.6781,-0.6781,2,3,1,-1.221,-0.1355
285,V,S,0.5663,0.5663,1,2,0.5,0.5663,
285,V,T,-0.4334,-0.4334,2,2,1,-0.7055,-0.1613
285,V,V,0,0,2,,1,0,0
285,V,W,0.1568,0.1568,1,2,0.5,,0.1568
285,V,Y,-0.2673,-0.2673,2,4,1,-0.3962,-0.1385
286,G,D,-1.98,-1.98,1,1,0.5,-1.98,
286,G,E,-1.687,-1.687,1,1,0.5,,-1.687
286,G,G,0,0,2,,1,0,0
286,G,I,-1.489,-1.489,1,1,0.5,-1.489,
286,G,N,-1.98,-1.98,1,1,0.5,-1.98,
286,G,R,0.03754,0.03754,1,1,0.5,,0.03754
286,G,T,-0.08995,-0.08995,1,2,0.5,-0.08995,
287,A,A,0,0,2,,1,0,0
287,A,C,-0.09762,-0.09762,2,3,1,-0.392,0.1968
287,A,G,-0.9691,-0.9691,2,2,1,-1.95,0.01181
287,A,M,0.1065,0.1065,1,1,0.5,0.1065,
287,A,R,-1.926,-1.926,1,1,0.5,-1.926,
287,A,S,-0.2965,-0.2965,2,2,1,-0.5592,-0.03377
287,A,T,0.0155,0.0155,2,2,1,-0.04564,0.07664
287,A,Y,0.8531,0.8531,1,1,0.5,,0.8531
288,I,A,-1.899,-1.899,1,1,0.5,-1.899,
288,I,D,-1.031,-1.031,1,1,0.5,,-1.031
288,I,F,0.3413,0.3413,2,1.5,1,0.2198,0.4628
288,I,I,0,0,2,,1,0,0
288,I,K,-2.246,-2.246,1,2,0.5,-2.246,
288,I,L,0.2089,0.2089,2,2,1,0.3273,0.09049
288,I,M,0.3267,0.3267,2,1,1,0.7281,-0.07468
288,I,T,-0.08086,-0.08086,2,2.5,1,-0.2121,0.05034
288,I,V,0.1017,0.1017,2,2,1,-0.1158,0.3193
288,I,W,-0.6946,-0.6946,1,1,0.5,,-0.6946
288,I,Y,-0.5416,-0.5416,1,1,0.5,,-0.5416
289,N,A,0.4364,0.4364,2,1.5,1,0.1353,0.7375
289,N,C,0.05991,0.05991,2,4.5,1,-0.1121,0.2319
289,N,D,0.02788,0.02788,2,3.5,1,-0.009519,0.06529
289,N,E,0.1367,0.1367,2,3,1,0.1916,0.08173
289,N,F,-0.08415,-0.08415,2,4.5,1,-0.3537,0.1854
289,N,G,0.04127,0.04127,1,3,0.5,0.04127,
289,N,H,0.09875,0.09875,2,2.5,1,-0.3634,0.5609
289,N,I,0.5725,0.5725,1,1,0.5,,0.5725
289,N,K,-0.1292,-0.1292,2,4,1,0.07743,-0.3358
289,N,L,0.3567,0.3567,2,8,1,0.4853,0.2281
289,N,M,0.3319,0.3319,2,5.5,1,0.577,0.0868
289,N,N,0,0,2,,1,0,0
289,N,P,0.802,0.802,2,3,1,1.005,0.5991
289,N,Q,0.5821,0.5821,2,2.5,1,0.8257,0.3384
289,N,R,-0.4621,-0.4621,2,5,1,-1.14,0.2163
289,N,S,-0.2287,-0.2287,2,3.5,1,-0.7624,0.305
289,N,T,0.1174,0.1174,2,3,1,-0.05301,0.2879
289,N,V,0.072,0.072,2,2.5,1,-0.602,0.746
289,N,W,0.7309,0.7309,1,3,0.5,0.7309,
289,N,Y,-0.03522,-0.03522,2,2,1,0.007577,-0.07801
290,S,A,0.8465,0.8465,2,2.5,1,1.3,0.3932
290,S,C,0.4276,0.4276,2,1,1,-0.02968,0.8849
290,S,D,0.04807,0.04807,2,3,1,0.2362,-0.1401
290,S,E,0.2214,0.2214,1,2,0.5,,0.2214
290,S,F,0.01149,0.01149,2,2.5,1,-0.2768,0.2997
290,S,G,0.4232,0.4232,2,1.5,1,0.7391,0.1072
290,S,H,0.1909,0.1909,2,3,1,-0.3952,0.777
290,S,I,0.4496,0.4496,2,4,1,0.7122,0.187
290,S,K,0.893,0.893,1,2,0.5,0.893,
290,S,L,0.3176,0.3176,2,2,1,-0.2862,0.9214
290,S,M,0.02578,0.02578,2,3,1,-0.1535,0.205
290,S,N,0.5533,0.5533,2,4,1,0.6608,0.4458
290,S,P,0.4161,0.4161,1,3,0.5,0.4161,
290,S,Q,-0.4085,-0.4085,2,1,1,-0.4754,-0.3415
290,S,R,-1.024,-1.024,2,2,1,-1.785,-0.2631
290,S,S,0,0,2,,1,0,0
290,S,T,0.2065,0.2065,2,5,1,0.2305,0.1825
290,S,V,0.2506,0.2506,2,2.5,1,0.3067,0.1946
290,S,W,0.6368,0.6368,2,2.5,1,-0.1744,1.448
290,S,Y,0.3225,0.3225,2,3.5,1,0.09187,0.5531
291,S,A,-0.3118,-0.3118,1,1,0.5,,-0.3118
291,S,C,-0.3216,-0.3216,1,2,0.5,,-0.3216
291,S,D,0.1981,0.1981,2,2.5,1,0.4521,-0.05586
291,S,E,-0.2068,-0.2068,2,4.5,1,-0.4049,-0.008718
291,S,F,0.1944,0.1944,2,2.5,1,0.4131,-0.02436
291,S,G,0.5123,0.5123,2,3.5,1,0.7835,0.2411
291,S,H,0.971,0.971,2,2,1,1.574,0.3686
291,S,I,0.4152,0.4152,2,4.5,1,0.7777,0.05271
291,S,K,0.8194,0.8194,2,2.5,1,0.9438,0.695
291,S,L,0.9181,0.9181,2,2.5,1,1.6,0.2365
291,S,M,-0.02441,-0.02441,1,2,0.5,,-0.02441
291,S,N,-0.06655,-0.06655,2,4.5,1,-0.6373,0.5042
291,S,P,0.009141,0.009141,2,3.5,1,-0.02504,0.04332
291,S,Q,0.3883,0.3883,2,3.5,1,0.5842,0.1923
291,S,R,0.9108,0.9108,1,2.5,0.5,,0.9108
291,S,S,0,0,2,,1,0,0
291,S,T,-0.3479,-0.3479,2,3,1,-0.6312,-0.06469
291,S,V,0.6492,0.6492,1,6,0.5,0.6492,
291,S,W,0.7226,0.7226,2,1.5,1,1.16,0.285
291,S,Y,0.04881,0.04881,2,4.5,1,0.04305,0.05458
292,M,A,0.1603,0.1603,2,3.5,1,0.1748,0.1457
292,M,C,0.67,0.67,2,2,1,1.202,0.1378
292,M,D,-0.3591,-0.3591,1,3,0.5,,-0.3591
292,M,E,-1.292,-1.292,2,3,1,-2.393,-0.1912
292,M,F,0.6783,0.6783,2,2,1,1.066,0.2904
292,M,G,-0.008985,-0.008985,2,3.5,1,0.156,-0.174
292,M,H,-0.4109,-0.4109,2,3,1,-0.8494,0.02752
292,M,I,0.334,0.334,2,3.5,1,0.6536,0.01439
292,M,K,-0.1621,-0.1621,2,4.5,1,-0.2255,-0.0987
292,M,L,-0.1671,-0.1671,2,3,1,-0.09853,-0.2357
292,M,M,0,0,2,,1,0,0
292,M,N,0.3867,0.3867,2,3,1,0.09225,0.6811
292,M,Q,-0.4553,-0.4553,2,2,1,-0.7924,-0.1183
292,M,R,0.4403,0.4403,2,2,1,0.8517,0.02877
292,M,S,0.04899,0.04899,2,1.5,1,-0.1178,0.2158
292,M,T,-0.5166,-0.5166,2,1.5,1,-0.2996,-0.7336
292,M,V,0.3253,0.3253,2,3.5,1,0.546,0.1045
292,M,W,0.1408,0.1408,1,2,0.5,,0.1408
292,M,Y,0.995,0.995,1,1,0.5,0.995,
293,P,A,-0.4996,-0.4996,2,3.5,1,-0.821,-0.1782
293,P,C,-0.5135,-0.5135,1,1,0.5,,-0.5135
293,P,E,-0.6712,-0.6712,1,1,0.5,-0.6712,
293,P,G,-1.294,-1.294,2,1,1,-2.036,-0.552
293,P,H,-2.036,-2.036,1,1,0.5,-2.036,
293,P,I,0.7114,0.7114,2,2,1,0.6199,0.8029
293,P,L,-1.121,-1.121,1,2,0.5,-1.121,
293,P,P,0,0,2,,1,0,0
293,P,R,-1.553,-1.553,1,1,0.5,-1.553,
293,P,S,-0.6434,-0.6434,2,3.5,1,-0.8265,-0.4604
293,P,V,-0.1593,-0.1593,2,1.5,1,-0.3377,0.01912
294,F,F,0,0,2,,1,0,0
294,F,H,0.2184,0.2184,1,1,0.5,,0.2184
294,F,I,-0.9532,-0.9532,1,1,0.5,,-0.9532
294,F,L,-0.6128,-0.6128,1,2,0.5,,-0.6128
294,F,M,-0.18,-0.18,1,2,0.5,-0.18,
294,F,V,-0.4757,-0.4757,1,1,0.5,-0.4757,
294,F,W,-0.439,-0.439,2,2.5,1,-0.652,-0.2259
294,F,Y,-0.04764,-0.04764,2,1,1,-0.2781,0.1828
295,H,A,-0.582,-0.582,1,1,0.5,,-0.582
295,H,D,-2.006,-2.006,1,1,0.5,-2.006,
295,H,E,0.165,0.165,2,3.5,1,0.3599,-0.0299
295,H,F,-0.9037,-0.9037,2,1,1,-2.006,0.1989
295,H,G,3.048,3.048,1,0.5,0.5,,3.048
295,H,H,0,0,2,,1,0,0
295,H,L,-2.006,-2.006,1,1,0.5,-2.006,
295,H,M,0.3724,0.3724,2,4.5,1,0.3486,0.3962
295,H,N,-0.3999,-0.3999,2,2.5,1,-1.612,0.8122
295,H,P,0.009794,0.009794,1,2,0.5,,0.009794
295,H,Q,0.1636,0.1636,2,4,1,0.4866,-0.1595
295,H,R,-1.17,-1.17,1,1,0.5,-1.17,
295,H,S,0.6525,0.6525,2,1.5,1,1.238,0.06735
295,H,T,0.2928,0.2928,2,1,1,0.1086,0.477
295,H,Y,-0.387,-0.387,1,1,0.5,,-0.387
296,N,A,0.5912,0.5912,2,1,1,0.309,0.8735
296,N,C,0.08178,0.08178,2,3,1,0.191,-0.02749
296,N,D,-0.5553,-0.5553,1,1,0.5,,-0.5553
296,N,F,-0.3446,-0.3446,1,1,0.5,,-0.3446
296,N,G,1.436,1.436,2,2,1,1.835,1.037
296,N,H,0.5824,0.5824,2,4,1,0.5528,0.6121
296,N,K,-0.01943,-0.01943,2,2,1,-0.9198,0.8809
296,N,L,-0.04101,-0.04101,1,1,0.5,-0.04101,
296,N,M,-0.7532,-0.7532,2,2.5,1,-1.909,0.4028
296,N,N,0,0,2,,1,0,0
296,N,P,-1.909,-1.909,1,1,0.5,-1.909,
296,N,Q,0.8809,0.8809,1,1,0.5,,0.8809
296,N,R,0.5714,0.5714,1,4,0.5,,0.5714
296,N,S,0.3256,0.3256,2,1.25,1,0.5008,0.1504
296,N,T,2.462,2.462,1,1,0.5,2.462,
297,I,A,-0.1341,-0.1341,2,2,1,-0.5021,0.2339
297,I,C,-0.2039,-0.2039,2,3,1,-0.8628,0.455
297,I,D,-0.8752,-0.8752,1,1,0.5,,-0.8752
297,I,F,-1.173,-1.173,1,1,0.5,,-1.173
297,I,I,0,0,2,,1,0,0
297,I,L,0.3631,0.3631,1,2,0.5,,0.3631
297,I,M,1.387,1.387,1,1,0.5,,1.387
297,I,N,-1.183,-1.183,1,1,0.5,,-1.183
297,I,P,-1.405,-1.405,1,1,0.5,-1.405,
297,I,Q,-1.245,-1.245,2,1,1,-1.952,-0.5385
297,I,T,-0.2778,-0.2778,1,1,0.5,-0.2778,
297,I,V,0.01944,0.01944,2,1.5,1,-0.822,0.8609
297,I,W,-1.175,-1.175,1,1,0.5,,-1.175
298,H,A,0.01121,0.01121,2,3.5,1,0.09103,-0.06861
298,H,C,-0.2772,-0.2772,2,2,1,-0.5934,0.03901
298,H,D,0.427,0.427,2,1,1,0.7723,0.08162
298,H,E,0.5413,0.5413,2,3,1,1.043,0.03919
298,H,F,0.03688,0.03688,2,2.5,1,-0.03283,0.1066
298,H,G,1.395,1.395,2,3,1,1.521,1.269
298,H,H,0,0,2,,1,0,0
298,H,I,-0.4268,-0.4268,2,2.5,1,-0.9718,0.1181
298,H,L,0.8809,0.8809,1,1,0.5,,0.8809
298,H,M,-0.8281,-0.8281,2,2.5,1,-1.338,-0.3187
298,H,N,0.3236,0.3236,2,3.5,1,0.65,-0.002797
298,H,P,0.184,0.184,1,1,0.5,0.184,
298,H,Q,-0.5918,-0.5918,1,2,0.5,,-0.5918
298,H,S,0.2196,0.2196,2,3,1,0.03785,0.4013
298,H,T,0.5145,0.5145,2,1.5,1,0.09368,0.9354
298,H,V,0.5625,0.5625,2,2,1,0.8108,0.3142
298,H,W,0.2994,0.2994,2,3,1,-0.04374,0.6426
298,H,Y,-0.3789,-0.3789,2,4,1,-0.1708,-0.5871
299,P,A,0.06898,0.06898,2,3,1,-0.4657,0.6036
299,P,C,-0.1229,-0.1229,1,1,0.5,-0.1229,
299,P,D,1.185,1.185,2,2,1,0.5045,1.867
299,P,E,-0.1036,-0.1036,2,3.5,1,-0.3451,0.1379
299,P,F,0.7703,0.7703,2,2,1,1.243,0.2974
299,P,G,1.103,1.103,1,2,0.5,1.103,
299,P,H,-0.1213,-0.1213,2,4,1,-0.1477,-0.09484
299,P,I,0.8701,0.8701,2,1,1,0.8554,0.8849
299,P,K,0.3953,0.3953,2,4,1,0.7555,0.03504
299,P,L,0.417,0.417,2,5,1,-0.09458,0.9285
299,P,M,-0.6416,-0.6416,2,3,1,-1.423,0.1399
299,P,N,1.885,1.885,1,2,0.5,1.885,
299,P,P,0,0,2,,1,0,0
299,P,Q,0.6803,0.6803,2,2,1,0.4754,0.8852
299,P,R,-0.3302,-0.3302,2,3,1,-0.4792,-0.1811
299,P,S,0.4893,0.4893,2,3,1,0.7348,0.2439
299,P,T,-0.2668,-0.2668,1,5,0.5,-0.2668,
299,P,V,0.4248,0.4248,2,3.5,1,0.3429,0.5068
299,P,W,0.1403,0.1403,2,2,1,0.3259,-0.04531
299,P,Y,0.1903,0.1903,2,3.5,1,0.3526,0.02795
300,L,A,0.7865,0.7865,2,1.5,1,1.354,0.2185
300,L,C,-0.6152,-0.6152,2,4,1,-1.277,0.04701
300,L,D,-0.3381,-0.3381,1,3,0.5,-0.3381,
300,L,E,0.4558,0.4558,2,1.5,1,0.01433,0.8974
300,L,F,0.1958,0.1958,1,2,0.5,,0.1958
300,L,G,-0.5383,-0.5383,1,3,0.5,-0.5383,
300,L,H,0.0219,0.0219,2,4,1,0.2745,-0.2307
300,L,I,-0.3767,-0.3767,2,3,1,-0.4491,-0.3043
300,L,K,-0.2122,-0.2122,2,1,1,-0.304,-0.1204
300,L,L,0,0,2,,1,0,0
300,L,M,-0.2715,-0.2715,2,2,1,-0.5503,0.007193
300,L,N,0.1,0.1,2,4,1,-0.01361,0.2136
300,L,Q,0.3255,0.3255,2,1.5,1,0.5232,0.1279
300,L,R,-0.7409,-0.7409,1,4,0.5,-0.7409,
300,L,S,-0.186,-0.186,2,2.5,1,-0.7339,0.3619
300,L,T,0.2842,0.2842,2,2,1,0.4352,0.1331
300,L,V,0.9248,0.9248,2,1.5,1,1.278,0.5714
300,L,W,1.234,1.234,1,2,0.5,,1.234
300,L,Y,-0.08779,-0.08779,2,3.5,1,-0.007136,-0.1684
301,T,A,-0.7264,-0.7264,2,2,1,-1.073,-0.3794
301,T,C,-0.4376,-0.4376,2,1,1,-0.8663,-0.008926
301,T,D,-0.2709,-0.2709,1,2,0.5,,-0.2709
301,T,E,-1.147,-1.147,2,1.5,1,-2.038,-0.2558
301,T,F,0.08185,0.08185,1,1,0.5,,0.08185
301,T,G,-1.063,-1.063,1,5,0.5,-1.063,
301,T,H,0.3051,0.3051,1,1,0.5,0.3051,
301,T,I,0.8878,0.8878,2,3.5,1,1.098,0.6777
301,T,L,0.1192,0.1192,2,3,1,0.1058,0.1326
301,T,M,0.3092,0.3092,2,5,1,0.4759,0.1424
301,T,N,-0.5205,-0.5205,2,4,1,-0.8767,-0.1643
301,T,P,-1.014,-1.014,2,1,1,-2.115,0.08631
301,T,Q,0.512,0.512,2,3,1,0.9623,0.06161
301,T,R,1.604,1.604,2,1,1,1.525,1.683
301,T,S,0.08183,0.08183,1,4,0.5,0.08183,
301,T,T,0,0,2,,1,0,0
301,T,V,0.4854,0.4854,2,3,1,0.7148,0.256
301,T,W,0.2529,0.2529,2,1.5,1,0.47,0.03578
301,T,Y,-0.06009,-0.06009,2,3,1,-0.2764,0.1563
302,I,A,-0.1263,-0.1263,2,4.5,1,-0.06273,-0.1898
302,I,C,-0.05421,-0.05421,1,3,0.5,,-0.05421
302,I,G,-1.977,-1.977,1,1,0.5,-1.977,
302,I,I,0,0,2,,1,0,0
302,I,L,-0.06425,-0.06425,2,4.5,1,-0.5072,0.3787
302,I,M,-0.3354,-0.3354,2,2.5,1,-0.6364,-0.0344
302,I,Q,0.2716,0.2716,1,1,0.5,0.2716,
302,I,T,0.5083,0.5083,2,2,1,0.9423,0.07431
302,I,V,-0.5824,-0.5824,2,2,1,-1.156,-0.008719
302,I,W,-1.566,-1.566,2,1,1,-1.982,-1.15
302,I,Y,-0.4992,-0.4992,1,1,0.5,-0.4992,
303,G,A,-2.109,-2.109,1,1,0.5,-2.109,
303,G,C,-2.109,-2.109,1,1,0.5,-2.109,
303,G,D,-1.236,-1.236,1,1,0.5,,-1.236
303,G,G,0,0,2,,1,0,0
303,G,H,0.1537,0.1537,1,1,0.5,0.1537,
303,G,P,-2.109,-2.109,1,1,0.5,-2.109,
303,G,S,-2.109,-2.109,1,1,0.5,-2.109,
304,E,A,0.2179,0.2179,2,2,1,0.4389,-0.003202
304,E,C,1.186,1.186,1,1,0.5,1.186,
304,E,D,-0.5331,-0.5331,2,4,1,-0.7689,-0.2972
304,E,E,0,0,2,,1,0,0
304,E,F,0.9182,0.9182,2,4.5,1,0.8464,0.99
304,E,G,-0.0785,-0.0785,2,3,1,0.2798,-0.4368
304,E,H,-0.2114,-0.2114,2,2.5,1,-0.4265,0.003682
304,E,I,0.2166,0.2166,2,2.5,1,0.3905,0.04263
304,E,K,-0.05772,-0.05772,2,8,1,-0.05864,-0.0568
304,E,L,-0.1435,-0.1435,2,1,1,-0.6172,0.3302
304,E,M,0.04879,0.04879,2,3,1,-0.09859,0.1962
304,E,N,-0.8014,-0.8014,2,1,1,-2.046,0.4431
304,E,P,1.192,1.192,1,2,0.5,1.192,
304,E,Q,-0.4545,-0.4545,1,3,0.5,-0.4545,
304,E,R,0.4599,0.4599,2,3,1,0.4785,0.4413
304,E,S,0.1025,0.1025,2,3.5,1,0.3183,-0.1133
304,E,T,-0.1592,-0.1592,2,1.5,1,-0.489,0.1707
304,E,V,0.5408,0.5408,2,3.5,1,0.9106,0.1709
304,E,Y,0.2236,0.2236,2,1.5,1,-0.4877,0.9349
305,C,A,0.07889,0.07889,1,1,0.5,0.07889,
305,C,C,0,0,1,,0.5,0,
305,C,H,-0.5428,-0.5428,1,1,0.5,-0.5428,
306,P,A,0.2939,0.2939,2,1,1,-0.1925,0.7803
306,P,G,0.109,0.109,2,3,1,-0.08495,0.3029
306,P,H,-0.1917,-0.1917,1,1,0.5,-0.1917,
306,P,I,2.979,2.979,1,0.5,0.5,,2.979
306,P,L,0.1001,0.1001,1,1,0.5,,0.1001
306,P,M,0.3837,0.3837,1,2,0.5,,0.3837
306,P,P,0,0,2,,1,0,0
306,P,S,-1.801,-1.801,1,1,0.5,-1.801,
306,P,T,0.9408,0.9408,1,1,0.5,,0.9408
306,P,W,0.1547,0.1547,1,1,0.5,0.1547,
307,K,A,0.3211,0.3211,1,1,0.5,0.3211,
307,K,C,2.602,2.602,1,1,0.5,2.602,
307,K,E,-1.356,-1.356,2,2,1,-2.316,-0.3965
307,K,G,-1.179,-1.179,1,1,0.5,,-1.179
307,K,H,0.2141,0.2141,2,2,1,0.4776,-0.04937
307,K,I,-0.6088,-0.6088,1,1,0.5,,-0.6088
307,K,K,0,0,2,,1,0,0
307,K,Q,0.2773,0.2773,1,1,0.5,0.2773,
307,K,R,-0.007603,-0.007603,2,2.5,1,-0.726,0.7107
307,K,S,-1.992,-1.992,1,1,0.5,-1.992,
307,K,T,-1.483,-1.483,2,1.5,1,-1.971,-0.9941
307,K,V,-0.8722,-0.8722,2,4.5,1,-1.294,-0.4505
308,Y,C,-1.119,-1.119,1,1,0.5,,-1.119
308,Y,F,-0.8255,-0.8255,2,1,1,-0.9162,-0.7347
308,Y,H,0.7084,0.7084,1,1,0.5,,0.7084
308,Y,L,-0.3597,-0.3597,1,1,0.5,,-0.3597
308,Y,M,-0.5049,-0.5049,2,1,1,-1.494,0.4842
308,Y,R,-0.9222,-0.9222,1,1,0.5,-0.9222,
308,Y,W,-0.7549,-0.7549,1,2,0.5,-0.7549,
308,Y,Y,0,0,2,,1,0,0
308,Y,*,-0.6725,-0.6725,1,1,0.5,-0.6725,
309,V,A,-0.07042,-0.07042,2,1,1,-0.4688,0.328
309,V,C,0.4515,0.4515,2,2.5,1,0.4936,0.4095
309,V,G,-1.147,-1.147,1,1,0.5,,-1.147
309,V,I,-0.408,-0.408,2,1.5,1,-0.4213,-0.3948
309,V,K,-0.7004,-0.7004,1,1,0.5,-0.7004,
309,V,L,0.07936,0.07936,2,2,1,0.2826,-0.1238
309,V,M,2.392,2.392,1,1,0.5,2.392,
309,V,N,-0.7699,-0.7699,1,1,0.5,-0.7699,
309,V,T,-0.1387,-0.1387,2,2,1,-0.4599,0.1825
309,V,V,0,0,2,,1,0,0
309,V,Y,-0.9418,-0.9418,1,1,0.5,,-0.9418
310,K,A,0.856,0.856,1,2,0.5,,0.856
310,K,C,0.5449,0.5449,2,3.5,1,0.3667,0.7231
310,K,D,0.4146,0.4146,2,2,1,0.07363,0.7555
310,K,E,0.4746,0.4746,2,1.5,1,-0.05325,1.002
310,K,F,0.4798,0.4798,2,2.5,1,0.1934,0.7663
310,K,G,0.1109,0.1109,2,2,1,-0.5975,0.8193
310,K,H,0.2769,0.2769,2,4,1,0.2884,0.2655
310,K,K,0,0,2,,1,0,0
310,K,M,0.8879,0.8879,1,1,0.5,,0.8879
310,K,N,0.03773,0.03773,2,4.5,1,-0.1447,0.2201
310,K,P,-1.43,-1.43,1,1,0.5,-1.43,
310,K,Q,0.2744,0.2744,2,3.5,1,0.03187,0.517
310,K,R,-0.2003,-0.2003,2,6.5,1,-0.44,0.03941
310,K,S,-0.3099,-0.3099,2,1.5,1,-1.613,0.9937
310,K,T,0.2526,0.2526,2,1,1,-0.3827,0.8879
310,K,V,-0.5357,-0.5357,1,1,0.5,,-0.5357
311,S,A,-0.1298,-0.1298,2,3.5,1,-0.1786,-0.0809
311,S,C,0.2061,0.2061,2,1.5,1,0.2603,0.152
311,S,D,-1.389,-1.389,1,2,0.5,,-1.389
311,S,G,-0.9004,-0.9004,2,3.5,1,-1.71,-0.09055
311,S,I,-0.1181,-0.1181,2,2.5,1,-0.191,-0.04515
311,S,K,-1.951,-1.951,1,1,0.5,-1.951,
311,S,L,0.5078,0.5078,2,1.5,1,1.295,-0.2791
311,S,M,-0.4354,-0.4354,1,2,0.5,,-0.4354
311,S,N,0.06177,0.06177,2,2.5,1,0.4086,-0.285
311,S,P,-0.4887,-0.4887,1,1,0.5,,-0.4887
311,S,Q,-1.951,-1.951,1,1,0.5,-1.951,
311,S,S,0,0,2,,1,0,0
311,S,T,0.2965,0.2965,2,3,1,0.3123,0.2807
311,S,V,0.5462,0.5462,2,1.5,1,0.8426,0.2498
312,N,A,-0.08101,-0.08101,2,3,1,0.03765,-0.1997
312,N,C,-0.06633,-0.06633,2,3,1,-0.1871,0.05439
312,N,D,0.08627,0.08627,2,4,1,0.04103,0.1315
312,N,E,0.4086,0.4086,2,4,1,0.7159,0.1013
312,N,F,0.1923,0.1923,2,2.5,1,0.2996,0.08491
312,N,G,-0.3284,-0.3284,1,3,0.5,-0.3284,
312,N,H,-0.02818,-0.02818,2,4,1,-0.103,0.04666
312,N,I,0.08797,0.08797,2,2.5,1,0.2479,-0.07192
312,N,K,-0.3591,-0.3591,1,5,0.5,-0.3591,
312,N,L,-0.05715,-0.05715,2,4.5,1,-0.1699,0.0556
312,N,M,0.03954,0.03954,2,2.5,1,0.1599,-0.08085
312,N,N,0,0,2,,1,0,0
312,N,P,0.1337,0.1337,2,3.5,1,0.2024,0.06502
312,N,Q,-0.002541,-0.002541,1,1,0.5,,-0.002541
312,N,R,0.3939,0.3939,2,3,1,0.75,0.03774
312,N,S,0.1645,0.1645,2,2,1,0.3321,-0.003182
312,N,T,-0.7319,-0.7319,2,3,1,-1.409,-0.05481
312,N,V,0.04765,0.04765,2,2.5,1,0.1365,-0.04119
312,N,W,-0.05116,-0.05116,1,2,0.5,-0.05116,
312,N,Y,0.1965,0.1965,2,1.5,1,0.3113,0.08159
313,K,A,-0.02288,-0.02288,2,4,1,-0.08597,0.0402
313,K,C,0.4294,0.4294,2,2,1,0.7403,0.1184
313,K,D,-0.8137,-0.8137,1,2,0.5,-0.8137,
313,K,E,0.3252,0.3252,2,1.5,1,1.018,-0.3681
313,K,F,-0.3814,-0.3814,2,3,1,-0.8608,0.09802
313,K,G,-0.1841,-0.1841,2,3,1,-0.3426,-0.0257
313,K,H,0.005583,0.005583,1,1,0.5,0.005583,
313,K,I,-0.9999,-0.9999,2,1.5,1,-2.129,0.1296
313,K,K,0,0,2,,1,0,0
313,K,L,-0.9956,-0.9956,2,1.5,1,-2.393,0.4014
313,K,M,-0.2765,-0.2765,2,2,1,-0.1181,-0.4349
313,K,N,-0.06805,-0.06805,2,3,1,-0.09995,-0.03615
313,K,Q,-0.04827,-0.04827,2,2,1,-0.08544,-0.0111
313,K,R,0.2408,0.2408,2,3.5,1,0.6749,-0.1933
313,K,S,-0.00344,-0.00344,1,2,0.5,,-0.00344
313,K,T,-0.2649,-0.2649,1,1,0.5,,-0.2649
313,K,V,0.03157,0.03157,2,2.5,1,0.06157,0.001575
313,K,W,0.2748,0.2748,2,2.5,1,0.3046,0.2449
313,K,Y,-0.2899,-0.2899,2,2.5,1,-0.4594,-0.1204
314,L,G,0.3197,0.3197,2,1,1,-0.1434,0.7828
314,L,H,-0.9027,-0.9027,1,1,0.5,-0.9027,
314,L,I,0.4642,0.4642,2,2.5,1,0.8355,0.09298
314,L,L,0,0,2,,1,0,0
314,L,M,-0.7371,-0.7371,1,1,0.5,-0.7371,
314,L,Q,-1.831,-1.831,1,1,0.5,-1.831,
315,V,A,-0.1576,-0.1576,2,2.5,1,-0.4361,0.1209
315,V,C,-0.2797,-0.2797,2,4,1,-0.655,0.09559
315,V,F,-0.0935,-0.0935,2,2.5,1,0.03422,-0.2212
315,V,G,0.8795,0.8795,1,1,0.5,,0.8795
315,V,H,-0.0925,-0.0925,1,2,0.5,,-0.0925
315,V,I,-0.4689,-0.4689,2,5.5,1,-0.8194,-0.1184
315,V,K,0.1704,0.1704,2,4,1,0.3821,-0.04125
315,V,L,-0.04851,-0.04851,2,3.5,1,-0.1962,0.0992
315,V,M,-0.2684,-0.2684,2,3.5,1,-0.4599,-0.07696
315,V,N,0.3717,0.3717,2,4,1,-0.05086,0.7943
315,V,P,-0.7341,-0.7341,1,1,0.5,-0.7341,
315,V,Q,0.279,0.279,2,3,1,0.6733,-0.1152
315,V,R,0.1876,0.1876,2,4.5,1,-0.1008,0.476
315,V,S,-2.242,-2.242,1,2,0.5,-2.242,
315,V,T,0.9694,0.9694,2,1,1,1.114,0.8248
315,V,V,0,0,2,,1,0,0
315,V,W,-0.1417,-0.1417,1,5,0.5,,-0.1417
315,V,Y,-0.06065,-0.06065,2,3,1,-0.435,0.3137
316,L,C,-0.2923,-0.2923,1,4,0.5,,-0.2923
316,L,F,-0.145,-0.145,1,2,0.5,,-0.145
316,L,I,-0.05695,-0.05695,1,3,0.5,-0.05695,
316,L,L,0,0,2,,1,0,0
316,L,M,-0.2061,-0.2061,2,3,1,0.06179,-0.4741
316,L,N,-1.767,-1.767,1,1,0.5,-1.767,
316,L,V,-0.1769,-0.1769,2,2.5,1,-0.3225,-0.03142
317,A,A,0,0,2,,1,0,0
317,A,C,-0.232,-0.232,1,3,0.5,-0.232,
317,A,E,0.365,0.365,1,1,0.5,,0.365
317,A,G,-0.2843,-0.2843,2,3,1,-0.329,-0.2395
317,A,I,0.1762,0.1762,2,1.5,1,0.1253,0.2272
317,A,L,-0.08011,-0.08011,2,1,1,-0.7885,0.6282
317,A,M,0.7056,0.7056,1,1,0.5,0.7056,
317,A,S,0.07181,0.07181,2,1.5,1,0.6974,-0.5538
317,A,T,-0.7618,-0.7618,2,2,1,-1.899,0.3757
317,A,V,-0.1128,-0.1128,2,4.5,1,-0.1473,-0.07827
318,T,A,-0.5079,-0.5079,2,1.5,1,-0.6408,-0.3749
318,T,C,-0.2971,-0.2971,1,1,0.5,,-0.2971
318,T,E,-0.56,-0.56,2,2,1,-0.6528,-0.4672
318,T,H,-1.167,-1.167,2,2,1,-2.38,0.0461
318,T,I,-0.2118,-0.2118,2,2.5,1,-0.3614,-0.06227
318,T,K,-0.1926,-0.1926,1,5,0.5,,-0.1926
318,T,L,0.1825,0.1825,2,1.5,1,-0.000759,0.3658
318,T,M,-0.003649,-0.003649,2,2.5,1,0.06064,-0.06794
318,T,Q,-0.1001,-0.1001,2,2.5,1,-0.188,-0.01231
318,T,R,-0.5543,-0.5543,2,2,1,-0.8548,-0.2539
318,T,S,-2.03,-2.03,1,1,0.5,-2.03,
318,T,T,0,0,2,,1,0,0
318,T,V,0.1471,0.1471,2,4.5,1,0.4413,-0.147
318,T,W,-0.6012,-0.6012,2,4,1,-0.7456,-0.4568
319,G,C,1.295,1.295,1,1,0.5,1.295,
319,G,G,0,0,2,,1,0,0
319,G,N,-1.451,-1.451,2,1,1,-2.032,-0.8708
319,G,S,0.1024,0.1024,1,1,0.5,,0.1024
319,G,V,-1.13,-1.13,1,1,0.5,-1.13,
319,G,W,-1.31,-1.31,1,1,0.5,,-1.31
320,L,C,0.1699,0.1699,2,2,1,0.3125,0.02738
320,L,F,-1.938,-1.938,1,1,0.5,-1.938,
320,L,G,-0.8296,-0.8296,1,1,0.5,,-0.8296
320,L,I,-0.5228,-0.5228,2,2.5,1,-0.8494,-0.1962
320,L,L,0,0,2,,1,0,0
320,L,M,0.2547,0.2547,2,5.5,1,0.6859,-0.1765
320,L,N,0.03935,0.03935,1,1,0.5,0.03935,
320,L,P,-0.779,-0.779,1,1,0.5,,-0.779
320,L,R,0.06066,0.06066,1,1,0.5,0.06066,
320,L,S,-2.032,-2.032,1,1,0.5,-2.032,
320,L,T,-0.6309,-0.6309,1,1,0.5,,-0.6309
320,L,V,-0.4857,-0.4857,1,4,0.5,-0.4857,
321,R,A,-0.1221,-0.1221,2,1,1,-1.344,1.1
321,R,D,-1.676,-1.676,1,1,0.5,-1.676,
321,R,E,-0.7789,-0.7789,1,1,0.5,,-0.7789
321,R,F,-0.9139,-0.9139,1,1,0.5,,-0.9139
321,R,G,-0.04233,-0.04233,2,1.5,1,-0.0481,-0.03655
321,R,H,-0.2533,-0.2533,1,1,0.5,,-0.2533
321,R,I,-0.4557,-0.4557,1,2,0.5,,-0.4557
321,R,K,-0.1068,-0.1068,2,7,1,-0.5117,0.2981
321,R,L,-1.857,-1.857,1,2,0.5,-1.857,
321,R,N,2.226,2.226,1,0.5,0.5,,2.226
321,R,P,-0.0325,-0.0325,2,2.5,1,0.2912,-0.3562
321,R,Q,-0.03611,-0.03611,2,1,1,-0.06593,-0.006289
321,R,R,0,0,2,,1,0,0
321,R,T,-0.03208,-0.03208,2,2.75,1,-0.1651,0.1009
321,R,V,-3.307,-3.307,1,2,0.5,,-3.307
321,R,W,0.1401,0.1401,1,1,0.5,0.1401,
322,N,A,-0.6202,-0.6202,2,1,1,-0.9615,-0.279
322,N,C,-0.5873,-0.5873,2,2.5,1,-1.037,-0.1374
322,N,G,-0.1131,-0.1131,2,3.5,1,0.05349,-0.2796
322,N,I,-0.3771,-0.3771,2,1,1,-0.7566,0.002332
322,N,K,0.1736,0.1736,1,2,0.5,,0.1736
322,N,L,-0.1337,-0.1337,1,1,0.5,-0.1337,
322,N,M,-2.145,-2.145,1,1,0.5,-2.145,
322,N,N,0,0,2,,1,0,0
322,N,P,-0.8338,-0.8338,1,1,0.5,,-0.8338
322,N,R,0.8603,0.8603,1,1,0.5,,0.8603
322,N,S,-1.117,-1.117,2,3,1,-2.396,0.162
322,N,T,-2.95,-2.95,1,1,0.5,-2.95,
322,N,V,0.1575,0.1575,2,1.5,1,0.6419,-0.327
323,S,A,-0.09458,-0.09458,2,4.5,1,-0.1319,-0.05722
323,S,C,0.6422,0.6422,2,3,1,1.149,0.1359
323,S,D,0.6499,0.6499,2,1.5,1,0.4218,0.8781
323,S,E,1.2,1.2,1,2,0.5,1.2,
323,S,F,0.1072,0.1072,1,3,0.5,0.1072,
323,S,G,-0.1175,-0.1175,2,3.5,1,-0.03184,-0.2032
323,S,H,-0.1086,-0.1086,2,4.5,1,-0.1279,-0.08932
323,S,I,0.6199,0.6199,2,2,1,0.4746,0.7652
323,S,K,0.1626,0.1626,2,2.5,1,0.3224,0.002726
323,S,L,-0.02236,-0.02236,2,3.5,1,-0.1713,0.1265
323,S,M,-0.004299,-0.004299,2,1.5,1,0.177,-0.1856
323,S,N,0.0763,0.0763,2,2.5,1,0.128,0.02461
323,S,P,-0.3546,-0.3546,2,4.5,1,-0.6118,-0.09736
323,S,Q,0.4571,0.4571,2,4,1,0.9631,-0.04895
323,S,R,0.3713,0.3713,1,4,0.5,0.3713,
323,S,S,0,0,2,,1,0,0
323,S,T,0.02473,0.02473,2,1,1,0.278,-0.2286
323,S,V,0.1394,0.1394,2,3,1,0.1275,0.1513
323,S,W,0.2275,0.2275,2,2.5,1,0.3763,0.07878
323,S,Y,-0.1374,-0.1374,2,4.5,1,-0.06667,-0.2081
324,P,A,0.04828,0.04828,2,2.5,1,-0.1508,0.2473
324,P,C,-0.8627,-0.8627,2,2,1,-0.8422,-0.8831
324,P,D,2.184,2.184,1,1.5,0.5,,2.184
324,P,E,-0.3965,-0.3965,2,4,1,-0.6189,-0.1741
324,P,F,0.4867,0.4867,1,1,0.5,0.4867,
324,P,G,-0.3883,-0.3883,2,1.5,1,-0.7551,-0.02151
324,P,H,0.2393,0.2393,2,2,1,0.5894,-0.1109
324,P,I,0.7075,0.7075,2,2,1,0.7689,0.646
324,P,K,0.05115,0.05115,1,6,0.5,,0.05115
324,P,L,-0.1533,-0.1533,2,1,1,-0.3966,0.08997
324,P,M,-0.363,-0.363,2,1.5,1,-0.6034,-0.1227
324,P,N,0.06199,0.06199,2,2,1,0.1834,-0.05945
324,P,P,0,0,2,,1,0,0
324,P,Q,0.6665,0.6665,2,3,1,1.246,0.08721
324,P,R,-0.1701,-0.1701,2,2,1,-0.09591,-0.2444
324,P,S,0.5575,0.5575,2,2,1,1.136,-0.02055
324,P,T,-0.3376,-0.3376,2,4.5,1,-0.5503,-0.1248
324,P,V,0.2617,0.2617,2,3.5,1,0.5253,-0.001806
324,P,W,0.09061,0.09061,2,3.5,1,-0.1944,0.3756
324,P,Y,-0.07291,-0.07291,1,3,0.5,,-0.07291
325,L,A,0.3531,0.3531,2,4,1,0.951,-0.2448
325,L,C,0.5495,0.5495,2,2.5,1,0.4436,0.6555
325,L,D,0.116,0.116,2,2.5,1,-0.3656,0.5976
325,L,E,0.004544,0.004544,2,4.5,1,0.01477,-0.005685
325,L,F,-0.04601,-0.04601,1,5,0.5,,-0.04601
325,L,G,0.1724,0.1724,2,2,1,0.07922,0.2655
325,L,H,-0.2491,-0.2491,2,3,1,-0.5899,0.09162
325,L,I,-0.7353,-0.7353,2,2.5,1,-1.53,0.05915
325,L,K,-0.2474,-0.2474,2,3,1,-0.4318,-0.06297
325,L,L,0,0,2,,1,0,0
325,L,M,-0.05946,-0.05946,2,3.5,1,0.1369,-0.2558
325,L,N,-0.03449,-0.03449,2,3,1,0.1956,-0.2646
325,L,P,0.3669,0.3669,1,4,0.5,0.3669,
325,L,Q,0.2221,0.2221,2,3,1,-0.05564,0.4999
325,L,R,0.09819,0.09819,2,3.5,1,0.2814,-0.085
325,L,S,0.3176,0.3176,2,1.5,1,0.5782,0.05695
325,L,T,0.6882,0.6882,1,2,0.5,0.6882,
325,L,V,-0.4997,-0.4997,2,2.5,1,-0.7155,-0.2838
325,L,W,0.04905,0.04905,2,4.5,1,0.1849,-0.08678
325,L,Y,0.01969,0.01969,1,3,0.5,,0.01969
326,R,A,-0.3834,-0.3834,2,3.5,1,-0.3123,-0.4545
326,R,C,-0.08277,-0.08277,2,7,1,-0.3027,0.1372
326,R,D,0.58,0.58,2,1,1,1.203,-0.04265
326,R,E,0.04607,0.04607,1,4,0.5,,0.04607
326,R,F,-0.1819,-0.1819,2,4,1,-0.2926,-0.07125
326,R,G,1.177,1.177,2,1.5,1,2.488,-0.1342
326,R,H,-0.0862,-0.0862,2,2.5,1,0.06944,-0.2418
326,R,I,-0.4587,-0.4587,2,1.5,1,-0.9108,-0.006711
326,R,K,0.165,0.165,2,3,1,0.191,0.1389
326,R,L,0.06325,0.06325,2,5.5,1,0.2268,-0.1003
326,R,M,-0.4579,-0.4579,2,2.5,1,-0.9161,0.0002181
326,R,N,0.4504,0.4504,2,1.5,1,0.0208,0.8801
326,R,P,-0.09682,-0.09682,1,3,0.5,,-0.09682
326,R,Q,0.2523,0.2523,2,3,1,0.3124,0.1923
326,R,R,0,0,2,,1,0,0
326,R,S,0.08464,0.08464,2,6,1,-0.0779,0.2472
326,R,T,0.5841,0.5841,2,1.5,1,0.9524,0.2159
326,R,V,0.2983,0.2983,2,2,1,0.5559,0.04073
326,R,W,0.2968,0.2968,2,2.75,1,0.6037,-0.01011
326,R,Y,0.3532,0.3532,2,2,1,0.846,-0.1396
327,E,A,-0.3584,-0.3584,2,4.5,1,-0.7348,0.01812
327,E,C,-0.954,-0.954,2,3.5,1,-2.095,0.1868
327,E,D,0.1022,0.1022,2,3.5,1,0.001676,0.2027
327,E,E,0,0,2,,1,0,0
327,E,F,0.2348,0.2348,2,3.5,1,0.422,0.04761
327,E,G,-0.1965,-0.1965,2,2.5,1,-0.2299,-0.1631
327,E,H,0.0801,0.0801,2,5,1,0.1491,0.01112
327,E,I,-0.4022,-0.4022,2,3.5,1,-0.9379,0.1335
327,E,K,-0.4595,-0.4595,2,6,1,-0.7935,-0.1255
327,E,L,-0.7091,-0.7091,2,2,1,-1.291,-0.1268
327,E,M,0.02187,0.02187,1,1,0.5,,0.02187
327,E,N,0.05124,0.05124,2,1.5,1,0.1409,-0.03837
327,E,P,-0.4308,-0.4308,2,1.5,1,-0.7018,-0.1599
327,E,Q,-0.03449,-0.03449,2,3,1,0.2315,-0.3005
327,E,R,-0.1236,-0.1236,2,2.5,1,-0.3145,0.06735
327,E,S,-0.4775,-0.4775,2,2,1,-0.8455,-0.1095
327,E,T,0.07497,0.07497,2,1.5,1,0.3144,-0.1644
327,E,V,-0.07163,-0.07163,2,3.5,1,-0.3867,0.2434
327,E,W,-0.5749,-0.5749,2,2.5,1,-0.9043,-0.2455
327,E,Y,-0.222,-0.222,2,3.5,1,-0.4748,0.03079
328,K,A,0.1085,0.1085,2,2.5,1,0.2537,-0.03661
328,K,C,-1.018,-1.018,2,3,1,-1.74,-0.2964
328,K,E,-0.2447,-0.2447,2,2,1,1.187,-1.677
328,K,F,0.04751,0.04751,2,5,1,0.1415,-0.04643
328,K,G,-0.3365,-0.3365,2,3,1,-0.2474,-0.4256
328,K,H,0.006659,0.006659,2,5.5,1,-0.2828,0.2962
328,K,I,-0.042,-0.042,2,3,1,-0.02489,-0.05911
328,K,K,0,0,2,,1,0,0
328,K,L,0.05972,0.05972,1,3,0.5,,0.05972
328,K,M,-0.3974,-0.3974,1,3,0.5,,-0.3974
328,K,N,-0.1917,-0.1917,2,3,1,-0.4895,0.1061
328,K,P,-0.2069,-0.2069,1,1,0.5,-0.2069,
328,K,Q,0.2349,0.2349,2,1.5,1,0.8243,-0.3546
328,K,R,0.1547,0.1547,2,4.5,1,0.2312,0.07813
328,K,S,-0.4474,-0.4474,2,2,1,-0.8238,-0.07107
328,K,T,-0.3154,-0.3154,2,1,1,-0.2727,-0.358
328,K,V,-0.1347,-0.1347,2,5,1,-0.06895,-0.2004
328,K,W,0.03838,0.03838,2,4.5,1,0.222,-0.1452
328,K,Y,-0.02783,-0.02783,1,1,0.5,,-0.02783
328a,R,E,-2.312,-2.312,1,2,0.5,-2.312,
328a,R,I,-0.4046,-0.4046,1,1,0.5,,-0.4046
328a,R,L,-1.813,-1.813,2,1.5,1,-2.436,-1.19
328a,R,P,-0.613,-0.613,1,1,0.5,,-0.613
328a,R,Q,1.241,1.241,1,2,0.5,1.241,
328a,R,R,0,0,2,,1,0,0
328a,R,T,-0.816,-0.816,1,1,0.5,-0.816,
328a,R,W,-1.555,-1.555,2,1,1,-2.063,-1.047
328b,R,A,-0.2781,-0.2781,2,3,1,-0.311,-0.2453
328b,R,C,-0.4189,-0.4189,2,3.5,1,-0.3002,-0.5375
328b,R,E,0.5471,0.5471,2,1.5,1,-0.009199,1.103
328b,R,F,-0.2912,-0.2912,2,1.5,1,-0.4531,-0.1293
328b,R,G,0.02731,0.02731,2,3,1,0.03635,0.01827
328b,R,H,0.1729,0.1729,2,1,1,0.01735,0.3284
328b,R,I,-0.2981,-0.2981,2,3,1,-0.3087,-0.2876
328b,R,K,-0.5123,-0.5123,2,4.5,1,-0.915,-0.1096
328b,R,L,0.3061,0.3061,2,2.5,1,0.6712,-0.05902
328b,R,M,-0.07427,-0.07427,2,5,1,-0.09509,-0.05346
328b,R,N,0.02767,0.02767,2,1.5,1,0.1579,-0.1025
328b,R,P,-1.713,-1.713,2,2.5,1,-3.503,0.07712
328b,R,Q,-0.5106,-0.5106,1,2,0.5,-0.5106,
328b,R,R,0,0,2,,1,0,0
328b,R,S,0.3709,0.3709,2,2,1,0.8575,-0.1158
328b,R,T,0.4319,0.4319,2,4.5,1,0.8569,0.006965
328b,R,V,-1.771,-1.771,1,2,0.5,-1.771,
328b,R,W,0.4318,0.4318,1,6,0.5,0.4318,
328b,R,Y,0.1139,0.1139,2,2,1,0.3037,-0.07592
328c,K,A,0.1074,0.1074,2,1.5,1,-0.2287,0.4435
328c,K,G,-2.068,-2.068,1,1,0.5,-2.068,
328c,K,I,-1.278,-1.278,2,1.5,1,-2.103,-0.4519
328c,K,K,0,0,2,,1,0,0
328c,K,L,-2.103,-2.103,1,1,0.5,-2.103,
328c,K,N,0.08767,0.08767,2,1.5,1,0.3753,-0.1999
328c,K,P,0.3834,0.3834,2,1,1,1.933,-1.166
328c,K,Q,-2.103,-2.103,1,1,0.5,-2.103,
328c,K,R,-0.3133,-0.3133,2,3,1,-0.5871,-0.0395
328c,K,S,-2.082,-2.082,1,1,0.5,-2.082,
328c,K,T,-1.071,-1.071,2,1,1,-1.934,-0.2076
328c,K,V,-0.74,-0.74,2,2.5,1,-1.772,0.2922
328c,K,Y,-0.0841,-0.0841,1,1,0.5,,-0.0841
329,R,C,-0.04063,-0.04063,1,1,0.5,-0.04063,
329,R,E,-0.3864,-0.3864,1,1,0.5,,-0.3864
329,R,H,-2.106,-2.106,1,1,0.5,-2.106,
329,R,I,-0.4851,-0.4851,1,1,0.5,,-0.4851
329,R,R,0,0,2,,1,0,0
329,R,S,-2.094,-2.094,1,1,0.5,-2.094,
329,R,T,-1.881,-1.881,1,1,0.5,-1.881,
329,R,W,-0.5686,-0.5686,1,1,0.5,,-0.5686
329,R,Y,-2.399,-2.399,1,2,0.5,-2.399,
330,G,A,0.6915,0.6915,1,5,0.5,,0.6915
330,G,D,2.683,2.683,1,1,0.5,2.683,
330,G,F,0.7445,0.7445,2,3,1,0.8146,0.6745
330,G,G,0,0,2,,1,0,0
330,G,H,0.3862,0.3862,2,1,1,-0.09756,0.8699
330,G,K,-1.928,-1.928,1,1,0.5,-1.928,
330,G,M,0.3382,0.3382,1,2,0.5,,0.3382
330,G,N,-0.1979,-0.1979,2,2,1,-0.6933,0.2975
330,G,Q,-0.1094,-0.1094,2,1,1,0.3103,-0.5292
330,G,R,-1.513,-1.513,1,1,0.5,-1.513,
330,G,S,1.059,1.059,2,1,1,1.046,1.072
330,G,T,0.3103,0.3103,1,1,0.5,0.3103,
330,G,W,0.3467,0.3467,2,2.5,1,0.1059,0.5875
330,G,Y,0.5767,0.5767,2,1.5,1,0.3103,0.8431
331,L,A,0.1497,0.1497,1,2,0.5,,0.1497
331,L,C,-1.565,-1.565,1,2,0.5,-1.565,
331,L,E,-0.1205,-0.1205,1,1,0.5,,-0.1205
331,L,F,0.1583,0.1583,2,1,1,0.4263,-0.1097
331,L,G,1.768,1.768,2,1,1,2.659,0.8764
331,L,I,0.7303,0.7303,2,1.5,1,0.4116,1.049
331,L,L,0,0,2,,1,0,0
331,L,M,-0.1026,-0.1026,2,4,1,-0.1887,-0.01659
331,L,N,-0.003824,-0.003824,1,2,0.5,-0.003824,
331,L,P,-2.019,-2.019,1,1,0.5,-2.019,
331,L,Q,-2.352,-2.352,1,2,0.5,-2.352,
331,L,R,-0.6619,-0.6619,1,1,0.5,-0.6619,
331,L,T,1.503,1.503,1,1,0.5,,1.503
331,L,V,1.236,1.236,2,4.5,1,1.347,1.125
331,L,W,-2.046,-2.046,1,4,0.5,-2.046,
331,L,Y,-1.324,-1.324,2,1.5,1,-1.517,-1.132
332,F,A,-0.0606,-0.0606,2,4,1,-0.1268,0.005638
332,F,E,-0.8397,-0.8397,1,1,0.5,-0.8397,
332,F,F,0,0,2,,1,0,0
332,F,G,-0.5262,-0.5262,1,1,0.5,,-0.5262
332,F,H,-2.008,-2.008,1,1,0.5,-2.008,
332,F,I,-0.001319,-0.001319,2,1.5,1,-1.026,1.023
332,F,L,0.9091,0.9091,2,5.5,1,0.9425,0.8756
332,F,M,0.3384,0.3384,2,2.5,1,0.5324,0.1444
332,F,N,-2.008,-2.008,1,1,0.5,-2.008,
332,F,P,-2.008,-2.008,1,1,0.5,-2.008,
332,F,Q,-0.9418,-0.9418,1,1,0.5,-0.9418,
332,F,V,0.3976,0.3976,2,2.5,1,0.2794,0.5157
332,F,W,-0.285,-0.285,1,1.5,0.5,,-0.285
332,F,Y,1.63,1.63,1,1,0.5,1.63,
333,G,A,0.452,0.452,2,3,1,0.5686,0.3354
333,G,D,2.008,2.008,1,1,0.5,2.008,
333,G,F,0.3734,0.3734,2,3.5,1,0.3113,0.4355
333,G,G,0,0,2,,1,0,0
333,G,H,0.8655,0.8655,2,2.5,1,0.8463,0.8847
333,G,I,0.7642,0.7642,1,1,0.5,0.7642,
333,G,K,0.4817,0.4817,2,2.25,1,0.7792,0.1842
333,G,L,0.932,0.932,2,2.5,1,1.326,0.5381
333,G,M,0.8598,0.8598,2,4,1,0.6762,1.043
333,G,N,-0.1151,-0.1151,1,1,0.5,,-0.1151
333,G,P,-1.08,-1.08,1,2,0.5,,-1.08
333,G,Q,0.6828,0.6828,2,2.5,1,0.8169,0.5488
333,G,R,0.565,0.565,2,2.5,1,0.5706,0.5594
333,G,S,0.415,0.415,2,4,1,0.4181,0.4119
333,G,T,0.6144,0.6144,2,1,1,0.5178,0.7111
333,G,V,0.7777,0.7777,2,2.5,1,0.5921,0.9634
333,G,W,0.2827,0.2827,2,2,1,0.1267,0.4387
333,G,Y,0.2569,0.2569,2,2,1,0.2604,0.2534
334,A,A,0,0,2,,1,0,0
334,A,C,-0.7004,-0.7004,2,2.5,1,-0.8693,-0.5314
334,A,F,0.2705,0.2705,1,1,0.5,,0.2705
334,A,G,-0.5264,-0.5264,2,1.5,1,-1.995,0.942
334,A,I,0.2916,0.2916,2,2.5,1,0.4818,0.1014
334,A,L,0.3538,0.3538,2,2,1,-0.1596,0.8671
334,A,M,0.3276,0.3276,2,5,1,-0.1493,0.8045
334,A,S,-0.2288,-0.2288,2,3.5,1,-0.1667,-0.2909
334,A,T,-0.3575,-0.3575,2,3.25,1,0.1493,-0.8642
334,A,V,-0.6592,-0.6592,1,8,0.5,-0.6592,
334,A,W,-1.973,-1.973,1,1,0.5,-1.973,
334,A,Y,-0.3197,-0.3197,1,1,0.5,,-0.3197
335,I,A,0.8215,0.8215,2,1.5,1,2.308,-0.665
335,I,C,-2.127,-2.127,1,1,0.5,-2.127,
335,I,D,-0.1369,-0.1369,1,1,0.5,,-0.1369
335,I,G,-1.621,-1.621,1,2,0.5,-1.621,
335,I,H,0.04494,0.04494,1,1,0.5,,0.04494
335,I,I,0,0,2,,1,0,0
335,I,L,0.3,0.3,2,3.5,1,-0.3273,0.9274
335,I,M,0.4921,0.4921,2,3.5,1,0.5448,0.4395
335,I,N,2.683,2.683,1,1,0.5,2.683,
335,I,R,-0.6959,-0.6959,1,1,0.5,-0.6959,
335,I,S,0.0008484,0.0008484,2,1,1,1.138,-1.136
335,I,T,-1.972,-1.972,1,1,0.5,-1.972,
335,I,V,-0.2648,-0.2648,2,2.5,1,-0.34,-0.1896
335,I,W,-1.448,-1.448,1,3,0.5,-1.448,
335,I,Y,0.3813,0.3813,1,2,0.5,0.3813,
336,A,A,0,0,2,,1,0,0
336,A,C,-1,-1,1,2,0.5,-1,
336,A,D,0.01483,0.01483,1,2,0.5,0.01483,
336,A,E,1.838,1.838,2,1,1,3.969,-0.294
336,A,F,1.481,1.481,1,2,0.5,1.481,
336,A,G,0.4974,0.4974,2,2,1,0.9023,0.09247
336,A,H,-2.045,-2.045,1,1,0.5,-2.045,
336,A,I,0.6405,0.6405,1,1,0.5,0.6405,
336,A,L,-1.749,-1.749,1,2,0.5,-1.749,
336,A,M,-0.4447,-0.4447,2,2,1,-0.4212,-0.4682
336,A,P,3.01,3.01,1,0.5,0.5,,3.01
336,A,S,0.7018,0.7018,2,4.5,1,1.407,-0.003702
336,A,T,-0.4121,-0.4121,2,5,1,0.1721,-0.9962
336,A,V,0.2696,0.2696,2,4.5,1,0.177,0.3623
336,A,W,0.3648,0.3648,2,3,1,0.3284,0.4012
336,A,Y,0.7697,0.7697,2,1,1,0.5666,0.9727
337,G,C,-1.981,-1.981,1,1,0.5,-1.981,
337,G,G,0,0,2,,1,0,0
337,G,K,-0.9284,-0.9284,1,1,0.5,-0.9284,
337,G,V,0.4713,0.4713,2,0.75,1,-1.861,2.804
338,F,A,1.699,1.699,1,1,0.5,1.699,
338,F,F,0,0,2,,1,0,0
338,F,G,1.654,1.654,2,0.75,1,0.3117,2.996
338,F,H,2.996,2.996,1,0.5,0.5,,2.996
338,F,I,-0.5941,-0.5941,2,2,1,-0.1351,-1.053
338,F,K,-1.502,-1.502,1,1,0.5,-1.502,
338,F,L,-0.02446,-0.02446,2,1.5,1,-0.04697,-0.00195
338,F,M,0.5426,0.5426,1,2,0.5,0.5426,
338,F,V,-0.3047,-0.3047,1,2,0.5,,-0.3047
338,F,W,0.09815,0.09815,2,3.5,1,0.3565,-0.1602
338,F,Y,0.5841,0.5841,2,2.5,1,0.2555,0.9128
339,I,A,-1.216,-1.216,1,2,0.5,-1.216,
339,I,C,-0.6414,-0.6414,2,1.5,1,-0.1949,-1.088
339,I,D,-1.983,-1.983,1,1,0.5,-1.983,
339,I,E,2.069,2.069,1,2,0.5,2.069,
339,I,F,-0.5896,-0.5896,2,1,1,-1.983,0.8036
339,I,I,0,0,2,,1,0,0
339,I,L,-0.6124,-0.6124,2,1.5,1,-1.349,0.1243
339,I,M,-0.09277,-0.09277,2,1,1,-0.2271,0.04158
339,I,P,0.2663,0.2663,1,1,0.5,0.2663,
339,I,R,1.646,1.646,1,0.5,0.5,,1.646
339,I,V,0.01407,0.01407,1,3,0.5,,0.01407
339,I,W,-1.041,-1.041,1,2,0.5,-1.041,
340,E,A,-1.099,-1.099,1,1,0.5,,-1.099
340,E,C,-0.1275,-0.1275,1,1,0.5,-0.1275,
340,E,D,1.225,1.225,1,3,0.5,1.225,
340,E,E,0,0,2,,1,0,0
340,E,F,-0.1413,-0.1413,2,2,1,0.5839,-0.8664
340,E,G,0.2384,0.2384,2,3,1,0.4032,0.07359
340,E,H,2.755,2.755,1,1,0.5,2.755,
340,E,I,0.9191,0.9191,2,2,1,1.007,0.8311
340,E,K,-1.189,-1.189,1,1,0.5,,-1.189
340,E,L,1.007,1.007,2,1,1,1.814,0.1989
340,E,M,0.9152,0.9152,2,3.5,1,1.309,0.5217
340,E,N,-0.4436,-0.4436,1,2,0.5,-0.4436,
340,E,Q,-1.094,-1.094,2,2.5,1,-2.297,0.1102
340,E,R,-1.09,-1.09,1,2,0.5,,-1.09
340,E,S,0.3344,0.3344,2,1.5,1,0.02453,0.6444
340,E,T,-0.6135,-0.6135,1,1,0.5,,-0.6135
340,E,V,-0.08391,-0.08391,2,1,1,-0.23,0.06222
340,E,W,0.2057,0.2057,2,2.5,1,-0.001993,0.4134
340,E,Y,0.6504,0.6504,1,1,0.5,0.6504,
341,G,A,-0.7125,-0.7125,2,1.5,1,-0.7601,-0.6648
341,G,C,0.7576,0.7576,1,1,0.5,,0.7576
341,G,D,-0.4914,-0.4914,2,2,1,-0.729,-0.2538
341,G,E,-0.3278,-0.3278,2,1.5,1,0.1417,-0.7972
341,G,F,0.5616,0.5616,1,1,0.5,0.5616,
341,G,G,0,0,2,,1,0,0
341,G,H,0.2372,0.2372,2,1.5,1,0.02755,0.4469
341,G,I,0.386,0.386,1,2,0.5,0.386,
341,G,K,0.2962,0.2962,2,4,1,0.4418,0.1506
341,G,L,0.5708,0.5708,2,1.5,1,0.2676,0.874
341,G,M,0.006095,0.006095,2,2,1,0.394,-0.3818
341,G,P,-0.9709,-0.9709,1,2,0.5,,-0.9709
341,G,Q,-0.3647,-0.3647,2,2,1,-0.4839,-0.2456
341,G,R,0.001666,0.001666,2,2.5,1,-0.08489,0.08822
341,G,S,-0.2468,-0.2468,2,4,1,-0.07418,-0.4194
341,G,T,-0.4009,-0.4009,2,2,1,-0.4425,-0.3594
341,G,V,-0.2539,-0.2539,2,3,1,-0.5124,0.004535
341,G,W,0.007931,0.007931,2,1,1,0.09489,-0.07903
341,G,Y,0.3402,0.3402,2,1,1,0.9804,-0.3001
342,G,A,1.135,1.135,1,1,0.5,1.135,
342,G,D,-1.752,-1.752,1,1,0.5,-1.752,
342,G,G,0,0,2,,1,0,0
342,G,H,-0.401,-0.401,1,1,0.5,,-0.401
342,G,N,-1.752,-1.752,1,1,0.5,-1.752,
342,G,R,0.7126,0.7126,2,1.25,1,1.384,0.04144
342,G,S,0.3418,0.3418,1,1,0.5,0.3418,
342,G,T,2.799,2.799,1,0.5,0.5,,2.799
343,W,F,-2.276,-2.276,1,1,0.5,-2.276,
343,W,G,-2.21,-2.21,1,1,0.5,-2.21,
343,W,H,-2.247,-2.247,1,1,0.5,-2.247,
343,W,I,2.832,2.832,1,0.5,0.5,,2.832
343,W,K,-1.752,-1.752,1,1,0.5,-1.752,
343,W,L,-2.119,-2.119,1,1,0.5,-2.119,
343,W,W,0,0,2,,1,0,0
343,W,Y,0.3488,0.3488,1,1,0.5,,0.3488
343,W,*,-0.1276,-0.1276,1,1,0.5,,-0.1276
344,Q,A,0.2223,0.2223,2,1.5,1,0.3695,0.0751
344,Q,C,-0.03852,-0.03852,2,1.5,1,0.3598,-0.4369
344,Q,D,-0.9854,-0.9854,2,2,1,-2.14,0.1695
344,Q,E,-0.4288,-0.4288,2,2.5,1,-0.6876,-0.17
344,Q,F,-0.2206,-0.2206,2,1,1,-0.3374,-0.1038
344,Q,G,0.6094,0.6094,1,1,0.5,,0.6094
344,Q,H,0.2186,0.2186,2,3,1,0.06664,0.3705
344,Q,I,-0.09946,-0.09946,2,3,1,-0.2211,0.0222
344,Q,K,-0.8119,-0.8119,2,3,1,-1.882,0.2587
344,Q,L,0.2707,0.2707,2,4,1,0.3783,0.1631
344,Q,M,-0.1111,-0.1111,2,3,1,-0.2442,0.02196
344,Q,N,-0.09807,-0.09807,2,3,1,-0.2171,0.02091
344,Q,P,-0.2304,-0.2304,2,2.5,1,-0.3533,-0.1075
344,Q,Q,0,0,2,,1,0,0
344,Q,R,-0.3646,-0.3646,2,3.5,1,-0.6868,-0.04241
344,Q,S,-0.1898,-0.1898,2,2,1,-0.408,0.02836
344,Q,T,0.01605,0.01605,2,3,1,0.02262,0.009477
344,Q,V,0.2611,0.2611,2,2.5,1,0.3587,0.1636
344,Q,W,-0.02266,-0.02266,2,3,1,-0.2062,0.1609
344,Q,Y,-0.03395,-0.03395,1,2,0.5,-0.03395,
345,G,A,0.1062,0.1062,2,2,1,-0.4332,0.6455
345,G,C,0.8757,0.8757,2,2.5,1,0.831,0.9204
345,G,D,-2.158,-2.158,1,2,0.5,-2.158,
345,G,E,0.02459,0.02459,1,4,0.5,0.02459,
345,G,F,0.0606,0.0606,2,3,1,0.005747,0.1154
345,G,G,0,0,2,,1,0,0
345,G,H,-0.1158,-0.1158,2,2.5,1,-0.5071,0.2754
345,G,I,1.196,1.196,1,2,0.5,1.196,
345,G,L,0.03976,0.03976,2,2,1,0.02844,0.05108
345,G,M,0.2555,0.2555,2,2,1,0.3388,0.1722
345,G,N,-0.7169,-0.7169,2,1,1,-2.067,0.6331
345,G,P,-0.315,-0.315,2,2.5,1,-0.3914,-0.2387
345,G,Q,-1.213,-1.213,2,1.5,1,-2.067,-0.3596
345,G,R,0.3392,0.3392,2,2,1,0.7213,-0.04298
345,G,S,0.4891,0.4891,2,4,1,0.7783,0.2
345,G,T,0.09409,0.09409,2,3,1,0.2295,-0.04136
345,G,V,1.109,1.109,2,1,1,0.3077,1.91
345,G,W,0.5536,0.5536,2,1.5,1,1.146,-0.03908
345,G,Y,-0.2949,-0.2949,2,2.5,1,-0.1586,-0.4312
346,M,C,0.8643,0.8643,1,1,0.5,,0.8643
346,M,E,-0.3437,-0.3437,1,1,0.5,,-0.3437
346,M,F,0.0402,0.0402,2,2,1,0.06066,0.01975
346,M,G,-0.7124,-0.7124,2,1,1,-1.803,0.3778
346,M,I,0.3465,0.3465,2,2.5,1,0.2964,0.3966
346,M,L,-0.1319,-0.1319,2,2,1,-0.4903,0.2264
346,M,M,0,0,2,,1,0,0
346,M,P,0.2215,0.2215,1,1,0.5,,0.2215
346,M,V,-0.7186,-0.7186,1,1,0.5,,-0.7186
347,V,A,0.01136,0.01136,2,4,1,-0.04646,0.06918
347,V,C,-0.2914,-0.2914,2,3,1,-0.2994,-0.2835
347,V,D,-1.006,-1.006,2,1,1,-2.107,0.09482
347,V,E,-1.255,-1.255,2,2.5,1,-2.107,-0.4034
347,V,F,0.2555,0.2555,2,2.5,1,0.3703,0.1406
347,V,G,-0.1449,-0.1449,2,3,1,0.0002373,-0.2901
347,V,H,-0.2392,-0.2392,1,5,0.5,,-0.2392
347,V,I,0.1759,0.1759,2,3,1,0.2988,0.05301
347,V,K,0.5761,0.5761,1,3,0.5,0.5761,
347,V,L,-0.1567,-0.1567,2,7,1,-0.2909,-0.0225
347,V,M,-0.2087,-0.2087,2,5.5,1,-0.4274,0.01007
347,V,N,-0.5888,-0.5888,2,1.5,1,-1.15,-0.02733
347,V,P,-0.8861,-0.8861,1,1,0.5,-0.8861,
347,V,Q,-0.1231,-0.1231,2,2,1,-0.07001,-0.1761
347,V,R,-0.143,-0.143,2,3.5,1,-0.2545,-0.0316
347,V,S,-1.032,-1.032,2,2.5,1,-2.144,0.0796
347,V,T,-0.1284,-0.1284,1,3,0.5,,-0.1284
347,V,V,0,0,2,,1,0,0
347,V,W,-0.7863,-0.7863,1,1,0.5,-0.7863,
347,V,Y,-0.4855,-0.4855,2,2,1,-0.9873,0.01628
348,D,C,-0.03964,-0.03964,2,2,1,0.0639,-0.1432
348,D,D,0,0,2,,1,0,0
348,D,E,0.08537,0.08537,2,3,1,0.3408,-0.1701
348,D,F,-0.2372,-0.2372,2,2,1,-0.348,-0.1263
348,D,G,-0.1017,-0.1017,1,1,0.5,,-0.1017
348,D,H,0.05618,0.05618,2,4.5,1,0.05004,0.06232
348,D,K,-0.03021,-0.03021,1,3,0.5,-0.03021,
348,D,L,0.1615,0.1615,2,1.5,1,0.4266,-0.1035
348,D,M,-0.04485,-0.04485,1,1,0.5,,-0.04485
348,D,N,0.03945,0.03945,2,6,1,0.07571,0.003186
348,D,Q,-0.1621,-0.1621,2,3.5,1,-0.3671,0.04295
348,D,R,-2.009,-2.009,1,1,0.5,-2.009,
348,D,S,-0.1298,-0.1298,2,3,1,-0.03955,-0.22
348,D,T,0.5843,0.5843,2,2.5,1,1.034,0.1343
348,D,V,-0.2617,-0.2617,2,5,1,-0.4517,-0.07162
348,D,W,-0.1418,-0.1418,2,3,1,-0.2212,-0.06238
348,D,Y,-0.1838,-0.1838,2,3,1,-0.3047,-0.06295
349,G,A,0.08098,0.08098,1,3,0.5,,0.08098
349,G,C,0.7391,0.7391,1,1,0.5,,0.7391
349,G,G,0,0,2,,1,0,0
349,G,L,1.019,1.019,1,1.5,0.5,,1.019
349,G,M,-0.4364,-0.4364,1,1,0.5,-0.4364,
349,G,N,-0.1058,-0.1058,2,1,1,-1.86,1.649
349,G,S,-0.5855,-0.5855,2,3.5,1,-1.188,0.01741
349,G,T,0.8875,0.8875,1,1,0.5,,0.8875
350,W,C,-0.1058,-0.1058,1,1,0.5,,-0.1058
350,W,D,-0.1867,-0.1867,1,1,0.5,-0.1867,
350,W,E,-1.953,-1.953,1,1,0.5,-1.953,
350,W,F,-0.1636,-0.1636,2,3,1,-0.2461,-0.08113
350,W,I,-0.3956,-0.3956,2,2,1,-0.3584,-0.4327
350,W,L,-0.4923,-0.4923,1,5,0.5,-0.4923,
350,W,M,-0.1066,-0.1066,1,4,0.5,-0.1066,
350,W,P,-0.5721,-0.5721,1,1,0.5,,-0.5721
350,W,S,-1.953,-1.953,1,1,0.5,-1.953,
350,W,W,0,0,2,,1,0,0
350,W,Y,0.1533,0.1533,2,2.5,1,0.4783,-0.1717
351,Y,C,-0.2023,-0.2023,1,1,0.5,,-0.2023
351,Y,D,-0.7586,-0.7586,1,1,0.5,,-0.7586
351,Y,F,0.2193,0.2193,1,1,0.5,,0.2193
351,Y,I,-0.1553,-0.1553,2,1,1,-0.2137,-0.09696
351,Y,N,-1.461,-1.461,2,1.5,1,-2.369,-0.5528
351,Y,T,-1.093,-1.093,1,1.5,0.5,,-1.093
351,Y,V,-2.245,-2.245,1,1,0.5,-2.245,
351,Y,W,-2.084,-2.084,1,1,0.5,-2.084,
351,Y,Y,0,0,2,,1,0,0
352,G,F,-0.3598,-0.3598,1,1,0.5,,-0.3598
352,G,G,0,0,2,,1,0,0
352,G,H,-1.766,-1.766,1,1,0.5,-1.766,
352,G,I,-2.139,-2.139,1,1,0.5,-2.139,
352,G,M,-0.3009,-0.3009,1,1,0.5,,-0.3009
352,G,P,-2.139,-2.139,1,1,0.5,-2.139,
352,G,R,-1.436,-1.436,1,1,0.5,-1.436,
352,G,S,-2.051,-2.051,1,2,0.5,-2.051,
352,G,V,-0.6971,-0.6971,1,1,0.5,-0.6971,
353,Y,A,-1.974,-1.974,1,1,0.5,-1.974,
353,Y,F,-0.8236,-0.8236,2,2,1,-1.962,0.3144
353,Y,H,-0.7367,-0.7367,1,1,0.5,-0.7367,
353,Y,K,-1.055,-1.055,1,1,0.5,,-1.055
353,Y,N,-2.301,-2.301,1,2,0.5,-2.301,
353,Y,P,0.6309,0.6309,1,1,0.5,0.6309,
353,Y,W,0.02682,0.02682,2,4,1,0.05252,0.001129
353,Y,Y,0,0,2,,1,0,0
354,H,A,-0.2689,-0.2689,2,1,1,-0.5298,-0.007935
354,H,C,0.3118,0.3118,2,1.5,1,0.4459,0.1778
354,H,E,-0.1862,-0.1862,2,1.5,1,0.01435,-0.3868
354,H,F,0.03372,0.03372,2,4,1,-0.002775,0.07021
354,H,G,-0.3955,-0.3955,2,1.5,1,-1.034,0.2427
354,H,H,0,0,2,,1,0,0
354,H,K,0.1988,0.1988,2,4.5,1,0.4177,-0.02
354,H,L,-0.2793,-0.2793,2,3.5,1,-0.3484,-0.2103
354,H,M,-0.1763,-0.1763,2,4,1,0.02783,-0.3804
354,H,N,-0.3868,-0.3868,1,2,0.5,,-0.3868
354,H,Q,-0.3508,-0.3508,1,2,0.5,-0.3508,
354,H,R,-0.189,-0.189,2,4.5,1,-0.338,-0.04004
354,H,S,-0.2668,-0.2668,1,3,0.5,,-0.2668
354,H,V,-2.102,-2.102,1,1,0.5,-2.102,
354,H,W,-0.3106,-0.3106,2,2.5,1,-0.9054,0.2843
354,H,Y,0.2185,0.2185,2,5,1,0.4582,-0.02125
355,H,A,-0.14,-0.14,2,4,1,-0.137,-0.143
355,H,C,0.8347,0.8347,2,1.5,1,1.713,-0.04323
355,H,E,-0.8916,-0.8916,1,3,0.5,-0.8916,
355,H,F,0.05649,0.05649,2,2,1,0.08624,0.02675
355,H,G,-0.2147,-0.2147,2,1.5,1,-0.3868,-0.04256
355,H,H,0,0,2,,1,0,0
355,H,I,0.2795,0.2795,2,1.5,1,0.7896,-0.2305
355,H,K,-0.5681,-0.5681,1,3,0.5,,-0.5681
355,H,L,0.05144,0.05144,2,3.5,1,0.113,-0.01008
355,H,M,0.02768,0.02768,2,2.5,1,0.2433,-0.1879
355,H,N,-0.3867,-0.3867,1,1,0.5,-0.3867,
355,H,Q,-0.5808,-0.5808,2,1,1,0.03499,-1.197
355,H,S,0.3117,0.3117,2,2.5,1,0.3875,0.2358
355,H,T,-0.6545,-0.6545,1,1,0.5,-0.6545,
355,H,V,-0.07282,-0.07282,2,3,1,0.1286,-0.2743
355,H,Y,-0.1155,-0.1155,2,3.5,1,-0.4175,0.1864
356,S,A,0.1508,0.1508,1,5,0.5,,0.1508
356,S,C,-0.4247,-0.4247,2,2,1,-0.7764,-0.07294
356,S,D,-0.1916,-0.1916,2,2,1,-0.3444,-0.03889
356,S,E,-0.05209,-0.05209,2,3,1,-0.09213,-0.01205
356,S,F,-0.08134,-0.08134,2,2,1,-0.1991,0.0364
356,S,G,0.421,0.421,1,3,0.5,,0.421
356,S,H,0.3362,0.3362,2,2,1,0.6438,0.02858
356,S,I,-0.2418,-0.2418,2,3,1,0.1624,-0.6459
356,S,K,0.03065,0.03065,2,3,1,0.1465,-0.08516
356,S,L,-0.3266,-0.3266,2,2,1,-0.8281,0.1748
356,S,M,-0.1252,-0.1252,2,3,1,-0.08786,-0.1625
356,S,N,-0.2005,-0.2005,2,7,1,-0.2279,-0.173
356,S,Q,0.3707,0.3707,2,1.5,1,0.7037,0.03761
356,S,R,0.1113,0.1113,2,4.5,1,0.07681,0.1458
356,S,S,0,0,2,,1,0,0
356,S,T,-0.9724,-0.9724,2,2,1,-2.063,0.118
356,S,V,0.02399,0.02399,2,3,1,0.07102,-0.02304
356,S,W,0.3364,0.3364,2,2,1,0.4773,0.1954
356,S,Y,0.8475,0.8475,2,1,1,1.62,0.07507
357,N,C,-0.4728,-0.4728,2,1.5,1,-0.2812,-0.6643
357,N,D,0.08452,0.08452,1,1,0.5,,0.08452
357,N,L,-0.9546,-0.9546,1,1,0.5,-0.9546,
357,N,M,-1.118,-1.118,1,1,0.5,,-1.118
357,N,N,0,0,2,,1,0,0
357,N,Q,-1.957,-1.957,1,1,0.5,-1.957,
357,N,V,-2.28,-2.28,1,2,0.5,-2.28,
358,E,A,0.9024,0.9024,1,2,0.5,0.9024,
358,E,C,-0.2431,-0.2431,2,4,1,-0.8986,0.4123
358,E,D,-0.1211,-0.1211,2,4,1,-0.1607,-0.08156
358,E,E,0,0,2,,1,0,0
358,E,F,-0.146,-0.146,2,1.5,1,-0.3011,0.009013
358,E,G,0.4121,0.4121,2,3,1,0.8982,-0.07388
358,E,H,-0.4512,-0.4512,2,1,1,-0.9008,-0.001583
358,E,I,-0.1263,-0.1263,2,3.5,1,0.02726,-0.2799
358,E,K,0.481,0.481,1,10,0.5,0.481,
358,E,L,-0.4524,-0.4524,2,3.5,1,-0.7366,-0.1682
358,E,M,0.01504,0.01504,1,3,0.5,,0.01504
358,E,N,-0.1118,-0.1118,2,3,1,-0.2607,0.03716
358,E,P,0.1845,0.1845,2,1,1,0.9145,-0.5456
358,E,Q,0.02884,0.02884,2,4.5,1,0.1067,-0.04904
358,E,R,0.0214,0.0214,1,1,0.5,,0.0214
358,E,S,0.06005,0.06005,2,2.5,1,-0.1625,0.2826
358,E,T,-0.5977,-0.5977,2,3.5,1,-1.109,-0.08662
358,E,V,0.09405,0.09405,2,2.5,1,0.1491,0.03905
358,E,W,0.04997,0.04997,2,2.5,1,0.0007855,0.09915
358,E,Y,-0.08774,-0.08774,1,3,0.5,-0.08774,
359,Q,A,-0.05721,-0.05721,2,2,1,-0.3923,0.2779
359,Q,D,0.1627,0.1627,2,2.5,1,0.292,0.03349
359,Q,E,0.308,0.308,2,2.5,1,0.4493,0.1668
359,Q,F,0.01969,0.01969,2,1.5,1,0.1085,-0.0691
359,Q,G,0.5365,0.5365,1,1,0.5,0.5365,
359,Q,H,0.7571,0.7571,2,2.5,1,1.01,0.504
359,Q,I,0.4097,0.4097,2,3,1,0.6199,0.1994
359,Q,K,0.4049,0.4049,2,2.5,1,0.69,0.1197
359,Q,L,0.2812,0.2812,2,3,1,0.3786,0.1839
359,Q,M,-0.132,-0.132,2,2.5,1,-0.07179,-0.1922
359,Q,N,-0.6127,-0.6127,2,3,1,-1.063,-0.1621
359,Q,Q,0,0,2,,1,0,0
359,Q,R,0.3311,0.3311,2,5,1,0.5493,0.1129
359,Q,V,-0.03233,-0.03233,2,2,1,-0.2904,0.2257
359,Q,W,0.1775,0.1775,2,2.5,1,0.2451,0.1098
359,Q,Y,0.03287,0.03287,1,4,0.5,0.03287,
359,Q,*,-0.08997,-0.08997,1,1,0.5,,-0.08997
360,G,C,-1.093,-1.093,1,1,0.5,-1.093,
360,G,D,-2.116,-2.116,1,1,0.5,-2.116,
360,G,E,-0.5059,-0.5059,2,1.5,1,-1.231,0.2197
360,G,F,-0.45,-0.45,1,1,0.5,,-0.45
360,G,G,0,0,2,,1,0,0
360,G,R,-2.116,-2.116,1,1,0.5,-2.116,
360,G,S,0.1794,0.1794,2,3,1,0.3298,0.02899
360,G,T,-0.6721,-0.6721,2,1.5,1,-1.265,-0.07869
360,G,W,-1.235,-1.235,2,2,1,-2.116,-0.353
360,G,Y,-1.113,-1.113,2,1,1,-2.116,-0.1106
361,S,A,-0.09407,-0.09407,1,1,0.5,,-0.09407
361,S,C,0.1247,0.1247,1,2,0.5,,0.1247
361,S,D,0.1823,0.1823,2,3.5,1,0.4034,-0.03881
361,S,E,-0.3617,-0.3617,2,1,1,-1.138,0.4149
361,S,F,0.5817,0.5817,2,2,1,0.9724,0.191
361,S,G,0.1948,0.1948,1,1,0.5,,0.1948
361,S,H,0.6799,0.6799,2,2,1,1.139,0.2211
361,S,I,0.056,0.056,1,5,0.5,,0.056
361,S,K,-0.9523,-0.9523,2,3.5,1,-1.939,0.03438
361,S,L,-0.3737,-0.3737,2,4,1,-0.5487,-0.1987
361,S,M,-0.2554,-0.2554,2,4,1,-0.4846,-0.02608
361,S,N,0.06291,0.06291,1,4,0.5,,0.06291
361,S,P,-0.582,-0.582,2,1,1,-2.013,0.8488
361,S,Q,0.1637,0.1637,2,4,1,0.4324,-0.1051
361,S,R,0.5916,0.5916,2,5.5,1,1.179,0.003814
361,S,S,0,0,2,,1,0,0
361,S,T,0.5995,0.5995,2,4,1,0.5553,0.6437
361,S,V,-0.1786,-0.1786,2,2,1,-0.4575,0.1002
361,S,W,-0.2418,-0.2418,2,2.5,1,-0.3104,-0.1732
361,S,Y,-0.0579,-0.0579,2,5.5,1,-0.1184,0.002563
362,G,A,-1.043,-1.043,2,1.5,1,-2.095,0.009453
362,G,C,-0.0728,-0.0728,2,5,1,0.001809,-0.1474
362,G,D,-0.405,-0.405,2,2,1,-1.121,0.3107
362,G,E,0.2256,0.2256,2,2,1,0.5032,-0.05192
362,G,F,-0.1243,-0.1243,2,3.5,1,-0.08249,-0.1661
362,G,G,0,0,2,,1,0,0
362,G,H,0.1373,0.1373,2,3.5,1,0.1451,0.1294
362,G,I,0.3162,0.3162,2,3.5,1,0.6144,0.01792
362,G,K,0.5457,0.5457,2,2,1,1.112,-0.02078
362,G,L,-0.1674,-0.1674,1,4,0.5,-0.1674,
362,G,M,-0.01943,-0.01943,2,4,1,-0.2444,0.2055
362,G,N,0.2046,0.2046,2,4,1,0.08672,0.3225
362,G,Q,-0.1169,-0.1169,2,3,1,-0.3862,0.1523
362,G,R,-0.4243,-0.4243,2,2.5,1,-0.8747,0.02608
362,G,S,0.5396,0.5396,2,3,1,0.8607,0.2186
362,G,T,-1.058,-1.058,2,1.5,1,-2.075,-0.04153
362,G,V,-0.08742,-0.08742,2,4,1,-0.4838,0.3089
362,G,W,-0.1794,-0.1794,2,3,1,-0.2865,-0.0722
362,G,Y,0.0183,0.0183,1,2,0.5,0.0183,
363,Y,F,0.2625,0.2625,1,1,0.5,0.2625,
363,Y,H,-1.918,-1.918,1,1,0.5,-1.918,
363,Y,I,-0.5518,-0.5518,2,2.5,1,-0.6409,-0.4627
363,Y,L,-0.6047,-0.6047,1,1,0.5,-0.6047,
363,Y,M,-0.4282,-0.4282,2,2.5,1,-0.7251,-0.1313
363,Y,P,2.719,2.719,1,0.5,0.5,,2.719
363,Y,S,-0.2356,-0.2356,2,1,1,0.08519,-0.5564
363,Y,W,-0.4743,-0.4743,2,2.5,1,-0.5316,-0.4171
363,Y,Y,0,0,2,,1,0,0
364,A,A,0,0,2,,1,0,0
364,A,C,-0.1784,-0.1784,2,4.5,1,-0.2634,-0.0934
364,A,D,-0.07531,-0.07531,1,3,0.5,-0.07531,
364,A,E,-0.9044,-0.9044,2,1.5,1,-0.6153,-1.193
364,A,F,-0.1891,-0.1891,2,1.5,1,-0.2875,-0.09073
364,A,G,-0.1959,-0.1959,2,2.5,1,-0.1901,-0.2017
364,A,I,-0.1466,-0.1466,2,2.5,1,-0.245,-0.04812
364,A,K,1.61,1.61,2,0.75,1,0.1673,3.052
364,A,L,-1.264,-1.264,1,1,0.5,-1.264,
364,A,M,0.08056,0.08056,2,3.5,1,0.2,-0.03892
364,A,P,-1.193,-1.193,1,1,0.5,,-1.193
364,A,Q,-1.193,-1.193,1,1,0.5,,-1.193
364,A,S,0.3328,0.3328,2,3,1,0.5994,0.06627
364,A,T,-0.5803,-0.5803,2,5,1,-1.256,0.095
364,A,V,-0.003896,-0.003896,2,3.5,1,-0.04819,0.04039
364,A,Y,1.408,1.408,2,1,1,2.749,0.06676
365,A,A,0,0,2,,1,0,0
365,A,C,-0.5465,-0.5465,1,1,0.5,-0.5465,
365,A,E,-0.9966,-0.9966,1,1,0.5,,-0.9966
365,A,K,-1.162,-1.162,1,1.5,0.5,,-1.162
365,A,P,0.09869,0.09869,1,1,0.5,,0.09869
365,A,Q,-0.0923,-0.0923,1,1,0.5,,-0.0923
365,A,S,0.5535,0.5535,2,2,1,1.21,-0.1029
365,A,T,-0.1788,-0.1788,2,4.5,1,-0.5949,0.2373
365,A,V,-0.7299,-0.7299,2,1,1,-1.031,-0.4285
366,D,C,-0.05256,-0.05256,1,1,0.5,,-0.05256
366,D,D,0,0,1,,0.5,,0
366,D,N,1.285,1.285,1,1,0.5,,1.285
367,K,E,0.1148,0.1148,1,1,0.5,,0.1148
367,K,F,-0.6938,-0.6938,1,1,0.5,-0.6938,
367,K,I,-0.1839,-0.1839,1,1,0.5,,-0.1839
367,K,K,0,0,2,,1,0,0
367,K,L,-0.1173,-0.1173,2,1.5,1,-0.5441,0.3094
367,K,N,-0.1737,-0.1737,2,2,1,-0.04621,-0.3012
367,K,P,-0.3317,-0.3317,1,2,0.5,-0.3317,
367,K,Q,-0.06534,-0.06534,2,2,1,-0.147,0.01635
367,K,R,1.458,1.458,1,1,0.5,1.458,
367,K,V,-0.03194,-0.03194,1,1,0.5,,-0.03194
367,K,W,-0.4714,-0.4714,1,1,0.5,-0.4714,
367,K,*,1.752,1.752,1,1,0.5,,1.752
368,E,D,-1.17,-1.17,1,1,0.5,-1.17,
368,E,E,0,0,2,,1,0,0
368,E,G,-0.5672,-0.5672,2,2,1,-0.8562,-0.2783
368,E,K,-0.3056,-0.3056,2,4.5,1,-0.1972,-0.414
368,E,Q,-2.286,-2.286,1,2,0.5,-2.286,
368,E,R,-0.2119,-0.2119,1,1,0.5,,-0.2119
369,S,A,1.832,1.832,2,1,1,2.507,1.157
369,S,C,-0.01497,-0.01497,2,3,1,-0.05491,0.02497
369,S,D,-0.7711,-0.7711,1,4,0.5,-0.7711,
369,S,E,-0.09317,-0.09317,1,1,0.5,,-0.09317
369,S,F,-0.4964,-0.4964,1,1,0.5,,-0.4964
369,S,G,0.1099,0.1099,2,2.5,1,0.05537,0.1643
369,S,H,-0.161,-0.161,1,2,0.5,,-0.161
369,S,I,-0.9187,-0.9187,1,1,0.5,-0.9187,
369,S,L,-0.2416,-0.2416,1,3,0.5,,-0.2416
369,S,M,-1.677,-1.677,1,1,0.5,,-1.677
369,S,N,-0.8583,-0.8583,2,1.5,1,-1.994,0.2778
369,S,Q,-1.433,-1.433,1,1,0.5,-1.433,
369,S,R,0.3186,0.3186,1,2,0.5,,0.3186
369,S,S,0,0,2,,1,0,0
369,S,T,0.07026,0.07026,2,1,1,0.1769,-0.0364
369,S,V,-0.8711,-0.8711,2,1.5,1,-0.9272,-0.8149
369,S,Y,-0.3805,-0.3805,1,1,0.5,-0.3805,
370,T,A,1.505,1.505,1,1.5,0.5,,1.505
370,T,C,-0.6129,-0.6129,1,3,0.5,-0.6129,
370,T,F,-0.0143,-0.0143,2,1.25,1,-0.5091,0.4805
370,T,G,-0.4569,-0.4569,1,3,0.5,,-0.4569
370,T,I,-1.483,-1.483,2,1.5,1,-2.081,-0.8853
370,T,K,-0.6435,-0.6435,2,1,1,-1.265,-0.02149
370,T,L,-1.134,-1.134,2,1.5,1,-2.039,-0.2289
370,T,M,0.07499,0.07499,1,1,0.5,,0.07499
370,T,N,-0.7104,-0.7104,1,2,0.5,-0.7104,
370,T,P,3.064,3.064,1,0.5,0.5,,3.064
370,T,R,0.04257,0.04257,2,1.5,1,-0.03882,0.124
370,T,S,-0.4644,-0.4644,2,8,1,-0.994,0.06531
370,T,T,0,0,2,,1,0,0
370,T,V,-0.8666,-0.8666,2,3.5,1,-0.9112,-0.8219
370,T,W,-0.2817,-0.2817,2,1.5,1,-0.1025,-0.4609
370,T,Y,-1.1,-1.1,1,1,0.5,-1.1,
370,T,*,0.04557,0.04557,2,1,1,0.3609,-0.2698
371,Q,A,-0.008072,-0.008072,2,5.5,1,-0.04805,0.03191
371,Q,C,2.895,2.895,1,1,0.5,2.895,
371,Q,D,-0.1016,-0.1016,2,3,1,-0.2884,0.08523
371,Q,E,0.1148,0.1148,2,2.5,1,0.2816,-0.05191
371,Q,F,-1.181,-1.181,1,1,0.5,-1.181,
371,Q,G,-0.453,-0.453,2,3,1,-0.3546,-0.5513
371,Q,H,-0.04893,-0.04893,1,2,0.5,-0.04893,
371,Q,I,0.02485,0.02485,2,4,1,0.1458,-0.09611
371,Q,K,0.0349,0.0349,2,5,1,0.01664,0.05315
371,Q,L,-0.5184,-0.5184,2,1.5,1,-0.7964,-0.2403
371,Q,M,-0.1552,-0.1552,2,4,1,-0.1073,-0.2031
371,Q,N,0.02021,0.02021,2,2.5,1,0.2349,-0.1944
371,Q,P,-0.5854,-0.5854,2,1,1,-0.4773,-0.6936
371,Q,Q,0,0,2,,1,0,0
371,Q,R,-0.3287,-0.3287,1,5,0.5,-0.3287,
371,Q,S,-0.472,-0.472,2,3.5,1,-0.8275,-0.1165
371,Q,T,-0.01736,-0.01736,2,3,1,-0.1257,0.09095
371,Q,V,0.0986,0.0986,2,2,1,0.1792,0.01802
371,Q,Y,0.006326,0.006326,1,3,0.5,0.006326,
372,K,A,-0.07256,-0.07256,2,5.5,1,-0.231,0.08592
372,K,C,0.3831,0.3831,2,3.5,1,0.696,0.07018
372,K,D,0.1473,0.1473,2,2,1,0.1537,0.1409
372,K,E,-0.3711,-0.3711,1,3,0.5,,-0.3711
372,K,F,-0.7728,-0.7728,2,3.5,1,-1.08,-0.4651
372,K,G,-0.6904,-0.6904,2,4,1,-0.6936,-0.6872
372,K,H,-0.03852,-0.03852,2,4,1,-0.2987,0.2216
372,K,I,-0.1186,-0.1186,1,2,0.5,,-0.1186
372,K,K,0,0,2,,1,0,0
372,K,L,-0.2775,-0.2775,2,3.5,1,-0.4352,-0.1197
372,K,M,-0.02678,-0.02678,2,3.5,1,-0.1957,0.1422
372,K,N,-0.7683,-0.7683,2,3.5,1,-1.439,-0.0979
372,K,Q,0.545,0.545,2,3,1,1.183,-0.09259
372,K,R,-0.03408,-0.03408,2,7.25,1,-0.0341,-0.03406
372,K,S,0.8285,0.8285,2,1.5,1,1.111,0.5463
372,K,T,-0.413,-0.413,2,3,1,-0.6145,-0.2115
372,K,V,-0.394,-0.394,2,2,1,-0.8963,0.1083
372,K,W,0.3319,0.3319,2,2,1,0.3641,0.2998
372,K,Y,0.3306,0.3306,2,3.5,1,0.6991,-0.03799
373,A,A,0,0,2,,1,0,0
373,A,G,-0.2217,-0.2217,2,5,1,-0.6574,0.2139
373,A,K,-1.969,-1.969,1,1,0.5,-1.969,
373,A,L,-1.969,-1.969,1,1,0.5,-1.969,
373,A,M,-0.3472,-0.3472,1,1,0.5,,-0.3472
373,A,N,0.1741,0.1741,1,1,0.5,0.1741,
373,A,R,-1.192,-1.192,1,1,0.5,,-1.192
373,A,S,-2.337,-2.337,1,2,0.5,-2.337,
373,A,T,0.6497,0.6497,1,1,0.5,0.6497,
374,I,A,-0.3995,-0.3995,2,2,1,-0.06255,-0.7365
374,I,F,-0.07928,-0.07928,2,3.5,1,-0.07044,-0.08811
374,I,H,-0.4798,-0.4798,2,4.5,1,-1.014,0.05484
374,I,I,0,0,2,,1,0,0
374,I,L,-0.2715,-0.2715,2,2,1,-0.5653,0.02221
374,I,M,0.9265,0.9265,1,4,0.5,0.9265,
374,I,N,-0.3385,-0.3385,2,4,1,-0.6784,0.001303
374,I,P,-0.08787,-0.08787,1,1,0.5,,-0.08787
374,I,Q,0.3372,0.3372,2,3.5,1,0.624,0.05037
374,I,S,-0.3365,-0.3365,2,1.5,1,-0.4753,-0.1977
374,I,T,-0.4923,-0.4923,2,1.5,1,-0.6571,-0.3274
374,I,V,-0.09907,-0.09907,2,2,1,-0.02765,-0.1705
374,I,W,-0.2046,-0.2046,2,1.5,1,-0.04304,-0.3662
374,I,Y,-0.2816,-0.2816,1,4,0.5,,-0.2816
375,D,A,-0.1324,-0.1324,2,1.5,1,-0.2497,-0.01506
375,D,C,-1.114,-1.114,2,3,1,-2.103,-0.125
375,D,D,0,0,2,,1,0,0
375,D,E,-0.1761,-0.1761,2,3,1,-0.2054,-0.1467
375,D,F,-0.03132,-0.03132,2,3.5,1,-0.05703,-0.005606
375,D,G,-0.399,-0.399,2,2.5,1,-0.6998,-0.09824
375,D,H,-1.04,-1.04,2,3.5,1,-1.687,-0.3925
375,D,I,-0.445,-0.445,2,2.5,1,-1.246,0.3557
375,D,K,-0.6341,-0.6341,2,4,1,-1.43,0.1616
375,D,L,0.6405,0.6405,2,2,1,0.3712,0.9098
375,D,M,0.004788,0.004788,2,3,1,0.2032,-0.1936
375,D,N,-0.3142,-0.3142,2,4.5,1,-0.7646,0.1361
375,D,Q,-0.06741,-0.06741,2,3,1,0.1191,-0.2539
375,D,R,-0.06619,-0.06619,2,4,1,0.07114,-0.2035
375,D,S,0.1332,0.1332,2,4,1,0.6868,-0.4205
375,D,T,-0.1429,-0.1429,2,4,1,0.1422,-0.4281
375,D,V,0.008496,0.008496,2,7,1,-0.08467,0.1017
375,D,W,-0.8229,-0.8229,2,6.5,1,-1.493,-0.1525
375,D,Y,-0.3774,-0.3774,2,4.5,1,-0.621,-0.1338
376,G,A,0.2785,0.2785,2,3.5,1,0.2323,0.3246
376,G,C,0.5717,0.5717,2,3.5,1,1.011,0.1319
376,G,E,-0.3585,-0.3585,2,3.5,1,-0.2683,-0.4488
376,G,F,0.6521,0.6521,2,2,1,1.037,0.2671
376,G,G,0,0,2,,1,0,0
376,G,H,-0.1706,-0.1706,2,1.5,1,-0.1842,-0.157
376,G,K,-0.1695,-0.1695,2,5,1,-0.1526,-0.1864
376,G,L,-0.2528,-0.2528,1,4,0.5,,-0.2528
376,G,M,0.03272,0.03272,2,3.5,1,-0.2621,0.3275
376,G,N,1.055,1.055,2,1,1,2.142,-0.03182
376,G,Q,0.2498,0.2498,1,4,0.5,0.2498,
376,G,R,-0.09525,-0.09525,2,4.5,1,-0.1181,-0.07242
376,G,S,0.5972,0.5972,2,5,1,1.294,-0.1001
376,G,T,-2.853,-2.853,1,1,0.5,-2.853,
376,G,V,0.01334,0.01334,1,2,0.5,0.01334,
376,G,W,-0.04432,-0.04432,2,2,1,-0.3261,0.2375
376,G,Y,-2.008,-2.008,1,1,0.5,-2.008,
377,V,C,-0.7045,-0.7045,2,2.5,1,-1.138,-0.2706
377,V,E,-2.021,-2.021,1,1,0.5,-2.021,
377,V,I,0.4657,0.4657,2,6.25,1,0.4778,0.4536
377,V,L,0.1015,0.1015,2,2,1,0.2495,-0.0466
377,V,M,0.2124,0.2124,2,5,1,0.3397,0.08508
377,V,N,-0.2086,-0.2086,1,1,0.5,,-0.2086
377,V,Q,-0.777,-0.777,1,2,0.5,,-0.777
377,V,S,-1.928,-1.928,1,1,0.5,-1.928,
377,V,T,-0.2834,-0.2834,2,2.5,1,-0.4904,-0.07634
377,V,V,0,0,2,,1,0,0
378,T,A,-0.000537,-0.000537,2,3,1,0.2818,-0.2829
378,T,C,-0.3314,-0.3314,2,3.5,1,-0.7461,0.08331
378,T,D,-0.9639,-0.9639,2,2,1,-1.424,-0.504
378,T,E,-1.001,-1.001,2,2.5,1,-1.983,-0.01918
378,T,F,-0.1875,-0.1875,2,2,1,-0.8809,0.5059
378,T,G,-0.07833,-0.07833,2,1.5,1,0.1317,-0.2884
378,T,I,0.411,0.411,2,2.25,1,0.6374,0.1845
378,T,K,1.202,1.202,1,2,0.5,1.202,
378,T,L,-0.3962,-0.3962,2,1.5,1,-0.4689,-0.3234
378,T,M,0.199,0.199,2,2.5,1,0.3456,0.0524
378,T,N,-0.5047,-0.5047,2,6,1,-0.9374,-0.07204
378,T,Q,-0.0601,-0.0601,2,2.5,1,-0.08548,-0.03472
378,T,R,0.6389,0.6389,2,3,1,1.086,0.1919
378,T,S,-0.2598,-0.2598,2,3,1,-0.1534,-0.3661
378,T,T,0,0,2,,1,0,0
378,T,V,-1.126,-1.126,2,2,1,-2.131,-0.1213
378,T,W,-0.0317,-0.0317,1,1,0.5,,-0.0317
378,T,Y,0.06477,0.06477,2,2,1,0.3451,-0.2156
379,N,A,-0.0939,-0.0939,2,2.5,1,0.1385,-0.3263
379,N,C,0.1385,0.1385,2,2.5,1,0.3647,-0.08764
379,N,E,-0.3181,-0.3181,2,4.5,1,0.08039,-0.7165
379,N,F,0.1707,0.1707,2,2,1,0.4753,-0.1339
379,N,G,-0.1737,-0.1737,2,1,1,-0.3446,-0.00278
379,N,H,-0.1696,-0.1696,2,2.5,1,-0.03517,-0.3041
379,N,I,0.3773,0.3773,1,2,0.5,0.3773,
379,N,K,-0.1414,-0.1414,2,2,1,0.1063,-0.3892
379,N,L,-0.3264,-0.3264,1,1,0.5,-0.3264,
379,N,M,0.3,0.3,2,4,1,0.5708,0.02919
379,N,N,0,0,2,,1,0,0
379,N,Q,0.2398,0.2398,2,2,1,0.4226,0.05695
379,N,R,0.2098,0.2098,2,1,1,0.5333,-0.1137
379,N,S,-0.5756,-0.5756,2,2.5,1,-0.6966,-0.4545
379,N,T,-0.07962,-0.07962,2,3.5,1,-0.1725,0.0133
379,N,V,0.3439,0.3439,2,3,1,0.8474,-0.1596
379,N,Y,-0.8143,-0.8143,1,1,0.5,,-0.8143
380,K,H,-0.3949,-0.3949,1,1,0.5,,-0.3949
380,K,I,-0.4398,-0.4398,2,2,1,-0.7129,-0.1666
380,K,K,0,0,2,,1,0,0
380,K,L,0.1826,0.1826,1,4,0.5,0.1826,
380,K,M,0.4721,0.4721,2,3,1,0.8743,0.06988
380,K,N,-1.934,-1.934,1,1,0.5,-1.934,
380,K,P,-0.9406,-0.9406,1,1,0.5,-0.9406,
380,K,R,-0.2784,-0.2784,2,2,1,0.2661,-0.8229
380,K,S,-0.9208,-0.9208,1,2,0.5,,-0.9208
380,K,V,-0.3484,-0.3484,1,2,0.5,,-0.3484
381,V,A,-0.4282,-0.4282,2,5,1,-0.4137,-0.4427
381,V,C,-0.3056,-0.3056,2,3.5,1,-0.3717,-0.2394
381,V,D,-0.7692,-0.7692,1,1,0.5,-0.7692,
381,V,F,-0.6299,-0.6299,2,1.5,1,-0.4567,-0.8032
381,V,G,2.98,2.98,1,0.5,0.5,,2.98
381,V,H,-1.173,-1.173,1,1,0.5,,-1.173
381,V,I,-0.9121,-0.9121,1,3,0.5,-0.9121,
381,V,L,-0.07705,-0.07705,2,2.5,1,-0.2516,0.09754
381,V,M,-0.5347,-0.5347,2,3.5,1,-0.8012,-0.2683
381,V,Q,-1.438,-1.438,2,3,1,-1.607,-1.268
381,V,V,0,0,2,,1,0,0
381,V,Y,-0.01225,-0.01225,2,1.5,1,0.3078,-0.3323
382,N,A,-0.4174,-0.4174,2,1,1,-1.028,0.1929
382,N,C,-0.2808,-0.2808,1,2,0.5,,-0.2808
382,N,D,-0.2138,-0.2138,2,2.5,1,-0.2113,-0.2164
382,N,E,-0.8457,-0.8457,2,3,1,-1.381,-0.3106
382,N,F,0.1758,0.1758,2,2,1,1.015,-0.6636
382,N,G,-0.1355,-0.1355,2,1,1,-0.2496,-0.02142
382,N,H,0.2213,0.2213,2,3.5,1,0.4383,0.004191
382,N,I,-0.5212,-0.5212,2,3,1,-0.8749,-0.1676
382,N,K,0.2276,0.2276,2,2,1,0.3484,0.1068
382,N,L,0.1556,0.1556,2,3,1,0.6714,-0.3603
382,N,M,-0.3765,-0.3765,2,1.5,1,-0.575,-0.1781
382,N,N,0,0,2,,1,0,0
382,N,Q,-0.2745,-0.2745,1,5,0.5,,-0.2745
382,N,R,0.276,0.276,2,2.5,1,0.6464,-0.0945
382,N,S,-0.341,-0.341,2,3,1,-0.5833,-0.09879
382,N,T,-0.1138,-0.1138,2,4,1,-0.1041,-0.1235
382,N,V,-0.3262,-0.3262,2,3.5,1,-0.377,-0.2754
382,N,W,0.1086,0.1086,2,2.5,1,0.3353,-0.1182
382,N,Y,-0.1015,-0.1015,2,1,1,0.754,-0.957
383,S,A,-0.2934,-0.2934,2,2.5,1,-0.6825,0.09568
383,S,C,0.4858,0.4858,2,3,1,0.913,0.05851
383,S,D,0.03609,0.03609,1,1,0.5,,0.03609
383,S,E,-0.01414,-0.01414,2,1,1,0.2959,-0.3242
383,S,F,1.158,1.158,2,3.5,1,1.978,0.3389
383,S,G,0.09515,0.09515,1,1,0.5,,0.09515
383,S,H,0.05453,0.05453,2,2,1,0.3492,-0.2402
383,S,I,-1.027,-1.027,2,1.5,1,-2.075,0.02153
383,S,K,-0.41,-0.41,1,1,0.5,-0.41,
383,S,L,-2.075,-2.075,1,1,0.5,-2.075,
383,S,M,-0.1121,-0.1121,2,4,1,-0.06362,-0.1605
383,S,N,-1.429,-1.429,2,1.5,1,-2.867,0.01013
383,S,Q,0.2331,0.2331,2,3.5,1,0.6679,-0.2017
383,S,R,-0.3159,-0.3159,2,2.5,1,-0.4368,-0.1951
383,S,S,0,0,2,,1,0,0
383,S,T,0.02752,0.02752,2,3,1,-0.3516,0.4066
383,S,V,-1.206,-1.206,2,1.5,1,-1.844,-0.5675
383,S,W,0.1517,0.1517,2,1,1,0.0793,0.2242
383,S,Y,-0.5548,-0.5548,2,3,1,-0.9684,-0.1412
384,I,C,-0.3403,-0.3403,2,4,1,0.284,-0.9646
384,I,E,-0.03256,-0.03256,1,1,0.5,-0.03256,
384,I,G,-0.9111,-0.9111,1,1,0.5,-0.9111,
384,I,H,-1.137,-1.137,1,1,0.5,-1.137,
384,I,I,0,0,2,,1,0,0
384,I,L,0.03734,0.03734,2,4,1,0.3734,-0.2988
384,I,M,-0.5994,-0.5994,2,2,1,-0.9251,-0.2736
384,I,T,-1.484,-1.484,1,1,0.5,-1.484,
384,I,V,-0.01927,-0.01927,2,4,1,0.07905,-0.1176
384,I,W,-0.1078,-0.1078,2,3,1,-0.1762,-0.03942
384,I,Y,-0.296,-0.296,2,3,1,-0.5762,-0.0157
385,I,A,-0.01553,-0.01553,2,1.5,1,0.2529,-0.284
385,I,C,0.4676,0.4676,2,3.5,1,0.1916,0.7437
385,I,D,-0.2186,-0.2186,1,1,0.5,,-0.2186
385,I,E,2.131,2.131,1,0.5,0.5,,2.131
385,I,F,0.366,0.366,2,1,1,-0.09137,0.8234
385,I,G,-0.3236,-0.3236,1,3,0.5,,-0.3236
385,I,H,-1.616,-1.616,1,2,0.5,-1.616,
385,I,I,0,0,2,,1,0,0
385,I,K,0.1407,0.1407,1,3,0.5,,0.1407
385,I,L,-0.3586,-0.3586,2,4.5,1,-0.6151,-0.1022
385,I,M,-0.0561,-0.0561,2,3.5,1,-0.222,0.1098
385,I,N,-1.403,-1.403,2,1,1,-2.048,-0.7588
385,I,P,-2.048,-2.048,1,1,0.5,-2.048,
385,I,Q,-0.1508,-0.1508,1,2,0.5,-0.1508,
385,I,R,0.1925,0.1925,2,5,1,0.8824,-0.4974
385,I,S,-0.4041,-0.4041,2,2.5,1,-0.86,0.0518
385,I,T,-0.3881,-0.3881,2,3.5,1,-0.5635,-0.2128
385,I,V,-0.1901,-0.1901,2,4,1,-0.528,0.1479
385,I,Y,1.019,1.019,1,1,0.5,,1.019
386,D,A,-0.01618,-0.01618,2,5.5,1,-0.06647,0.03411
386,D,C,0.1268,0.1268,2,2,1,0.6149,-0.3614
386,D,D,0,0,2,,1,0,0
386,D,E,0.02325,0.02325,2,4,1,0.004455,0.04204
386,D,F,0.2676,0.2676,2,3,1,0.1335,0.4017
386,D,G,0.5832,0.5832,2,3,1,0.9792,0.1873
386,D,H,0.3827,0.3827,2,4,1,0.5389,0.2264
386,D,I,-0.0387,-0.0387,2,3.5,1,-0.214,0.1366
386,D,K,0.301,0.301,2,3,1,0.07658,0.5255
386,D,L,-0.9541,-0.9541,1,3,0.5,-0.9541,
386,D,M,1.505,1.505,2,2.5,1,2.774,0.2349
386,D,N,0.1115,0.1115,2,3,1,0.03825,0.1848
386,D,Q,0.2148,0.2148,2,2.5,1,0.3007,0.1289
386,D,R,0.1662,0.1662,2,1,1,0.1902,0.1421
386,D,S,-1.005,-1.005,2,1,1,-2.039,0.02971
386,D,T,0.08021,0.08021,2,4,1,-0.1165,0.277
386,D,V,0.1267,0.1267,2,4,1,0.268,-0.0146
386,D,W,-0.2545,-0.2545,1,4,0.5,-0.2545,
386,D,Y,0.03488,0.03488,2,3.5,1,-0.1257,0.1955
387,K,A,0.2478,0.2478,2,3.5,1,0.04211,0.4535
387,K,C,-0.07098,-0.07098,2,3,1,-0.154,0.01199
387,K,E,0.2547,0.2547,2,1.5,1,0.6081,-0.09863
387,K,G,0.03866,0.03866,2,1,1,0.4926,-0.4153
387,K,H,-0.4482,-0.4482,1,3,0.5,,-0.4482
387,K,I,0.1746,0.1746,1,3,0.5,0.1746,
387,K,K,0,0,2,,1,0,0
387,K,L,-0.9872,-0.9872,1,1,0.5,-0.9872,
387,K,M,-0.5382,-0.5382,2,1.5,1,-0.4486,-0.6278
387,K,N,-0.2419,-0.2419,2,6,1,-0.36,-0.1237
387,K,P,-0.03916,-0.03916,1,2,0.5,-0.03916,
387,K,Q,-0.3726,-0.3726,2,4.5,1,-0.3088,-0.4363
387,K,R,0.4664,0.4664,2,4,1,0.7645,0.1682
387,K,S,-0.01533,-0.01533,2,1,1,-0.08018,0.04952
387,K,T,0.2461,0.2461,2,4.5,1,0.6313,-0.139
387,K,V,0.7416,0.7416,2,2,1,0.8304,0.6528
387,K,Y,-0.1295,-0.1295,2,1.5,1,-1.731,1.472
388,M,A,1.54,1.54,1,2,0.5,1.54,
388,M,C,0.5717,0.5717,2,2.5,1,1.036,0.1073
388,M,F,-1.154,-1.154,2,1,1,-2.048,-0.2602
388,M,H,-0.01585,-0.01585,1,1,0.5,-0.01585,
388,M,I,-0.08932,-0.08932,2,4.5,1,-0.4646,0.2859
388,M,K,-2.057,-2.057,1,1,0.5,-2.057,
388,M,L,-2.514,-2.514,1,2,0.5,-2.514,
388,M,M,0,0,2,,1,0,0
388,M,Q,0.1477,0.1477,1,1,0.5,0.1477,
388,M,R,-2.057,-2.057,1,1,0.5,-2.057,
388,M,S,-2.057,-2.057,1,1,0.5,-2.057,
388,M,T,-0.08546,-0.08546,2,3.5,1,0.1404,-0.3113
388,M,V,0.3627,0.3627,2,1.5,1,-0.08351,0.8088
389,N,A,-0.6541,-0.6541,1,2,0.5,,-0.6541
389,N,C,0.0537,0.0537,2,3,1,0.1447,-0.03729
389,N,D,-1.19,-1.19,2,3.5,1,-2.308,-0.07128
389,N,E,0.0907,0.0907,2,4,1,0.2364,-0.05498
389,N,F,-1.411,-1.411,1,2,0.5,-1.411,
389,N,G,0.1924,0.1924,2,2,1,0.2879,0.09691
389,N,H,0.1251,0.1251,2,3.5,1,0.2952,-0.04492
389,N,I,-0.2612,-0.2612,2,3.5,1,-0.4601,-0.06231
389,N,K,0.3446,0.3446,2,3,1,0.6347,0.05449
389,N,L,0.4915,0.4915,2,1.5,1,0.8557,0.1274
389,N,N,0,0,2,,1,0,0
389,N,Q,0.1531,0.1531,2,2.5,1,0.2293,0.07692
389,N,R,0.323,0.323,2,3.5,1,0.4107,0.2354
389,N,S,0.03547,0.03547,2,3.5,1,-0.5932,0.6641
389,N,T,0.08898,0.08898,2,4.5,1,0.2105,-0.03251
389,N,V,0.2329,0.2329,2,3,1,0.577,-0.1112
389,N,W,-0.7214,-0.7214,1,1,0.5,,-0.7214
389,N,Y,-0.09017,-0.09017,2,3.5,1,-0.02895,-0.1514
390,T,A,-0.004151,-0.004151,2,2,1,0.0468,-0.0551
390,T,C,-0.5888,-0.5888,2,2,1,-0.2567,-0.9209
390,T,D,0.6302,0.6302,1,4,0.5,0.6302,
390,T,E,0.2523,0.2523,2,1.5,1,-0.07827,0.5829
390,T,F,-0.2433,-0.2433,2,1.5,1,-0.3379,-0.1487
390,T,G,-0.1414,-0.1414,2,3,1,0.329,-0.6117
390,T,H,0.6816,0.6816,2,1,1,0.4876,0.8756
390,T,I,0.3376,0.3376,2,3.5,1,0.6299,0.04525
390,T,K,-2.126,-2.126,1,1,0.5,-2.126,
390,T,L,-0.2732,-0.2732,2,2.5,1,-0.5459,-0.0004011
390,T,M,0.3039,0.3039,2,2.5,1,0.9045,-0.2967
390,T,N,-0.1006,-0.1006,2,1.5,1,-0.107,-0.09423
390,T,P,0.793,0.793,1,1,0.5,0.793,
390,T,Q,-0.2337,-0.2337,2,2,1,-0.1175,-0.3498
390,T,R,-0.06474,-0.06474,2,1.5,1,-1.028,0.8983
390,T,S,-0.3115,-0.3115,2,1,1,-0.1658,-0.4572
390,T,T,0,0,2,,1,0,0
390,T,V,-0.2007,-0.2007,2,3,1,-0.3404,-0.06095
390,T,W,-0.5271,-0.5271,2,1.5,1,-0.5339,-0.5203
390,T,Y,0.3858,0.3858,1,1,0.5,,0.3858
391,Q,A,-0.1723,-0.1723,2,1.5,1,0.08515,-0.4297
391,Q,C,0.4232,0.4232,1,1,0.5,0.4232,
391,Q,D,0.358,0.358,2,1.5,1,0.7398,-0.02388
391,Q,E,-0.1362,-0.1362,2,2.5,1,-0.2859,0.01346
391,Q,G,-1.183,-1.183,2,2.5,1,-1.811,-0.5551
391,Q,H,-0.03079,-0.03079,2,3.5,1,-0.1099,0.04829
391,Q,I,0.6357,0.6357,1,1,0.5,0.6357,
391,Q,K,1.06,1.06,2,4.5,1,2.205,-0.08577
391,Q,L,-2.353,-2.353,1,2,0.5,-2.353,
391,Q,N,0.1799,0.1799,2,3.25,1,0.3737,-0.01386
391,Q,P,-0.3316,-0.3316,2,2,1,-0.9252,0.2619
391,Q,Q,0,0,2,,1,0,0
391,Q,R,-0.223,-0.223,2,3.5,1,-0.499,0.05302
391,Q,S,0.1328,0.1328,2,3,1,0.3707,-0.1051
391,Q,T,0.02402,0.02402,1,2,0.5,0.02402,
391,Q,V,0.6256,0.6256,1,2,0.5,0.6256,
391,Q,Y,-0.5502,-0.5502,1,4,0.5,-0.5502,
392,F,A,-0.9057,-0.9057,2,1.5,1,-1.1,-0.7112
392,F,C,-1.213,-1.213,1,1,0.5,,-1.213
392,F,D,-0.3731,-0.3731,2,2.5,1,0.1328,-0.8789
392,F,E,-0.2685,-0.2685,2,4.5,1,-0.3733,-0.1637
392,F,F,0,0,2,,1,0,0
392,F,G,-0.3898,-0.3898,1,1,0.5,,-0.3898
392,F,I,-0.3978,-0.3978,2,1.5,1,-0.1803,-0.6152
392,F,K,-2.114,-2.114,1,1,0.5,-2.114,
392,F,L,-0.4679,-0.4679,1,1,0.5,-0.4679,
392,F,M,-0.1734,-0.1734,2,1.5,1,-0.04547,-0.3012
392,F,N,-0.05199,-0.05199,2,3,1,-0.3416,0.2376
392,F,P,-1.568,-1.568,1,2,0.5,-1.568,
392,F,Q,-1.121,-1.121,2,2,1,-2.445,0.2029
392,F,S,-1.656,-1.656,2,1,1,-2.099,-1.213
392,F,T,-0.6699,-0.6699,2,1,1,-0.47,-0.8698
392,F,V,-0.4509,-0.4509,1,1,0.5,-0.4509,
392,F,W,-0.403,-0.403,2,2.5,1,-0.7688,-0.03722
392,F,Y,-0.3178,-0.3178,2,4,1,-0.5639,-0.07177
393,E,A,0.1007,0.1007,2,1.5,1,0.3371,-0.1356
393,E,C,0.33,0.33,2,3.5,1,0.3902,0.2698
393,E,D,-0.5809,-0.5809,1,4,0.5,-0.5809,
393,E,E,0,0,2,,1,0,0
393,E,G,-0.4731,-0.4731,2,2,1,-0.9888,0.04252
393,E,H,-0.6767,-0.6767,2,2.5,1,-0.3129,-1.04
393,E,I,-0.2309,-0.2309,2,1.5,1,-0.07545,-0.3864
393,E,L,0.3426,0.3426,2,2,1,0.5017,0.1834
393,E,M,0.1182,0.1182,2,2,1,0.3199,-0.08356
393,E,N,-0.3731,-0.3731,2,2.5,1,-0.4311,-0.315
393,E,P,-1.634,-1.634,2,1,1,-2.066,-1.202
393,E,Q,-0.2186,-0.2186,2,2.5,1,-0.3871,-0.05008
393,E,R,-0.5822,-0.5822,2,1.5,1,-0.2183,-0.9461
393,E,S,0.3507,0.3507,2,3,1,0.8852,-0.1838
393,E,T,0.1687,0.1687,2,5,1,0.4086,-0.07105
393,E,V,-0.6985,-0.6985,2,1.5,1,-1.489,0.092
393,E,W,-0.6344,-0.6344,1,2,0.5,-0.6344,
393,E,Y,-0.005982,-0.005982,1,6,0.5,-0.005982,
394,A,A,0,0,2,,1,0,0
394,A,C,-1.265,-1.265,1,3,0.5,-1.265,
394,A,E,-2.134,-2.134,1,1,0.5,-2.134,
394,A,F,-0.6456,-0.6456,1,3,0.5,,-0.6456
394,A,G,-0.7669,-0.7669,2,1.5,1,-1.16,-0.3738
394,A,H,-0.9311,-0.9311,1,1,0.5,,-0.9311
394,A,I,-0.1038,-0.1038,1,1,0.5,,-0.1038
394,A,N,-1.672,-1.672,2,1,1,-2.134,-1.21
394,A,Q,-2.134,-2.134,1,1,0.5,-2.134,
394,A,S,-0.2065,-0.2065,2,5,1,-0.2008,-0.2122
394,A,T,-1.278,-1.278,2,1,1,-2.134,-0.4224
394,A,V,0.2303,0.2303,1,1,0.5,0.2303,
394,A,W,-1.342,-1.342,2,1.5,1,-2.096,-0.5884
394,A,Y,-1.21,-1.21,1,1,0.5,,-1.21
395,V,A,-0.2733,-0.2733,2,5,1,-0.675,0.1284
395,V,C,0.2385,0.2385,2,4,1,0.6448,-0.1678
395,V,D,-0.1268,-0.1268,2,3.5,1,0.1291,-0.3827
395,V,E,0.02062,0.02062,1,5,0.5,0.02062,
395,V,F,0.07585,0.07585,2,3.5,1,0.2372,-0.08546
395,V,G,0.004808,0.004808,2,2.5,1,-0.1254,0.135
395,V,I,-0.8763,-0.8763,2,1,1,-1.272,-0.481
395,V,K,1.233,1.233,1,2,0.5,1.233,
395,V,L,0.2078,0.2078,2,3,1,0.3871,0.02852
395,V,M,0.01519,0.01519,2,4,1,0.005692,0.02469
395,V,N,0.004214,0.004214,2,1,1,-2.053,2.061
395,V,P,-0.9417,-0.9417,2,1,1,-2.053,0.1695
395,V,Q,-0.6259,-0.6259,2,4,1,-0.5257,-0.726
395,V,R,0.301,0.301,2,2.5,1,0.2439,0.3581
395,V,S,-0.1791,-0.1791,2,3,1,-0.3815,0.02335
395,V,T,0.1558,0.1558,2,2,1,0.3053,0.006395
395,V,V,0,0,2,,1,0,0
395,V,W,3.096,3.096,1,0.5,0.5,,3.096
395,V,Y,2.138,2.138,2,0.75,1,1.179,3.096
396,G,A,-0.2391,-0.2391,2,4,1,-0.2519,-0.2264
396,G,C,-0.1096,-0.1096,2,3.5,1,0.08342,-0.3026
396,G,D,-0.1595,-0.1595,2,2.5,1,-0.008665,-0.3103
396,G,E,-0.1184,-0.1184,1,5,0.5,,-0.1184
396,G,F,0.9344,0.9344,1,1,0.5,,0.9344
396,G,G,0,0,2,,1,0,0
396,G,I,-0.4076,-0.4076,2,1,1,0.3042,-1.119
396,G,K,-0.3651,-0.3651,1,1,0.5,-0.3651,
396,G,M,-1.597,-1.597,2,1,1,-1.99,-1.204
396,G,N,-0.07968,-0.07968,2,2.5,1,-0.02058,-0.1388
396,G,P,-0.6589,-0.6589,2,2.5,1,-1.46,0.1418
396,G,Q,0.6078,0.6078,2,2,1,1.404,-0.1884
396,G,S,-0.03869,-0.03869,2,2.5,1,-0.01491,-0.06246
396,G,T,0.04884,0.04884,2,1.5,1,-0.04377,0.1415
396,G,V,0.1513,0.1513,2,4,1,0.3028,-0.0001809
396,G,W,-0.6464,-0.6464,1,1,0.5,,-0.6464
396,G,Y,0.7475,0.7475,1,1,0.5,0.7475,
397,R,A,0.2573,0.2573,2,3,1,0.4751,0.03942
397,R,C,0.3671,0.3671,2,7,1,0.5374,0.1968
397,R,D,0.7536,0.7536,2,1.5,1,1.529,-0.02164
397,R,E,0.1266,0.1266,2,3.5,1,0.2749,-0.02163
397,R,F,0.03265,0.03265,2,2,1,-1.142,1.207
397,R,G,-0.09503,-0.09503,2,4,1,-0.2912,0.1012
397,R,H,-0.03154,-0.03154,1,4,0.5,,-0.03154
397,R,I,1.102,1.102,2,1,1,1.848,0.3568
397,R,K,0.3566,0.3566,2,3.5,1,0.6295,0.08374
397,R,M,0.3961,0.3961,2,2,1,1.237,-0.4452
397,R,N,0.3684,0.3684,2,5,1,0.482,0.2549
397,R,P,0.3085,0.3085,2,2,1,0.3232,0.2939
397,R,Q,0.2208,0.2208,2,6.5,1,0.3407,0.1009
397,R,R,0,0,2,,1,0,0
397,R,S,0.5988,0.5988,2,5.5,1,0.6248,0.5729
397,R,T,-0.2425,-0.2425,2,1.5,1,-0.5599,0.07491
397,R,V,0.3213,0.3213,2,1.5,1,0.5805,0.06217
397,R,W,0.08755,0.08755,2,1.5,1,0.232,-0.05694
397,R,Y,0.6251,0.6251,2,2,1,0.9713,0.279
398,E,C,-0.8354,-0.8354,2,3,1,-1.927,0.2564
398,E,D,0.1328,0.1328,2,6.5,1,0.3314,-0.06582
398,E,E,0,0,2,,1,0,0
398,E,F,0.2931,0.2931,1,1,0.5,0.2931,
398,E,G,-0.2341,-0.2341,2,1,1,0.3799,-0.8481
398,E,H,-1.481,-1.481,2,1,1,-2.029,-0.9332
398,E,I,-2.029,-2.029,1,1,0.5,-2.029,
398,E,M,-1.307,-1.307,2,1,1,-3.475,0.8617
398,E,N,1.683,1.683,2,4,1,2.449,0.9166
398,E,P,-0.0136,-0.0136,1,3,0.5,-0.0136,
398,E,Q,-0.2031,-0.2031,2,4,1,-0.02507,-0.3811
398,E,S,-0.5924,-0.5924,2,1.5,1,-0.5455,-0.6394
398,E,T,-0.6754,-0.6754,2,1,1,-0.5074,-0.8434
398,E,V,0.8024,0.8024,2,3.5,1,1.628,-0.02363
398,E,Y,-0.7195,-0.7195,1,1,0.5,,-0.7195
399,F,E,-0.6724,-0.6724,1,1,0.5,-0.6724,
399,F,F,0,0,2,,1,0,0
399,F,I,-2.014,-2.014,1,1,0.5,-2.014,
399,F,M,-1.061,-1.061,1,1,0.5,,-1.061
399,F,S,-1.4,-1.4,1,1,0.5,-1.4,
399,F,T,0.2,0.2,1,1,0.5,,0.2
399,F,V,-2.014,-2.014,1,1,0.5,-2.014,
399,F,W,0.6599,0.6599,2,2.5,1,0.6193,0.7004
399,F,Y,-0.8793,-0.8793,2,1.5,1,-1.866,0.1078
400,N,A,-0.03217,-0.03217,1,5,0.5,,-0.03217
400,N,C,-0.5774,-0.5774,2,3,1,-0.8102,-0.3446
400,N,D,0.1262,0.1262,2,3,1,0.4415,-0.1892
400,N,E,-0.5315,-0.5315,2,1,1,-0.4195,-0.6436
400,N,F,0.3442,0.3442,1,1,0.5,,0.3442
400,N,G,-0.801,-0.801,2,2.5,1,-1.578,-0.02433
400,N,H,-0.2977,-0.2977,2,3,1,-0.4249,-0.1704
400,N,I,-1.209,-1.209,1,1,0.5,,-1.209
400,N,K,-0.65,-0.65,2,3.5,1,-0.7354,-0.5647
400,N,M,-0.6166,-0.6166,2,1.5,1,-0.8926,-0.3406
400,N,N,0,0,2,,1,0,0
400,N,Q,-0.4468,-0.4468,1,2,0.5,,-0.4468
400,N,S,-0.771,-0.771,2,2.5,1,-1.448,-0.09364
400,N,T,-0.3699,-0.3699,2,1,1,-0.8292,0.08943
400,N,V,-0.7874,-0.7874,1,3,0.5,,-0.7874
400,N,Y,-1.042,-1.042,1,1,0.5,-1.042,
401,N,A,0.2392,0.2392,1,4,0.5,0.2392,
401,N,C,0.06768,0.06768,2,2,1,0.1671,-0.03173
401,N,D,0.2315,0.2315,2,2.5,1,0.4506,0.01238
401,N,E,-0.3253,-0.3253,2,1.5,1,-0.4237,-0.2268
401,N,F,-0.5074,-0.5074,2,2.5,1,-0.8835,-0.1313
401,N,G,-0.5887,-0.5887,2,3,1,-1.022,-0.1554
401,N,H,-0.01292,-0.01292,1,1,0.5,-0.01292,
401,N,I,0.001116,0.001116,1,5,0.5,,0.001116
401,N,K,-0.1824,-0.1824,2,5,1,-0.4266,0.0618
401,N,L,-0.2463,-0.2463,2,1.5,1,-0.6856,0.1931
401,N,M,-0.7257,-0.7257,2,2,1,-1.179,-0.2723
401,N,N,0,0,2,,1,0,0
401,N,P,0.5252,0.5252,2,2.5,1,1.24,-0.1901
401,N,Q,0.002186,0.002186,2,3.5,1,-0.1295,0.1338
401,N,R,-0.8148,-0.8148,2,2.5,1,-0.843,-0.7866
401,N,S,0.1226,0.1226,2,1.5,1,0.2664,-0.02119
401,N,T,0.07187,0.07187,2,7,1,0.06865,0.07509
401,N,V,-0.1532,-0.1532,2,3.5,1,-0.3067,0.0003705
401,N,W,-0.00606,-0.00606,2,3.5,1,0.05688,-0.069
401,N,Y,-0.01031,-0.01031,2,2,1,0.04811,-0.06874
402,L,A,-0.4443,-0.4443,1,3,0.5,,-0.4443
402,L,C,-0.5369,-0.5369,2,2.5,1,-1.355,0.2812
402,L,D,0.0896,0.0896,2,3,1,0.08997,0.08924
402,L,E,1.516,1.516,2,3.5,1,3.037,-0.004546
402,L,F,-0.4875,-0.4875,2,2,1,-1.125,0.1496
402,L,G,-0.1279,-0.1279,2,1.5,1,-0.2826,0.02679
402,L,H,0.1785,0.1785,1,3,0.5,0.1785,
402,L,I,-0.04408,-0.04408,2,1.5,1,0.006685,-0.09485
402,L,K,-0.9764,-0.9764,1,2,0.5,-0.9764,
402,L,L,0,0,2,,1,0,0
402,L,M,0.3444,0.3444,2,6,1,0.8315,-0.1427
402,L,N,0.3504,0.3504,2,2.5,1,-0.1756,0.8765
402,L,P,-0.5024,-0.5024,1,1,0.5,,-0.5024
402,L,Q,0.2611,0.2611,2,2.5,1,0.2898,0.2325
402,L,R,0.243,0.243,2,1.5,1,0.505,-0.01895
402,L,T,-0.6002,-0.6002,1,1,0.5,-0.6002,
402,L,V,-0.01672,-0.01672,2,2,1,0.09757,-0.131
402,L,W,0.3323,0.3323,2,1.5,1,-0.2118,0.8765
402,L,Y,0.03279,0.03279,2,3.5,1,0.4859,-0.4203
403,E,A,0.3347,0.3347,1,1,0.5,,0.3347
403,E,C,-2.221,-2.221,1,2,0.5,-2.221,
403,E,E,0,0,2,,1,0,0
403,E,F,1.069,1.069,1,1,0.5,,1.069
403,E,P,0.04686,0.04686,1,1,0.5,0.04686,
403,E,Q,-1.914,-1.914,1,1,0.5,-1.914,
403,E,R,-0.547,-0.547,1,1,0.5,,-0.547
404,R,A,-0.3841,-0.3841,1,4,0.5,-0.3841,
404,R,C,-1.192,-1.192,2,2.5,1,-2.013,-0.3723
404,R,G,0.01662,0.01662,1,1,0.5,,0.01662
404,R,H,-0.2103,-0.2103,2,3,1,-0.04776,-0.3729
404,R,I,-0.8384,-0.8384,2,3.5,1,-0.8938,-0.7831
404,R,K,0.2513,0.2513,2,4,1,0.2864,0.2162
404,R,L,0.6397,0.6397,2,3.5,1,1.661,-0.3813
404,R,M,0.3984,0.3984,2,4,1,0.8677,-0.07099
404,R,Q,0.03828,0.03828,2,6,1,-0.02156,0.09812
404,R,R,0,0,2,,1,0,0
404,R,S,-0.3986,-0.3986,1,2,0.5,,-0.3986
404,R,T,-0.1654,-0.1654,1,4,0.5,-0.1654,
404,R,V,-1.146,-1.146,2,1,1,-2.011,-0.2814
404,R,W,-1.638,-1.638,1,1,0.5,-1.638,
404,R,Y,-0.6229,-0.6229,1,1,0.5,-0.6229,
405,R,C,-1.653,-1.653,1,1,0.5,-1.653,
405,R,G,-0.2789,-0.2789,1,1,0.5,,-0.2789
405,R,K,-0.1389,-0.1389,1,1,0.5,,-0.1389
405,R,L,-1.653,-1.653,1,1,0.5,-1.653,
405,R,N,0.1759,0.1759,1,1,0.5,,0.1759
405,R,R,0,0,2,,1,0,0
405,R,S,2.037,2.037,1,1,0.5,2.037,
406,I,A,-1.937,-1.937,1,1,0.5,-1.937,
406,I,F,-0.1621,-0.1621,2,3.5,1,-0.3365,0.01222
406,I,G,-1.937,-1.937,1,1,0.5,-1.937,
406,I,I,0,0,2,,1,0,0
406,I,L,0.1833,0.1833,2,4,1,0.369,-0.00251
406,I,M,-0.4357,-0.4357,1,3,0.5,-0.4357,
406,I,S,-0.5569,-0.5569,1,1,0.5,,-0.5569
406,I,V,-0.4045,-0.4045,2,2,1,-0.8636,0.05457
406,I,W,0.167,0.167,2,4,1,0.3573,-0.02323
406,I,Y,0.6456,0.6456,1,2,0.5,,0.6456
407,E,A,0.3717,0.3717,2,2.5,1,0.6717,0.07169
407,E,C,0.08825,0.08825,2,2.5,1,0.3351,-0.1586
407,E,D,-0.09517,-0.09517,2,3.5,1,0.06708,-0.2574
407,E,E,0,0,2,,1,0,0
407,E,F,0.5937,0.5937,2,4,1,0.6617,0.5256
407,E,G,0.03114,0.03114,2,3.5,1,0.08747,-0.02518
407,E,H,0.2847,0.2847,2,2.5,1,0.4834,0.08614
407,E,K,0.4762,0.4762,2,2.5,1,0.07209,0.8803
407,E,L,0.1541,0.1541,2,1.5,1,0.08704,0.2212
407,E,M,0.6815,0.6815,2,1.5,1,0.7536,0.6094
407,E,N,0.2024,0.2024,2,2,1,-0.072,0.4769
407,E,Q,0.4153,0.4153,1,4,0.5,0.4153,
407,E,R,0.3752,0.3752,1,5,0.5,0.3752,
407,E,S,0.1365,0.1365,1,3,0.5,,0.1365
407,E,T,0.7192,0.7192,2,3,1,0.7218,0.7166
407,E,V,1.362,1.362,1,2,0.5,1.362,
407,E,W,0.1823,0.1823,2,1.5,1,0.2008,0.1637
407,E,Y,0.2022,0.2022,2,2.5,1,0.2429,0.1614
408,N,A,0.6973,0.6973,2,3,1,1.024,0.3707
408,N,C,0.02995,0.02995,1,4,0.5,0.02995,
408,N,D,-0.2707,-0.2707,2,2.25,1,-0.9643,0.4229
408,N,E,-0.4035,-0.4035,2,4.5,1,-0.4972,-0.3099
408,N,F,0.1784,0.1784,2,3.5,1,0.3758,-0.01903
408,N,G,0.2189,0.2189,2,4.5,1,0.06347,0.3743
408,N,H,-0.1913,-0.1913,2,1.5,1,-0.8629,0.4804
408,N,I,-0.07888,-0.07888,2,1.5,1,-0.3515,0.1938
408,N,K,1.436,1.436,2,3.5,1,1.688,1.185
408,N,L,0.5452,0.5452,2,4,1,1.06,0.03037
408,N,M,0.9557,0.9557,2,4.5,1,1.196,0.7159
408,N,N,0,0,2,,1,0,0
408,N,Q,0.4178,0.4178,2,3.5,1,0.5905,0.2451
408,N,S,0.1737,0.1737,2,2,1,0.2226,0.1249
408,N,T,0.4669,0.4669,2,4.5,1,0.6832,0.2506
408,N,V,0.779,0.779,2,3,1,0.8767,0.6813
408,N,W,-0.4167,-0.4167,2,3,1,-0.4942,-0.3392
408,N,Y,1.083,1.083,2,4,1,1.349,0.8159
409,L,F,-1.44,-1.44,1,1,0.5,,-1.44
409,L,I,0.6422,0.6422,2,1.5,1,1.338,-0.05395
409,L,L,0,0,2,,1,0,0
409,L,M,0.02242,0.02242,2,1,1,0.2164,-0.1715
409,L,R,-1.796,-1.796,1,1,0.5,-1.796,
409,L,S,-1.796,-1.796,1,1,0.5,-1.796,
409,L,V,-0.02228,-0.02228,2,3.5,1,0.03324,-0.07779
410,N,A,-0.108,-0.108,2,2.5,1,-0.2431,0.02714
410,N,C,-0.1832,-0.1832,2,1,1,0.3396,-0.706
410,N,D,0.8,0.8,2,2,1,1.311,0.2888
410,N,E,0.6136,0.6136,2,2.5,1,0.6672,0.5599
410,N,G,0.9287,0.9287,2,2.5,1,1.795,0.0624
410,N,H,0.586,0.586,2,2,1,1.134,0.03762
410,N,K,1.585,1.585,2,1.5,1,1.487,1.682
410,N,M,3.189,3.189,1,1,0.5,,3.189
410,N,N,0,0,2,,1,0,0
410,N,Q,1.745,1.745,1,3,0.5,,1.745
410,N,R,1.723,1.723,2,0.75,1,0.3396,3.107
410,N,S,0.3133,0.3133,2,3.5,1,0.8908,-0.2643
410,N,V,2.894,2.894,2,0.75,1,2.759,3.029
410,N,W,0.03848,0.03848,2,1.5,1,-0.8694,0.9464
410,N,Y,1.082,1.082,2,1,1,0.3855,1.779
411,K,A,0.0296,0.0296,2,1.5,1,0.08542,-0.02621
411,K,C,-0.1706,-0.1706,2,3,1,0.3687,-0.7099
411,K,D,0.03634,0.03634,1,1,0.5,,0.03634
411,K,E,0.1751,0.1751,2,3.5,1,0.4184,-0.06815
411,K,F,1.427,1.427,1,1,0.5,1.427,
411,K,G,-0.4339,-0.4339,1,1,0.5,,-0.4339
411,K,H,0.03526,0.03526,1,5,0.5,0.03526,
411,K,I,0.4119,0.4119,2,1,1,1.51,-0.6856
411,K,K,0,0,2,,1,0,0
411,K,L,-1.015,-1.015,2,3,1,-2.085,0.05523
411,K,M,0.6228,0.6228,2,1.5,1,1.5,-0.2548
411,K,N,-0.3249,-0.3249,2,2,1,-0.505,-0.1448
411,K,Q,0.08342,0.08342,2,1.5,1,0.07064,0.0962
411,K,R,0.06794,0.06794,2,2,1,0.1255,0.01044
411,K,S,-0.1495,-0.1495,1,5,0.5,,-0.1495
411,K,T,0.4175,0.4175,2,1.5,1,1.16,-0.3246
411,K,V,-0.5165,-0.5165,2,4,1,-1.067,0.0341
411,K,W,-2.315,-2.315,1,2,0.5,-2.315,
411,K,Y,-0.364,-0.364,1,2,0.5,-0.364,
412,K,A,0.06908,0.06908,1,2,0.5,0.06908,
412,K,C,-0.6496,-0.6496,2,1,1,-0.6918,-0.6074
412,K,D,0.299,0.299,1,1,0.5,0.299,
412,K,E,0.9378,0.9378,2,1.5,1,0.7935,1.082
412,K,F,-0.5538,-0.5538,1,1,0.5,-0.5538,
412,K,G,-2.057,-2.057,1,1,0.5,-2.057,
412,K,H,0.5477,0.5477,2,2,1,0.299,0.7964
412,K,I,0.3284,0.3284,2,4,1,0.5189,0.1379
412,K,K,0,0,2,,1,0,0
412,K,L,0.2549,0.2549,2,1.5,1,0.6314,-0.1216
412,K,M,-0.6016,-0.6016,2,1.5,1,-0.9173,-0.286
412,K,N,-0.621,-0.621,2,2.5,1,-1.357,0.1146
412,K,Q,0.4059,0.4059,2,3.5,1,0.6669,0.1449
412,K,R,1.711,1.711,1,1.5,0.5,,1.711
412,K,S,0.4221,0.4221,1,1,0.5,0.4221,
412,K,T,-0.4087,-0.4087,1,2,0.5,-0.4087,
412,K,V,-0.5928,-0.5928,2,3,1,-0.8913,-0.2943
412,K,W,-0.966,-0.966,2,1,1,-2.08,0.1483
412,K,Y,-0.6661,-0.6661,2,2.5,1,-1.403,0.07107
413,M,C,-1.873,-1.873,1,1,0.5,-1.873,
413,M,F,-1.053,-1.053,2,1.5,1,-2.168,0.06246
413,M,G,2.523,2.523,1,1,0.5,2.523,
413,M,I,0.5112,0.5112,2,8,1,0.7976,0.2248
413,M,L,0.5933,0.5933,2,3,1,0.6562,0.5304
413,M,M,0,0,2,,1,0,0
413,M,S,2.925,2.925,1,0.5,0.5,,2.925
413,M,V,-0.1492,-0.1492,2,3.5,1,-0.3703,0.07198
414,E,A,0.5142,0.5142,2,2.5,1,0.861,0.1675
414,E,D,1.093,1.093,2,1,1,0.8712,1.315
414,E,E,0,0,2,,1,0,0
414,E,F,2.172,2.172,1,3,0.5,2.172,
414,E,G,2.095,2.095,1,0.5,0.5,,2.095
414,E,H,0.2297,0.2297,2,2.25,1,0.005989,0.4535
414,E,I,0.6,0.6,2,6,1,0.7001,0.4999
414,E,K,-1.058,-1.058,1,2,0.5,,-1.058
414,E,L,-1.283,-1.283,1,2,0.5,-1.283,
414,E,M,0.164,0.164,2,4.75,1,0.06481,0.2631
414,E,N,0.4772,0.4772,2,2,1,1.14,-0.1858
414,E,Q,-0.2318,-0.2318,2,2.5,1,-0.5741,0.1105
414,E,R,0.9198,0.9198,2,2,1,2.077,-0.2372
414,E,S,-0.2223,-0.2223,2,1,1,0.5561,-1.001
414,E,T,0.102,0.102,2,1.5,1,0.5158,-0.3117
414,E,V,-0.5664,-0.5664,2,2,1,-0.7303,-0.4025
414,E,W,0.5058,0.5058,1,1,0.5,,0.5058
414,E,Y,-0.552,-0.552,1,2,0.5,-0.552,
415,D,A,-0.8128,-0.8128,2,2,1,-1.96,0.3344
415,D,C,0.2475,0.2475,1,3,0.5,,0.2475
415,D,D,0,0,2,,1,0,0
415,D,E,-1.215,-1.215,2,2.5,1,-1.986,-0.444
415,D,G,-1.268,-1.268,2,1.5,1,-1.673,-0.864
415,D,H,-0.05484,-0.05484,1,2,0.5,,-0.05484
415,D,I,-0.5785,-0.5785,1,1,0.5,,-0.5785
415,D,L,-0.9766,-0.9766,2,1.5,1,-1.938,-0.01484
415,D,M,-0.366,-0.366,2,1.5,1,-0.7316,-0.0004762
415,D,N,-0.4193,-0.4193,2,7,1,-0.8154,-0.02323
415,D,Q,-0.1752,-0.1752,2,2.5,1,-0.04963,-0.3008
415,D,R,-0.574,-0.574,2,1,1,0.06347,-1.211
415,D,S,-0.5531,-0.5531,2,1,1,-0.9353,-0.171
415,D,T,-0.4741,-0.4741,1,6,0.5,,-0.4741
415,D,V,-0.1797,-0.1797,2,1.5,1,-0.04727,-0.3121
415,D,W,-0.3957,-0.3957,1,1,0.5,,-0.3957
416,G,A,-0.114,-0.114,2,3,1,-0.005507,-0.2225
416,G,C,-0.2302,-0.2302,1,1,0.5,,-0.2302
416,G,G,0,0,2,,1,0,0
416,G,H,-1.168,-1.168,1,1,0.5,,-1.168
416,G,L,-1.885,-1.885,1,1,0.5,-1.885,
416,G,N,0.8652,0.8652,2,2.5,1,1.656,0.0749
416,G,Q,-0.2985,-0.2985,2,2.5,1,-0.4549,-0.1421
416,G,R,1.481,1.481,2,1.5,1,2.487,0.4748
416,G,S,0.2396,0.2396,2,2.5,1,0.2749,0.2042
416,G,T,-1.167,-1.167,1,1,0.5,,-1.167
416,G,W,-1.946,-1.946,1,1,0.5,-1.946,
416,G,Y,-0.491,-0.491,2,3,1,-1.075,0.09285
417,F,C,-0.5748,-0.5748,1,1,0.5,-0.5748,
417,F,D,0.2206,0.2206,1,1,0.5,0.2206,
417,F,F,0,0,2,,1,0,0
417,F,L,-0.6915,-0.6915,2,3,1,-0.936,-0.4471
417,F,T,-0.05114,-0.05114,1,1,0.5,,-0.05114
417,F,V,-0.8509,-0.8509,1,1,0.5,,-0.8509
418,L,D,0.4504,0.4504,2,3,1,0.1559,0.7448
418,L,E,0.3108,0.3108,2,2.5,1,0.1647,0.4569
418,L,F,0.1615,0.1615,2,3.5,1,0.3229,0.0001734
418,L,H,0.4023,0.4023,2,2,1,-0.04311,0.8477
418,L,I,-0.2897,-0.2897,2,1.25,1,-1.897,1.317
418,L,L,0,0,2,,1,0,0
418,L,M,0.3529,0.3529,2,1,1,0.7416,-0.03583
418,L,N,0.773,0.773,2,2,1,0.8758,0.6702
418,L,Q,0.6712,0.6712,2,2,1,0.3576,0.9847
418,L,S,1.825,1.825,2,1.5,1,1.985,1.664
418,L,V,1.032,1.032,1,1,0.5,1.032,
418,L,W,-1.146,-1.146,1,1,0.5,,-1.146
418,L,Y,0.3033,0.3033,2,1.5,1,0.6631,-0.05661
419,D,A,1.186,1.186,2,1,1,1.753,0.6199
419,D,C,0.2242,0.2242,2,1,1,0.3819,0.06654
419,D,D,0,0,2,,1,0,0
419,D,E,0.1343,0.1343,2,3,1,-0.3096,0.5782
419,D,G,-0.699,-0.699,2,3,1,-1.393,-0.004771
419,D,H,0.006586,0.006586,1,1,0.5,0.006586,
419,D,I,-1.1,-1.1,1,1,0.5,,-1.1
419,D,L,0.02633,0.02633,1,1,0.5,,0.02633
419,D,M,0.3455,0.3455,2,2.5,1,0.3727,0.3183
419,D,N,-0.2644,-0.2644,2,5,1,-0.4086,-0.1203
419,D,P,-1.956,-1.956,1,1,0.5,-1.956,
419,D,Q,0.6671,0.6671,2,3,1,0.4288,0.9054
419,D,R,-1.491,-1.491,1,1,0.5,-1.491,
419,D,S,0.5777,0.5777,2,3,1,0.9431,0.2124
419,D,T,0.3041,0.3041,1,1,0.5,0.3041,
419,D,V,0.1426,0.1426,2,4,1,0.06649,0.2186
419,D,W,0.0606,0.0606,1,1,0.5,0.0606,
419,D,Y,-0.7929,-0.7929,2,2.5,1,-1.149,-0.4372
420,V,C,0.9967,0.9967,1,3,0.5,0.9967,
420,V,I,-0.0246,-0.0246,1,3,0.5,,-0.0246
420,V,L,0.1402,0.1402,2,3.5,1,0.3055,-0.02501
420,V,M,-0.06566,-0.06566,2,2.5,1,-0.1798,0.04847
420,V,N,-0.631,-0.631,1,1,0.5,,-0.631
420,V,P,-0.05892,-0.05892,1,1,0.5,,-0.05892
420,V,Q,-1.985,-1.985,1,1,0.5,-1.985,
420,V,S,-2.025,-2.025,1,1,0.5,-2.025,
420,V,T,0.05208,0.05208,2,2,1,-0.00462,0.1088
420,V,V,0,0,2,,1,0,0
420,V,Y,-0.7729,-0.7729,2,1.5,1,-2.359,0.8134
421,W,D,-3.783,-3.783,1,1,0.5,-3.783,
421,W,I,-2.521,-2.521,1,1,0.5,-2.521,
421,W,R,-1.645,-1.645,2,1,1,-2.193,-1.096
421,W,W,0,0,2,,1,0,0
421,W,Y,-2.572,-2.572,1,1,0.5,-2.572,
421,W,*,-0.2486,-0.2486,1,1,0.5,,-0.2486
422,T,A,-1.836,-1.836,1,1,0.5,-1.836,
422,T,H,1.071,1.071,1,1,0.5,1.071,
422,T,I,0.07358,0.07358,1,3,0.5,0.07358,
422,T,K,2.074,2.074,1,1,0.5,2.074,
422,T,Q,-0.341,-0.341,2,2,1,0.3106,-0.9926
422,T,R,-1.693,-1.693,2,1.5,1,-2.198,-1.187
422,T,S,0.08056,0.08056,2,2.5,1,0.1343,0.02686
422,T,T,0,0,2,,1,0,0
422,T,W,-1.047,-1.047,1,2,0.5,,-1.047
423,Y,E,-0.1707,-0.1707,1,1,0.5,,-0.1707
423,Y,F,-0.1936,-0.1936,1,2,0.5,,-0.1936
423,Y,N,1.405,1.405,1,0.5,0.5,,1.405
423,Y,Q,-0.9954,-0.9954,1,1,0.5,,-0.9954
423,Y,V,-2.454,-2.454,1,1,0.5,-2.454,
423,Y,W,0.5775,0.5775,1,1,0.5,,0.5775
423,Y,Y,0,0,2,,1,0,0
424,N,A,-2.019,-2.019,1,1,0.5,-2.019,
424,N,D,-0.07475,-0.07475,1,3,0.5,-0.07475,
424,N,E,0.1389,0.1389,2,2,1,0.2483,0.02954
424,N,F,-0.2053,-0.2053,1,3,0.5,-0.2053,
424,N,I,0.6943,0.6943,2,1,1,1.87,-0.4817
424,N,K,-1.948,-1.948,1,1,0.5,-1.948,
424,N,M,2.909,2.909,1,0.5,0.5,,2.909
424,N,N,0,0,2,,1,0,0
424,N,Q,0.8486,0.8486,2,1,1,0.1928,1.504
424,N,S,-1.002,-1.002,1,1,0.5,,-1.002
424,N,V,-2.019,-2.019,1,1,0.5,-2.019,
424,N,W,-1.342,-1.342,1,1,0.5,-1.342,
424,N,Y,-2.019,-2.019,1,1,0.5,-2.019,
425,A,A,0,0,2,,1,0,0
425,A,C,-0.8857,-0.8857,2,1,1,-1.741,-0.03072
425,A,E,-2.072,-2.072,1,1,0.5,-2.072,
425,A,G,-0.8202,-0.8202,2,2,1,-1.968,0.3274
425,A,I,-0.2871,-0.2871,2,3,1,-0.2111,-0.3631
425,A,L,-0.7825,-0.7825,1,2,0.5,-0.7825,
425,A,P,-2.071,-2.071,1,1,0.5,-2.071,
425,A,S,-0.2937,-0.2937,2,3.75,1,-0.6045,0.01715
425,A,T,-0.2663,-0.2663,2,7,1,-0.3479,-0.1847
425,A,V,-0.9964,-0.9964,2,2.5,1,-1.27,-0.7229
425,A,W,0.4417,0.4417,2,1,1,0.1318,0.7515
426,E,A,-0.3984,-0.3984,2,1,1,-0.8215,0.02471
426,E,D,0.529,0.529,2,2,1,0.7254,0.3326
426,E,E,0,0,2,,1,0,0
426,E,G,-0.4887,-0.4887,2,2,1,-0.7445,-0.233
426,E,H,-0.1538,-0.1538,1,1,0.5,-0.1538,
426,E,K,0.0207,0.0207,2,3.5,1,0.2888,-0.2474
426,E,M,-0.7855,-0.7855,1,1,0.5,,-0.7855
426,E,N,0.004999,0.004999,1,1,0.5,,0.004999
426,E,Q,-0.07207,-0.07207,2,3,1,0.1107,-0.2548
426,E,R,-0.1411,-0.1411,1,2,0.5,-0.1411,
426,E,S,-0.5214,-0.5214,1,1,0.5,,-0.5214
426,E,T,-1.176,-1.176,1,1,0.5,,-1.176
426,E,V,-0.5034,-0.5034,2,2,1,-0.9955,-0.01122
427,L,A,0.4739,0.4739,1,1,0.5,,0.4739
427,L,C,-0.2344,-0.2344,1,2,0.5,,-0.2344
427,L,D,-1.058,-1.058,1,1,0.5,-1.058,
427,L,F,0.6293,0.6293,1,3,0.5,0.6293,
427,L,I,-0.9252,-0.9252,2,3,1,-0.6814,-1.169
427,L,L,0,0,2,,1,0,0
427,L,M,0.3881,0.3881,2,3,1,0.1615,0.6148
427,L,N,-0.323,-0.323,1,1,0.5,,-0.323
427,L,R,1.912,1.912,1,1,0.5,,1.912
427,L,T,-1.343,-1.343,2,1.5,1,-2.343,-0.344
427,L,V,-0.5986,-0.5986,2,3.5,1,-1.171,-0.0262
427,L,W,-0.6906,-0.6906,1,1,0.5,,-0.6906
427,L,Y,-0.4934,-0.4934,2,3,1,-1.092,0.1048
428,L,C,-0.5486,-0.5486,1,2,0.5,,-0.5486
428,L,D,2.841,2.841,1,0.5,0.5,,2.841
428,L,F,-1.161,-1.161,2,3.5,1,-2.208,-0.1133
428,L,G,-0.3812,-0.3812,1,3,0.5,,-0.3812
428,L,I,-0.9403,-0.9403,2,2,1,-1.957,0.07617
428,L,K,-2.106,-2.106,1,1,0.5,-2.106,
428,L,L,0,0,2,,1,0,0
428,L,M,0.02093,0.02093,2,5.5,1,-0.08386,0.1257
428,L,N,-2.106,-2.106,1,1,0.5,-2.106,
428,L,P,-2.106,-2.106,1,1,0.5,-2.106,
428,L,Q,-1.324,-1.324,1,1,0.5,,-1.324
428,L,V,0.07233,0.07233,1,2,0.5,,0.07233
428,L,W,-0.6051,-0.6051,1,3,0.5,-0.6051,
428,L,Y,-0.187,-0.187,1,2,0.5,-0.187,
429,V,A,0.2759,0.2759,1,1,0.5,0.2759,
429,V,G,0.03226,0.03226,1,0.5,0.5,,0.03226
429,V,I,-0.1532,-0.1532,2,2.5,1,-0.1016,-0.2048
429,V,L,-0.5002,-0.5002,2,4,1,-0.6317,-0.3688
429,V,M,0.2756,0.2756,1,1,0.5,0.2756,
429,V,R,-1.15,-1.15,1,1,0.5,,-1.15
429,V,T,0.2371,0.2371,2,4.5,1,0.3843,0.08994
429,V,V,0,0,2,,1,0,0
429,V,W,-1.173,-1.173,1,1,0.5,,-1.173
429,V,Y,-1.827,-1.827,1,1,0.5,-1.827,
430,L,C,-1.08,-1.08,1,1,0.5,,-1.08
430,L,E,0.08057,0.08057,1,2,0.5,,0.08057
430,L,F,-2.078,-2.078,1,1,0.5,-2.078,
430,L,H,-2.078,-2.078,1,1,0.5,-2.078,
430,L,I,-0.4156,-0.4156,2,2,1,-0.5056,-0.3256
430,L,L,0,0,2,,1,0,0
430,L,M,-0.258,-0.258,2,3.5,1,-0.112,-0.4039
430,L,P,-2.405,-2.405,1,2,0.5,-2.405,
430,L,Q,0.706,0.706,1,1,0.5,0.706,
430,L,R,-2.078,-2.078,1,1,0.5,-2.078,
430,L,V,-0.9535,-0.9535,2,4,1,-1.346,-0.5607
431,M,A,-0.8902,-0.8902,2,1.5,1,-2.069,0.2886
431,M,C,2.49,2.49,1,0.5,0.5,,2.49
431,M,D,-0.9099,-0.9099,1,2,0.5,-0.9099,
431,M,E,-0.1871,-0.1871,1,2,0.5,,-0.1871
431,M,F,0.3489,0.3489,1,2,0.5,0.3489,
431,M,G,0.3218,0.3218,1,1,0.5,,0.3218
431,M,H,0.6744,0.6744,1,3,0.5,0.6744,
431,M,I,0.7838,0.7838,2,6.75,1,0.9519,0.6157
431,M,K,-1.25,-1.25,2,3,1,-2.448,-0.05278
431,M,L,-0.6266,-0.6266,2,3,1,-1.282,0.02894
431,M,M,0,0,2,,1,0,0
431,M,R,-0.9569,-0.9569,2,1.5,1,-2.039,0.1247
431,M,S,-0.2392,-0.2392,1,3,0.5,,-0.2392
431,M,T,0.1594,0.1594,2,1.5,1,1.48,-1.162
431,M,V,-0.09151,-0.09151,2,1.5,1,-2.069,1.886
431,M,W,0.1072,0.1072,2,3,1,-6.681e-05,0.2144
431,M,Y,-1.461,-1.461,2,2,1,-2.252,-0.6709
432,E,A,0.09207,0.09207,2,2,1,-0.06715,0.2513
432,E,C,0.4334,0.4334,1,4,0.5,0.4334,
432,E,E,0,0,2,,1,0,0
432,E,G,0.2005,0.2005,1,1,0.5,0.2005,
432,E,H,-2.003,-2.003,1,1,0.5,-2.003,
432,E,I,-1.95,-1.95,1,1,0.5,-1.95,
432,E,K,-0.6882,-0.6882,2,5,1,-0.858,-0.5183
432,E,L,-0.5871,-0.5871,1,2,0.5,,-0.5871
432,E,M,-0.5349,-0.5349,2,1.5,1,-0.07416,-0.9957
432,E,N,0.9897,0.9897,2,1.5,1,1.738,0.2413
432,E,Q,-0.5571,-0.5571,2,5,1,-0.4846,-0.6296
432,E,S,-0.1027,-0.1027,2,3,1,0.0216,-0.2271
432,E,T,-0.3093,-0.3093,2,2.5,1,-0.243,-0.3756
432,E,V,0.8663,0.8663,1,1,0.5,0.8663,
432,E,W,-0.2928,-0.2928,1,3,0.5,-0.2928,
434,E,C,-1.966,-1.966,1,1,0.5,-1.966,
434,E,D,0.4905,0.4905,2,3,1,0.2377,0.7433
434,E,E,0,0,2,,1,0,0
434,E,F,-0.8545,-0.8545,2,1.5,1,-1.814,0.1055
434,E,G,0.5036,0.5036,2,3.5,1,0.8844,0.1229
434,E,I,-0.9724,-0.9724,1,1,0.5,-0.9724,
434,E,K,-1.63,-1.63,1,2,0.5,-1.63,
434,E,L,2.123,2.123,1,4,0.5,2.123,
434,E,M,1.587,1.587,2,1.5,1,2.711,0.4625
434,E,Q,0.4641,0.4641,2,1.5,1,1.019,-0.09103
434,E,R,-0.02438,-0.02438,2,3,1,-0.01134,-0.03742
434,E,S,1.462,1.462,1,2,0.5,,1.462
434,E,T,0.9554,0.9554,2,2.5,1,0.5693,1.342
434,E,V,0.8834,0.8834,1,1,0.5,,0.8834
434,E,Y,2.716,2.716,1,1,0.5,2.716,
435,R,A,0.09483,0.09483,2,1.5,1,-0.04884,0.2385
435,R,C,-0.01531,-0.01531,1,1,0.5,,-0.01531
435,R,D,0.535,0.535,2,2,1,-0.1552,1.225
435,R,E,1.783,1.783,2,2,1,2.691,0.8754
435,R,F,-0.1493,-0.1493,1,1,0.5,,-0.1493
435,R,G,0.2702,0.2702,1,6,0.5,0.2702,
435,R,H,1.265,1.265,2,1,1,1.655,0.8754
435,R,K,-0.1434,-0.1434,2,7,1,-0.2246,-0.0622
435,R,L,-0.08252,-0.08252,1,1,0.5,,-0.08252
435,R,N,0.2174,0.2174,2,3,1,0.4994,-0.06453
435,R,Q,0.9334,0.9334,2,2.5,1,1.834,0.03322
435,R,R,0,0,2,,1,0,0
435,R,S,-0.2927,-0.2927,1,2,0.5,,-0.2927
435,R,V,0.3433,0.3433,1,1,0.5,0.3433,
435,R,Y,-0.5392,-0.5392,1,1,0.5,,-0.5392
436,T,D,-1.981,-1.981,1,1,0.5,-1.981,
436,T,E,-0.9947,-0.9947,1,1,0.5,,-0.9947
436,T,I,-2.1,-2.1,1,1,0.5,-2.1,
436,T,K,-0.5089,-0.5089,1,1,0.5,,-0.5089
436,T,L,-2.1,-2.1,1,1,0.5,-2.1,
436,T,M,-1.986,-1.986,1,1,0.5,-1.986,
436,T,Q,0.001273,0.001273,1,1,0.5,0.001273,
436,T,R,-0.1519,-0.1519,1,1,0.5,-0.1519,
436,T,S,-2.076,-2.076,1,1,0.5,-2.076,
436,T,T,0,0,2,,1,0,0
437,L,F,0.3044,0.3044,2,1.5,1,1.09,-0.4815
437,L,H,-0.819,-0.819,1,1,0.5,-0.819,
437,L,I,-0.1933,-0.1933,1,5,0.5,,-0.1933
437,L,L,0,0,2,,1,0,0
437,L,M,0.3312,0.3312,2,4,1,0.5616,0.1007
437,L,P,-0.8611,-0.8611,1,1,0.5,-0.8611,
437,L,Q,0.1583,0.1583,1,1,0.5,,0.1583
437,L,Y,-1.793,-1.793,1,1,0.5,-1.793,
438,D,A,-0.5277,-0.5277,2,3,1,-0.1627,-0.8927
438,D,C,-1.126,-1.126,2,3.5,1,-2.118,-0.1339
438,D,D,0,0,2,,1,0,0
438,D,E,-0.2407,-0.2407,2,4.5,1,-0.244,-0.2375
438,D,F,-0.3315,-0.3315,2,2.5,1,-1.12,0.4568
438,D,G,-0.05276,-0.05276,2,2,1,0.6663,-0.7719
438,D,H,0.04703,0.04703,2,2,1,0.3118,-0.2178
438,D,I,-0.5801,-0.5801,1,3,0.5,-0.5801,
438,D,K,-0.5993,-0.5993,1,1,0.5,,-0.5993
438,D,L,-0.1545,-0.1545,2,2,1,0.01019,-0.3192
438,D,M,-0.345,-0.345,2,3,1,-0.3144,-0.3755
438,D,N,0.3288,0.3288,2,3.5,1,1.083,-0.4254
438,D,Q,-0.6012,-0.6012,2,2,1,-1.033,-0.1696
438,D,R,1.311,1.311,2,2,1,2.632,-0.009994
438,D,S,0.8586,0.8586,2,3.5,1,1.491,0.2262
438,D,T,-0.3221,-0.3221,1,1,0.5,-0.3221,
438,D,V,0.00522,0.00522,1,1,0.5,,0.00522
438,D,W,0.366,0.366,2,3.5,1,0.7965,-0.06455
438,D,Y,0.07365,0.07365,2,4,1,0.06132,0.08598
439,F,F,0,0,2,,1,0,0
439,F,L,-0.6565,-0.6565,2,2.5,1,-0.9891,-0.3239
439,F,M,-0.3327,-0.3327,2,1.5,1,-0.4936,-0.1718
439,F,P,-1.702,-1.702,1,1,0.5,-1.702,
439,F,W,1.133,1.133,2,2.5,1,2.179,0.08693
439,F,Y,-0.2729,-0.2729,2,3.5,1,-0.1956,-0.3503
440,H,E,-0.7121,-0.7121,1,1,0.5,-0.7121,
440,H,H,0,0,2,,1,0,0
440,H,K,-1.759,-1.759,1,1,0.5,-1.759,
440,H,L,2.267,2.267,1,1,0.5,2.267,
440,H,M,-1.208,-1.208,1,1,0.5,,-1.208
440,H,P,-0.9556,-0.9556,1,1,0.5,,-0.9556
440,H,Q,-1.759,-1.759,1,1,0.5,-1.759,
441,D,A,-0.3832,-0.3832,1,3,0.5,-0.3832,
441,D,C,0.1098,0.1098,2,2,1,-0.2716,0.4912
441,D,D,0,0,2,,1,0,0
441,D,E,-0.7727,-0.7727,1,2,0.5,-0.7727,
441,D,F,0.136,0.136,2,3.5,1,0.2879,-0.01577
441,D,G,0.6449,0.6449,2,4.5,1,0.532,0.7578
441,D,H,0.3919,0.3919,2,4.5,1,0.371,0.4127
441,D,I,0.649,0.649,2,3.5,1,1.164,0.1344
441,D,K,0.8689,0.8689,1,4,0.5,,0.8689
441,D,L,0.253,0.253,2,3,1,0.2919,0.2142
441,D,M,0.1117,0.1117,2,4.5,1,0.3158,-0.09242
441,D,N,0.2905,0.2905,2,4,1,-0.3846,0.9657
441,D,Q,0.6051,0.6051,2,3.5,1,0.5665,0.6436
441,D,R,0.5709,0.5709,2,3.5,1,0.5861,0.5557
441,D,S,0.642,0.642,2,2,1,0.4487,0.8352
441,D,T,0.2909,0.2909,2,2.5,1,0.4907,0.09103
441,D,V,-1.04,-1.04,2,2,1,-2.03,-0.04892
441,D,W,-0.143,-0.143,2,2.5,1,-0.2968,0.01074
441,D,Y,0.4445,0.4445,2,4.5,1,0.6184,0.2706
442,S,A,0.1345,0.1345,2,2.5,1,0.01755,0.2514
442,S,C,1.045,1.045,2,3,1,0.959,1.13
442,S,D,0.8843,0.8843,2,3,1,0.9116,0.857
442,S,E,-0.1914,-0.1914,1,2,0.5,,-0.1914
442,S,F,-0.06071,-0.06071,2,1,1,0.3426,-0.464
442,S,G,1.263,1.263,2,3,1,1.564,0.9619
442,S,H,1.433,1.433,2,2,1,1.502,1.364
442,S,I,-0.3414,-0.3414,2,3,1,-0.7238,0.04098
442,S,K,1.027,1.027,2,1.5,1,0.9035,1.15
442,S,L,-0.8724,-0.8724,2,1.5,1,-1.6,-0.1445
442,S,M,0.3335,0.3335,2,2,1,0.2518,0.4152
442,S,N,0.5349,0.5349,2,5,1,0.5655,0.5043
442,S,Q,0.5859,0.5859,2,2.5,1,0.7733,0.3986
442,S,R,0.5225,0.5225,2,1,1,0.4377,0.6072
442,S,S,0,0,2,,1,0,0
442,S,T,0.7762,0.7762,2,2,1,1.545,0.007094
442,S,V,-0.01485,-0.01485,2,2,1,-0.04674,0.01704
442,S,W,0.219,0.219,1,2,0.5,0.219,
442,S,Y,-0.8377,-0.8377,2,2,1,-1.798,0.1222
443,N,A,-0.1816,-0.1816,2,2.5,1,0.1799,-0.5431
443,N,C,0.06728,0.06728,2,3,1,0.08336,0.05121
443,N,F,-0.1229,-0.1229,2,1.5,1,-0.4145,0.1687
443,N,H,-0.8879,-0.8879,1,5,0.5,-0.8879,
443,N,I,-0.6153,-0.6153,2,1.5,1,-0.4701,-0.7605
443,N,K,0.4479,0.4479,1,5,0.5,0.4479,
443,N,L,-0.6305,-0.6305,1,1,0.5,-0.6305,
443,N,M,0.03492,0.03492,2,2.5,1,0.2623,-0.1924
443,N,N,0,0,2,,1,0,0
443,N,Q,-0.6148,-0.6148,1,5,0.5,-0.6148,
443,N,R,-0.03415,-0.03415,1,1,0.5,-0.03415,
443,N,S,-0.3404,-0.3404,2,3.5,1,-0.4904,-0.1903
443,N,T,-0.4806,-0.4806,2,2,1,-0.8184,-0.1429
443,N,V,0.2031,0.2031,2,2,1,0.3174,0.08882
443,N,W,0.09742,0.09742,2,1,1,0.5359,-0.3411
444,V,C,0.4553,0.4553,1,2,0.5,0.4553,
444,V,F,-1.103,-1.103,1,1,0.5,,-1.103
444,V,I,0.6797,0.6797,2,2,1,0.4481,0.9113
444,V,L,-0.145,-0.145,2,2.5,1,-0.2224,-0.06769
444,V,M,-0.3993,-0.3993,2,3.5,1,-0.8237,0.02516
444,V,T,-0.378,-0.378,2,4,1,-0.5681,-0.1879
444,V,V,0,0,2,,1,0,0
444,V,Y,-0.4496,-0.4496,1,1,0.5,-0.4496,
445,K,A,-0.1311,-0.1311,2,1.5,1,-0.2395,-0.02272
445,K,C,-0.4194,-0.4194,1,1,0.5,,-0.4194
445,K,E,-1.448,-1.448,1,3,0.5,-1.448,
445,K,H,-0.04367,-0.04367,2,2,1,0.116,-0.2033
445,K,I,-0.04539,-0.04539,2,1.5,1,0.2968,-0.3876
445,K,K,0,0,2,,1,0,0
445,K,L,-0.9763,-0.9763,1,2,0.5,,-0.9763
445,K,M,-0.1532,-0.1532,2,1.5,1,0.8619,-1.168
445,K,N,-0.1394,-0.1394,2,2,1,-0.2107,-0.06823
445,K,P,0.2309,0.2309,1,1,0.5,0.2309,
445,K,Q,0.1959,0.1959,2,1.5,1,-0.1601,0.5519
445,K,R,-0.2467,-0.2467,2,2.5,1,-0.2362,-0.2572
445,K,S,0.4094,0.4094,1,1,0.5,0.4094,
445,K,V,-0.7754,-0.7754,1,1,0.5,,-0.7754
445,K,W,-1.968,-1.968,1,1,0.5,-1.968,
445,K,Y,-0.1786,-0.1786,1,1,0.5,,-0.1786
446,N,A,0.3859,0.3859,2,2,1,0.4323,0.3394
446,N,C,-0.1083,-0.1083,2,4.5,1,-0.3722,0.1556
446,N,D,0.8482,0.8482,2,1.5,1,1.36,0.3363
446,N,E,0.4926,0.4926,2,2.5,1,0.7433,0.242
446,N,F,-0.07229,-0.07229,2,3,1,0.07815,-0.2227
446,N,G,0.332,0.332,2,2,1,0.3614,0.3027
446,N,H,-0.2993,-0.2993,2,3.5,1,-0.3002,-0.2985
446,N,I,-0.1318,-0.1318,2,2.5,1,-0.2889,0.02536
446,N,K,0.6937,0.6937,2,3,1,0.9564,0.4311
446,N,L,-0.1085,-0.1085,2,2.5,1,-0.4435,0.2265
446,N,M,0.3024,0.3024,2,3,1,0.31,0.2947
446,N,N,0,0,2,,1,0,0
446,N,Q,0.09809,0.09809,2,2.5,1,0.07176,0.1244
446,N,R,0.03977,0.03977,2,3.5,1,0.008739,0.07079
446,N,S,0.637,0.637,2,7,1,0.8804,0.3935
446,N,T,0.8254,0.8254,2,3,1,1.086,0.5647
446,N,V,0.277,0.277,2,2,1,0.598,-0.04391
446,N,W,0.5581,0.5581,2,2,1,0.7084,0.4079
446,N,Y,0.7108,0.7108,2,2,1,1.075,0.3462
447,L,A,-1.807,-1.807,1,1,0.5,-1.807,
447,L,C,-1.746,-1.746,1,3,0.5,-1.746,
447,L,D,-0.3188,-0.3188,1,1,0.5,,-0.3188
447,L,F,0.7855,0.7855,1,1,0.5,0.7855,
447,L,I,0.1512,0.1512,2,3,1,0.553,-0.2506
447,L,L,0,0,2,,1,0,0
447,L,M,0.08513,0.08513,2,6.5,1,0.2115,-0.04129
447,L,N,-0.7745,-0.7745,1,1,0.5,,-0.7745
447,L,T,0.01251,0.01251,1,1,0.5,,0.01251
447,L,V,-0.005694,-0.005694,1,1,0.5,,-0.005694
448,Y,C,-2.103,-2.103,1,1,0.5,-2.103,
448,Y,E,-0.4412,-0.4412,1,1,0.5,,-0.4412
448,Y,F,0.002492,0.002492,1,2,0.5,,0.002492
448,Y,H,0.7383,0.7383,1,4,0.5,0.7383,
448,Y,I,-2.072,-2.072,1,1,0.5,-2.072,
448,Y,K,2.92,2.92,1,0.5,0.5,,2.92
448,Y,M,-2.077,-2.077,1,1,0.5,-2.077,
448,Y,V,0.2693,0.2693,2,1.5,1,-0.1395,0.6781
448,Y,W,-1.11,-1.11,2,2.5,1,-2.077,-0.143
448,Y,Y,0,0,2,,1,0,0
449,D,A,0.8142,0.8142,2,1,1,1.036,0.5924
449,D,C,-0.2382,-0.2382,2,1.5,1,-0.8087,0.3323
449,D,D,0,0,2,,1,0,0
449,D,E,0.08552,0.08552,2,5.5,1,0.02387,0.1472
449,D,F,0.4845,0.4845,2,2,1,0.6021,0.3669
449,D,G,0.6445,0.6445,2,4,1,1.029,0.2602
449,D,H,-1.247,-1.247,2,1.5,1,-2.881,0.3879
449,D,I,0.5171,0.5171,1,4,0.5,0.5171,
449,D,K,0.8161,0.8161,2,3,1,1.592,0.04051
449,D,L,0.05605,0.05605,2,2,1,0.3548,-0.2427
449,D,M,1.631,1.631,2,2,1,2.727,0.5348
449,D,N,0.1569,0.1569,2,4,1,0.1962,0.1175
449,D,P,-0.7076,-0.7076,1,1,0.5,,-0.7076
449,D,R,0.1515,0.1515,2,3,1,0.573,-0.2701
449,D,S,0.7607,0.7607,1,3,0.5,0.7607,
449,D,T,-0.06774,-0.06774,2,2,1,-0.008809,-0.1267
449,D,V,-0.2283,-0.2283,2,2.5,1,-0.2483,-0.2083
449,D,W,0.311,0.311,2,1,1,0.3219,0.3001
449,D,Y,0.04636,0.04636,2,2,1,-0.07725,0.17
450,K,A,-0.9541,-0.9541,2,3,1,-1.836,-0.07188
450,K,C,0.2528,0.2528,2,1.5,1,0.5489,-0.04323
450,K,D,-0.4015,-0.4015,2,2.5,1,-0.428,-0.3749
450,K,E,0.0007876,0.0007876,2,3,1,-0.113,0.1146
450,K,F,0.1669,0.1669,1,2,0.5,0.1669,
450,K,G,-1.053,-1.053,1,1,0.5,-1.053,
450,K,H,0.06348,0.06348,1,4,0.5,,0.06348
450,K,I,-0.2051,-0.2051,1,2,0.5,,-0.2051
450,K,K,0,0,2,,1,0,0
450,K,L,0.164,0.164,2,3.5,1,0.2805,0.0475
450,K,M,0.09396,0.09396,2,2,1,0.08188,0.106
450,K,N,0.2804,0.2804,2,3.5,1,0.5071,0.05366
450,K,Q,-0.2109,-0.2109,2,2.5,1,-0.3064,-0.1154
450,K,R,-0.02415,-0.02415,2,6,1,0.3602,-0.4085
450,K,S,0.5267,0.5267,2,2,1,0.2474,0.8059
450,K,T,0.3496,0.3496,2,2,1,0.7301,-0.03093
450,K,V,-0.1214,-0.1214,1,5,0.5,,-0.1214
450,K,Y,0.06864,0.06864,2,4.5,1,0.1991,-0.06184
451,V,A,0.2831,0.2831,2,1.5,1,1.101,-0.5343
451,V,C,0.2573,0.2573,1,8,0.5,0.2573,
451,V,D,-0.2429,-0.2429,1,1,0.5,-0.2429,
451,V,I,0.1658,0.1658,2,2,1,0.04693,0.2846
451,V,L,-0.3621,-0.3621,2,3.5,1,-0.72,-0.004171
451,V,M,0.08531,0.08531,2,3.5,1,0.1177,0.05297
451,V,Q,-0.1064,-0.1064,2,3,1,-0.2326,0.01981
451,V,R,-0.4624,-0.4624,1,1,0.5,-0.4624,
451,V,S,-0.6524,-0.6524,2,3,1,-1.329,0.02373
451,V,T,-0.01442,-0.01442,1,2,0.5,-0.01442,
451,V,V,0,0,2,,1,0,0
451,V,Y,0.7539,0.7539,1,1,0.5,,0.7539
452,R,A,0.1912,0.1912,1,1,0.5,,0.1912
452,R,C,0.1504,0.1504,1,2,0.5,0.1504,
452,R,D,2.422,2.422,1,1,0.5,2.422,
452,R,E,0.01188,0.01188,1,2,0.5,0.01188,
452,R,F,-1.307,-1.307,2,2,1,-2.091,-0.5238
452,R,G,-0.2484,-0.2484,2,3.5,1,-0.4819,-0.01493
452,R,H,-0.05919,-0.05919,2,3.5,1,-0.1673,0.04895
452,R,I,-0.9006,-0.9006,1,1,0.5,,-0.9006
452,R,K,0.06823,0.06823,2,2.5,1,0.01012,0.1263
452,R,L,0.1305,0.1305,2,1.5,1,0.5499,-0.2889
452,R,M,-0.4628,-0.4628,1,1,0.5,,-0.4628
452,R,N,0.4748,0.4748,2,3,1,0.9285,0.02115
452,R,Q,-1.259,-1.259,2,1.5,1,-2.206,-0.3118
452,R,R,0,0,2,,1,0,0
452,R,S,-0.7808,-0.7808,2,2,1,-1.203,-0.3586
452,R,T,-2.065,-2.065,1,2,0.5,-2.065,
452,R,V,-1.091,-1.091,1,1,0.5,-1.091,
452,R,W,-0.1472,-0.1472,2,4,1,-0.2622,-0.0321
452,R,Y,0.07015,0.07015,1,1,0.5,0.07015,
453,L,A,0.08042,0.08042,2,1.5,1,-0.08264,0.2435
453,L,C,-0.04832,-0.04832,2,2,1,-0.1874,0.09077
453,L,F,-0.2243,-0.2243,2,1.5,1,-0.6048,0.1561
453,L,G,0.0344,0.0344,2,1.5,1,-0.02855,0.09734
453,L,H,0.6737,0.6737,2,5.5,1,1.061,0.2861
453,L,I,0.5131,0.5131,1,2,0.5,0.5131,
453,L,K,-0.3682,-0.3682,2,1.5,1,-0.5456,-0.1907
453,L,L,0,0,2,,1,0,0
453,L,M,0.6981,0.6981,2,2.5,1,1.406,-0.01021
453,L,N,0.9678,0.9678,2,1.5,1,1.644,0.2918
453,L,Q,-0.1529,-0.1529,2,2.5,1,-0.4749,0.1691
453,L,R,0.6278,0.6278,2,2.5,1,1.038,0.2179
453,L,S,-0.2252,-0.2252,2,3.5,1,-0.3745,-0.07594
453,L,T,-0.2406,-0.2406,2,1.5,1,-0.0532,-0.4281
453,L,V,-0.001552,-0.001552,1,7,0.5,-0.001552,
453,L,W,-0.1159,-0.1159,2,3,1,-0.3384,0.1067
453,L,Y,-0.7496,-0.7496,2,1.5,1,-1.318,-0.1814
454,Q,A,0.7347,0.7347,1,4,0.5,,0.7347
454,Q,C,-0.07146,-0.07146,2,2.5,1,-0.06887,-0.07405
454,Q,D,0.4166,0.4166,2,2,1,0.7933,0.03997
454,Q,E,-0.3243,-0.3243,2,6.5,1,-0.6826,0.03403
454,Q,F,-0.323,-0.323,1,1,0.5,-0.323,
454,Q,G,-0.5161,-0.5161,2,2.25,1,-1.302,0.2694
454,Q,H,-0.1701,-0.1701,2,2.5,1,-0.4992,0.159
454,Q,I,-0.1835,-0.1835,2,3.5,1,-0.3639,-0.003165
454,Q,K,0.1916,0.1916,2,4.5,1,0.5172,-0.1339
454,Q,L,0.7263,0.7263,1,2,0.5,0.7263,
454,Q,M,0.3022,0.3022,2,4.5,1,0.4679,0.1366
454,Q,N,0.4497,0.4497,1,2,0.5,0.4497,
454,Q,Q,0,0,2,,1,0,0
454,Q,R,0.203,0.203,2,2.75,1,0.361,0.04494
454,Q,S,0.7707,0.7707,2,2.5,1,1.097,0.4447
454,Q,T,0.01951,0.01951,2,2,1,-0.07887,0.1179
454,Q,V,-0.5717,-0.5717,2,2,1,-1.089,-0.05399
455,L,A,0.06979,0.06979,1,1,0.5,0.06979,
455,L,C,-0.5983,-0.5983,2,1.5,1,-0.118,-1.079
455,L,I,0.3944,0.3944,2,4,1,0.6307,0.1581
455,L,L,0,0,2,,1,0,0
455,L,M,-0.4872,-0.4872,2,2,1,-1.088,0.114
455,L,N,2.928,2.928,1,0.5,0.5,,2.928
455,L,T,-0.08624,-0.08624,2,5.5,1,-0.2714,0.09887
455,L,V,-0.6225,-0.6225,2,1,1,-1.085,-0.1606
456,R,A,0.08816,0.08816,2,2.5,1,0.4461,-0.2697
456,R,C,-0.3986,-0.3986,2,1.5,1,-0.5701,-0.2272
456,R,D,0.5457,0.5457,2,2.5,1,0.9238,0.1676
456,R,E,0.2387,0.2387,2,2.5,1,0.5408,-0.06345
456,R,F,0.161,0.161,1,2,0.5,,0.161
456,R,G,-0.4135,-0.4135,1,3,0.5,-0.4135,
456,R,H,-0.2599,-0.2599,2,1.5,1,-0.3947,-0.1252
456,R,I,0.2914,0.2914,2,2.5,1,0.596,-0.01321
456,R,L,0.236,0.236,2,3.5,1,0.3732,0.09885
456,R,M,-0.3625,-0.3625,2,3,1,-0.002464,-0.7226
456,R,N,-0.2171,-0.2171,2,3,1,0.04479,-0.4789
456,R,Q,-0.09426,-0.09426,2,3.5,1,-0.101,-0.08757
456,R,R,0,0,2,,1,0,0
456,R,S,0.3743,0.3743,2,2,1,0.9952,-0.2466
456,R,T,1.26,1.26,2,1,1,2.477,0.04236
456,R,V,0.2182,0.2182,2,2.5,1,0.7252,-0.2887
456,R,W,-0.3094,-0.3094,2,5.5,1,-0.03952,-0.5793
456,R,Y,0.05434,0.05434,1,5,0.5,0.05434,
457,D,A,0.296,0.296,1,1,0.5,0.296,
457,D,D,0,0,2,,1,0,0
457,D,E,0.2107,0.2107,2,1.5,1,0.296,0.1254
457,D,F,-0.8149,-0.8149,2,2,1,-1.08,-0.5497
457,D,G,-0.1382,-0.1382,2,2,1,0.1539,-0.4302
457,D,H,0.3957,0.3957,1,1,0.5,0.3957,
457,D,I,-0.8372,-0.8372,2,1,1,-2.017,0.3429
457,D,L,-1.009,-1.009,2,1,1,-2.017,-0.001137
457,D,M,0.3239,0.3239,2,2,1,0.6321,0.01565
457,D,N,0.1145,0.1145,1,3,0.5,,0.1145
457,D,P,-0.7508,-0.7508,1,1,0.5,,-0.7508
457,D,Q,0.0001506,0.0001506,2,1,1,-0.6265,0.6268
457,D,R,-0.1775,-0.1775,1,2,0.5,,-0.1775
457,D,S,0.005874,0.005874,2,2.5,1,-0.02707,0.03881
457,D,T,0.3519,0.3519,2,4,1,0.234,0.4698
457,D,W,-0.2057,-0.2057,2,1.5,1,-0.0716,-0.3398
457,D,Y,0.003081,0.003081,2,2,1,-0.3543,0.3605
458,N,A,-0.628,-0.628,1,5,0.5,-0.628,
458,N,D,-1.225,-1.225,1,1,0.5,-1.225,
458,N,G,0.1241,0.1241,2,2,1,0.356,-0.1077
458,N,H,0.4778,0.4778,2,3,1,0.8278,0.1279
458,N,N,0,0,2,,1,0,0
458,N,Q,0.04926,0.04926,2,2.5,1,-0.01189,0.1104
458,N,R,2.596,2.596,1,0.5,0.5,,2.596
458,N,S,0.1651,0.1651,2,1,1,0.03921,0.2909
458,N,T,-0.3167,-0.3167,1,1,0.5,,-0.3167
459,A,A,0,0,2,,1,0,0
459,A,C,0.8874,0.8874,2,1,1,1.738,0.03708
459,A,G,-0.02177,-0.02177,2,3.5,1,-0.162,0.1184
459,A,I,-0.1055,-0.1055,2,3,1,0.3735,-0.5844
459,A,K,-0.9141,-0.9141,1,1,0.5,,-0.9141
459,A,M,-0.5984,-0.5984,2,1.5,1,-0.4603,-0.7365
459,A,N,-0.4768,-0.4768,1,1,0.5,,-0.4768
459,A,R,-0.255,-0.255,2,1,1,-0.9602,0.4501
459,A,S,-0.05361,-0.05361,2,3,1,0.1731,-0.2804
459,A,T,-0.5126,-0.5126,1,1,0.5,,-0.5126
459,A,V,0.634,0.634,2,2,1,1.232,0.0359
460,K,A,0.5374,0.5374,1,1,0.5,0.5374,
460,K,C,-0.3485,-0.3485,2,4,1,-0.6731,-0.02388
460,K,D,-0.04788,-0.04788,2,1.5,1,0.1555,-0.2512
460,K,E,0.6101,0.6101,2,5,1,1.179,0.04094
460,K,F,0.2067,0.2067,2,2,1,0.2065,0.2069
460,K,G,-0.1698,-0.1698,1,3,0.5,-0.1698,
460,K,H,0.2174,0.2174,2,1,1,0.3382,0.09656
460,K,I,0.453,0.453,1,1,0.5,,0.453
460,K,K,0,0,2,,1,0,0
460,K,L,0.3083,0.3083,1,2,0.5,0.3083,
460,K,M,0.152,0.152,2,3,1,0.3701,-0.06604
460,K,N,0.1401,0.1401,2,2,1,0.3708,-0.09056
460,K,Q,-0.1064,-0.1064,1,3,0.5,,-0.1064
460,K,R,0.131,0.131,2,6,1,0.2991,-0.03718
460,K,S,-0.9276,-0.9276,2,2.5,1,-1.868,0.01305
460,K,V,0.26,0.26,2,2.5,1,0.4981,0.02187
460,K,W,-0.9952,-0.9952,2,2,1,-2.055,0.06446
460,K,Y,0.713,0.713,2,2,1,1.464,-0.0381
461,E,A,-1.19,-1.19,1,1,0.5,,-1.19
461,E,C,0.5841,0.5841,1,1,0.5,,0.5841
461,E,D,-0.6314,-0.6314,2,3,1,-0.7434,-0.5194
461,E,E,0,0,2,,1,0,0
461,E,G,-2.05,-2.05,1,1,0.5,-2.05,
461,E,I,-0.3585,-0.3585,2,1,1,-0.1807,-0.5363
461,E,K,-1.229,-1.229,2,1,1,-1.318,-1.139
461,E,L,0.8281,0.8281,1,1,0.5,,0.8281
461,E,P,-0.1505,-0.1505,1,2,0.5,-0.1505,
461,E,Q,-0.2539,-0.2539,2,1,1,-0.6415,0.1337
461,E,S,-0.01435,-0.01435,1,1,0.5,-0.01435,
461,E,T,-1.316,-1.316,2,1,1,-2.05,-0.582
461,E,V,-1.678,-1.678,2,1.5,1,-2.45,-0.9063
462,L,A,0.327,0.327,2,2,1,0.6079,0.0461
462,L,C,-0.141,-0.141,2,3,1,-0.7518,0.4699
462,L,D,-2.112,-2.112,1,1,0.5,-2.112,
462,L,E,0.2163,0.2163,2,2,1,0.6237,-0.191
462,L,F,-0.1207,-0.1207,2,1.5,1,-0.3863,0.1448
462,L,H,0.894,0.894,1,2,0.5,0.894,
462,L,I,-0.0308,-0.0308,2,4.5,1,-0.09665,0.03504
462,L,K,-0.1145,-0.1145,2,2,1,0.1418,-0.3708
462,L,L,0,0,2,,1,0,0
462,L,M,0.216,0.216,2,3,1,0.3214,0.1107
462,L,N,0.05004,0.05004,2,4,1,0.04995,0.05012
462,L,P,2.602,2.602,1,0.5,0.5,,2.602
462,L,Q,0.1587,0.1587,2,3.5,1,0.3624,-0.04498
462,L,R,0.2755,0.2755,2,1.5,1,0.3941,0.1569
462,L,S,0.1088,0.1088,2,3,1,0.2337,-0.01608
462,L,T,-0.2186,-0.2186,1,3,0.5,-0.2186,
462,L,V,-0.1068,-0.1068,2,3,1,-0.339,0.1254
462,L,W,0.621,0.621,1,2,0.5,0.621,
462,L,Y,0.09512,0.09512,2,5,1,-0.0285,0.2187
463,G,A,-0.4194,-0.4194,2,3.5,1,-1.052,0.2128
463,G,C,0.1246,0.1246,2,1.5,1,0.2926,-0.04334
463,G,D,-0.009995,-0.009995,1,2,0.5,,-0.009995
463,G,E,-0.8334,-0.8334,1,1,0.5,-0.8334,
463,G,F,-0.9105,-0.9105,1,1,0.5,-0.9105,
463,G,G,0,0,2,,1,0,0
463,G,H,0.3714,0.3714,1,1,0.5,0.3714,
463,G,I,0.3835,0.3835,2,1,1,0.2926,0.4743
463,G,K,0.5211,0.5211,2,1,1,1.1,-0.05804
463,G,L,-0.5764,-0.5764,2,3.5,1,-0.8027,-0.3501
463,G,M,0.1253,0.1253,1,6,0.5,,0.1253
463,G,N,-0.1345,-0.1345,2,2.5,1,-0.2913,0.0224
463,G,P,-0.2922,-0.2922,2,1.5,1,-0.6762,0.09173
463,G,Q,-0.6346,-0.6346,2,1.5,1,-0.8412,-0.4281
463,G,R,0.1758,0.1758,2,3,1,0.03521,0.3163
463,G,S,-0.4085,-0.4085,2,1,1,-1.015,0.1984
463,G,T,0.0173,0.0173,2,1,1,-0.8377,0.8723
463,G,V,-1.054,-1.054,2,1,1,-2.09,-0.01796
463,G,W,-1.201,-1.201,1,1,0.5,,-1.201
463,G,Y,-1.082,-1.082,2,2,1,-2.09,-0.07379
464,N,A,0.4605,0.4605,2,1,1,0.4056,0.5154
464,N,C,0.4278,0.4278,2,2,1,1.025,-0.169
464,N,D,0.4969,0.4969,2,1,1,1.261,-0.2672
464,N,E,0.2775,0.2775,2,1.5,1,0.8625,-0.3075
464,N,F,0.06761,0.06761,2,3,1,0.2928,-0.1576
464,N,G,-0.7743,-0.7743,2,3.5,1,-1.862,0.3137
464,N,H,0.4803,0.4803,2,2.5,1,0.5358,0.4247
464,N,I,-2.319,-2.319,1,2,0.5,-2.319,
464,N,K,-0.5792,-0.5792,2,3.5,1,-1.606,0.4476
464,N,L,-0.3715,-0.3715,1,5,0.5,-0.3715,
464,N,M,0.2281,0.2281,2,3,1,0.5872,-0.131
464,N,N,0,0,2,,1,0,0
464,N,Q,0.2991,0.2991,2,4,1,0.438,0.1602
464,N,R,0.1888,0.1888,2,2.5,1,0.2958,0.08191
464,N,S,0.499,0.499,2,3,1,1.176,-0.1777
464,N,T,0.131,0.131,2,1,1,1.064,-0.8017
464,N,V,1.573,1.573,1,1,0.5,,1.573
464,N,W,0.009282,0.009282,1,2,0.5,,0.009282
464,N,Y,0.3664,0.3664,2,2,1,1.341,-0.6082
465,G,A,0.5889,0.5889,2,2.5,1,0.9689,0.2089
465,G,C,0.3742,0.3742,1,1,0.5,,0.3742
465,G,E,0.2462,0.2462,1,1,0.5,,0.2462
465,G,F,0.3393,0.3393,2,1,1,0.3117,0.3669
465,G,G,0,0,2,,1,0,0
465,G,L,1.335,1.335,1,1,0.5,1.335,
465,G,M,-0.5868,-0.5868,2,2.5,1,-0.6067,-0.567
465,G,N,-1.131,-1.131,1,1,0.5,,-1.131
465,G,P,3.013,3.013,1,0.5,0.5,,3.013
465,G,R,1.026,1.026,2,2,1,0.8605,1.192
465,G,S,1.001,1.001,1,2,0.5,1.001,
465,G,Y,-0.9282,-0.9282,2,3,1,-1.529,-0.3278
466,C,A,-2.432,-2.432,1,1,0.5,-2.432,
466,C,C,0,0,2,,1,0,0
466,C,E,-0.4699,-0.4699,1,2,0.5,,-0.4699
466,C,F,1.084,1.084,1,1,0.5,,1.084
466,C,G,-1.108,-1.108,1,1,0.5,,-1.108
466,C,I,-0.2663,-0.2663,1,1,0.5,,-0.2663
466,C,N,-2.432,-2.432,1,1,0.5,-2.432,
466,C,R,-0.2848,-0.2848,1,1,0.5,,-0.2848
467,F,C,-0.3966,-0.3966,1,1,0.5,,-0.3966
467,F,F,0,0,2,,1,0,0
467,F,H,-0.1342,-0.1342,1,1,0.5,-0.1342,
467,F,I,-0.1381,-0.1381,2,2,1,-0.4932,0.217
467,F,L,0.1172,0.1172,2,5.5,1,0.03403,0.2003
467,F,M,0.08082,0.08082,2,3.5,1,0.1473,0.01434
467,F,V,0.103,0.103,2,1,1,0.2601,-0.05402
467,F,W,-0.06583,-0.06583,2,2,1,-0.1232,-0.008504
467,F,Y,-0.04744,-0.04744,2,4,1,-0.4624,0.3675
468,E,A,0.4446,0.4446,2,3.5,1,0.7944,0.09484
468,E,C,-0.1181,-0.1181,2,2.5,1,-0.3912,0.155
468,E,D,-0.2668,-0.2668,2,4.5,1,-0.3282,-0.2054
468,E,E,0,0,2,,1,0,0
468,E,F,0.04123,0.04123,2,3.5,1,0.1601,-0.07762
468,E,G,-0.004373,-0.004373,2,2,1,0.05264,-0.06138
468,E,H,-0.07518,-0.07518,2,2.5,1,-0.252,0.1016
468,E,I,0.205,0.205,1,4,0.5,,0.205
468,E,K,0.2644,0.2644,2,8,1,0.2613,0.2675
468,E,L,0.09094,0.09094,2,4,1,0.007995,0.1739
468,E,M,0.4548,0.4548,2,1.5,1,0.9192,-0.009646
468,E,N,0.1104,0.1104,2,2,1,0.05125,0.1695
468,E,Q,-0.3678,-0.3678,2,2.5,1,-0.5768,-0.1588
468,E,R,-0.3316,-0.3316,2,3.5,1,-0.6781,0.01484
468,E,S,0.2207,0.2207,2,2,1,0.4407,0.0006078
468,E,T,-0.6576,-0.6576,2,2,1,-1.327,0.01162
468,E,V,-0.1163,-0.1163,2,4,1,-0.2416,0.008876
468,E,W,0.04818,0.04818,2,3.5,1,-0.00713,0.1035
468,E,Y,0.4572,0.4572,2,2,1,0.6385,0.2759
469,F,A,-1.098,-1.098,1,1,0.5,-1.098,
469,F,C,-0.486,-0.486,1,1,0.5,,-0.486
469,F,D,0.1557,0.1557,2,1.75,1,-1.995,2.306
469,F,F,0,0,2,,1,0,0
469,F,G,-1.413,-1.413,2,2,1,-2.561,-0.2651
469,F,H,-2.117,-2.117,1,1,0.5,-2.117,
469,F,I,-0.3391,-0.3391,2,9.25,1,-0.9678,0.2896
469,F,K,-1.081,-1.081,2,2.5,1,-2.117,-0.045
469,F,L,-0.003325,-0.003325,2,18,1,-0.08505,0.0784
469,F,M,0.193,0.193,2,9.5,1,0.4244,-0.03835
469,F,N,-0.7758,-0.7758,2,1.25,1,-2.658,1.107
469,F,P,-0.4428,-0.4428,1,1,0.5,,-0.4428
469,F,Q,-0.949,-0.949,1,2,0.5,,-0.949
469,F,R,0.1689,0.1689,2,1.75,1,0.1384,0.1994
469,F,S,-0.2355,-0.2355,2,1,1,-0.4262,-0.04486
469,F,T,0.7975,0.7975,2,3,1,1.088,0.5073
469,F,V,1.177,1.177,2,3,1,-0.7151,3.07
469,F,Y,-0.213,-0.213,2,5.5,1,-0.3607,-0.06528
469,F,*,-1.939,-1.939,1,1,0.5,,-1.939
470,Y,A,-0.3237,-0.3237,2,2,1,-0.2655,-0.3819
470,Y,D,-0.8744,-0.8744,1,1,0.5,-0.8744,
470,Y,E,-0.5981,-0.5981,2,2,1,-1.241,0.04427
470,Y,F,-0.7699,-0.7699,2,2,1,-1.591,0.05112
470,Y,H,-0.3028,-0.3028,1,2,0.5,,-0.3028
470,Y,I,0.2311,0.2311,2,2.5,1,0.2109,0.2513
470,Y,K,0.04049,0.04049,2,3,1,0.08192,-0.0009479
470,Y,L,0.5872,0.5872,2,4,1,1.011,0.1634
470,Y,M,0.2461,0.2461,2,2,1,0.565,-0.0727
470,Y,N,-0.8175,-0.8175,2,2,1,-1.705,0.07038
470,Y,Q,-0.1285,-0.1285,2,1.5,1,-0.1368,-0.1201
470,Y,R,-0.08908,-0.08908,2,4,1,-0.2856,0.1075
470,Y,S,0.2403,0.2403,1,2,0.5,0.2403,
470,Y,T,0.2316,0.2316,1,3,0.5,,0.2316
470,Y,V,0.02449,0.02449,2,3,1,-0.008905,0.05789
470,Y,W,0.05421,0.05421,2,3.5,1,0.1285,-0.02004
470,Y,Y,0,0,2,,1,0,0
471,H,H,0,0,1,,0.5,0,
471,H,P,-2.438,-2.438,1,1,0.5,-2.438,
472,K,A,-0.2661,-0.2661,2,3,1,-0.7658,0.2335
472,K,C,-0.02404,-0.02404,2,3.5,1,-0.1307,0.08266
472,K,D,-0.07595,-0.07595,2,2,1,-0.1474,-0.004541
472,K,E,0.002896,0.002896,2,2.5,1,-0.6217,0.6274
472,K,F,0.4036,0.4036,2,3,1,0.672,0.1352
472,K,G,0.1451,0.1451,2,5,1,0.3244,-0.03425
472,K,H,0.3629,0.3629,2,2,1,-0.0962,0.8221
472,K,I,0.209,0.209,2,5.5,1,0.3997,0.01824
472,K,K,0,0,2,,1,0,0
472,K,L,-0.1299,-0.1299,2,2,1,-0.1436,-0.1161
472,K,M,0.253,0.253,2,3,1,0.3677,0.1382
472,K,N,0.2148,0.2148,2,3,1,0.4718,-0.04223
472,K,P,-2.13,-2.13,1,2,0.5,-2.13,
472,K,Q,0.2651,0.2651,2,2,1,0.1876,0.3427
472,K,R,0.07955,0.07955,2,7,1,0.4534,-0.2943
472,K,S,-0.05151,-0.05151,2,1,1,-0.1784,0.07541
472,K,T,-0.03108,-0.03108,2,4.5,1,-0.1745,0.1123
472,K,V,-0.3053,-0.3053,2,3,1,-0.4529,-0.1576
472,K,W,0.3741,0.3741,2,3,1,0.624,0.1243
472,K,Y,0.6828,0.6828,2,1,1,1.352,0.01363
473,C,C,0,0,2,,1,0,0
473,C,Q,-1.009,-1.009,1,1,0.5,,-1.009
473,C,R,-0.8589,-0.8589,1,1,0.5,,-0.8589
473,C,S,-0.7476,-0.7476,1,1,0.5,,-0.7476
473,C,V,-3.062,-3.062,1,1,0.5,-3.062,
474,D,A,0.06935,0.06935,2,2,1,0.1625,-0.02378
474,D,C,0.1049,0.1049,2,3.5,1,-0.04358,0.2533
474,D,D,0,0,2,,1,0,0
474,D,E,-0.1374,-0.1374,2,1.5,1,-0.02967,-0.2451
474,D,F,-0.4971,-0.4971,2,2,1,-0.3538,-0.6404
474,D,G,-0.2066,-0.2066,2,2,1,-0.4251,0.01187
474,D,H,0.3889,0.3889,2,3.5,1,0.4153,0.3625
474,D,I,0.3625,0.3625,1,4,0.5,,0.3625
474,D,K,-1.034,-1.034,2,1,1,-2.064,-0.004236
474,D,L,-0.02043,-0.02043,2,3.5,1,-0.1864,0.1455
474,D,M,-0.09345,-0.09345,2,1.5,1,-0.1747,-0.01217
474,D,N,0.003896,0.003896,2,4.5,1,-0.002903,0.01069
474,D,P,0.285,0.285,2,2,1,0.8249,-0.2549
474,D,Q,0.5032,0.5032,1,3,0.5,0.5032,
474,D,R,0.332,0.332,2,3,1,0.4737,0.1903
474,D,S,-0.2997,-0.2997,2,3.5,1,-0.3387,-0.2608
474,D,T,0.5037,0.5037,2,2.5,1,0.7112,0.2961
474,D,V,0.01823,0.01823,1,3,0.5,0.01823,
474,D,W,-1.185,-1.185,2,1,1,-2.064,-0.3067
474,D,Y,0.2071,0.2071,2,3,1,0.4394,-0.02514
475,N,A,-0.3363,-0.3363,2,2,1,-0.1721,-0.5006
475,N,C,0.3531,0.3531,2,2.5,1,0.4543,0.252
475,N,D,0.3286,0.3286,2,4.5,1,0.5137,0.1435
475,N,E,-0.01738,-0.01738,1,4,0.5,,-0.01738
475,N,F,-2.411,-2.411,1,2,0.5,-2.411,
475,N,G,0.1243,0.1243,2,2.5,1,0.0444,0.2042
475,N,H,0.293,0.293,2,4,1,0.581,0.005095
475,N,K,-0.3723,-0.3723,2,3.5,1,-0.42,-0.3246
475,N,L,-1.332,-1.332,2,3,1,-1.745,-0.9185
475,N,M,0.02621,0.02621,1,5,0.5,,0.02621
475,N,N,0,0,2,,1,0,0
475,N,P,-0.01248,-0.01248,1,2,0.5,-0.01248,
475,N,Q,0.2544,0.2544,2,2,1,0.6885,-0.1797
475,N,R,0.1441,0.1441,2,1.5,1,0.02769,0.2606
475,N,S,0.001278,0.001278,2,2.5,1,-0.2513,0.2539
475,N,T,0.3936,0.3936,2,3,1,0.6942,0.09293
475,N,V,0.8755,0.8755,2,3.5,1,1.682,0.06911
475,N,W,-1.204,-1.204,2,1.5,1,-2.039,-0.3678
475,N,Y,0.4809,0.4809,1,2,0.5,0.4809,
476,E,A,0.1363,0.1363,2,3.5,1,0.07035,0.2022
476,E,C,-0.2143,-0.2143,2,4,1,-0.4516,0.0229
476,E,D,0.2698,0.2698,2,1.5,1,0.449,0.09056
476,E,E,0,0,2,,1,0,0
476,E,F,0.1042,0.1042,2,1,1,0.3921,-0.1837
476,E,G,-0.2814,-0.2814,2,2,1,-0.3554,-0.2075
476,E,H,-0.1993,-0.1993,2,4.5,1,-0.2827,-0.1159
476,E,I,0.5194,0.5194,2,2.5,1,1.021,0.01821
476,E,K,0.1597,0.1597,2,5.5,1,0.2218,0.09758
476,E,L,0.09208,0.09208,2,3.5,1,0.04169,0.1425
476,E,M,0.2873,0.2873,2,2.5,1,0.6454,-0.07081
476,E,N,0.5907,0.5907,2,1.5,1,0.7079,0.4735
476,E,P,0.6183,0.6183,2,3.5,1,1.509,-0.2727
476,E,Q,0.1778,0.1778,2,2.5,1,0.3444,0.01121
476,E,R,0.1482,0.1482,1,5,0.5,0.1482,
476,E,S,-0.4042,-0.4042,2,4,1,-0.7134,-0.09504
476,E,T,0.2379,0.2379,2,5,1,0.5177,-0.04183
476,E,V,0.5359,0.5359,2,3.5,1,1.172,-0.1005
476,E,W,0.8596,0.8596,2,4.5,1,1.66,0.05911
476,E,Y,-0.3197,-0.3197,2,2.5,1,-0.6884,0.049
477,C,A,2.932,2.932,1,0.5,0.5,,2.932
477,C,C,0,0,2,,1,0,0
477,C,D,-0.8958,-0.8958,1,1,0.5,,-0.8958
477,C,E,1.131,1.131,2,0.75,1,-0.6695,2.932
477,C,K,-0.06902,-0.06902,1,1,0.5,,-0.06902
477,C,Q,-0.6269,-0.6269,1,2,0.5,-0.6269,
477,C,R,-0.5453,-0.5453,1,1,0.5,-0.5453,
478,M,C,1.808,1.808,1,1,0.5,,1.808
478,M,F,-0.01709,-0.01709,2,2.5,1,0.2078,-0.242
478,M,I,-0.3393,-0.3393,2,9.25,1,-0.8937,0.2152
478,M,K,-0.6424,-0.6424,1,1,0.5,-0.6424,
478,M,L,0.4676,0.4676,2,3,1,0.8056,0.1297
478,M,M,0,0,2,,1,0,0
478,M,Q,-0.1057,-0.1057,1,3,0.5,-0.1057,
478,M,V,-0.03397,-0.03397,2,2,1,-0.1365,0.06855
479,E,A,-0.5296,-0.5296,2,3,1,-0.6561,-0.4031
479,E,C,-0.04506,-0.04506,2,3,1,0.08116,-0.1713
479,E,D,0.1421,0.1421,2,2.5,1,-0.3589,0.643
479,E,E,0,0,2,,1,0,0
479,E,F,-0.336,-0.336,2,2,1,-0.5339,-0.1381
479,E,G,-0.2875,-0.2875,2,2.5,1,-0.6623,0.08725
479,E,H,0.009462,0.009462,2,2.5,1,-0.02081,0.03973
479,E,I,-0.206,-0.206,2,4.5,1,-0.3726,-0.03942
479,E,K,-0.1482,-0.1482,2,8,1,-0.3096,0.01322
479,E,L,0.2811,0.2811,2,4,1,0.3649,0.1974
479,E,M,0.1792,0.1792,2,2.5,1,0.3568,0.001574
479,E,N,0.3892,0.3892,2,3,1,0.5967,0.1817
479,E,Q,-0.8888,-0.8888,2,3.5,1,-1.799,0.02137
479,E,R,-0.009352,-0.009352,2,5,1,-0.1828,0.1641
479,E,S,0.001231,0.001231,2,3,1,-0.005343,0.007805
479,E,T,-0.4345,-0.4345,2,4.5,1,-0.9003,0.0313
479,E,V,0.02742,0.02742,2,2.5,1,-0.267,0.3218
479,E,W,0.05731,0.05731,2,5,1,0.08206,0.03255
479,E,Y,1.05,1.05,2,2,1,2.151,-0.04963
480,S,A,0.02127,0.02127,2,1,1,0.02646,0.01609
480,S,C,0.05449,0.05449,2,3.5,1,0.105,0.004024
480,S,D,-0.1455,-0.1455,2,2.5,1,-0.2383,-0.05265
480,S,E,0.2979,0.2979,2,2,1,0.3069,0.2888
480,S,F,-0.002704,-0.002704,2,3,1,0.2003,-0.2057
480,S,G,-0.02428,-0.02428,2,2.5,1,0.2221,-0.2706
480,S,H,0.3298,0.3298,2,1.5,1,0.8546,-0.1949
480,S,K,0.1157,0.1157,2,1.5,1,-0.04091,0.2724
480,S,L,-0.1023,-0.1023,2,2,1,-0.1563,-0.04837
480,S,M,0.3717,0.3717,2,4,1,0.8339,-0.09059
480,S,N,-0.5039,-0.5039,2,1.5,1,0.1955,-1.203
480,S,Q,0.1491,0.1491,2,2,1,0.08042,0.2178
480,S,R,-0.2031,-0.2031,2,2.5,1,-0.2755,-0.1306
480,S,S,0,0,2,,1,0,0
480,S,T,0.1823,0.1823,2,4.5,1,0.3176,0.04705
480,S,V,0.2374,0.2374,1,2,0.5,0.2374,
480,S,Y,0.9555,0.9555,2,2,1,1.843,0.06846
481,V,A,0.2167,0.2167,2,1.5,1,-0.02044,0.4539
481,V,C,-0.3812,-0.3812,2,1.5,1,-0.1197,-0.6427
481,V,H,-1.487,-1.487,2,1,1,-1.844,-1.13
481,V,I,0.8405,0.8405,2,3.5,1,1.625,0.05576
481,V,L,0.5881,0.5881,2,2,1,0.9638,0.2123
481,V,P,-1.026,-1.026,1,1,0.5,-1.026,
481,V,T,-0.05384,-0.05384,2,1.5,1,0.08929,-0.197
481,V,V,0,0,2,,1,0,0
481,V,W,0.8252,0.8252,1,1,0.5,0.8252,
481,V,Y,-1.913,-1.913,1,1,0.5,-1.913,
482,R,A,-0.5826,-0.5826,2,2.5,1,-0.8241,-0.3412
482,R,C,1.091,1.091,2,2.5,1,2.537,-0.3545
482,R,D,0.09559,0.09559,2,2.5,1,0.5223,-0.3311
482,R,E,-0.4655,-0.4655,2,4,1,-0.8406,-0.09035
482,R,F,-0.2732,-0.2732,2,2,1,-0.7813,0.235
482,R,G,0.06104,0.06104,1,3,0.5,0.06104,
482,R,H,0.5093,0.5093,2,2,1,0.7613,0.2573
482,R,I,-0.4177,-0.4177,2,1,1,-0.848,0.01259
482,R,K,0.5022,0.5022,2,3,1,1.017,-0.01255
482,R,M,0.142,0.142,2,4.5,1,0.2706,0.01343
482,R,P,1.111,1.111,2,1,1,2.291,-0.06863
482,R,Q,-0.5598,-0.5598,2,1.5,1,-1.359,0.2392
482,R,R,0,0,2,,1,0,0
482,R,S,-0.0004376,-0.0004376,2,2.5,1,0.1597,-0.1606
482,R,T,-0.261,-0.261,2,4,1,-0.5092,-0.01281
482,R,V,0.08967,0.08967,2,2.5,1,0.2138,-0.03443
482,R,W,-0.1393,-0.1393,1,1,0.5,-0.1393,
482,R,Y,0.2177,0.2177,2,4,1,0.4682,-0.03293
483,N,A,-0.332,-0.332,2,2.5,1,-0.3386,-0.3255
483,N,C,0.2198,0.2198,1,2,0.5,,0.2198
483,N,D,0.08229,0.08229,1,2,0.5,,0.08229
483,N,E,-0.1114,-0.1114,2,1.5,1,-0.327,0.1042
483,N,F,0.1345,0.1345,2,2,1,0.1171,0.1518
483,N,G,-1.055,-1.055,1,2,0.5,-1.055,
483,N,H,-1.269,-1.269,2,3,1,-2.592,0.05456
483,N,I,0.1704,0.1704,2,2.5,1,0.4159,-0.07506
483,N,K,0.246,0.246,2,2,1,0.7964,-0.3044
483,N,L,0.1964,0.1964,1,5,0.5,0.1964,
483,N,M,-0.7719,-0.7719,2,1,1,-0.9523,-0.5914
483,N,N,0,0,2,,1,0,0
483,N,P,3.083,3.083,1,0.5,0.5,,3.083
483,N,Q,0.6357,0.6357,2,2,1,1.091,0.1802
483,N,R,-0.2898,-0.2898,2,1.5,1,-0.0332,-0.5464
483,N,T,0.3294,0.3294,2,3,1,0.5115,0.1472
483,N,V,0.06815,0.06815,2,2.5,1,-0.06429,0.2006
483,N,W,-0.04768,-0.04768,2,2,1,-0.2119,0.1166
483,N,Y,0.7941,0.7941,1,3,0.5,0.7941,
484,G,A,-0.1258,-0.1258,2,2.5,1,-0.01177,-0.2399
484,G,C,0.007305,0.007305,2,2,1,-0.2211,0.2357
484,G,D,0.1105,0.1105,2,4,1,0.5006,-0.2796
484,G,E,-0.9905,-0.9905,2,3,1,-1.862,-0.1187
484,G,F,0.3098,0.3098,2,1,1,0.348,0.2716
484,G,G,0,0,2,,1,0,0
484,G,H,-0.1144,-0.1144,1,3,0.5,,-0.1144
484,G,K,-0.1587,-0.1587,1,1,0.5,-0.1587,
484,G,L,0.7298,0.7298,2,2.5,1,1.21,0.2499
484,G,M,0.1623,0.1623,2,3,1,0.3177,0.006934
484,G,N,0.1585,0.1585,2,3.5,1,0.2669,0.05015
484,G,Q,-0.04311,-0.04311,2,2,1,-0.06792,-0.0183
484,G,R,0.03642,0.03642,2,3,1,-0.05516,0.128
484,G,S,0.1306,0.1306,2,3,1,0.2836,-0.02241
484,G,T,0.09834,0.09834,2,4,1,0.0835,0.1132
484,G,V,-0.05709,-0.05709,2,1,1,-0.5005,0.3863
484,G,W,-0.1172,-0.1172,2,4,1,-0.1853,-0.04908
484,G,Y,0.2419,0.2419,2,1.5,1,0.7824,-0.2987
485,T,A,-0.3247,-0.3247,2,3,1,-0.6368,-0.01253
485,T,C,0.1652,0.1652,2,3.5,1,0.507,-0.1766
485,T,D,-0.1727,-0.1727,2,3.5,1,0.1273,-0.4728
485,T,E,0.2651,0.2651,2,3.5,1,0.5056,0.02463
485,T,F,0.0793,0.0793,2,1.5,1,0.08816,0.07043
485,T,G,0.3655,0.3655,2,3,1,0.7081,0.02278
485,T,H,-0.6201,-0.6201,2,3,1,-0.5863,-0.6539
485,T,I,-0.77,-0.77,1,3,0.5,-0.77,
485,T,K,-0.006735,-0.006735,2,2,1,0.03918,-0.05265
485,T,L,-0.01587,-0.01587,2,2.5,1,-0.04008,0.008334
485,T,M,0.5211,0.5211,2,2,1,0.352,0.6902
485,T,N,-0.5719,-0.5719,2,2.5,1,-1.082,-0.06151
485,T,Q,0.4695,0.4695,2,4,1,0.8691,0.06984
485,T,R,0.09061,0.09061,2,2.5,1,0.05064,0.1306
485,T,S,-0.1323,-0.1323,2,2,1,0.0537,-0.3184
485,T,T,0,0,2,,1,0,0
485,T,V,0.2376,0.2376,2,3,1,0.3928,0.08235
485,T,W,-0.03868,-0.03868,2,2.5,1,-0.2074,0.13
485,T,Y,-0.2051,-0.2051,2,2.5,1,-0.2855,-0.1247
486,Y,C,-2.598,-2.598,1,1,0.5,-2.598,
486,Y,F,5.104,5.104,1,0.5,0.5,,5.104
486,Y,V,-2.482,-2.482,1,1,0.5,-2.482,
486,Y,Y,0,0,2,,1,0,0
487,D,A,-0.498,-0.498,2,3,1,-0.5717,-0.4243
487,D,C,0.2567,0.2567,2,4,1,0.5703,-0.05701
487,D,D,0,0,2,,1,0,0
487,D,E,0.2646,0.2646,2,6,1,0.5077,0.02151
487,D,F,0.2315,0.2315,1,5,0.5,0.2315,
487,D,G,-0.08584,-0.08584,2,1.5,1,-0.1674,-0.004298
487,D,H,-0.2772,-0.2772,2,4,1,-0.05974,-0.4947
487,D,I,0.3596,0.3596,2,4,1,0.6401,0.07906
487,D,K,-1.275,-1.275,2,1.5,1,-2.049,-0.502
487,D,L,0.1735,0.1735,2,2.5,1,0.3077,0.03923
487,D,M,0.5222,0.5222,2,3,1,0.2887,0.7558
487,D,N,-0.2234,-0.2234,2,11,1,-0.4795,0.03268
487,D,P,-0.1117,-0.1117,1,3,0.5,,-0.1117
487,D,Q,-0.3158,-0.3158,2,3,1,-0.6414,0.009747
487,D,R,-0.06051,-0.06051,2,4,1,0.1365,-0.2575
487,D,S,0.3117,0.3117,2,3.5,1,-0.1075,0.731
487,D,T,0.2342,0.2342,2,2,1,0.1863,0.2821
487,D,V,0.09377,0.09377,1,2,0.5,,0.09377
487,D,W,-0.5672,-0.5672,2,1.5,1,-0.8441,-0.2902
487,D,Y,0.2621,0.2621,2,4.25,1,0.5248,-0.0005082
488,Y,A,-0.09372,-0.09372,2,4.5,1,-0.5757,0.3883
488,Y,C,-0.7008,-0.7008,1,3,0.5,-0.7008,
488,Y,D,-1.5,-1.5,1,2,0.5,-1.5,
488,Y,E,0.0421,0.0421,2,4.5,1,0.09335,-0.00915
488,Y,F,0.4499,0.4499,2,1.5,1,0.6737,0.2261
488,Y,G,-0.1062,-0.1062,1,1,0.5,,-0.1062
488,Y,H,0.2084,0.2084,2,4,1,0.4143,0.002532
488,Y,I,-0.9462,-0.9462,2,2.5,1,-2.073,0.1802
488,Y,K,-0.1284,-0.1284,1,3,0.5,,-0.1284
488,Y,L,0.579,0.579,2,2,1,1.184,-0.02583
488,Y,M,0.9415,0.9415,2,1,1,2.786,-0.9029
488,Y,N,0.5858,0.5858,2,6,1,0.93,0.2415
488,Y,P,-0.2029,-0.2029,2,1,1,0.1823,-0.5882
488,Y,Q,0.4069,0.4069,2,2,1,0.6311,0.1827
488,Y,R,2.511,2.511,1,3,0.5,2.511,
488,Y,S,0.6228,0.6228,2,4.5,1,0.8831,0.3626
488,Y,T,0.3439,0.3439,2,1,1,0.3216,0.3662
488,Y,V,0.1193,0.1193,2,3,1,0.5122,-0.2737
488,Y,W,0.2525,0.2525,2,4.5,1,0.8099,-0.305
488,Y,Y,0,0,2,,1,0,0
489,P,A,0.3175,0.3175,1,2,0.5,,0.3175
489,P,C,-0.3181,-0.3181,1,1,0.5,-0.3181,
489,P,D,-0.06036,-0.06036,2,3.5,1,0.03868,-0.1594
489,P,E,-0.237,-0.237,1,1,0.5,,-0.237
489,P,F,0.2087,0.2087,2,2.5,1,1.058,-0.6408
489,P,G,0.1281,0.1281,2,4,1,0.2561,0.0001507
489,P,H,0.2823,0.2823,2,5.5,1,0.668,-0.1035
489,P,I,0.08647,0.08647,2,3,1,-0.07139,0.2443
489,P,K,-0.3183,-0.3183,2,2,1,-0.4947,-0.1418
489,P,L,-0.06509,-0.06509,2,3.5,1,-0.04219,-0.08799
489,P,M,0.1904,0.1904,2,4.5,1,0.2176,0.1632
489,P,N,-0.1617,-0.1617,2,4.5,1,-0.1694,-0.1539
489,P,P,0,0,2,,1,0,0
489,P,Q,0.562,0.562,2,1.5,1,1.218,-0.09444
489,P,R,0.348,0.348,2,3.5,1,0.9126,-0.2167
489,P,S,-0.3958,-0.3958,2,3.5,1,-0.5529,-0.2387
489,P,T,-0.04903,-0.04903,2,4.5,1,-0.09668,-0.001373
489,P,V,0.04098,0.04098,2,3,1,0.1074,-0.02542
489,P,W,-0.4211,-0.4211,2,3.5,1,-0.512,-0.3302
489,P,Y,-0.6373,-0.6373,2,2,1,-1.084,-0.1903
490,Q,A,1.23,1.23,2,2,1,2.557,-0.09627
490,Q,C,1.087,1.087,1,2,0.5,1.087,
490,Q,D,0.2705,0.2705,2,1.5,1,0.05893,0.4821
490,Q,E,0.3091,0.3091,2,2.5,1,0.5602,0.05797
490,Q,F,-1.066,-1.066,2,4.5,1,-2.038,-0.09355
490,Q,G,0.1455,0.1455,2,3.5,1,0.1889,0.1022
490,Q,H,-0.1925,-0.1925,1,3,0.5,-0.1925,
490,Q,I,0.08179,0.08179,1,3,0.5,,0.08179
490,Q,K,0.367,0.367,2,2.5,1,0.8126,-0.07869
490,Q,L,0.4971,0.4971,2,2,1,1.038,-0.04356
490,Q,M,0.04525,0.04525,2,5.5,1,0.1,-0.009505
490,Q,N,-0.3007,-0.3007,2,2,1,0.2449,-0.8462
490,Q,P,-0.1818,-0.1818,2,1.5,1,-0.4656,0.102
490,Q,Q,0,0,2,,1,0,0
490,Q,R,0.08196,0.08196,1,3,0.5,,0.08196
490,Q,S,0.587,0.587,2,3,1,1.017,0.1575
490,Q,T,0.1003,0.1003,2,3,1,0.4178,-0.2172
490,Q,V,-0.01361,-0.01361,1,4,0.5,,-0.01361
490,Q,Y,0.2553,0.2553,2,2.5,1,0.7114,-0.2008
491,Y,A,-1.277,-1.277,1,1,0.5,-1.277,
491,Y,C,-2.321,-2.321,1,1,0.5,-2.321,
491,Y,F,-0.1005,-0.1005,2,4.5,1,-0.1901,-0.01094
491,Y,G,-0.1162,-0.1162,1,1,0.5,,-0.1162
491,Y,H,0.2949,0.2949,2,5,1,0.528,0.0617
491,Y,I,-0.9542,-0.9542,1,1,0.5,,-0.9542
491,Y,K,-0.2224,-0.2224,2,4,1,-0.3197,-0.1252
491,Y,L,2.643,2.643,1,1,0.5,2.643,
491,Y,M,0.01495,0.01495,2,1.75,1,0.4511,-0.4212
491,Y,N,0.119,0.119,1,4,0.5,0.119,
491,Y,R,-0.4565,-0.4565,2,2.5,1,-0.7837,-0.1294
491,Y,S,-0.557,-0.557,1,1,0.5,,-0.557
491,Y,T,-2.007,-2.007,1,1,0.5,,-2.007
491,Y,W,-0.2069,-0.2069,2,1.5,1,-0.3181,-0.09566
491,Y,Y,0,0,2,,1,0,0
492,S,A,-0.1846,-0.1846,2,2.5,1,-0.2787,-0.09052
492,S,C,0.05418,0.05418,2,1,1,0.1346,-0.02621
492,S,D,-0.17,-0.17,2,2,1,-0.1849,-0.1551
492,S,E,-0.1576,-0.1576,2,3,1,-0.0329,-0.2824
492,S,F,0.5915,0.5915,2,1.5,1,0.9078,0.2751
492,S,G,0.4674,0.4674,2,3,1,0.8493,0.08553
492,S,H,0.2198,0.2198,2,4,1,0.4222,0.01743
492,S,I,-0.1931,-0.1931,2,2.5,1,-0.2251,-0.1612
492,S,K,-0.09408,-0.09408,2,4.5,1,-0.1251,-0.06305
492,S,L,-0.04533,-0.04533,1,2,0.5,,-0.04533
492,S,M,0.2885,0.2885,2,4,1,0.5509,0.02615
492,S,N,0.109,0.109,2,5,1,-0.03143,0.2494
492,S,Q,-0.117,-0.117,2,3,1,-0.3672,0.1333
492,S,R,0.2001,0.2001,2,4.5,1,0.2584,0.1419
492,S,S,0,0,2,,1,0,0
492,S,T,-0.02888,-0.02888,1,5,0.5,,-0.02888
492,S,V,0.1213,0.1213,2,4,1,0.2312,0.01139
492,S,W,-0.4644,-0.4644,2,1.5,1,-0.4199,-0.5088
492,S,Y,0.09923,0.09923,2,3,1,0.07391,0.1246
493,E,A,-0.2098,-0.2098,2,4.5,1,-0.4718,0.05221
493,E,C,-0.06127,-0.06127,2,1.5,1,-0.004166,-0.1184
493,E,D,0.1969,0.1969,2,4,1,0.0329,0.3608
493,E,E,0,0,2,,1,0,0
493,E,F,0.1837,0.1837,1,4,0.5,0.1837,
493,E,G,-0.3253,-0.3253,2,5.5,1,-0.8019,0.1512
493,E,H,0.08322,0.08322,2,3.5,1,-0.7117,0.8781
493,E,I,0.2985,0.2985,2,3,1,0.5227,0.07434
493,E,K,-0.244,-0.244,2,4,1,-0.06412,-0.424
493,E,L,0.1072,0.1072,2,2.5,1,0.2013,0.01317
493,E,M,-0.03092,-0.03092,2,1.5,1,-0.2422,0.1804
493,E,N,-0.6705,-0.6705,2,2.5,1,-1.242,-0.09863
493,E,P,-0.2275,-0.2275,2,3.5,1,-0.3556,-0.0994
493,E,Q,-0.9111,-0.9111,2,3.5,1,-1.821,-0.001165
493,E,R,0.07815,0.07815,1,4,0.5,0.07815,
493,E,S,0.07266,0.07266,2,2,1,0.1336,0.01173
493,E,T,-0.3539,-0.3539,2,2.5,1,-0.5795,-0.1283
493,E,V,-0.04329,-0.04329,2,5,1,-0.1249,0.0383
493,E,W,0.2404,0.2404,1,2,0.5,,0.2404
493,E,Y,-0.09859,-0.09859,1,2,0.5,-0.09859,
493,E,*,0.1803,0.1803,1,1,0.5,0.1803,
494,E,A,-0.1804,-0.1804,2,4,1,-0.4814,0.1207
494,E,C,0.01373,0.01373,2,3,1,0.09804,-0.07058
494,E,D,0.532,0.532,2,1.5,1,1.237,-0.1731
494,E,E,0,0,2,,1,0,0
494,E,F,0.3978,0.3978,2,4,1,0.6969,0.09866
494,E,G,0.4837,0.4837,2,2.5,1,0.7381,0.2292
494,E,H,-0.9844,-0.9844,2,2,1,-2.088,0.119
494,E,I,0.06699,0.06699,2,4.5,1,0.3804,-0.2464
494,E,K,0.06193,0.06193,2,3.5,1,0.02654,0.09733
494,E,L,-0.3096,-0.3096,2,5.5,1,-0.599,-0.02012
494,E,M,-0.1805,-0.1805,2,3.5,1,-0.3252,-0.03586
494,E,N,-0.6277,-0.6277,2,3,1,-0.9843,-0.271
494,E,P,0.01325,0.01325,2,2,1,-0.07106,0.09756
494,E,Q,-0.3506,-0.3506,2,3,1,-0.7432,0.04205
494,E,R,-0.4298,-0.4298,2,3,1,-0.5392,-0.3205
494,E,S,0.1624,0.1624,2,3.5,1,0.1325,0.1923
494,E,T,-0.2059,-0.2059,2,4,1,-0.2958,-0.116
494,E,V,-0.2628,-0.2628,2,2.5,1,-0.7283,0.2027
494,E,W,-0.2051,-0.2051,2,1.5,1,-0.8521,0.4419
494,E,Y,-0.154,-0.154,2,4.75,1,-0.4115,0.1036
495,A,A,0,0,2,,1,0,0
495,A,C,0.6273,0.6273,1,1,0.5,0.6273,
495,A,F,0.04116,0.04116,2,1,1,0.3019,-0.2196
495,A,G,1.042,1.042,2,1.5,1,1.208,0.8763
495,A,H,-0.009696,-0.009696,1,2,0.5,,-0.009696
495,A,I,-0.9373,-0.9373,2,2.5,1,-1.459,-0.4154
495,A,K,-0.8444,-0.8444,2,3,1,-1.584,-0.1047
495,A,L,0.2903,0.2903,2,3,1,-0.1665,0.747
495,A,M,-0.05921,-0.05921,2,2.5,1,-0.1492,0.03077
495,A,N,0.6528,0.6528,2,1,1,0.04114,1.264
495,A,Q,-1.949,-1.949,1,3,0.5,-1.949,
495,A,R,0.3757,0.3757,2,2,1,0.4175,0.3339
495,A,S,0.2422,0.2422,2,2.5,1,0.6167,-0.1323
495,A,T,0.1134,0.1134,2,4.5,1,-0.09761,0.3245
495,A,V,-0.0875,-0.0875,2,5.5,1,-0.1093,-0.06571
495,A,W,-0.6076,-0.6076,2,3.5,1,-0.5797,-0.6356
495,A,Y,-0.4737,-0.4737,1,1,0.5,-0.4737,
496,R,A,-0.2391,-0.2391,1,1,0.5,,-0.2391
496,R,C,-0.05613,-0.05613,2,2,1,-0.08457,-0.02768
496,R,D,0.02063,0.02063,1,1,0.5,,0.02063
496,R,E,0.3672,0.3672,2,2.5,1,0.5526,0.1818
496,R,F,0.1569,0.1569,2,3.5,1,0.3661,-0.05227
496,R,G,-0.1381,-0.1381,2,4.5,1,-0.00306,-0.2731
496,R,H,-0.1156,-0.1156,2,3.5,1,-0.2042,-0.02698
496,R,I,0.1475,0.1475,1,3,0.5,,0.1475
496,R,K,0.01841,0.01841,2,3.5,1,0.4447,-0.4079
496,R,L,0.1793,0.1793,2,1,1,0.2674,0.09121
496,R,M,-0.4552,-0.4552,2,1.5,1,-0.7301,-0.1803
496,R,N,-0.1283,-0.1283,2,3,1,-0.09648,-0.1602
496,R,Q,-0.06791,-0.06791,2,2.5,1,-0.2639,0.1281
496,R,R,0,0,2,,1,0,0
496,R,S,-0.3987,-0.3987,2,4.75,1,-0.5888,-0.2087
496,R,T,0.3422,0.3422,2,3.5,1,0.5938,0.09051
496,R,V,0.2077,0.2077,2,2.5,1,0.5247,-0.1092
496,R,W,-0.1003,-0.1003,2,3,1,-0.1582,-0.04236
496,R,Y,-0.08917,-0.08917,2,3.5,1,-0.198,0.01967
497,L,A,0.1222,0.1222,2,1.5,1,0.1351,0.1092
497,L,C,-0.1239,-0.1239,2,2.5,1,-0.2691,0.02127
497,L,D,0.2409,0.2409,2,3.5,1,0.8732,-0.3914
497,L,E,-0.1423,-0.1423,2,5,1,-0.1707,-0.1138
497,L,F,-0.2963,-0.2963,2,2.5,1,-0.5976,0.005008
497,L,G,-1.234,-1.234,2,1.5,1,-3.109,0.6411
497,L,H,-0.238,-0.238,2,5.5,1,-0.4171,-0.05885
497,L,I,0.1244,0.1244,2,2.5,1,-0.1218,0.3705
497,L,K,-0.6317,-0.6317,2,2,1,-1.005,-0.258
497,L,L,0,0,2,,1,0,0
497,L,M,-0.8943,-0.8943,2,3.5,1,-2.185,0.396
497,L,N,-0.1164,-0.1164,1,3,0.5,,-0.1164
497,L,P,-0.415,-0.415,2,2,1,-0.6723,-0.1578
497,L,Q,1.03,1.03,2,1.5,1,1.805,0.2556
497,L,R,-0.3497,-0.3497,2,4,1,-0.3864,-0.313
497,L,S,-0.79,-0.79,1,2,0.5,-0.79,
497,L,T,0.2179,0.2179,2,3.5,1,0.4122,0.02361
497,L,V,0.005115,0.005115,2,4.5,1,0.0545,-0.04427
497,L,W,0.03091,0.03091,1,4,0.5,,0.03091
497,L,Y,-0.4649,-0.4649,2,2,1,-0.8222,-0.1076
498,K,A,-0.2763,-0.2763,2,1.5,1,-0.1662,-0.3864
498,K,C,-0.2085,-0.2085,2,4.5,1,-0.3496,-0.06731
498,K,D,-0.7695,-0.7695,1,1,0.5,-0.7695,
498,K,E,0.2614,0.2614,2,1,1,0.6501,-0.1273
498,K,F,-0.3534,-0.3534,2,2,1,-1.09,0.3834
498,K,G,0.008869,0.008869,2,3,1,-0.1465,0.1642
498,K,H,0.3879,0.3879,2,3,1,0.6015,0.1742
498,K,I,0.8911,0.8911,2,1.5,1,0.9985,0.7837
498,K,K,0,0,2,,1,0,0
498,K,L,0.3085,0.3085,2,5,1,0.6584,-0.04137
498,K,M,-0.14,-0.14,2,2.5,1,-0.2484,-0.03166
498,K,N,-0.2671,-0.2671,2,4,1,-0.2293,-0.3049
498,K,P,0.06523,0.06523,2,2.5,1,0.3042,-0.1738
498,K,Q,-0.4558,-0.4558,2,4,1,-0.8477,-0.06393
498,K,R,0.3803,0.3803,2,1,1,0.04805,0.7126
498,K,S,-0.8433,-0.8433,2,4,1,-1.573,-0.1135
498,K,T,0.1359,0.1359,2,4.5,1,0.3218,-0.04996
498,K,V,-0.3591,-0.3591,2,3.5,1,-1.057,0.3389
498,K,W,0.346,0.346,1,2,0.5,,0.346
498,K,Y,-0.6901,-0.6901,2,2.5,1,-1.344,-0.03663
499,R,A,-0.04886,-0.04886,2,3.5,1,-0.2243,0.1266
499,R,C,-0.4615,-0.4615,1,2,0.5,,-0.4615
499,R,D,-0.1296,-0.1296,2,3.5,1,-0.1446,-0.1146
499,R,E,0.2363,0.2363,2,3,1,-0.1403,0.613
499,R,F,-0.184,-0.184,2,3.5,1,-0.8045,0.4365
499,R,G,-1.186,-1.186,1,4,0.5,-1.186,
499,R,H,0.08587,0.08587,2,2.5,1,-0.511,0.6828
499,R,I,-0.458,-0.458,2,1.5,1,0.2216,-1.138
499,R,K,0.009003,0.009003,1,5,0.5,0.009003,
499,R,L,-0.09412,-0.09412,2,3.5,1,-0.2489,0.06065
499,R,M,-0.1031,-0.1031,2,1.5,1,-0.1167,-0.08944
499,R,N,0.09748,0.09748,2,2,1,0.06541,0.1296
499,R,P,0.6821,0.6821,2,1.5,1,0.4853,0.8788
499,R,Q,0.02686,0.02686,2,4.5,1,0.2057,-0.152
499,R,R,0,0,2,,1,0,0
499,R,S,-0.1155,-0.1155,2,2,1,0.02887,-0.2598
499,R,T,0.2646,0.2646,2,3,1,0.4031,0.1261
499,R,V,-0.5196,-0.5196,2,3.5,1,-1.181,0.1418
499,R,W,0.102,0.102,2,5,1,0.1206,0.0833
499,R,Y,-0.2369,-0.2369,2,2,1,-0.4055,-0.06824
500,E,A,-0.3471,-0.3471,2,3.5,1,-0.5754,-0.1188
500,E,C,0.3769,0.3769,2,3,1,0.7167,0.03718
500,E,D,-0.3729,-0.3729,2,3.5,1,-0.7514,0.00567
500,E,E,0,0,2,,1,0,0
500,E,F,0.3165,0.3165,2,3.5,1,0.5826,0.05051
500,E,G,-0.4843,-0.4843,2,3,1,-0.8161,-0.1525
500,E,H,0.3782,0.3782,2,4.5,1,0.5633,0.1931
500,E,I,-0.1968,-0.1968,2,3.5,1,-0.5228,0.1292
500,E,K,-0.1693,-0.1693,2,6.5,1,-0.4338,0.09532
500,E,L,0.5575,0.5575,2,2.5,1,1.259,-0.1437
500,E,M,0.1688,0.1688,2,5,1,0.5207,-0.183
500,E,N,-0.05926,-0.05926,2,2.5,1,-0.3196,0.2011
500,E,P,0.5063,0.5063,2,4,1,0.7013,0.3113
500,E,Q,-0.1118,-0.1118,2,4,1,-0.2135,-0.01018
500,E,R,0.2696,0.2696,2,2.5,1,0.5346,0.004563
500,E,S,0.2299,0.2299,2,3.5,1,0.4513,0.008511
500,E,T,-0.008519,-0.008519,2,4.5,1,0.1993,-0.2163
500,E,V,0.1104,0.1104,2,4,1,-0.2641,0.485
500,E,W,0.206,0.206,2,3,1,0.397,0.01497
500,E,Y,-0.1435,-0.1435,2,2.5,1,-0.1291,-0.158
500,E,*,-1.527,-1.527,2,1,1,-2.13,-0.9237
501,E,A,0.5535,0.5535,2,2,1,0.7747,0.3323
501,E,C,-0.2452,-0.2452,1,1,0.5,-0.2452,
501,E,D,0.4176,0.4176,2,2,1,0.5097,0.3255
501,E,E,0,0,2,,1,0,0
501,E,F,0.1418,0.1418,2,2,1,0.3011,-0.01757
501,E,G,-0.4817,-0.4817,2,3.5,1,-0.8804,-0.08304
501,E,H,-0.1555,-0.1555,2,4,1,-0.3293,0.01834
501,E,I,0.3496,0.3496,2,5,1,0.6661,0.03299
501,E,K,-0.1156,-0.1156,2,10,1,-0.2741,0.04286
501,E,L,-0.1248,-0.1248,2,5.5,1,-0.1369,-0.1128
501,E,M,0.2248,0.2248,2,4.5,1,-0.2484,0.698
501,E,N,0.1788,0.1788,2,3,1,0.4111,-0.05341
501,E,P,-0.00325,-0.00325,2,3.5,1,-0.09296,0.08646
501,E,Q,0.02992,0.02992,2,2,1,0.1402,-0.08038
501,E,R,-0.4699,-0.4699,2,1,1,-0.9089,-0.03094
501,E,S,0.3253,0.3253,2,2,1,0.6168,0.03376
501,E,T,0.3815,0.3815,2,3.5,1,0.797,-0.03393
501,E,V,-0.04786,-0.04786,2,4,1,-0.2229,0.1271
501,E,W,0.2133,0.2133,2,4.5,1,-0.3137,0.7402
501,E,Y,0.053,0.053,2,3.5,1,-0.2687,0.3747
502,I,D,-2.28,-2.28,1,2,0.5,-2.28,
502,I,F,1.338,1.338,1,1,0.5,1.338,
502,I,G,-0.2217,-0.2217,1,1,0.5,,-0.2217
502,I,H,0.9481,0.9481,1,2,0.5,0.9481,
502,I,I,0,0,2,,1,0,0
502,I,L,-0.05044,-0.05044,2,2.5,1,-0.2521,0.1512
502,I,M,-0.01842,-0.01842,2,1,1,0.2767,-0.3135
502,I,N,-0.9939,-0.9939,1,1,0.5,-0.9939,
502,I,P,-0.07464,-0.07464,1,1,0.5,-0.07464,
502,I,T,-2.036,-2.036,1,1,0.5,-2.036,
502,I,V,-0.3018,-0.3018,2,2.5,1,-0.2102,-0.3934
502,I,W,-2.394,-2.394,1,3,0.5,-2.394,
502,I,Y,-2.036,-2.036,1,1,0.5,-2.036,
503,S,A,0.2673,0.2673,2,2,1,0.5499,-0.01521
503,S,C,-2.072,-2.072,1,1,0.5,-2.072,
503,S,D,0.01781,0.01781,2,2,1,-0.05012,0.08574
503,S,E,0.02162,0.02162,2,4.5,1,0.07678,-0.03353
503,S,F,0.1904,0.1904,2,4.5,1,0.264,0.1167
503,S,G,-0.1984,-0.1984,2,4,1,-0.1907,-0.2062
503,S,H,0.1518,0.1518,2,2.5,1,0.2382,0.06536
503,S,I,0.0433,0.0433,2,2.5,1,-0.006378,0.09298
503,S,K,0.076,0.076,1,3,0.5,0.076,
503,S,L,-0.8675,-0.8675,2,2.5,1,-0.9686,-0.7664
503,S,M,1.16,1.16,1,1,0.5,,1.16
503,S,N,-0.05347,-0.05347,2,5.5,1,-0.07882,-0.02813
503,S,P,-0.3088,-0.3088,2,3,1,-0.747,0.1294
503,S,Q,-0.8967,-0.8967,2,3,1,-1.723,-0.07068
503,S,R,-0.1048,-0.1048,2,4.5,1,-0.2874,0.07775
503,S,S,0,0,2,,1,0,0
503,S,V,-0.5851,-0.5851,2,3.5,1,-1.278,0.1083
503,S,W,0.1411,0.1411,2,1,1,0.2886,-0.006425
503,S,Y,0.1683,0.1683,2,3.5,1,0.3278,0.008837
504,G,A,0.1766,0.1766,2,2,1,-0.7278,1.081
504,G,C,0.174,0.174,1,2,0.5,0.174,
504,G,D,-0.6926,-0.6926,2,6.5,1,-1.295,-0.09061
504,G,E,-0.2032,-0.2032,1,2,0.5,,-0.2032
504,G,F,0.267,0.267,2,2.5,1,0.4935,0.04046
504,G,G,0,0,2,,1,0,0
504,G,H,-0.1103,-0.1103,1,1,0.5,-0.1103,
504,G,I,0.2573,0.2573,2,1.5,1,-0.3372,0.8517
504,G,K,0.009847,0.009847,2,4.5,1,0.05444,-0.03474
504,G,L,1.296,1.296,1,1,0.5,1.296,
504,G,M,-0.0976,-0.0976,2,4.5,1,-0.06919,-0.126
504,G,N,-0.09929,-0.09929,2,4,1,-0.4029,0.2043
504,G,P,-0.494,-0.494,2,4,1,-0.8702,-0.1178
504,G,Q,0.4547,0.4547,2,1.5,1,0.8913,0.01815
504,G,R,0.4006,0.4006,2,3.5,1,-0.07883,0.8799
504,G,S,0.4505,0.4505,1,5,0.5,0.4505,
504,G,T,0.2991,0.2991,2,2,1,0.2346,0.3636
504,G,V,0.4494,0.4494,2,4,1,0.8835,0.0153
504,G,W,0.2386,0.2386,2,3,1,0.3118,0.1654
504,G,Y,0.2112,0.2112,2,2,1,0.4843,-0.06189
505,V,A,-0.3596,-0.3596,2,3.5,1,-1.016,0.2973
505,V,C,-0.2168,-0.2168,1,1,0.5,,-0.2168
505,V,D,-0.1913,-0.1913,2,2,1,-0.5801,0.1976
505,V,E,-0.1594,-0.1594,1,2,0.5,,-0.1594
505,V,F,-0.3944,-0.3944,2,4,1,-0.08983,-0.6989
505,V,G,-0.1106,-0.1106,2,2.5,1,0.2125,-0.4337
505,V,H,0.04601,0.04601,1,5,0.5,,0.04601
505,V,I,0.1793,0.1793,2,3,1,0.3274,0.03123
505,V,K,-0.0001665,-0.0001665,2,2.5,1,0.06345,-0.06378
505,V,L,0.2032,0.2032,2,4,1,0.3853,0.02103
505,V,M,-0.2765,-0.2765,2,4,1,-0.4976,-0.05539
505,V,N,-0.7247,-0.7247,2,2,1,-1.505,0.05561
505,V,P,-1.078,-1.078,2,2,1,-2.062,-0.09331
505,V,Q,0.03834,0.03834,2,1,1,-0.1224,0.1991
505,V,R,-0.04396,-0.04396,2,1,1,-0.0968,0.008872
505,V,S,-0.06183,-0.06183,2,2,1,0.4336,-0.5573
505,V,T,-0.1194,-0.1194,2,5.5,1,-0.2573,0.01848
505,V,V,0,0,2,,1,0,0
505,V,W,0.316,0.316,2,5.5,1,0.5562,0.07574
505,V,Y,-0.869,-0.869,2,1,1,-1.534,-0.2036
506,K,A,-0.1244,-0.1244,2,2,1,-0.04946,-0.1992
506,K,C,-0.3517,-0.3517,2,1,1,0.5004,-1.204
506,K,D,-0.08497,-0.08497,2,2.5,1,0.03632,-0.2063
506,K,E,0.2301,0.2301,2,4,1,-0.1979,0.6581
506,K,F,0.01752,0.01752,2,3,1,-0.06707,0.1021
506,K,G,-0.3717,-0.3717,2,1.5,1,-0.806,0.06274
506,K,H,0.4469,0.4469,2,6,1,0.6763,0.2176
506,K,I,0.009914,0.009914,2,5,1,-0.1293,0.1491
506,K,K,0,0,2,,1,0,0
506,K,L,-0.4729,-0.4729,1,3,0.5,-0.4729,
506,K,M,0.2741,0.2741,2,2.5,1,-0.09528,0.6434
506,K,N,0.08696,0.08696,2,6.25,1,0.1127,0.06124
506,K,P,0.3382,0.3382,2,2,1,0.02323,0.6532
506,K,Q,-0.1429,-0.1429,2,4.5,1,-0.2345,-0.05123
506,K,R,0.0161,0.0161,2,3.5,1,-0.1052,0.1374
506,K,S,-0.04607,-0.04607,2,1.5,1,-0.04941,-0.04274
506,K,T,-0.3923,-0.3923,2,5.5,1,-0.3982,-0.3863
506,K,V,0.08688,0.08688,2,2.5,1,-0.5043,0.6781
506,K,W,0.8081,0.8081,2,4,1,1.445,0.1708
506,K,Y,-0.3646,-0.3646,2,4,1,-0.8108,0.08153
507,L,A,0.09029,0.09029,1,3,0.5,0.09029,
507,L,C,-0.5854,-0.5854,2,1,1,0.04032,-1.211
507,L,D,0.07246,0.07246,2,2,1,0.3269,-0.182
507,L,E,0.1455,0.1455,2,1.5,1,0.1378,0.1532
507,L,F,-0.2913,-0.2913,2,1,1,-0.449,-0.1337
507,L,G,-0.2141,-0.2141,2,2,1,0.04231,-0.4706
507,L,H,-0.652,-0.652,2,1.5,1,-1.199,-0.105
507,L,I,-0.5303,-0.5303,2,3,1,-0.185,-0.8756
507,L,K,0.2574,0.2574,2,3,1,0.6541,-0.1393
507,L,L,0,0,2,,1,0,0
507,L,M,-0.4547,-0.4547,2,3.5,1,-0.5993,-0.3101
507,L,N,0.3453,0.3453,2,3,1,0.6704,0.02014
507,L,P,-0.1481,-0.1481,2,3.5,1,-0.2295,-0.0668
507,L,Q,0.1587,0.1587,2,3.5,1,0.4572,-0.1399
507,L,R,-0.01192,-0.01192,2,3,1,0.05016,-0.07399
507,L,S,0.2903,0.2903,1,6,0.5,0.2903,
507,L,T,-0.2002,-0.2002,2,2.5,1,-0.6527,0.2523
507,L,V,-0.9784,-0.9784,1,3,0.5,-0.9784,
507,L,W,-0.5668,-0.5668,2,2.5,1,-1.165,0.03143
507,L,Y,-0.3988,-0.3988,2,4,1,-0.5565,-0.2412
508,E,A,-0.2905,-0.2905,1,5,0.5,-0.2905,
508,E,C,-0.4342,-0.4342,2,1,1,-0.5698,-0.2985
508,E,D,0.00748,0.00748,2,2.5,1,0.3107,-0.2957
508,E,E,0,0,2,,1,0,0
508,E,F,0.5357,0.5357,1,4,0.5,0.5357,
508,E,G,0.8267,0.8267,2,6,1,1.319,0.3347
508,E,H,-0.2264,-0.2264,2,2.5,1,-0.6002,0.1474
508,E,I,0.05784,0.05784,2,4,1,0.4294,-0.3138
508,E,K,0.2565,0.2565,2,6,1,0.4803,0.0326
508,E,M,0.08657,0.08657,2,2.5,1,0.08398,0.08916
508,E,N,0.05578,0.05578,2,2,1,0.009804,0.1018
508,E,P,1.057,1.057,1,4,0.5,1.057,
508,E,Q,0.3595,0.3595,2,1,1,-0.02984,0.7489
508,E,R,-0.3396,-0.3396,2,3,1,-0.3975,-0.2817
508,E,S,0.1165,0.1165,2,3.5,1,-0.07192,0.3049
508,E,T,0.07024,0.07024,2,3,1,0.06932,0.07116
508,E,V,0.1767,0.1767,2,3.5,1,0.1979,0.1555
508,E,W,-0.01444,-0.01444,2,2.5,1,0.2277,-0.2566
508,E,Y,-0.05061,-0.05061,2,4.5,1,-0.2387,0.1375
509,S,A,0.0784,0.0784,2,1.5,1,0.342,-0.1852
509,S,C,0.2687,0.2687,1,3,0.5,0.2687,
509,S,D,0.536,0.536,2,2,1,1.373,-0.3011
509,S,E,-0.7156,-0.7156,1,3,0.5,-0.7156,
509,S,F,0.6071,0.6071,2,3,1,1.023,0.1914
509,S,G,-0.6842,-0.6842,2,4,1,-1.344,-0.02406
509,S,H,0.05392,0.05392,2,2,1,0.1109,-0.003035
509,S,I,-0.1993,-0.1993,2,5,1,-0.2791,-0.1195
509,S,K,-0.05818,-0.05818,1,4,0.5,-0.05818,
509,S,L,-0.3965,-0.3965,1,3,0.5,-0.3965,
509,S,M,0.4074,0.4074,2,2.5,1,0.8124,0.002321
509,S,N,0.08748,0.08748,2,2,1,-0.07528,0.2502
509,S,P,0.1799,0.1799,2,3,1,0.1072,0.2525
509,S,Q,0.2227,0.2227,2,2.5,1,0.3978,0.04757
509,S,R,-0.644,-0.644,2,6,1,-1.221,-0.06751
509,S,S,0,0,2,,1,0,0
509,S,T,-0.04195,-0.04195,2,1,1,-0.2058,0.1219
509,S,V,-0.4152,-0.4152,2,4,1,-0.6988,-0.1315
509,S,W,-1.156,-1.156,2,1.5,1,-2.293,-0.0193
509,S,Y,-0.1785,-0.1785,2,4.5,1,-0.227,-0.1301
509,S,-,0.7088,0.7088,1,1,0.5,0.7088,
510,V,A,-0.1369,-0.1369,2,1.5,1,-0.1755,-0.09833
510,V,C,-1.086,-1.086,2,3.5,1,-2.063,-0.1078
510,V,D,-0.1379,-0.1379,2,2.5,1,0.003373,-0.2791
510,V,E,0.6106,0.6106,2,4,1,0.4398,0.7813
510,V,F,0.3758,0.3758,2,3,1,0.4685,0.2831
510,V,G,-0.1823,-0.1823,2,2,1,-0.4579,0.09332
510,V,H,-0.5326,-0.5326,1,4,0.5,-0.5326,
510,V,I,-0.09574,-0.09574,2,2,1,-0.1991,0.007629
510,V,K,0.5861,0.5861,2,4.75,1,1.102,0.06973
510,V,L,-1.083,-1.083,2,3,1,-1.735,-0.4304
510,V,M,0.2076,0.2076,2,5.5,1,0.4699,-0.05471
510,V,N,0.3791,0.3791,1,4,0.5,0.3791,
510,V,P,-0.3678,-0.3678,1,2,0.5,-0.3678,
510,V,Q,0.307,0.307,2,4,1,0.4172,0.1968
510,V,R,0.04927,0.04927,2,3,1,0.2271,-0.1286
510,V,S,0.665,0.665,2,3.5,1,1.352,-0.02185
510,V,T,0.4272,0.4272,2,2,1,0.5907,0.2637
510,V,V,0,0,2,,1,0,0
510,V,W,-0.3312,-0.3312,2,2,1,-0.7621,0.09964
510,V,Y,0.4201,0.4201,2,1,1,0.5284,0.3118
510a,G,A,0.4612,0.4612,2,2.5,1,0.9542,-0.03177
510a,G,C,0.9026,0.9026,1,4,0.5,0.9026,
510a,G,D,-0.06886,-0.06886,2,4.5,1,0.04149,-0.1792
510a,G,E,-0.4124,-0.4124,2,1.5,1,-0.5956,-0.2292
510a,G,F,0.203,0.203,2,1.5,1,0.04697,0.3591
510a,G,G,0,0,2,,1,0,0
510a,G,H,0.2227,0.2227,2,2.5,1,0.6141,-0.1687
510a,G,I,0.1594,0.1594,2,3,1,0.0283,0.2905
510a,G,K,1.358,1.358,2,2.5,1,2.872,-0.1565
510a,G,L,0.1937,0.1937,2,4,1,0.3841,0.003282
510a,G,M,0.3337,0.3337,2,4,1,0.6785,-0.01109
510a,G,N,0.05837,0.05837,2,2.5,1,0.5035,-0.3868
510a,G,P,0.05309,0.05309,2,4,1,0.02484,0.08133
510a,G,Q,0.5143,0.5143,2,2.5,1,0.7978,0.2307
510a,G,R,0.1495,0.1495,2,2.5,1,0.413,-0.114
510a,G,S,0.05175,0.05175,2,2.5,1,0.08003,0.02346
510a,G,T,-0.06356,-0.06356,1,2,0.5,,-0.06356
510a,G,V,-0.2774,-0.2774,2,3.5,1,-0.6438,0.08905
510a,G,W,0.05341,0.05341,2,4,1,-0.01435,0.1212
510a,G,Y,0.04633,0.04633,1,4,0.5,,0.04633
511,T,A,-1.057,-1.057,2,1,1,-2.134,0.0197
511,T,C,0.6987,0.6987,2,2,1,0.6798,0.7176
511,T,D,-0.3129,-0.3129,2,3.5,1,-0.4842,-0.1415
511,T,E,-1.27,-1.27,2,2,1,-2.413,-0.1267
511,T,F,0.4358,0.4358,2,2,1,1.018,-0.146
511,T,G,-0.003604,-0.003604,2,2,1,0.2767,-0.2839
511,T,H,0.267,0.267,2,2,1,0.512,0.02204
511,T,I,-0.3351,-0.3351,2,3,1,-0.3443,-0.3259
511,T,K,0.8351,0.8351,2,4.5,1,0.8143,0.856
511,T,L,-0.0746,-0.0746,2,1,1,-0.163,0.01383
511,T,M,1.031,1.031,2,1.5,1,2.044,0.01801
511,T,N,-0.1272,-0.1272,2,2.5,1,0.07913,-0.3335
511,T,P,-0.0539,-0.0539,2,3,1,-0.2649,0.1571
511,T,Q,0.0972,0.0972,2,1,1,0.1638,0.03059
511,T,R,0.01907,0.01907,2,4.5,1,0.211,-0.1728
511,T,S,0.0823,0.0823,2,2.5,1,0.08101,0.08359
511,T,T,0,0,2,,1,0,0
511,T,V,-0.1943,-0.1943,2,4.5,1,-0.4273,0.0386
511,T,W,-0.1656,-0.1656,2,3.5,1,-0.135,-0.1962
511,T,Y,0.1118,0.1118,2,2.5,1,0.2656,-0.04202
512,Y,A,-0.2706,-0.2706,2,1.5,1,-0.5932,0.052
512,Y,C,0.7162,0.7162,2,3,1,1.096,0.3368
512,Y,D,-0.7511,-0.7511,2,1.5,1,-0.8336,-0.6686
512,Y,E,0.6723,0.6723,2,2.5,1,1.158,0.1865
512,Y,F,0.3778,0.3778,2,2,1,0.8672,-0.1117
512,Y,G,-0.3205,-0.3205,2,2,1,-1.03,0.3886
512,Y,H,0.1448,0.1448,2,3,1,0.3908,-0.1011
512,Y,I,0.06381,0.06381,2,3,1,0.1731,-0.04547
512,Y,L,-0.4785,-0.4785,2,2,1,-1.203,0.2459
512,Y,M,-0.2896,-0.2896,2,5,1,-0.5188,-0.0604
512,Y,P,-1.198,-1.198,1,3,0.5,-1.198,
512,Y,Q,0.151,0.151,2,4,1,0.3883,-0.08621
512,Y,R,-1.107,-1.107,2,1.5,1,-2.356,0.1421
512,Y,S,0.2514,0.2514,1,4,0.5,,0.2514
512,Y,T,0.4286,0.4286,1,4,0.5,0.4286,
512,Y,V,0.09933,0.09933,2,2,1,0.1674,0.0313
512,Y,W,0.3796,0.3796,2,3,1,0.6998,0.05948
512,Y,Y,0,0,2,,1,0,0
513,Q,A,-0.4618,-0.4618,2,4,1,0.1365,-1.06
513,Q,C,0.1268,0.1268,2,6.5,1,0.3677,-0.1141
513,Q,D,-0.5624,-0.5624,2,1.5,1,-1.015,-0.1099
513,Q,E,0.1961,0.1961,2,2.5,1,-0.007466,0.3997
513,Q,F,-0.1859,-0.1859,2,4.5,1,-0.1257,-0.246
513,Q,G,1.547,1.547,2,1,1,2.778,0.3166
513,Q,H,-0.0605,-0.0605,2,3.5,1,0.01813,-0.1391
513,Q,I,0.1308,0.1308,1,5,0.5,0.1308,
513,Q,K,-0.02879,-0.02879,2,5.5,1,-0.06024,0.002659
513,Q,L,0.1978,0.1978,2,2.5,1,-0.01247,0.408
513,Q,M,-0.165,-0.165,2,3,1,-0.2981,-0.03199
513,Q,N,-0.357,-0.357,2,2,1,-0.8454,0.1313
513,Q,P,0.2428,0.2428,2,3.5,1,0.186,0.2996
513,Q,Q,0,0,2,,1,0,0
513,Q,R,0.4626,0.4626,2,2,1,0.7435,0.1816
513,Q,S,-0.9187,-0.9187,2,3,1,-1.559,-0.2778
513,Q,T,0.06767,0.06767,2,3.5,1,0.196,-0.06062
513,Q,V,-0.4171,-0.4171,2,3,1,-0.6413,-0.1928
513,Q,W,0.6091,0.6091,2,4,1,0.8026,0.4156
513,Q,Y,0.03277,0.03277,2,7,1,-0.1577,0.2232
514,I,A,-0.2752,-0.2752,2,2.5,1,-0.2792,-0.2713
514,I,C,-0.3858,-0.3858,1,2,0.5,-0.3858,
514,I,F,0.5652,0.5652,2,2,1,1.01,0.1208
514,I,G,-0.5071,-0.5071,2,2.5,1,-0.9416,-0.07257
514,I,H,-0.855,-0.855,1,2,0.5,,-0.855
514,I,I,0,0,2,,1,0,0
514,I,K,-0.7324,-0.7324,1,1,0.5,-0.7324,
514,I,L,0.5455,0.5455,2,3.5,1,0.91,0.181
514,I,M,0.07491,0.07491,2,2,1,0.5332,-0.3834
514,I,Q,-0.9571,-0.9571,2,1.5,1,-2.355,0.4408
514,I,R,1.503,1.503,1,3,0.5,1.503,
514,I,S,-0.5746,-0.5746,1,2,0.5,-0.5746,
514,I,T,0.7903,0.7903,2,1,1,1.719,-0.1386
514,I,V,0.01505,0.01505,2,1,1,0.505,-0.4749
514,I,W,-0.1027,-0.1027,2,1.5,1,-0.1176,-0.08772
514,I,Y,0.04562,0.04562,2,3.5,1,0.2056,-0.1143
515,L,A,2.786,2.786,1,0.5,0.5,,2.786
515,L,C,-0.05798,-0.05798,1,2,0.5,,-0.05798
515,L,F,-0.9843,-0.9843,2,3,1,-1.86,-0.1087
515,L,I,-0.2879,-0.2879,2,3,1,-0.5011,-0.07468
515,L,K,-0.55,-0.55,1,1,0.5,,-0.55
515,L,L,0,0,2,,1,0,0
515,L,M,-0.1882,-0.1882,2,4,1,-0.3804,0.003996
515,L,T,0.2153,0.2153,1,1,0.5,0.2153,
516,S,G,0.07109,0.07109,2,1,1,0.09283,0.04936
516,S,I,-0.02375,-0.02375,1,1,0.5,,-0.02375
516,S,N,0.05475,0.05475,2,3,1,-0.257,0.3665
516,S,S,0,0,2,,1,0,0
517,I,C,-1.172,-1.172,2,1,1,-1.958,-0.3868
517,I,D,-0.4774,-0.4774,1,1,0.5,-0.4774,
517,I,F,-0.8917,-0.8917,2,2,1,-1.43,-0.3535
517,I,I,0,0,2,,1,0,0
517,I,L,0.06867,0.06867,2,3.5,1,0.4263,-0.2889
517,I,M,-0.5154,-0.5154,2,3,1,-1.022,-0.008744
517,I,R,-0.672,-0.672,1,1,0.5,,-0.672
517,I,S,-1.189,-1.189,1,1,0.5,,-1.189
517,I,T,-0.1083,-0.1083,1,1,0.5,-0.1083,
517,I,V,0.002771,0.002771,2,4.5,1,0.1039,-0.09839
517,I,W,0.07888,0.07888,2,3.5,1,-0.0487,0.2065
517,I,Y,-0.02707,-0.02707,2,3,1,0.07628,-0.1304
518,Y,A,-1.056,-1.056,1,1,0.5,-1.056,
518,Y,D,-0.3723,-0.3723,1,1,0.5,,-0.3723
518,Y,E,0.2507,0.2507,1,1,0.5,0.2507,
518,Y,F,-0.08614,-0.08614,2,1.5,1,-0.03968,-0.1326
518,Y,I,-1.373,-1.373,2,1,1,-2.033,-0.7122
518,Y,L,-0.8585,-0.8585,1,1,0.5,,-0.8585
518,Y,Q,-0.7992,-0.7992,1,1,0.5,-0.7992,
518,Y,V,-1.286,-1.286,1,1,0.5,-1.286,
518,Y,W,-0.2837,-0.2837,2,1.5,1,-0.2045,-0.3628
518,Y,Y,0,0,2,,1,0,0
519,S,A,-0.3865,-0.3865,1,3,0.5,-0.3865,
519,S,C,-1.938,-1.938,1,1,0.5,-1.938,
519,S,D,-1.938,-1.938,1,1,0.5,-1.938,
519,S,G,-0.433,-0.433,2,2.5,1,-0.7766,-0.08937
519,S,I,-0.2641,-0.2641,2,1,1,-0.1528,-0.3754
519,S,L,-0.8654,-0.8654,1,2,0.5,,-0.8654
519,S,N,-0.2374,-0.2374,2,3.5,1,-0.07804,-0.3968
519,S,S,0,0,2,,1,0,0
520,T,A,-0.08951,-0.08951,2,4,1,-0.03616,-0.1429
520,T,C,-0.02402,-0.02402,2,3,1,-0.02192,-0.02611
520,T,D,1.881,1.881,1,1,0.5,1.881,
520,T,G,-0.0985,-0.0985,1,3,0.5,,-0.0985
520,T,H,0.05565,0.05565,1,1,0.5,0.05565,
520,T,I,2.164,2.164,1,2,0.5,2.164,
520,T,M,0.2152,0.2152,2,2,1,0.4902,-0.05986
520,T,S,0.2561,0.2561,2,3.5,1,0.4664,0.04581
520,T,T,0,0,2,,1,0,0
520,T,V,0.4417,0.4417,2,2,1,0.8494,0.03399
520,T,W,-0.6186,-0.6186,1,1,0.5,-0.6186,
521,A,A,0,0,2,,1,0,0
521,A,C,-0.01267,-0.01267,1,4,0.5,-0.01267,
521,A,D,-1.118,-1.118,1,1,0.5,,-1.118
521,A,F,0.1393,0.1393,2,1.5,1,-0.1192,0.3978
521,A,G,0.3995,0.3995,2,2.5,1,0.8237,-0.02474
521,A,I,-0.03941,-0.03941,1,3,0.5,-0.03941,
521,A,L,0.3832,0.3832,2,1.5,1,0.483,0.2834
521,A,M,0.4461,0.4461,2,1.5,1,0.6846,0.2077
521,A,N,1.463,1.463,2,1.25,1,-0.09854,3.024
521,A,S,-0.2378,-0.2378,2,4.5,1,-0.433,-0.0426
521,A,T,0.2076,0.2076,2,6.5,1,0.4803,-0.06502
521,A,V,0.09059,0.09059,2,1.5,1,0.2369,-0.05572
521,A,W,-1.261,-1.261,2,1.5,1,-2.533,0.01131
522,A,A,0,0,2,,1,0,0
522,A,C,0.8158,0.8158,2,2,1,0.9208,0.7107
522,A,G,-0.3227,-0.3227,2,1,1,-0.2943,-0.3511
522,A,I,-0.05881,-0.05881,1,2,0.5,,-0.05881
522,A,M,-0.4974,-0.4974,2,3.5,1,-0.1943,-0.8006
522,A,S,0.5041,0.5041,2,2,1,0.9605,0.04768
522,A,T,-0.2761,-0.2761,2,4.5,1,-0.3728,-0.1793
522,A,V,-0.7015,-0.7015,2,3,1,-0.7051,-0.6979
523,S,A,0.5429,0.5429,2,4.5,1,0.9558,0.13
523,S,C,-0.2562,-0.2562,1,1,0.5,,-0.2562
523,S,E,-2.027,-2.027,1,1,0.5,-2.027,
523,S,G,0.5612,0.5612,2,2,1,0.885,0.2375
523,S,I,-0.3154,-0.3154,1,1,0.5,-0.3154,
523,S,N,-2.426,-2.426,1,1,0.5,-2.426,
523,S,S,0,0,2,,1,0,0
523,S,T,1.993,1.993,1,2,0.5,1.993,
523,S,V,-1.104,-1.104,1,1,0.5,-1.104,
523,S,W,-2.034,-2.034,1,1,0.5,-2.034,
524,S,H,0.5576,0.5576,1,1,0.5,,0.5576
524,S,N,-2.847,-2.847,1,1,0.5,-2.847,
524,S,S,0,0,2,,1,0,0
524,S,T,-0.0049,-0.0049,1,3,0.5,,-0.0049
524,S,W,-3.03,-3.03,1,1,0.5,-3.03,
526,A,A,0,0,2,,1,0,0
526,A,C,-0.2586,-0.2586,2,3.5,1,-0.4503,-0.06696
526,A,F,-1.937,-1.937,1,1,0.5,-1.937,
526,A,G,-0.3844,-0.3844,2,3,1,-0.7975,0.02866
526,A,I,0.5494,0.5494,2,5.5,1,1.294,-0.1948
526,A,M,-0.2574,-0.2574,1,1,0.5,,-0.2574
526,A,N,-0.6486,-0.6486,2,2.5,1,-1.158,-0.1389
526,A,P,-1.179,-1.179,1,1,0.5,,-1.179
526,A,S,-0.283,-0.283,2,4,1,-0.5336,-0.03252
526,A,T,0.1112,0.1112,2,7,1,0.2601,-0.03768
526,A,V,-0.4468,-0.4468,2,2.5,1,-0.9031,0.009567
527,L,C,-0.3205,-0.3205,2,2,1,-0.6193,-0.02173
527,L,F,0.1425,0.1425,2,1.5,1,-0.5673,0.8524
527,L,H,-0.4925,-0.4925,1,1,0.5,,-0.4925
527,L,K,0.1618,0.1618,2,1,1,0.1751,0.1485
527,L,L,0,0,2,,1,0,0
527,L,M,0.1572,0.1572,2,2.5,1,0.3477,-0.03325
527,L,P,-1.175,-1.175,1,1,0.5,,-1.175
527,L,T,-0.4623,-0.4623,1,2,0.5,,-0.4623
527,L,V,0.2423,0.2423,2,1.5,1,0.5638,-0.07911
528,A,A,0,0,2,,1,0,0
528,A,C,0.07776,0.07776,2,3.5,1,0.2228,-0.06731
528,A,E,0.0112,0.0112,2,1,1,1.535,-1.513
528,A,F,-0.5707,-0.5707,2,2,1,-1.076,-0.06567
528,A,G,0.583,0.583,2,3,1,1.365,-0.1989
528,A,I,-0.2326,-0.2326,2,2,1,-0.2261,-0.2391
528,A,L,-1.887,-1.887,1,1,0.5,-1.887,
528,A,S,0.1329,0.1329,2,6.5,1,0.2907,-0.02499
528,A,T,0.06145,0.06145,2,5.5,1,0.1724,-0.0495
528,A,V,0.4139,0.4139,2,4,1,0.883,-0.05516
529,I,A,0.5925,0.5925,2,1,1,0.9199,0.265
529,I,C,0.02107,0.02107,1,3,0.5,0.02107,
529,I,F,-0.1078,-0.1078,1,4,0.5,,-0.1078
529,I,G,0.006214,0.006214,1,2,0.5,,0.006214
529,I,H,-0.9077,-0.9077,1,1,0.5,,-0.9077
529,I,I,0,0,2,,1,0,0
529,I,L,-0.4848,-0.4848,2,2,1,-0.733,-0.2366
529,I,M,-0.08662,-0.08662,1,1,0.5,,-0.08662
529,I,N,-1.956,-1.956,1,1,0.5,-1.956,
529,I,S,-1.013,-1.013,2,2.5,1,-1.738,-0.2884
529,I,T,0.02562,0.02562,1,2,0.5,0.02562,
529,I,V,-0.1053,-0.1053,2,4,1,-0.0299,-0.1807
529,I,W,-0.02276,-0.02276,1,3,0.5,-0.02276,
529,I,Y,-0.3766,-0.3766,2,3.5,1,-0.9747,0.2215
530,M,A,-1.699,-1.699,1,1,0.5,-1.699,
530,M,C,-0.1511,-0.1511,2,3,1,0.05555,-0.3578
530,M,D,-1.415,-1.415,2,2,1,-2.452,-0.3785
530,M,E,-1.906,-1.906,1,1,0.5,-1.906,
530,M,G,-0.425,-0.425,2,3.5,1,-0.6386,-0.2115
530,M,H,-0.522,-0.522,2,1,1,-1.053,0.008741
530,M,I,-0.3547,-0.3547,2,5,1,-0.6806,-0.02882
530,M,K,-2.814,-2.814,1,1,0.5,-2.814,
530,M,L,-0.3534,-0.3534,2,1,1,-0.7845,0.07773
530,M,M,0,0,2,,1,0,0
530,M,N,0.2208,0.2208,2,3.5,1,0.3658,0.07588
530,M,P,0.006144,0.006144,2,2,1,-0.04073,0.05302
530,M,Q,0.3765,0.3765,2,2.5,1,0.6014,0.1516
530,M,S,-0.7129,-0.7129,2,2.5,1,-1.321,-0.1048
530,M,T,0.1566,0.1566,2,4.5,1,0.3887,-0.07552
530,M,V,0.9024,0.9024,2,3.5,1,1.626,0.1784
530,M,W,-0.3298,-0.3298,1,1,0.5,,-0.3298
530,M,Y,-1.254,-1.254,2,3,1,-2.451,-0.05807
531,M,A,-1.537,-1.537,1,1,0.5,-1.537,
531,M,C,0.07777,0.07777,2,4,1,0.3521,-0.1965
531,M,D,-2.034,-2.034,1,1,0.5,-2.034,
531,M,F,0.2872,0.2872,2,2.5,1,0.6439,-0.06948
531,M,G,-0.1217,-0.1217,2,4.5,1,-0.0169,-0.2266
531,M,H,-1.131,-1.131,2,1,1,-1.082,-1.179
531,M,I,-0.07494,-0.07494,2,8.5,1,-0.1159,-0.03397
531,M,L,0.6617,0.6617,1,2,0.5,0.6617,
531,M,M,0,0,2,,1,0,0
531,M,N,-0.6652,-0.6652,1,1,0.5,-0.6652,
531,M,P,-0.5773,-0.5773,1,1,0.5,,-0.5773
531,M,S,-0.1879,-0.1879,2,3,1,-0.2822,-0.0937
531,M,T,0.08311,0.08311,2,4,1,0.2595,-0.09323
531,M,V,0.04928,0.04928,2,2,1,0.2296,-0.1311
531,M,W,0.3029,0.3029,2,2.5,1,0.6611,-0.05539
531,M,Y,-1.695,-1.695,1,1,0.5,-1.695,
532,A,A,0,0,2,,1,0,0
532,A,C,-0.1387,-0.1387,2,2.5,1,-0.02888,-0.2485
532,A,D,-2.005,-2.005,1,1,0.5,-2.005,
532,A,F,-0.005965,-0.005965,2,5,1,-0.5151,0.5032
532,A,G,0.09957,0.09957,2,4,1,0.1847,0.01448
532,A,I,-0.1989,-0.1989,2,3.5,1,-0.04339,-0.3544
532,A,L,-0.01186,-0.01186,1,3,0.5,,-0.01186
532,A,M,-0.6717,-0.6717,2,1,1,-0.8263,-0.5171
532,A,P,-0.9225,-0.9225,1,2,0.5,-0.9225,
532,A,S,-0.3462,-0.3462,2,1,1,-0.2756,-0.4168
532,A,T,-0.01403,-0.01403,2,4,1,0.2091,-0.2372
532,A,V,0.2824,0.2824,2,2.5,1,0.6773,-0.1125
532,A,W,-0.6262,-0.6262,2,4,1,-0.9965,-0.2559
532,A,Y,-0.3227,-0.3227,2,3,1,0.0007241,-0.6462
533,G,C,0.5118,0.5118,2,1.5,1,0.325,0.6987
533,G,D,0.5171,0.5171,2,0.75,1,0.01909,1.015
533,G,G,0,0,2,,1,0,0
533,G,S,0.174,0.174,2,3,1,0.3518,-0.003893
533,G,V,0.9375,0.9375,2,1.5,1,0.9049,0.9701
534,L,L,0,0,1,,0.5,0,
534,L,M,1.649,1.649,1,2,0.5,1.649,
535,S,G,-0.1165,-0.1165,1,1,0.5,-0.1165,
535,S,I,1.124,1.124,1,2,0.5,1.124,
535,S,S,0,0,1,,0.5,0,
536,L,L,0,0,2,,1,0,0
536,L,M,-0.199,-0.199,2,2,1,-0.1398,-0.2582
536,L,R,-0.5005,-0.5005,1,2,0.5,-0.5005,
537,W,A,0.06303,0.06303,2,1,1,0.2921,-0.166
537,W,C,-0.7945,-0.7945,2,3,1,-0.6974,-0.8917
537,W,F,0.644,0.644,1,2,0.5,,0.644
537,W,G,0.6659,0.6659,1,2,0.5,,0.6659
537,W,H,-0.6612,-0.6612,2,3,1,-1.256,-0.06603
537,W,I,-0.01282,-0.01282,1,2,0.5,-0.01282,
537,W,K,-0.1153,-0.1153,2,2,1,-0.1776,-0.05306
537,W,L,0.2516,0.2516,2,3,1,0.9168,-0.4135
537,W,N,-0.7503,-0.7503,1,1,0.5,,-0.7503
537,W,R,0.1006,0.1006,1,2,0.5,,0.1006
537,W,S,-0.3746,-0.3746,1,2,0.5,-0.3746,
537,W,T,-1.785,-1.785,1,1,0.5,-1.785,
537,W,V,0.5332,0.5332,2,2,1,1.018,0.04881
537,W,W,0,0,2,,1,0,0
537,W,Y,-0.3515,-0.3515,2,2,1,-0.6418,-0.06118
537,W,*,-0.4526,-0.4526,2,3.5,1,-1.018,0.1124
538,M,A,0.7442,0.7442,2,2,1,1.698,-0.2098
538,M,C,-0.7237,-0.7237,2,2.5,1,-0.934,-0.5135
538,M,E,-1.122,-1.122,2,1,1,-1.794,-0.4515
538,M,F,-0.1102,-0.1102,1,2,0.5,,-0.1102
538,M,G,-0.07372,-0.07372,1,2,0.5,-0.07372,
538,M,H,-0.1246,-0.1246,2,1,1,-0.1712,-0.07799
538,M,I,-0.7632,-0.7632,2,3.5,1,-1.053,-0.4735
538,M,K,0.619,0.619,2,3,1,1.232,0.00579
538,M,L,-1.988,-1.988,1,4,0.5,-1.988,
538,M,M,0,0,2,,1,0,0
538,M,N,-0.6902,-0.6902,2,2,1,-0.8864,-0.494
538,M,P,-0.4581,-0.4581,2,1,1,0.2934,-1.21
538,M,Q,-0.1585,-0.1585,1,2,0.5,-0.1585,
538,M,R,-0.7641,-0.7641,2,1.5,1,-1.221,-0.3074
538,M,S,0.1671,0.1671,2,2.5,1,0.4198,-0.0857
538,M,T,-1.128,-1.128,2,2.5,1,-2.093,-0.1628
538,M,V,-0.812,-0.812,2,3,1,-1.516,-0.108
538,M,W,-0.3416,-0.3416,2,2,1,-0.5958,-0.08734
539,C,A,-0.08323,-0.08323,2,1.5,1,-0.3035,0.137
539,C,C,0,0,2,,1,0,0
539,C,E,-2.113,-2.113,1,1,0.5,-2.113,
539,C,F,-0.06282,-0.06282,2,4,1,-0.4403,0.3147
539,C,G,-0.2485,-0.2485,1,2,0.5,-0.2485,
539,C,I,0.4469,0.4469,1,1,0.5,,0.4469
539,C,K,-0.8456,-0.8456,2,1,1,-2.024,0.3326
539,C,L,0.2165,0.2165,2,1,1,0.4026,0.03054
539,C,M,-0.2828,-0.2828,2,2,1,0.09546,-0.661
539,C,Q,0.002208,0.002208,1,1,0.5,,0.002208
539,C,R,-1.412,-1.412,1,1,0.5,,-1.412
539,C,S,-0.2091,-0.2091,1,1,0.5,,-0.2091
539,C,T,-0.7696,-0.7696,2,1,1,-1.939,0.3998
539,C,V,-0.1063,-0.1063,1,4,0.5,,-0.1063
539,C,W,0.05249,0.05249,1,2,0.5,0.05249,
539,C,Y,0.3683,0.3683,2,1.25,1,-0.8772,1.614
539,C,*,0.197,0.197,2,1.5,1,0.2332,0.1609
540,S,F,0.2185,0.2185,1,1,0.5,,0.2185
540,S,S,0,0,2,,1,0,0
540,S,Y,2.419,2.419,1,1,0.5,2.419,
541,N,D,-0.01978,-0.01978,1,1,0.5,-0.01978,
541,N,G,0.02624,0.02624,1,1,0.5,,0.02624
541,N,K,-0.7486,-0.7486,2,3,1,-1.163,-0.3341
541,N,N,0,0,2,,1,0,0
541,N,S,-1.17,-1.17,1,1,0.5,-1.17,
541,N,T,0.2514,0.2514,1,1,0.5,,0.2514
542,G,C,-0.7721,-0.7721,1,1,0.5,,-0.7721
542,G,D,-0.3092,-0.3092,2,2,1,-0.06203,-0.5564
542,G,G,0,0,2,,1,0,0
542,G,S,-0.2972,-0.2972,1,1,0.5,,-0.2972
542,G,V,-1.04,-1.04,1,2,0.5,-1.04,
543,S,A,0.05999,0.05999,1,3,0.5,,0.05999
543,S,C,-1.388,-1.388,2,3,1,-2.603,-0.1723
543,S,D,-0.6517,-0.6517,1,2,0.5,-0.6517,
543,S,E,-1.136,-1.136,2,1.5,1,-2.072,-0.1998
543,S,F,-0.3503,-0.3503,2,2.5,1,-0.5406,-0.1599
543,S,G,-1.19,-1.19,2,1.5,1,-2.072,-0.3078
543,S,H,-1.01,-1.01,2,1.5,1,-1.125,-0.8952
543,S,I,-0.8428,-0.8428,1,1,0.5,-0.8428,
543,S,L,0.5162,0.5162,2,4,1,1.517,-0.4841
543,S,M,0.2551,0.2551,2,2,1,0.9641,-0.454
543,S,N,0.6268,0.6268,2,1.5,1,0.3804,0.8733
543,S,P,0.5642,0.5642,2,1.75,1,1.368,-0.2401
543,S,Q,0.01403,0.01403,1,2,0.5,,0.01403
543,S,R,0.4933,0.4933,2,1,1,1.606,-0.6196
543,S,S,0,0,2,,1,0,0
543,S,T,-0.04414,-0.04414,2,2.5,1,-0.2197,0.1315
543,S,V,-0.2031,-0.2031,1,4,0.5,,-0.2031
543,S,W,-0.3008,-0.3008,2,4.5,1,-0.6014,-0.0002425
543,S,Y,1.048,1.048,1,2,0.5,1.048,
543,S,*,-0.9429,-0.9429,2,1,1,-2.038,0.1527
544,L,A,-0.3356,-0.3356,2,1.5,1,-0.4976,-0.1737
544,L,C,-0.8934,-0.8934,2,1,1,-0.7174,-1.069
544,L,E,-1.212,-1.212,2,1.5,1,-2.087,-0.3357
544,L,F,0.07877,0.07877,1,1,0.5,,0.07877
544,L,G,-1.247,-1.247,2,2.5,1,-2.419,-0.07478
544,L,H,0.2798,0.2798,1,1,0.5,,0.2798
544,L,I,-0.8895,-0.8895,2,3.5,1,-0.7654,-1.014
544,L,K,-0.4715,-0.4715,2,2.5,1,-0.9653,0.02224
544,L,L,0,0,2,,1,0,0
544,L,M,0.01401,0.01401,2,5.75,1,-0.03736,0.06539
544,L,P,0.15,0.15,2,2.5,1,0.8495,-0.5495
544,L,Q,-0.002245,-0.002245,2,2.5,1,-0.003076,-0.001414
544,L,R,-0.541,-0.541,2,2.5,1,-0.01074,-1.071
544,L,S,-0.05295,-0.05295,2,3,1,-0.03887,-0.06702
544,L,T,0.04489,0.04489,2,2.5,1,0.2927,-0.203
544,L,V,-0.756,-0.756,1,2,0.5,,-0.756
544,L,W,-0.2021,-0.2021,1,1,0.5,-0.2021,
544,L,Y,0.1347,0.1347,2,1.5,1,-0.002579,0.2719
545,Q,A,0.4336,0.4336,2,1.5,1,0.1903,0.6768
545,Q,C,-0.9611,-0.9611,2,3.5,1,-1.339,-0.5831
545,Q,D,1.327,1.327,1,3,0.5,1.327,
545,Q,E,-0.3678,-0.3678,2,2.5,1,-0.5784,-0.1573
545,Q,F,-1.185,-1.185,2,2.5,1,-2.264,-0.1073
545,Q,G,-1.265,-1.265,2,3,1,-2.271,-0.259
545,Q,H,-1.493,-1.493,2,3.5,1,-2.232,-0.7531
545,Q,I,-0.641,-0.641,2,1,1,-1.06,-0.2223
545,Q,K,-1.604,-1.604,1,3,0.5,-1.604,
545,Q,L,-0.3867,-0.3867,1,1,0.5,-0.3867,
545,Q,M,-0.7599,-0.7599,1,2,0.5,-0.7599,
545,Q,N,-0.2133,-0.2133,2,2,1,-0.9309,0.5044
545,Q,P,-1.016,-1.016,1,2,0.5,-1.016,
545,Q,Q,0,0,2,,1,0,0
545,Q,R,-0.4453,-0.4453,2,3.5,1,-0.9822,0.09165
545,Q,S,-0.6181,-0.6181,1,3,0.5,-0.6181,
545,Q,T,-0.9349,-0.9349,2,4,1,-2.031,0.1608
545,Q,V,-1.383,-1.383,2,1.5,1,-3.567,0.8015
545,Q,W,-0.2599,-0.2599,2,2.5,1,-0.3624,-0.1573
545,Q,Y,0.7793,0.7793,1,1,0.5,,0.7793
545,Q,*,-0.184,-0.184,2,5.25,1,-0.1692,-0.1989
546,C,C,0,0,2,,1,0,0
546,C,E,-0.3504,-0.3504,1,2,0.5,,-0.3504
546,C,F,-0.5117,-0.5117,2,1,1,-0.8897,-0.1337
546,C,G,-0.6478,-0.6478,2,2,1,-1.125,-0.1708
546,C,H,-0.6983,-0.6983,2,3,1,-1.339,-0.05794
546,C,I,-0.7671,-0.7671,2,2.25,1,-1.342,-0.1925
546,C,K,0.3564,0.3564,1,2,0.5,,0.3564
546,C,L,-0.1673,-0.1673,2,3,1,-0.3634,0.02879
546,C,M,0.05422,0.05422,2,2,1,0.2726,-0.1641
546,C,N,-0.1162,-0.1162,1,4,0.5,,-0.1162
546,C,P,-0.5819,-0.5819,2,2.5,1,-1.042,-0.1214
546,C,Q,0.09609,0.09609,2,1,1,0.4006,-0.2084
546,C,R,-0.6329,-0.6329,2,2,1,-1.098,-0.1674
546,C,S,0.6967,0.6967,2,1.5,1,1.861,-0.4676
546,C,T,-0.3149,-0.3149,2,3.5,1,-0.1188,-0.5111
546,C,V,0.3109,0.3109,2,1,1,0.6109,0.01084
546,C,W,0.1221,0.1221,2,1.5,1,0.3048,-0.06059
546,C,Y,0.623,0.623,2,2,1,1.241,0.005279
546,C,*,0.0571,0.0571,2,2.5,1,0.1616,-0.04743
547,R,A,-0.09864,-0.09864,1,1,0.5,,-0.09864
547,R,C,-2.645,-2.645,1,3,0.5,-2.645,
547,R,D,-0.3854,-0.3854,2,2,1,-0.749,-0.02178
547,R,E,-0.009016,-0.009016,2,1,1,-0.1388,0.1208
547,R,F,0.6599,0.6599,2,1,1,2.174,-0.8546
547,R,G,-0.2865,-0.2865,2,1.5,1,-0.5773,0.00429
547,R,H,-0.3236,-0.3236,1,4,0.5,,-0.3236
547,R,I,-0.6533,-0.6533,2,2.5,1,-1.123,-0.1833
547,R,K,0.1096,0.1096,2,6,1,0.4018,-0.1826
547,R,M,-1.158,-1.158,1,1,0.5,-1.158,
547,R,N,-0.7342,-0.7342,2,1.5,1,-0.7275,-0.7409
547,R,P,-2.108,-2.108,1,1,0.5,-2.108,
547,R,Q,-0.8312,-0.8312,2,1.5,1,-1.29,-0.3724
547,R,R,0,0,2,,1,0,0
547,R,S,0.0611,0.0611,2,1.5,1,0.3129,-0.1907
547,R,T,-0.2735,-0.2735,1,1,0.5,,-0.2735
547,R,V,-0.8394,-0.8394,2,2,1,-1.563,-0.1157
547,R,W,0.1117,0.1117,2,2,1,0.2682,-0.04479
547,R,Y,0.1127,0.1127,2,1.5,1,0.2919,-0.0665
547,R,*,-1.191,-1.191,2,1,1,-0.9259,-1.457
548,I,C,-0.08318,-0.08318,2,1.5,1,-0.03255,-0.1338
548,I,F,0.2292,0.2292,2,2.25,1,0.5302,-0.07177
548,I,H,-0.4488,-0.4488,2,2.5,1,-0.7856,-0.112
548,I,I,0,0,2,,1,0,0
548,I,K,0.5338,0.5338,1,1,0.5,,0.5338
548,I,L,0.1614,0.1614,2,4,1,0.2629,0.05991
548,I,M,0.3238,0.3238,2,4.5,1,0.841,-0.1935
548,I,P,-1.022,-1.022,2,1.5,1,-1.302,-0.7415
548,I,Q,-0.9037,-0.9037,1,1,0.5,,-0.9037
548,I,R,0.4654,0.4654,1,1,0.5,,0.4654
548,I,S,0.1234,0.1234,2,4,1,0.4633,-0.2166
548,I,T,-1.143,-1.143,2,2.5,1,-2.04,-0.2456
548,I,V,-0.3573,-0.3573,2,2.5,1,-0.5055,-0.2091
548,I,W,0.7788,0.7788,2,2,1,1.647,-0.08922
548,I,Y,-0.2754,-0.2754,2,1.5,1,0.07478,-0.6256
549,C,A,-0.04222,-0.04222,2,1,1,0.6719,-0.7564
549,C,C,0,0,2,,1,0,0
549,C,D,-0.2727,-0.2727,1,4,0.5,,-0.2727
549,C,E,-0.3982,-0.3982,2,2,1,-0.5505,-0.246
549,C,F,-0.2407,-0.2407,2,1.5,1,-0.05618,-0.4253
549,C,G,-0.6702,-0.6702,2,1.5,1,-1.076,-0.264
549,C,H,0.4748,0.4748,2,1,1,0.3196,0.6299
549,C,I,0.487,0.487,2,2.5,1,0.7452,0.2287
549,C,K,-0.1431,-0.1431,2,2,1,-0.2619,-0.02418
549,C,M,-0.1151,-0.1151,2,1.5,1,0.5738,-0.804
549,C,N,1.138,1.138,2,2,1,2.26,0.01595
549,C,Q,0.8453,0.8453,2,1.5,1,3.084,-1.393
549,C,R,-0.153,-0.153,2,1.5,1,0.6281,-0.9342
549,C,S,-0.3476,-0.3476,2,1.5,1,-0.5537,-0.1414
549,C,T,-0.118,-0.118,1,4,0.5,,-0.118
549,C,W,-0.2022,-0.2022,1,2,0.5,,-0.2022
549,C,Y,-0.655,-0.655,2,4.5,1,-0.6624,-0.6475
549,C,*,-0.3654,-0.3654,1,1,0.5,-0.3654,
550,I,A,-0.2237,-0.2237,2,2.5,1,-0.3717,-0.07564
550,I,C,0.1395,0.1395,2,3,1,0.3704,-0.09143
550,I,D,-0.3726,-0.3726,2,1.5,1,-0.8321,0.08694
550,I,E,-0.7809,-0.7809,2,2,1,-0.4214,-1.14
550,I,F,-0.2968,-0.2968,1,5,0.5,,-0.2968
550,I,G,-0.4431,-0.4431,2,3,1,-0.8607,-0.02548
550,I,H,-0.3892,-0.3892,2,1.5,1,-0.2761,-0.5023
550,I,I,0,0,2,,1,0,0
550,I,K,-0.2807,-0.2807,2,4,1,0.01269,-0.5741
550,I,L,-0.5525,-0.5525,2,3.5,1,-1.15,0.04545
550,I,M,-0.08922,-0.08922,1,2,0.5,,-0.08922
550,I,N,0.3181,0.3181,2,1,1,-0.04378,0.68
550,I,P,2.183,2.183,1,1,0.5,2.183,
550,I,Q,-1.163,-1.163,2,2.5,1,-2.138,-0.1879
550,I,R,-0.6369,-0.6369,2,2,1,-0.9606,-0.3132
550,I,S,0.02338,0.02338,2,3,1,0.137,-0.09025
550,I,T,0.2218,0.2218,2,1,1,1.654,-1.211
550,I,V,0.4179,0.4179,2,4,1,0.2397,0.5962
550,I,W,-0.49,-0.49,1,2,0.5,-0.49,
550,I,Y,0.1519,0.1519,2,1.5,1,0.4783,-0.1745
550,I,-,-0.07043,-0.07043,1,1,0.5,-0.07043,
551,*,A,0.04274,0.04274,2,1,1,0.06983,0.01565
551,*,C,-0.05661,-0.05661,2,1.5,1,-0.3886,0.2753
551,*,E,-0.207,-0.207,1,3,0.5,,-0.207
551,*,F,-0.1237,-0.1237,1,2,0.5,,-0.1237
551,*,G,-0.4697,-0.4697,2,2,1,-0.9497,0.01039
551,*,H,0.124,0.124,2,2,1,-1.044,1.292
551,*,K,-0.5332,-0.5332,2,3.5,1,-0.9075,-0.1589
551,*,M,0.9357,0.9357,2,0.75,1,-1.22,3.091
551,*,N,-0.2368,-0.2368,1,1,0.5,,-0.2368
551,*,P,0.3496,0.3496,1,4,0.5,,0.3496
551,*,Q,-0.9468,-0.9468,2,2.5,1,-2.15,0.2562
551,*,R,0.1295,0.1295,2,1.5,1,-0.1558,0.4148
551,*,T,-0.6057,-0.6057,2,2.5,1,-0.7171,-0.4944
551,*,V,-0.5228,-0.5228,2,1.5,1,0.1279,-1.174
551,*,W,1.354,1.354,2,2,1,0.1287,2.58
551,*,Y,0.6623,0.6623,1,1,0.5,0.6623,
551,*,*,0,0,2,,1,0,0
551,*,-,-0.09181,-0.09181,1,1,0.5,-0.09181,
